1.727105654862501512e-03
1.931100316681362908e-02
1.162072058864089957e-01
2.569117011038254961e-01
4.333162655600501512e-01
6.428140384673226571e-01
8.875646072786327334e-01
1.167206539262269027e+00
1.480798868511861377e+00
1.827317704853585134e+00
2.198875518366391280e+00
2.545815697914124875e+00
2.854558440295789978e+00
3.150446053604572416e+00
3.436993474308807084e+00
3.712956133089040378e+00
3.975965282642740739e+00
4.224144220463223576e+00
4.456128001096407054e+00
4.671054559708862186e+00
4.868476365524904814e+00
5.048139014457767360e+00
5.209780931066289256e+00
5.353131165134021430e+00
5.477995715776712515e+00
5.584302825958687322e+00
5.672109167818865316e+00
5.741591042974665271e+00
5.793034723787795492e+00
5.826829646867497381e+00
5.843464439794090026e+00
5.843524352149045420e+00
5.827688356051710983e+00
5.796724949837035012e+00
5.751486724767922887e+00
5.692904154226496871e+00
5.621978931715363892e+00
5.539776968277608127e+00
5.447421052742437375e+00
5.346083166327631808e+00
5.236976469187371919e+00
5.121347004368636213e+00
5.000465180224091810e+00
4.875617095357461572e+00
4.748095766994470779e+00
4.619192320340765434e+00
4.490187195252961061e+00
4.362341426785254050e+00
4.236888056579601880e+00
4.115023731887810676e+00
3.997900548103110019e+00
3.886618189179543492e+00
3.782216418429554583e+00
3.685667970000206406e+00
3.597871888868456658e+00
3.519647364453518890e+00
3.451728099908364378e+00
3.394757255831059251e+00
3.349283003545416193e+00
3.315754719280680884e+00
3.294519846536286156e+00
3.285821449700938590e+00
3.289796477607086267e+00
3.306474751190173755e+00
3.335778684796727234e+00
3.377523745987230264e+00
3.431419653932189284e+00
3.497072311734058747e+00
3.573986463254573032e+00
3.661569060314970425e+00
3.759133321497367231e+00
3.865903459235597417e+00
3.981020047475865020e+00
4.103545997935898804e+00
4.232473108925984384e+00
4.366729146841465514e+00
4.505185416818303423e+00
4.646664775686330628e+00
4.789950037279625761e+00
4.933792717390118376e+00
5.076922063199840629e+00
5.218054309912213640e+00
5.355902105541475500e+00
5.489184043422118187e+00
5.616634240977178116e+00
5.737011902646174555e+00
5.849110804619249038e+00
5.951768639167259067e+00
6.043876156887098006e+00
6.124386046105221304e+00
6.192321489991198469e+00
6.246784343620702451e+00
6.286962875287577468e+00
6.312139018782688460e+00
6.321695086121937202e+00
6.315119893300829901e+00
6.292014255059810601e+00
6.252095808344295236e+00
6.195203128112923174e+00
6.121299103365505090e+00
6.030473545700827387e+00
5.922945007349216695e+00
5.799061790426645047e+00
5.659302134097669246e+00
5.504273571382739760e+00
5.334711452471458948e+00
5.151476636575907264e+00
4.955552359543279550e+00
4.748040289616103138e+00
4.530155788846407461e+00
4.303222402706174954e+00
4.068665605359719883e+00
3.828005832842677592e+00
3.582850840995514208e+00
3.334887429401202308e+00
3.085872576745118057e+00
2.837624036925703752e+00
2.592010448871336692e+00
2.350941016339175071e+00
2.116354816961848240e+00
1.890209802449935639e+00
1.674471554134527196e+00
1.471101859926444266e+00
1.282047180268297559e+00
1.109227071746072379e+00
9.545226377064498502e-01
8.197650754815599683e-01
7.067243896576811402e-01
6.170983402329086598e-01
5.525016934964034343e-01
5.144558420300693324e-01
5.043788583922728108e-01
5.235760448003641265e-01
5.732310384969143691e-01
6.543975294789292629e-01
7.679916439060169298e-01
9.147850428026139680e-01
1.095398781651543363e+00
1.310297972165369140e+00
1.559787282943400744e+00
1.844007310902745056e+00
2.162931850339775863e+00
2.516366081264973964e+00
2.903945693288693342e+00
3.325136955852434184e+00
3.779237740030368720e+00
4.265379491505520981e+00
4.782530148685361304e+00
5.329497994300494312e+00
5.904936423257711731e+00
6.507349604033927370e+00
7.135099005529156102e+00
7.786410756082485563e+00
8.459383796323232119e+00
9.151998782714340308e+00
9.862127694074795059e+00
1.058754408907125111e+01
1.132593395867385766e+01
1.207490711390168592e+01
1.283200904586234969e+01
1.359473319214135500e+01
1.436053354103393254e+01
1.512683750295856200e+01
1.589105897665431222e+01
1.665061153645997649e+01
1.740292166610854707e+01
1.814544196405187648e+01
1.887566424536160881e+01
1.959113246573404155e+01
2.028945539405552267e+01
2.096831896135851991e+01
2.162549821580568832e+01
2.225886881557320507e+01
2.286641799415015086e+01
2.344625493561201779e+01
2.399662050084760168e+01
2.451589624949662394e+01
2.500261270646876000e+01
2.545545682633964546e+01
2.587327861362641102e+01
2.625509686190852321e+01
2.660010397994750875e+01
2.690766987833922030e+01
2.717734489577441437e+01
2.740886174964953170e+01
2.760213650152956077e+01
2.775726853377873837e+01
2.787453953951107977e+01
2.795441153383119115e+01
2.799752390010503689e+01
2.800468949068005742e+01
2.797688980703318151e+01
2.791526928972720611e+01
2.782112875376646244e+01
2.769591800993405428e+01
2.754122771742640197e+01
2.735878051755587137e+01
2.715042150243387908e+01
2.691810807635437541e+01
2.666389927104424373e+01
2.638994457901361557e+01
2.609847237190550118e+01
2.579177797299347930e+01
2.547221145479616311e+01
2.514216523415500859e+01
2.480406153805084557e+01
2.446033981390669254e+01
2.411344415814009423e+01
2.376581083628547830e+01
2.341985596710877005e+01
2.307796344179159931e+01
2.274247314747577065e+01
2.241566956224481189e+01
2.209977078599222011e+01
2.179691806860064318e+01
2.150916589345538199e+01
2.123847267055788279e+01
2.098669208941716491e+01
2.075556517750442964e+01
2.054671310538599371e+01
2.036163077473482730e+01
2.020168122029028979e+01
2.006809085152232797e+01
1.996194555429790896e+01
1.988418766727430764e+01
1.983561384209480849e+01
1.981687379077359168e+01
1.982846991796376557e+01
1.987075783014246610e+01
1.994394770815733153e+01
2.004810652409378591e+01
2.018316107807870452e+01
2.034890182546839910e+01
2.054498745990803954e+01
2.077095021303221856e+01
2.102620182712648500e+01
2.131004015292305453e+01
2.162165632088165523e+01
2.196014243083545381e+01
2.232449970178555532e+01
2.271364702092362009e+01
2.312642982866960395e+01
2.356162927464398393e+01
2.401797157806431926e+01
2.449413752507350850e+01
2.498877203497566057e+01
2.550049372728271280e+01
2.602790442185622410e+01
2.656959850526548195e+01
2.712417209776611315e+01
2.769023195702789408e+01
2.826640405689030544e+01
2.885134178199053423e+01
2.944373368206894170e+01
3.004231073309554034e+01
3.064585305605452348e+01
3.125319604824665731e+01
3.186323588629596060e+01
3.247493436464989713e+01
3.308732303820742260e+01
3.369950664276798591e+01
3.431066577223136704e+01
3.492005879685891756e+01
3.552702301239494176e+01
3.613097501540724465e+01
3.673141030579888167e+01
3.732790212303605415e+01
3.792009952818452945e+01
3.850772474932244904e+01
3.909056981325326063e+01
3.966849249165134950e+01
4.024141159479417240e+01
4.080930165083770333e+01
4.137218701314087355e+01
4.193013544241324553e+01
4.248325121441418872e+01
4.303166780754693121e+01
4.357554022794280257e+01
4.411503703249454134e+01
4.465033211275497393e+01
4.518159630464987941e+01
4.570898889054750214e+01
4.623264906136996899e+01
4.675268740711395310e+01
4.726917750436553689e+01
4.778214766914231149e+01
4.829157294267605494e+01
4.879736737656423884e+01
4.929937668207578128e+01
4.979737130630383746e+01
5.029103999532904368e+01
5.077998390160688302e+01
5.126371128943915068e+01
5.174163288865256050e+01
5.221305794251455978e+01
5.267719099148607853e+01
5.313312942967920094e+01
5.357986186587935151e+01
5.401626731573922768e+01
5.444111524629278875e+01
5.485306648830199805e+01
5.525067502617713444e+01
5.563239066933841315e+01
5.599656260295169830e+01
5.634144381001237889e+01
5.666519635080749850e+01
5.696589747989951036e+01
5.724154657498111476e+01
5.749007284628817871e+01
5.770934378976230761e+01
5.789717434185509148e+01
5.805133668880066011e+01
5.816957067839189222e+01
5.824959477783959017e+01
5.828911751722553447e+01
5.828584935439973691e+01
5.823751489385836067e+01
5.814186538901190460e+01
5.799669145421294303e+01
5.779983591014185151e+01
5.754920668437667786e+01
5.724278968932468104e+01
5.687866160281908634e+01
5.645500248093846096e+01
5.597010813223104719e+01
5.542240216935337571e+01
5.481044762734003228e+01
5.413295801814779651e+01
5.338880771997026642e+01
5.257704170809863342e+01
5.169688480310723122e+01
5.074775073479037957e+01
4.972925113740157599e+01
4.864120371309675050e+01
4.748363729973050340e+01
4.625679122430474166e+01
4.496111031904759159e+01
4.359724374224192189e+01
4.216605810341810212e+01
4.066867164104419885e+01
3.910650751938590020e+01
3.748133690610121960e+01
3.579519929953197988e+01
3.405001826229007378e+01
3.224700177897214104e+01
3.038713686123605484e+01
2.847272270715835063e+01
2.650833201537533057e+01
2.450114942720512445e+01
2.246099451045482454e+01
2.040026125099078058e+01
1.832544754271647136e+01
1.618955904359848930e+01
1.374116829609527812e+01
1.136226323562294205e+01
9.160783631871440846e+00
7.176235646014069047e+00
5.405896498316929311e+00
3.856496596515672781e+00
2.528886329815836387e+00
1.416216197438289415e+00
5.389991578176576148e-01
1.011948512547665019e-01
1.297191139190283227e-02
