5.601777358754986835e-01
9.747742044871954281e-01
1.020676889589617442e+00
1.098032613342006414e+00
1.556800997025337585e+00
2.260090375851560918e+00
2.927309014181635582e+00
3.381702135433609868e+00
3.388392140941160147e+00
2.857115277754624927e+00
2.349203560077389508e+00
2.694761639000700537e+00
3.787911578686960823e+00
4.426762742175606391e+00
3.827838665194874146e+00
2.150789487572558389e+00
1.194374273159798383e+00
1.409112466516707851e+00
1.777138105321667272e+00
1.827808782463760995e+00
2.140197929865770732e+00
2.740820943940416754e+00
2.860803278538018635e+00
2.640924527261867993e+00
3.228754521604806360e+00
4.568618551002506578e+00
4.950650885724215300e+00
3.695580115785940478e+00
2.479922972479998933e+00
2.693679765835628181e+00
3.205868767804862074e+00
2.625282904483647428e+00
1.736165459527404309e+00
2.213269124207234650e+00
3.289471516854506561e+00
2.697368007479584051e+00
7.833693769383893724e-01
5.000798001228256018e-01
2.739688740498332553e+00
4.740123109593463724e+00
4.293260206865193496e+00
2.730285600870670404e+00
2.141190374170347965e+00
2.267750048257691109e+00
2.235257907175006942e+00
2.919015291200419693e+00
4.842437258221927721e+00
5.789038373264655313e+00
3.622968291679386166e+00
4.737780093071608523e-01
4.426281665145912481e-01
3.440567328458196350e+00
5.124585925180312529e+00
3.400057402800339634e+00
1.141864410929164908e+00
1.196217482044322544e+00
2.354348889754645402e+00
2.413177634528065774e+00
2.040238323489770966e+00
2.770864744384443412e+00
3.661467020185711796e+00
3.169791801937739795e+00
2.533574089509897931e+00
3.818191822582672312e+00
5.741068569410547440e+00
5.175386304786978364e+00
2.366224193571899725e+00
8.073328097436406336e-01
1.688026399956026768e+00
2.355146371363424418e+00
1.306557228262012815e+00
8.718436883234070844e-01
2.926566609112212447e+00
5.248917029483994412e+00
4.915833399028415762e+00
2.884877271751409289e+00
2.155965077597624902e+00
3.115742807249755497e+00
3.838575189007046085e+00
3.799886887165694560e+00
3.997272300415801727e+00
4.040148304162581638e+00
2.542021370514566225e+00
4.126949790818121855e-01
3.984950641709398833e-01
2.704060807680417788e+00
4.202591504140479550e+00
3.142332741336235635e+00
1.733921044397149558e+00
2.404931862027689604e+00
4.072198628138134602e+00
4.324241631623445770e+00
3.270990647964897580e+00
2.723869387780976759e+00
2.973176769298818911e+00
2.958256401716992112e+00
2.724220472435384011e+00
3.154150677220558308e+00
3.760344467372295441e+00
3.223558737274248909e+00
1.954989806159747046e+00
1.717189943544966457e+00
2.620256092349552812e+00
2.907589766869789649e+00
2.110244564823813285e+00
1.957567558852300715e+00
3.294989359821591801e+00
4.407451562641011122e+00
3.743606431670622126e+00
2.374063685935202894e+00
2.146294184818633877e+00
2.939794521869568023e+00
3.424042212278048947e+00
3.249606200791763655e+00
2.754069469748381405e+00
1.642509958432563533e+00
-1.205808037339601846e-01
-1.026991875510840257e+00
2.618386055652482391e-01
2.487756788218248527e+00
3.207517798092525130e+00
2.290194636826608399e+00
1.793685815629455949e+00
2.463777938446354732e+00
2.797724841186888245e+00
1.996281590390693417e+00
1.403217952368396082e+00
2.036307544475462361e+00
2.843060476991032370e+00
2.717101305816022272e+00
2.371827568148263232e+00
2.680704835644447392e+00
2.826037553448514483e+00
1.887814988787209991e+00
8.647847099642833602e-01
1.107170043314155361e+00
1.872600016752929530e+00
1.641567939046165936e+00
9.829502784765073997e-01
1.621722856027163928e+00
3.121341308094759182e+00
3.234015999754504378e+00
1.715834850993352090e+00
1.062218584578304981e+00
2.645855382972869485e+00
4.579250042139527466e+00
4.659694945035838032e+00
3.315500718440964611e+00
2.115653115486436864e+00
1.253613030698852437e+00
3.638303220568555041e-01
2.539255356624720572e-01
1.642766376035776021e+00
3.265453204550340605e+00
3.484447549113840026e+00
3.037067838899483618e+00
3.845581938023839186e+00
5.567927748686677170e+00
5.922980117877868267e+00
4.538039037851284263e+00
3.835680247254901420e+00
5.326395351014255652e+00
7.351719893110050918e+00
7.734280721611949794e+00
6.738079243662278728e+00
5.938510734379079281e+00
5.777968095718735597e+00
5.925798424887247506e+00
6.771934704788612258e+00
8.691429683545337070e+00
1.069871130523344860e+01
1.169505014328740700e+01
1.244584434264076833e+01
1.443404067465554519e+01
1.714763852757945983e+01
1.853859392080956070e+01
1.817259209893092375e+01
1.788221925064229723e+01
1.886327435505318206e+01
2.001812418549202732e+01
1.999319433300594184e+01
1.924098884399656839e+01
1.899041512798038056e+01
1.944922264215691143e+01
2.016880414207747663e+01
2.114415139143048350e+01
2.235312651187709321e+01
2.304635911574822060e+01
2.271288449984249525e+01
2.207681264426010159e+01
2.195495614658443984e+01
2.180798651592421677e+01
2.079822452303168134e+01
1.972835668889269911e+01
2.024651224033394215e+01
2.218318728006326168e+01
2.328231682104150480e+01
2.192719823548285873e+01
1.888825813430409184e+01
1.603999685891280080e+01
1.452107503905892472e+01
1.448406238119459566e+01
1.535114795795837672e+01
1.571513294751383683e+01
1.422692096125019745e+01
1.142953750539165192e+01
9.669483957509479310e+00
1.025538126297399621e+01
1.166159395528320886e+01
1.162315316814116173e+01
1.012838126693797314e+01
9.010114383012405526e+00
9.210263830494247017e+00
9.933526696457949612e+00
1.018496149056290889e+01
9.648891094948325531e+00
8.162033467706903522e+00
5.897306997147402363e+00
4.264450667037674059e+00
5.035288457770085380e+00
7.961786647687728369e+00
1.056961236258596060e+01
1.104866422563032557e+01
1.021007652709784885e+01
9.830118482399162971e+00
1.029748995291708802e+01
1.099801720865301924e+01
1.189081564168944105e+01
1.315192772165595692e+01
1.392791042388037859e+01
1.316824262199118145e+01
1.157449450923110312e+01
1.116615823384016615e+01
1.271886333833905525e+01
1.496709690255323899e+01
1.660949693738074728e+01
1.774195289618761961e+01
1.880891318648011534e+01
1.951682562144634048e+01
1.970774690606366875e+01
2.020224053203152792e+01
2.157675473994196835e+01
2.282652894370771079e+01
2.253149769704316796e+01
2.099044669852145262e+01
1.994322198844977478e+01
2.024332804299859845e+01
2.096604634170419601e+01
2.096702075864817161e+01
2.024667791477173751e+01
1.942409166224554795e+01
1.883976571470786610e+01
1.873594078410181751e+01
1.947408910221037459e+01
2.076250436499928753e+01
2.124912786450184754e+01
1.988708432618188837e+01
1.757945225088924346e+01
1.656615592460781983e+01
1.794734767990529178e+01
2.039656078142036932e+01
2.158361699419148039e+01
2.042482028265251870e+01
1.768835641670009196e+01
1.490891087041193330e+01
1.326537117380893349e+01
1.325734083814246844e+01
1.470684744379967945e+01
1.678065923530420989e+01
1.844158327191788871e+01
1.929457711201397530e+01
1.983505205697413487e+01
2.058778252285831556e+01
2.127451555572763908e+01
2.134214014471358567e+01
2.114345139539650376e+01
2.179766364792840250e+01
2.363739789903058153e+01
2.554734998013814717e+01
2.639731715894014030e+01
2.653653535526330032e+01
2.707795668500104469e+01
2.812936109913722404e+01
2.880504141443638488e+01
2.892040739646908776e+01
2.948615269026794294e+01
3.115007287333632391e+01
3.316645592386780095e+01
3.449202008640881445e+01
3.504398795654744703e+01
3.524361489285492866e+01
3.524148735002976451e+01
3.546096762237595357e+01
3.693970736370922481e+01
3.981426911045640793e+01
4.202326615645208818e+01
4.115150242325920260e+01
3.761049746443612207e+01
3.449002503397681352e+01
3.394711587634916583e+01
3.519447771447746476e+01
3.652896585380739225e+01
3.766654766548263922e+01
3.899290230773936372e+01
3.998048845497255144e+01
3.994908573280446973e+01
3.948934122535087710e+01
3.954904109787054267e+01
3.980207253386978294e+01
3.921182842174417971e+01
3.791939663191330112e+01
3.704248679392076582e+01
3.660960147409098653e+01
3.538654599557352043e+01
3.313574968030872725e+01
3.134094965635329189e+01
3.093515839537426615e+01
3.095899880147114658e+01
3.057115565679119840e+01
3.077303336949430701e+01
3.253076250230907362e+01
3.452095464972499883e+01
3.479266568196349851e+01
3.295862243662921998e+01
3.055164453757187815e+01
2.904161057834071613e+01
2.850161911946844384e+01
2.830287323759646156e+01
2.789820267971217405e+01
2.667775227139752303e+01
2.442559293685846100e+01
2.241220567373870054e+01
2.255633368042261822e+01
2.468980533055976778e+01
2.621447964615981263e+01
2.575258323363210522e+01
2.558155630939169356e+01
2.572133699678803254e+01
2.603693664441781053e+01
2.595828212588518369e+01
2.529166251130331844e+01
2.467510833435731499e+01
2.477294475039046873e+01
2.540743764562617812e+01
2.565945490665941975e+01
2.441312233661211550e+01
2.106314150930053586e+01
1.683125503239104503e+01
1.544938343200185038e+01
2.068712808740443876e+01
3.179088038803061878e+01
2.873143149777744654e+01
2.632953585348783321e+01
2.500998447674329839e+01
2.476060645412124828e+01
2.510493609114679003e+01
2.532812255708012472e+01
2.504866663862589249e+01
2.457659916317734528e+01
2.463030934485040646e+01
2.566593244113055761e+01
2.720699929474263357e+01
2.742479826779494800e+01
2.359327849908710917e+01
1.397131167590839063e+01
