3.670048140577034101e-02
3.873398708134127011e-01
2.196219521095976290e+00
3.724681246390425748e+00
4.613629851793369596e+00
4.879910698318048468e+00
4.761659510693196928e+00
4.470821291921192042e+00
4.208345011657280921e+00
4.134481971611371875e+00
4.271748394186806408e+00
3.867336135544673148e+00
3.422412425413433823e+00
3.824936389246722079e+00
4.553652510232233830e+00
4.917388803951952880e+00
4.666250137879932147e+00
4.136851979557944148e+00
3.918496769686568904e+00
4.294398049619234214e+00
4.938429334755143785e+00
5.221943750994794797e+00
4.874227189038589536e+00
4.264106814943948720e+00
3.967918278591101355e+00
4.186195132721410417e+00
4.661651141926600239e+00
5.055962873088075682e+00
5.272291639222118853e+00
5.374973648285076067e+00
5.282926742556802502e+00
4.734845041810586075e+00
3.714426986343404735e+00
2.824392995154383357e+00
2.927671471120084412e+00
4.200205855818307299e+00
5.659018660978614612e+00
5.939943773284285022e+00
4.705077092264954075e+00
3.156010017615193508e+00
2.916591421307227261e+00
4.320462084036706507e+00
5.951234608074949861e+00
6.084122915436132040e+00
4.596219425961981742e+00
3.229231948535817853e+00
3.750828214776102953e+00
5.909095954316978094e+00
7.476995580793357021e+00
6.514116133995285551e+00
3.510294618191665439e+00
1.072274875738223887e+00
1.383429557798332654e+00
4.057373229085365018e+00
6.604944931081337067e+00
6.960848632949422132e+00
5.383869293722704619e+00
3.840954106539677060e+00
3.758062963101353127e+00
4.676057092434206197e+00
5.134934903286188401e+00
4.533377415719423986e+00
3.737804247112056721e+00
3.850886579816859889e+00
4.763372293112476896e+00
5.292297444523931915e+00
4.716113141687277910e+00
3.786052479373089863e+00
3.905725140641920667e+00
5.394164240228317198e+00
6.916296144798901757e+00
6.852015156248791428e+00
5.097789285367017698e+00
3.237451767607768538e+00
2.864726284829177683e+00
3.950732944456098572e+00
5.069189821839500176e+00
5.128072389145830634e+00
4.546882372196720645e+00
4.545237687686829453e+00
5.479406996062793134e+00
6.284120917733082123e+00
5.732518587827566847e+00
4.022609752349229240e+00
2.755158493298877076e+00
3.229010946917394875e+00
4.971176204625365358e+00
6.201817962457141675e+00
5.743999674406476075e+00
4.251541094538973553e+00
3.417270716952711673e+00
4.102597789147332641e+00
5.482299640614916036e+00
6.067589211910547675e+00
5.347496082036312437e+00
4.205904326082325895e+00
3.786691172501162495e+00
4.235647340228285707e+00
4.736202596301217760e+00
4.632241769440790691e+00
4.198856303589715289e+00
4.183612601603288184e+00
4.794415007252180061e+00
5.430758988399074561e+00
5.453268322398025170e+00
4.972213099517067469e+00
4.644278021124170763e+00
4.751032353635074479e+00
4.764843035776486602e+00
4.013654383645934409e+00
2.661325925680767313e+00
1.755327615261848662e+00
2.167324942339439175e+00
3.595573645990968625e+00
4.791134682634711872e+00
4.794437477250733437e+00
3.831221636979774470e+00
2.932010424701376294e+00
2.787513037982241038e+00
3.138544919162609581e+00
3.273918436434620993e+00
2.917307484189751943e+00
2.454350794059398044e+00
2.365833670651094067e+00
2.680836533171355285e+00
3.102833348738976760e+00
3.504865806882045742e+00
4.027787705422074538e+00
4.635614499733850202e+00
4.825545957256876406e+00
4.079176642502622130e+00
2.637515359427858641e+00
1.576882852566948046e+00
1.853365262543020808e+00
3.254568603264645255e+00
4.490050603759147663e+00
4.469144161102264867e+00
3.438321515133607953e+00
2.706448761009424331e+00
3.207299394056152053e+00
4.452108221611069894e+00
5.022386698795381577e+00
4.076541822514985647e+00
2.261292365118458214e+00
1.102636479900327204e+00
1.579145304938711858e+00
3.342302828490335109e+00
5.216854881004924671e+00
6.261204059683112888e+00
6.298771439833545038e+00
5.656626584480436648e+00
4.720290707969599708e+00
3.843684622108384019e+00
3.453400905243201091e+00
3.901435803325618679e+00
5.100485181609296426e+00
6.465525611426452102e+00
7.407644058529172959e+00
7.885121321247957837e+00
8.333130390402541110e+00
9.022359517094846737e+00
9.659711892890982199e+00
9.802611864273469422e+00
9.611743585532236622e+00
9.924401930522442683e+00
1.138720173183984308e+01
1.361093325254065434e+01
1.545168261515899033e+01
1.625167818901129024e+01
1.664139109905635650e+01
1.787512831793075208e+01
2.035472207137126333e+01
2.303780997753342419e+01
2.450149349900318185e+01
2.452013119966885313e+01
2.435888129394360391e+01
2.542552056241471803e+01
2.781543558197108013e+01
3.038523729950661689e+01
3.215791916458510968e+01
3.329238531027542081e+01
3.445901053169646389e+01
3.552342527981772236e+01
3.539287210988855037e+01
3.344959147901523977e+01
3.086197788005990006e+01
2.992352762136974675e+01
3.181131921441326327e+01
3.519808249370305475e+01
3.743092138016331916e+01
3.713544661355656729e+01
3.539905090250952924e+01
3.424067473638586279e+01
3.419375879396843487e+01
3.385916669069666796e+01
3.192415911974092779e+01
2.912658455594377216e+01
2.761707422502167475e+01
2.831106145275219887e+01
2.943750789966958692e+01
2.831007574615909661e+01
2.452983472810473131e+01
2.084491195886112891e+01
2.032150376040070228e+01
2.277062234909863392e+01
2.455333714350970808e+01
2.231967266032696173e+01
1.675925105711776197e+01
1.217327866914329526e+01
1.213559003193907238e+01
1.583062649241317743e+01
1.898646957014525327e+01
1.833937173029237400e+01
1.478836512489204402e+01
1.198462606481485615e+01
1.218508497181067618e+01
1.405858836607499995e+01
1.468114998169491159e+01
1.315229483963759272e+01
1.159829611144142270e+01
1.253643560474218255e+01
1.580013203879802575e+01
1.860831242122615592e+01
1.862598647212098513e+01
1.645539575209386030e+01
1.480554137120480362e+01
1.548899504275838268e+01
1.775669961808301167e+01
1.967131088874685929e+01
2.057645395775115915e+01
2.160892886339206598e+01
2.380114363564193880e+01
2.634497819114527672e+01
2.734474305654742565e+01
2.622445425944901132e+01
2.478055055834707332e+01
2.539291255102485678e+01
2.834435881728882833e+01
3.140589415402903128e+01
3.228986250713747097e+01
3.121324619350465213e+01
3.061831197964668760e+01
3.234586824200520283e+01
3.548300489082794229e+01
3.731853364385365524e+01
3.627630075840372825e+01
3.349876185998753897e+01
3.140689324494706369e+01
3.105297928594928081e+01
3.133722526608009673e+01
3.082123806277534328e+01
2.979109162520901677e+01
3.001341695479903038e+01
3.244311130945535382e+01
3.561045938565821700e+01
3.667520469680592754e+01
3.411979679494540818e+01
2.925889801124836964e+01
2.509906717395204723e+01
2.386932020217835415e+01
2.561975508189760120e+01
2.876735986360196407e+01
3.145792859800591046e+01
3.238394524294030674e+01
3.100010910322219715e+01
2.782381092792060429e+01
2.472068180750338939e+01
2.417732867128261276e+01
2.732648481737822976e+01
3.236365518555007981e+01
3.546049776628914429e+01
3.406872379105563198e+01
2.967064381369703696e+01
2.694711782036194947e+01
2.966961676088109101e+01
3.709978098529895618e+01
4.446061923991838682e+01
4.710421160798735940e+01
4.438825028101345538e+01
3.974741076778369120e+01
3.736074198848812955e+01
3.892603989269297671e+01
4.327794267879600909e+01
4.827490727742940635e+01
5.242470176100955825e+01
5.495206089726138998e+01
5.534855143272969968e+01
5.377845637286819880e+01
5.185307669000106046e+01
5.204770247221864565e+01
5.546655648276711048e+01
6.017367680007340169e+01
6.247642574217929479e+01
6.051765270441306654e+01
5.654702104301481569e+01
5.507040926794023505e+01
5.834845683978333852e+01
6.386049877367408811e+01
6.661998923382668636e+01
6.416761522332504342e+01
5.910587958925785301e+01
5.651364646546345938e+01
5.891757595077729803e+01
6.396610997239427121e+01
6.697436705494450848e+01
6.544450307702319947e+01
6.096665450934793284e+01
5.708092984394464509e+01
5.589676784812976251e+01
5.694378327145843599e+01
5.866026877520479132e+01
6.007395114951705040e+01
6.078237425937299321e+01
6.007326268723102913e+01
5.717556019511842180e+01
5.274253007093704326e+01
4.937984118839242598e+01
4.965693894733194469e+01
5.319884154411796118e+01
5.626126347929822202e+01
5.497008278345260379e+01
4.927067625795898209e+01
4.336431399208198911e+01
4.185054146350934445e+01
4.538177513325491930e+01
5.024289424867189524e+01
5.210297966975841888e+01
4.984754595646029429e+01
4.568304621164634938e+01
4.209306534530083610e+01
3.954738468884691116e+01
3.739940418164866998e+01
3.618462041047678923e+01
3.777948375537950199e+01
4.273193587765808132e+01
4.805084337612773737e+01
4.891156556950823386e+01
4.339570022389067816e+01
3.520765362714695357e+01
3.070826878622748879e+01
3.284377389454360241e+01
3.847827039661132886e+01
4.211600553093617094e+01
4.168001415190494896e+01
3.964960734590756886e+01
3.955162434573441033e+01
4.188109053431911377e+01
4.291938632669765497e+01
3.886476678181035282e+01
3.144791698748273490e+01
2.818994612331120209e+01
3.524461588602901685e+01
4.838650046519314429e+01
4.643671224463417246e+01
4.076524518752555792e+01
3.620181853771393321e+01
3.639144014349989931e+01
4.148417618443508559e+01
4.805574999439881623e+01
4.915399128445938715e+01
3.865571465392875439e+01
1.777869854940005467e+01
3.534724537618834095e+00
4.915442110147976718e-01
