5.740499245225891972e-02
5.923114875089470210e-01
3.270689672980230611e+00
4.781647739232017358e+00
4.500158982784546957e+00
3.534496103158628610e+00
3.304533489788408218e+00
3.980351679269983123e+00
4.821724474796592830e+00
5.270728720151647728e+00
5.265055791798291196e+00
3.907260655378642866e+00
2.628521460802400789e+00
3.346818124591429466e+00
4.796840595577536170e+00
5.160437886023565568e+00
4.287233764960498128e+00
3.574397751820928448e+00
4.016935905667953222e+00
5.081859522067471602e+00
5.555758029973277168e+00
4.946895224111083067e+00
3.925894363317686153e+00
3.617739313568532733e+00
4.375888564816472481e+00
5.340171302619107330e+00
5.445762296223016996e+00
4.723735423572644976e+00
4.232245491590887809e+00
4.648303719998967409e+00
5.325036358863625807e+00
5.081792558864060005e+00
3.787885435891025665e+00
2.751896678183350708e+00
3.311539168436888669e+00
5.165326405809472554e+00
6.428907947577522819e+00
5.566459262749503978e+00
3.184131267272197086e+00
1.624721329580748108e+00
2.606697198313156161e+00
5.364267049152942057e+00
7.341003172820380840e+00
6.781615384262297042e+00
4.497883851467114447e+00
2.950941851965306562e+00
3.656105900607225401e+00
5.666537362510845277e+00
6.677644566439626672e+00
5.492009688272455392e+00
3.219747408049931092e+00
2.042720227468862948e+00
2.970498649975197303e+00
4.956378561657105664e+00
6.142668497979602016e+00
5.742885642160532988e+00
4.583957884545681871e+00
3.962332074816690586e+00
4.260804108953780478e+00
4.800019266262821382e+00
4.846875097706422331e+00
4.457270586863149475e+00
4.228354283290947535e+00
4.430454525951892819e+00
4.671586916558358560e+00
4.486773458509617285e+00
4.054457757193091538e+00
4.082644042244634619e+00
4.941952255473003319e+00
6.079847590093914178e+00
6.471975068371896178e+00
5.673010435755871939e+00
4.315902695830386548e+00
3.501648790614761531e+00
3.737655575428870502e+00
4.545673221446500989e+00
5.084016594857349247e+00
5.028845126660727693e+00
4.761719444810028179e+00
4.766278363507630011e+00
5.017779625262501320e+00
5.073034681045163197e+00
4.695114749128876497e+00
4.223933607099153775e+00
4.227896976621234870e+00
4.827204463830274683e+00
5.470917296419900211e+00
5.451199564805504494e+00
4.631283900051739622e+00
3.635796044147769024e+00
3.313318997945568611e+00
3.998613551132361277e+00
5.246486657877202475e+00
6.213725910110371231e+00
6.293398391415118809e+00
5.484609357553523523e+00
4.302450488349506941e+00
3.400575825769814209e+00
3.195533910296704416e+00
3.682483476642482767e+00
4.495505626752296813e+00
5.163165459705553850e+00
5.411758290214935485e+00
5.309534174141393947e+00
5.133230646706524958e+00
5.069213292168637253e+00
5.029963431887550129e+00
4.767067106117049313e+00
4.162092037044709869e+00
3.390714684228195885e+00
2.794679557009577486e+00
2.607897723481558128e+00
2.815684202884894294e+00
3.243974248055295551e+00
3.717052497714806947e+00
4.100108792608647690e+00
4.252743213287610402e+00
4.056832648426937027e+00
3.549879669517586045e+00
2.978339172293722914e+00
2.617922629882851737e+00
2.507168273335984576e+00
2.427984447882145069e+00
2.231190339041642545e+00
2.156151904080021886e+00
2.689239355153128841e+00
3.978288491822898898e+00
5.403361687871892194e+00
5.890462239940609912e+00
4.832833518974222642e+00
2.771348737120647332e+00
1.095824473551954892e+00
9.437823715142785730e-01
2.282249552240661838e+00
4.008665821128954754e+00
4.933932143743628984e+00
4.706476459422446190e+00
3.889214867142155363e+00
3.278316972559967901e+00
3.212204168773588719e+00
3.456666738657026006e+00
3.585856835115572405e+00
3.376463563647811750e+00
2.914165844322856191e+00
2.494275959167977064e+00
2.489765863270878121e+00
3.181186461012336597e+00
4.499776208635824837e+00
5.867764218631522866e+00
6.452641956368942999e+00
5.819730075980210415e+00
4.429750687003625842e+00
3.381042585345724660e+00
3.490970247920232250e+00
4.578932526768745070e+00
5.724553939461913821e+00
6.276098930893764916e+00
6.524157832669425616e+00
7.266070199724323331e+00
8.727323306356851162e+00
1.010308364031044093e+01
1.035276245780358018e+01
9.441916368137464488e+00
8.608584187419710432e+00
9.230212584057145619e+00
1.144003493172526476e+01
1.400238202993631731e+01
1.561753878548245389e+01
1.624160079505860210e+01
1.697743014133728678e+01
1.869602777258045379e+01
2.098327425825634407e+01
2.262527500623385635e+01
2.306419761177136962e+01
2.312277991944533539e+01
2.413506022591597500e+01
2.647440204685670651e+01
2.917609800798400244e+01
3.106757401365842597e+01
3.204160611040137496e+01
3.294842928560266415e+01
3.426450141863232091e+01
3.523102213320562015e+01
3.465929831108844894e+01
3.257127513377641037e+01
3.067635900808847182e+01
3.087775945303551950e+01
3.329513633906859837e+01
3.601673358147556314e+01
3.697755885397003794e+01
3.597348323650196988e+01
3.461314802376590194e+01
3.431041209159298688e+01
3.464788294822647430e+01
3.400882070321117823e+01
3.171628810078121674e+01
2.909456167909826263e+01
2.806574312946707295e+01
2.881916788873873259e+01
2.934224889813838999e+01
2.758603851476540569e+01
2.394019783335375706e+01
2.110295272149286561e+01
2.122347519708801755e+01
2.335206448260474588e+01
2.413809264174379976e+01
2.127281538700414742e+01
1.608650255888799308e+01
1.244192486379163043e+01
1.294937089172985090e+01
1.639649210411332092e+01
1.902295973555097675e+01
1.823738368630969475e+01
1.491414475518167571e+01
1.208500956416255789e+01
1.170219487410643922e+01
1.298380147892007130e+01
1.383893328295424929e+01
1.344120690326193035e+01
1.298675832549144538e+01
1.397714131521100356e+01
1.621522143429720586e+01
1.788331155735260936e+01
1.755993804768056421e+01
1.582230360682399528e+01
1.465254711119762554e+01
1.540887153317122227e+01
1.764773924787386150e+01
1.994053138616022380e+01
2.150788364796000707e+01
2.273343014510989590e+01
2.416844695003457488e+01
2.550538018682726005e+01
2.592379238976327116e+01
2.537004559675435900e+01
2.504537985326918559e+01
2.627186387030085513e+01
2.893370179369047079e+01
3.137819706904608452e+01
3.208031255090087086e+01
3.130620837270141976e+01
3.088762465302809446e+01
3.226804032969710079e+01
3.491319380101188585e+01
3.680122727213920086e+01
3.644089627852078905e+01
3.425150596505417155e+01
3.193727106197595589e+01
3.072065858270601524e+01
3.042979803611650880e+01
3.028125839614646253e+01
3.019894654418708058e+01
3.097716266424643905e+01
3.306493926365523350e+01
3.545210189257599609e+01
3.611067654441329466e+01
3.374771708522540337e+01
2.917158218278888882e+01
2.491416345229229634e+01
2.342511015053853640e+01
2.537821686482231343e+01
2.932698387566500031e+01
3.271753435860203751e+01
3.341096853824238622e+01
3.087828967934521174e+01
2.659068168864613924e+01
2.335068547468211619e+01
2.362749841318920119e+01
2.769867794085220680e+01
3.304504011084899417e+01
3.594387312998801320e+01
3.442055629637540903e+01
3.015049168451324491e+01
2.738298193889738386e+01
2.949093377757989387e+01
3.606517221075776547e+01
4.317398332706100206e+01
4.658285324925439852e+01
4.506424176825252204e+01
4.100716705850420141e+01
3.816155035514724858e+01
3.881541241194580039e+01
4.270591414573667777e+01
4.793320353618593543e+01
5.245670407681708980e+01
5.494787698319217384e+01
5.503176512969039180e+01
5.345391057269567625e+01
5.202702815951202098e+01
5.270556349432121124e+01
5.595837149924707887e+01
5.992533487722993613e+01
6.170402137603794301e+01
6.005902628607542226e+01
5.694886548106148183e+01
5.596542719226364682e+01
5.884322561946293462e+01
6.349121020992587461e+01
6.579432478572471155e+01
6.363904495503191328e+01
5.915349321550968398e+01
5.678529730984232060e+01
5.903332467396737115e+01
6.404950820960038982e+01
6.741476205924111298e+01
6.620713937731848375e+01
6.138787509109342011e+01
5.652091747367097696e+01
5.454257294695897684e+01
5.578905544033984398e+01
5.859766832943654435e+01
6.106054134799431665e+01
6.196473189845801244e+01
6.067706602928961956e+01
5.714624941860049034e+01
5.250125272591537140e+01
4.913629420875954423e+01
4.919509001500243528e+01
5.237736613489581572e+01
5.550741096529972651e+01
5.501178499731578597e+01
5.031738649607640212e+01
4.471334962115049194e+01
4.247114180545879947e+01
4.489272724222097111e+01
4.922478091280532908e+01
5.143757210892398746e+01
4.984983315780222313e+01
4.595636760919330044e+01
4.216581338211936725e+01
3.946838152237015862e+01
3.757448576988291222e+01
3.670252740838053285e+01
3.814997683382061666e+01
4.245605752890390505e+01
4.732116773425534717e+01
4.848838984859334289e+01
4.375053162977641819e+01
3.597474592409098193e+01
3.108030683174406406e+01
3.241750685465127901e+01
3.763816702925778657e+01
4.163440828883153699e+01
4.196490536157234885e+01
4.033509501115801754e+01
3.995217576670476944e+01
4.185808850875199738e+01
4.294010971689176870e+01
3.914117844808057356e+01
3.146248664007706353e+01
2.743236274729624924e+01
3.414563515326858578e+01
4.798266187794448001e+01
4.688095836518578352e+01
4.192810280358799702e+01
3.742750783206961529e+01
3.683270151604319409e+01
4.082320410082502349e+01
4.691199542705741266e+01
4.847975551622422330e+01
3.871469018667878004e+01
1.798501485093523300e+01
3.584916534186925574e+00
5.008987713273741482e-01
