7.483718422914724389e-02
7.581440106222223640e-01
4.116022786441224213e+00
5.409777154710425862e+00
4.604472440587384696e+00
3.722805054273116365e+00
4.061354049611006545e+00
4.774245697556230184e+00
4.774636376883296229e+00
4.333493064044479759e+00
4.217897583374751846e+00
3.119227450595550621e+00
2.551120263524596421e+00
4.315008035136290943e+00
5.935512899336331749e+00
5.407301554230276253e+00
3.770521733043885160e+00
3.290471883902394090e+00
4.297229602186888542e+00
5.212190814035379205e+00
5.024205788346763235e+00
4.242059501612979844e+00
3.820813829623167290e+00
4.222707050318670774e+00
5.073333700523641632e+00
5.432048519087419258e+00
4.865346334770824122e+00
4.174166825967083660e+00
4.469031412026859051e+00
5.539455573527050092e+00
5.883346085437551665e+00
4.617715166201324273e+00
2.761394160493763739e+00
2.192743575092773956e+00
3.585586856806186606e+00
5.675740206383237840e+00
6.520025957767966673e+00
5.378971305189817365e+00
3.397639701220342090e+00
2.457618973326066936e+00
3.335870682235846818e+00
5.030907740703223219e+00
5.909433045742546575e+00
5.376990976010056045e+00
4.317988947902604124e+00
4.026850934032061069e+00
4.895306144979500118e+00
6.107939857110023851e+00
6.441812786670827684e+00
5.345018469798447747e+00
3.419907807312319470e+00
1.989420298107563045e+00
2.099136447889789370e+00
3.710120238997853370e+00
5.706217737429941650e+00
6.732766084037614895e+00
6.229333822737541659e+00
4.823662354570727118e+00
3.734688016663410437e+00
3.689603918721876319e+00
4.352868171220104720e+00
4.810891496030658132e+00
4.583760614534807765e+00
4.071036664820266715e+00
3.981092079185738264e+00
4.462104789363095847e+00
4.977969250186231598e+00
5.044551064003448104e+00
4.870900957699756617e+00
5.057964793220780741e+00
5.701501442922661589e+00
6.069603384638119437e+00
5.396597427451334639e+00
3.929713130899118667e+00
2.906173568297780729e+00
3.313112837099341679e+00
4.777803746628043413e+00
5.912258815857288852e+00
5.794107038418512268e+00
4.904040001907497448e+00
4.436179137999149980e+00
4.818605749558055429e+00
5.240672064134637154e+00
4.774161838559312088e+00
3.702045724198373744e+00
3.338843388443494042e+00
4.432310811865288969e+00
6.052714070956804804e+00
6.444121695190436760e+00
5.012074903928385616e+00
3.153022964470276523e+00
2.838189126761553549e+00
4.451194867773248909e+00
6.325558661061063681e+00
6.548839099450149526e+00
5.018664774491881531e+00
3.450406341549338229e+00
3.392342925040895629e+00
4.561878829511278433e+00
5.362448484796731307e+00
4.857314097540519349e+00
3.826381375962383924e+00
3.717957627976413271e+00
4.844514447835731374e+00
6.013435953817821478e+00
5.979965044377556715e+00
4.899869355012684835e+00
4.021105749174989974e+00
4.061268720754189765e+00
4.334256552990059852e+00
3.730723036411173421e+00
2.314810280723220703e+00
1.477765520746614269e+00
2.336977247458192686e+00
4.272798902372591634e+00
5.436733668889768722e+00
4.746775879042245627e+00
3.074169375634576706e+00
2.223560168480758215e+00
2.882191219517066916e+00
3.912632802220807005e+00
3.770875964754445864e+00
2.350863566152401773e+00
1.115271511675051341e+00
1.431537667169371364e+00
3.095325562419560583e+00
4.680437980961545286e+00
5.137182079369360999e+00
4.694262923561877798e+00
4.162965633702614632e+00
3.765545615995447903e+00
3.064848100859839608e+00
1.979287846218022118e+00
1.351456451005944803e+00
2.096102226505851984e+00
3.895907749178664226e+00
5.211134048142464614e+00
4.863587537973484309e+00
3.421223684177183255e+00
2.636021474487549199e+00
3.426820732219300503e+00
4.726881070801323581e+00
4.646541433918796926e+00
2.724141158467150436e+00
6.786175584649363213e-01
7.048239112432195252e-01
3.142750118179962637e+00
6.083294655300776732e+00
7.305101624053599529e+00
6.381602008292738049e+00
4.752779536344977629e+00
3.945732722523466407e+00
4.104172863624162559e+00
4.353151486468318510e+00
4.240407857660852819e+00
4.353839960677674981e+00
5.443191638722571390e+00
7.292775590413989484e+00
8.822484807067432655e+00
9.275911656720248644e+00
9.002199719570954883e+00
8.915816177895038663e+00
9.402780872459100436e+00
1.006571567806903822e+01
1.052789114004230520e+01
1.112343909499213268e+01
1.249852050670139114e+01
1.465003442748118978e+01
1.673982583138838720e+01
1.803954841957793320e+01
1.883401032472340475e+01
2.006094891282612025e+01
2.205323738018786273e+01
2.397980866822113200e+01
2.480684327769077768e+01
2.468741320974667985e+01
2.503074015553677967e+01
2.702450971088747878e+01
3.028288606183114240e+01
3.320796711293828452e+01
3.462606938892704278e+01
3.476402101789800980e+01
3.452024005382635607e+01
3.414577723051401392e+01
3.314228756913756513e+01
3.149875533495507085e+01
3.047755476261927043e+01
3.157208305676171634e+01
3.463484829132397635e+01
3.752741776957151387e+01
3.805800949315719350e+01
3.618595640517516898e+01
3.393323618054738944e+01
3.303326193719500026e+01
3.306325389240731738e+01
3.227926135788561623e+01
3.008464420355161550e+01
2.798455672014914697e+01
2.769136543979635334e+01
2.868143037849438670e+01
2.844460224488441469e+01
2.548608107770229125e+01
2.153617614495526666e+01
1.996258703836264914e+01
2.181693803343806337e+01
2.411875608520336556e+01
2.280520700328957062e+01
1.738818464438714884e+01
1.200273131354165557e+01
1.128635280309912403e+01
1.539592243919344483e+01
1.969873793849536270e+01
1.961288906294935330e+01
1.532503339391973363e+01
1.124491274852735678e+01
1.097864355283190463e+01
1.357186487815815390e+01
1.513440124837670453e+01
1.368779113594245977e+01
1.146710261126151487e+01
1.206690635235853826e+01
1.593505329688645489e+01
1.960023101821134617e+01
1.955148427670663835e+01
1.621943940707343046e+01
1.346243751049103032e+01
1.427335234257379426e+01
1.774542926547426092e+01
2.063890379224187299e+01
2.136838323864188638e+01
2.153439320580020677e+01
2.335273815722047175e+01
2.642384068231329053e+01
2.801648568566409025e+01
2.658667253915885453e+01
2.411887146185978636e+01
2.417984272344188312e+01
2.779996770199021938e+01
3.209952492272665836e+01
3.346027597410954257e+01
3.164182555170358313e+01
3.002109224357349149e+01
3.162845084954210506e+01
3.558371203506344216e+01
3.806605688741465343e+01
3.664282494926006706e+01
3.290865363019469925e+01
3.047553316944042834e+01
3.084571768074667020e+01
3.206543466373298656e+01
3.158525690501335959e+01
2.969042988428230956e+01
2.925862507287580527e+01
3.209388252633122818e+01
3.624855626711079992e+01
3.763752781506910594e+01
3.424897119274149304e+01
2.828372587041145891e+01
2.398346575126340241e+01
2.370970238768437710e+01
2.641589129855698204e+01
2.952170202026982437e+01
3.143047252536277014e+01
3.194106797278733723e+01
3.103485662328266770e+01
2.851105270619162368e+01
2.519848968544601320e+01
2.359519145754075709e+01
2.598689898236973406e+01
3.152153886809024286e+01
3.595406077219630703e+01
3.538270374031255017e+01
3.053528622168768436e+01
2.675044097534964749e+01
2.901615347650490762e+01
3.691667105334003907e+01
4.481303639967084962e+01
4.718957520535765582e+01
4.368016204373050471e+01
3.881623040098000388e+01
3.729090098881642490e+01
3.999778173885754029e+01
4.452910969722061907e+01
4.852566480625806378e+01
5.157992279429601723e+01
5.404689151036847505e+01
5.530477089499839849e+01
5.437290327068547668e+01
5.210988923211740342e+01
5.152080033505828993e+01
5.481163678558322516e+01
6.031192226860446226e+01
6.340185223492700572e+01
6.124272134508623822e+01
5.627585039047974647e+01
5.416725616428283985e+01
5.790497923466625707e+01
6.437482731068190844e+01
6.739265701461398805e+01
6.415579145459859944e+01
5.820561790693639637e+01
5.571497008970138864e+01
5.913991876679563120e+01
6.497817686570891738e+01
6.769230102755888367e+01
6.522281701531430542e+01
6.030253726566275674e+01
5.690132366201590486e+01
5.635328719498994587e+01
5.723197549961945896e+01
5.808896595637194338e+01
5.904588109460815559e+01
6.043566632816040851e+01
6.096182812691197483e+01
5.855539408033641280e+01
5.334233507829488730e+01
4.877878969786912222e+01
4.866403261063565111e+01
5.282148548792348919e+01
5.654682563402725748e+01
5.512333507105889652e+01
4.882686413107018097e+01
4.287392224095956550e+01
4.218799353244645545e+01
4.655906646328416798e+01
5.122950656513274481e+01
5.191159149622225755e+01
4.863783387519232804e+01
4.461741447569179542e+01
4.208365911551472038e+01
4.029620379276431663e+01
3.785186356162953558e+01
3.587339968607404472e+01
3.737755758716109966e+01
4.307062861123255004e+01
4.891627951027663102e+01
4.927899039869191711e+01
4.275585176505402529e+01
3.419127335390339795e+01
3.031631955281017454e+01
3.337032829288295233e+01
3.928786325706209936e+01
4.230732043900231076e+01
4.100049002028682565e+01
3.895208881345737240e+01
3.989411064520118089e+01
4.298659748304900319e+01
4.338830103082156597e+01
3.810724173829632377e+01
3.054030912001293174e+01
2.828066590655917878e+01
3.585803101819067251e+01
4.824706024691766260e+01
4.623100941485729720e+01
4.046802450840262821e+01
3.605333863512066017e+01
3.688747387424826485e+01
4.260148455949750002e+01
4.873659023428009363e+01
4.836667064983934239e+01
3.686236914562388023e+01
1.663468531240476267e+01
3.290671599220134080e+00
4.536251669893252569e-01
