4.139358065687801652e-02
4.271421804297341196e-01
2.366399618598704624e+00
3.538385190569392158e+00
3.792003210451126538e+00
3.845772804814639567e+00
4.328587307608954049e+00
5.046514740929738174e+00
5.428056836670899443e+00
5.209438182672875506e+00
4.575439374324669295e+00
3.209787339849752730e+00
2.387295148060858629e+00
3.297250242147014010e+00
4.669298994727808960e+00
5.117602331115874925e+00
4.636302404521847720e+00
4.212752190816944520e+00
4.405527696718181119e+00
4.863438263482700918e+00
5.024500128095208851e+00
4.707863317521438162e+00
4.151381994659072205e+00
3.896442829758829163e+00
4.334227306550730852e+00
5.033265935249257694e+00
5.081533703810219293e+00
4.489412192637997734e+00
4.393061034738854786e+00
5.247132605087999835e+00
5.860456182669746994e+00
5.111724061108378514e+00
3.626860389176405963e+00
2.826155915071559832e+00
3.228944719670995944e+00
4.399513774865049243e+00
5.492466319806569075e+00
5.409445557167734897e+00
3.841916177326737181e+00
2.483732987305487860e+00
3.420237685137746730e+00
5.970727172883542266e+00
7.161255540236130201e+00
5.724723405246480823e+00
3.528718548779452124e+00
2.722491070945876501e+00
3.603199253249547596e+00
5.410938326603139892e+00
6.990568331045541761e+00
6.758231503390599748e+00
4.357651183400533590e+00
2.083685504321167503e+00
2.335622549695131944e+00
4.255320492754265160e+00
5.272663695382439286e+00
4.970991215111016714e+00
4.760752288384701103e+00
4.908068792563179628e+00
4.748013232456595567e+00
4.678837245633839181e+00
5.201801991568538064e+00
5.283531364183181367e+00
4.189131000671843630e+00
3.312435804494085811e+00
3.817289606684591607e+00
4.477328977021236334e+00
4.172504556929158781e+00
4.150855898338540406e+00
5.444856929680434554e+00
6.596402912897024962e+00
6.255337210740343323e+00
5.401564905868557531e+00
4.968153613954363834e+00
4.170404171246556935e+00
3.001444585577635937e+00
3.166831749311781685e+00
4.818685322195132237e+00
5.695573846425279640e+00
4.991538890613294477e+00
4.603801552423194110e+00
5.345222230091642324e+00
5.610457752951518273e+00
4.812150613771632557e+00
4.378318527446934283e+00
4.602164937533556710e+00
4.279580268614343375e+00
3.781534420495889837e+00
4.556364586272867889e+00
5.660177444156111903e+00
4.937321731475910802e+00
3.327790019109515107e+00
3.697899001215109838e+00
5.839620177584444072e+00
6.875955375435464312e+00
5.989422651372023232e+00
4.715640656120682728e+00
3.597526178439554467e+00
2.478166321252509352e+00
2.636449722464593304e+00
4.728667414353783904e+00
6.394615692915482263e+00
5.640265647176925690e+00
4.377755110199506028e+00
4.974910624784737223e+00
6.000801125748217224e+00
5.168084754562537242e+00
3.618434478429062295e+00
3.503593899622949870e+00
4.144706352246619652e+00
4.036613321564590962e+00
3.744000466747483991e+00
3.860745344147287206e+00
3.318396690153972983e+00
2.213363298329382278e+00
2.649514721643835280e+00
4.586006764559521720e+00
4.955532058897363257e+00
2.951327423786167969e+00
1.770954245253939741e+00
3.120154801555404145e+00
4.504305115609447796e+00
3.865545818356358243e+00
2.503260947881086995e+00
1.832919448880909963e+00
1.533071282680720016e+00
1.943780777160279305e+00
3.966267303932591748e+00
6.021138473920892409e+00
5.501045376175799362e+00
3.323856560049657904e+00
2.595496157515165603e+00
3.259042715305468629e+00
2.839744685783990086e+00
1.684753067767351675e+00
2.348266507868951525e+00
4.464100237572633745e+00
5.183093477916712821e+00
4.047745015633307908e+00
3.023211872127769873e+00
2.749208264070386765e+00
2.727977390397184010e+00
3.535463086952586043e+00
5.065057779272721383e+00
4.886785883616574289e+00
2.142205337283077604e+00
3.222213964077738635e-01
2.316618361561385342e+00
5.662819589031951040e+00
6.519142156646356767e+00
5.268182125244958769e+00
4.502025899964834821e+00
4.587127043698163931e+00
4.683254846712142871e+00
5.104496079624212257e+00
5.735474748411699686e+00
5.248341170248190579e+00
4.153582978773076029e+00
5.056211144450249328e+00
8.044352996005960321e+00
9.853386530707849644e+00
9.245471284783679522e+00
8.860904986479646084e+00
1.018829227332518528e+01
1.125091959447926904e+01
1.086399384918189348e+01
1.077622658709630166e+01
1.213149687825024436e+01
1.385355379650842700e+01
1.549335035100786939e+01
1.780503886546359382e+01
2.012931900724198186e+01
2.106221419390423222e+01
2.154321000564087996e+01
2.337388689847470502e+01
2.540973308211797388e+01
2.540870611883995167e+01
2.466052695909354853e+01
2.634986712853627111e+01
3.024638252070855060e+01
3.327717191879501968e+01
3.437517601606347739e+01
3.478962210632866459e+01
3.478655258261563432e+01
3.379941795089113299e+01
3.261888963086498450e+01
3.223274819849832795e+01
3.206481900571063903e+01
3.194811463255577166e+01
3.342749706168837776e+01
3.648762274866668065e+01
3.794828685315247441e+01
3.601422521553882916e+01
3.342559385195339416e+01
3.316806783808817016e+01
3.401372482022932076e+01
3.319501992081455910e+01
3.074304453955674177e+01
2.850972023626919594e+01
2.727516097443501408e+01
2.683410096936351508e+01
2.668434606200694859e+01
2.552447020521937304e+01
2.272329619448881743e+01
2.066538485910676570e+01
2.213158977984174669e+01
2.499604543385589395e+01
2.371922284985713603e+01
1.712486056936108270e+01
1.074503464486292259e+01
1.005736061546751969e+01
1.453960492683299321e+01
1.939208147536654181e+01
2.045088303472059721e+01
1.699497359829373977e+01
1.217204815681274788e+01
1.054251055900208023e+01
1.302246123957377399e+01
1.527295211076968684e+01
1.355813437298228230e+01
1.043367334734897511e+01
1.121783691061060395e+01
1.625295767031956018e+01
2.048655168170089880e+01
2.012591157339333847e+01
1.646684143486684349e+01
1.343769976872469307e+01
1.379939214460959995e+01
1.731995112273506265e+01
2.100081552148963127e+01
2.198664692124646791e+01
2.122717148655180353e+01
2.237995488558563650e+01
2.614758684848978376e+01
2.859225386068867891e+01
2.688237789893646124e+01
2.383463725082520313e+01
2.419579795806319211e+01
2.845012057059086885e+01
3.273301835048238928e+01
3.361477875859770137e+01
3.129716173336761287e+01
2.906504555026234016e+01
3.034319562827297645e+01
3.507104868035513334e+01
3.892638952363446236e+01
3.791747228780211998e+01
3.348298513306923496e+01
3.063610345868083584e+01
3.125781761461319519e+01
3.222890018630271669e+01
3.067075298294865604e+01
2.811032625280293473e+01
2.819510343731252533e+01
3.210806367300175168e+01
3.719561568331918266e+01
3.914274623086363647e+01
3.554779126353678009e+01
2.849258449399745530e+01
2.317343167941710647e+01
2.285426096418454023e+01
2.591422281952213780e+01
2.885951867255359815e+01
3.060981212590936096e+01
3.193195806172135676e+01
3.226285606276095308e+01
3.002503077914304086e+01
2.587858121925915711e+01
2.329117300891520514e+01
2.515691876219508671e+01
3.063795932496392993e+01
3.547659752990359294e+01
3.549312594933179810e+01
3.079806941151631250e+01
2.673270216417763834e+01
2.906211443845038289e+01
3.750933436361309958e+01
4.549559679615295948e+01
4.710377222837193756e+01
4.294209097896483485e+01
3.837393686855202191e+01
3.754639472885666152e+01
4.042764274860925156e+01
4.456626799840278608e+01
4.811655486555679317e+01
5.101051041935507158e+01
5.376332025748776289e+01
5.567138214302421773e+01
5.517535923749478144e+01
5.263976054114328207e+01
5.148951767882034147e+01
5.467924553795302955e+01
6.036814111543158390e+01
6.317205205617317887e+01
6.032358232257257669e+01
5.521261362721205046e+01
5.392279779480140434e+01
5.877399353367538737e+01
6.579420924637071266e+01
6.852181089504628630e+01
6.440837369419469383e+01
5.755339495398594352e+01
5.468543733509451954e+01
5.829244297775009187e+01
6.439374210163362022e+01
6.727407671248649024e+01
6.529342112762053318e+01
6.130856253779260356e+01
5.852716578531146041e+01
5.750781262829355001e+01
5.709733656151161796e+01
5.686633360499079970e+01
5.761807621389197465e+01
5.957769926469817534e+01
6.089059696011084100e+01
5.899237049963028312e+01
5.393071803652798479e+01
4.944483497280262441e+01
4.944566804951587358e+01
5.340410438612712341e+01
5.636360732808446272e+01
5.408830847016191257e+01
4.765085062418826567e+01
4.240634399797009735e+01
4.260163020778168175e+01
4.731143564004997870e+01
5.167977148158443157e+01
5.188890112238696162e+01
4.848912870710116607e+01
4.471402837366670724e+01
4.230991742506843423e+01
4.022526369530415025e+01
3.744148282715007525e+01
3.560912152908674244e+01
3.755505877834536221e+01
4.333557589340256300e+01
4.878624205915559031e+01
4.879883043547263100e+01
4.240424216535968327e+01
3.438825764757419989e+01
3.110619942331815935e+01
3.429504497811297625e+01
3.959775487644702707e+01
4.170012337236008904e+01
4.008211205302517754e+01
3.843067427351807197e+01
3.965514360069363420e+01
4.266668935492979386e+01
4.333418743743112600e+01
3.892891376531780168e+01
3.195311605926877974e+01
2.922391675936389177e+01
3.575716399523624034e+01
4.747516597106756109e+01
4.476152470258553961e+01
3.912713806756256218e+01
3.575617658021008793e+01
3.769857376511615854e+01
4.368802736469291403e+01
4.945046399134054127e+01
4.887370339665601904e+01
3.748383094885122802e+01
1.704385541209692079e+01
3.377481409765114684e+00
4.677565118021320134e-01
