4.042114671177112623e-02
4.179394584119466294e-01
2.320716933210988486e+00
3.515698080613768983e+00
3.840081466805973065e+00
3.884788698514163308e+00
4.282705342070304511e+00
5.004120537636150168e+00
5.479527049435607644e+00
5.253720082707855177e+00
4.512309545998831162e+00
3.175257606828243873e+00
2.471039250916810204e+00
3.315684258748861080e+00
4.553670518302773473e+00
5.104398711857742299e+00
4.783359720171952212e+00
4.226925538599201282e+00
4.232388987572215377e+00
4.847309494215299885e+00
5.218361892606129260e+00
4.728093798026144157e+00
3.951845411314212075e+00
3.884317359865955055e+00
4.532542489548253783e+00
5.018387620145541739e+00
4.873034183122516794e+00
4.532701595199853273e+00
4.615538919939383256e+00
5.175687834764315376e+00
5.625546027627719603e+00
5.218945593811879391e+00
3.887027194431807331e+00
2.695137409262485573e+00
2.943539666233206731e+00
4.535624137585280380e+00
5.777491301343616215e+00
5.257981647940153991e+00
3.567532139719717055e+00
2.664455705024846743e+00
3.689707681397164762e+00
5.765806575635688880e+00
6.908387159650373199e+00
5.963234397586862912e+00
3.759891528215311141e+00
2.431447681260787252e+00
3.371669420708844456e+00
5.741893494251441687e+00
7.228463270010182740e+00
6.408693164933739972e+00
4.132084163526184462e+00
2.454788934163259384e+00
2.544457730088697023e+00
3.864076091928495327e+00
5.082046114341375542e+00
5.370039639933807507e+00
4.911920615455033889e+00
4.490927709281397284e+00
4.645105596071796406e+00
5.132063627531156413e+00
5.271042845747320627e+00
4.798853210154480742e+00
4.147693310924071675e+00
3.819977027232152267e+00
3.829727355965628188e+00
3.949991208324631131e+00
4.182929814359256149e+00
4.683320055589724973e+00
5.407180717954772398e+00
6.072818319722771641e+00
6.336062632207994483e+00
5.917675314521135377e+00
4.837022651459925271e+00
3.659064102174905742e+00
3.186699348804603815e+00
3.677220214692804579e+00
4.578170469936143405e+00
5.177005133999076136e+00
5.273486677197649186e+00
5.125452037316017950e+00
5.033746378366459773e+00
5.101846848697048742e+00
5.156028389950416901e+00
4.868111098169120687e+00
4.228378097846247741e+00
3.818024845965394931e+00
4.183759157518683658e+00
4.972355570768941746e+00
5.210963338717649940e+00
4.560806413753475397e+00
3.832353426325556978e+00
4.053055190199440716e+00
5.297466773989579103e+00
6.547347534769228261e+00
6.561865112721363857e+00
5.011433458947498032e+00
2.993765780988050906e+00
2.206310450919892752e+00
3.250740754398868670e+00
4.963942323659198408e+00
5.782530854377068152e+00
5.468695034404826849e+00
5.006334494305185956e+00
5.085331097767995523e+00
5.347818255565353951e+00
5.106322343362650784e+00
4.284300548367350636e+00
3.510666388995742349e+00
3.462094040234531267e+00
4.078493285564212201e+00
4.444931951703280149e+00
3.789476236215608029e+00
2.624383981416629652e+00
2.319573089654412890e+00
3.319339012449789905e+00
4.426747473617655082e+00
4.305057122378681989e+00
3.164761450944013177e+00
2.400611772458978166e+00
2.850950426693762640e+00
3.897702543951597320e+00
4.197173651022868768e+00
3.098211049131945671e+00
1.449544185198546220e+00
9.471828320072430696e-01
2.362014971273472597e+00
4.530905338849979813e+00
5.573651953566549189e+00
4.967321609452511666e+00
3.796247776880171454e+00
3.086562674640595638e+00
2.761195045552838678e+00
2.403606143628195468e+00
2.220041049706444891e+00
2.733538215682397965e+00
3.888212045019188157e+00
4.840728084576274348e+00
4.657345764326072945e+00
3.322758042888240393e+00
2.107028953536253191e+00
2.462570066031532168e+00
4.198667789706389541e+00
5.302189256162689546e+00
4.226952149398625735e+00
1.952146076662953700e+00
9.757713710575132149e-01
2.445141225881373170e+00
5.004558909051452176e+00
6.445589674283973558e+00
5.925157417422529882e+00
4.516651558736229255e+00
3.931754930341752274e+00
4.733996643784443847e+00
5.774737289228789372e+00
5.641410094035570921e+00
4.571529089206802787e+00
4.273190407214007003e+00
5.711802676860362915e+00
7.886592168687429627e+00
9.223121221235601297e+00
9.446075779167140141e+00
9.467051875586784959e+00
9.952491120215134046e+00
1.068489523803290098e+01
1.114874031741545402e+01
1.130435009237264232e+01
1.178609970337302926e+01
1.334130723583441380e+01
1.588036540585738798e+01
1.830126524728162352e+01
1.971721003181130527e+01
2.059481448853956920e+01
2.198001092659156441e+01
2.381226358074425420e+01
2.495825203656102076e+01
2.500736301805702055e+01
2.511853802371279087e+01
2.669606893226323407e+01
2.976982202859106863e+01
3.298644902497448328e+01
3.487915536993638455e+01
3.503524516857673632e+01
3.425881365670105794e+01
3.359382202223787317e+01
3.316751342536321800e+01
3.240722416401957418e+01
3.150568075334026474e+01
3.179918837012293409e+01
3.397938532480610263e+01
3.660165363366715496e+01
3.740945553923688038e+01
3.594247244666971852e+01
3.395052627507882193e+01
3.319443426541668885e+01
3.350586842479432192e+01
3.322403585613542276e+01
3.124523353055971953e+01
2.842892081247786606e+01
2.676643796305372192e+01
2.694475867288912596e+01
2.718744088314390694e+01
2.539066922174246344e+01
2.223788579604272897e+01
2.082577509205097499e+01
2.260068060376413257e+01
2.482019204290693537e+01
2.328103828551058996e+01
1.731732760641993352e+01
1.113554365702983517e+01
9.824921259009718355e+00
1.418121286186404539e+01
1.966560523233543378e+01
2.079371000621779686e+01
1.669923095744813324e+01
1.185273340958578991e+01
1.086005837531337193e+01
1.332072518686585738e+01
1.493662066853661408e+01
1.327026361416660905e+01
1.076431002597416331e+01
1.147753448710661850e+01
1.593279980999871448e+01
2.027566480048951192e+01
2.045484252135459258e+01
1.663700238833143530e+01
1.309740958554671586e+01
1.366289930524696317e+01
1.766679530394606701e+01
2.110067422776926804e+01
2.162470244228367733e+01
2.115007569546385113e+01
2.275249294904234176e+01
2.621681856548506317e+01
2.823076944932822485e+01
2.682861870157655915e+01
2.417643779613145227e+01
2.422447836168663216e+01
2.812713620893343602e+01
3.273237638639410818e+01
3.391736171463426786e+01
3.126192766368830789e+01
2.877437820686801118e+01
3.041405017977505665e+01
3.536110772412798298e+01
3.883313278225269727e+01
3.762966577482279718e+01
3.359022057381997683e+01
3.091849814870821689e+01
3.114440376016727541e+01
3.195716787369870815e+01
3.078058410267512457e+01
2.835366231140506343e+01
2.808005351041297359e+01
3.190008481890446745e+01
3.733140230435188300e+01
3.932795906582196466e+01
3.539452741520899082e+01
2.832682470788768470e+01
2.334214439055051926e+01
2.300101417783193725e+01
2.572363984937495118e+01
2.871367491544527795e+01
3.080581778466747167e+01
3.208061050099562550e+01
3.208472685930114210e+01
2.989660226166502710e+01
2.604592267772106240e+01
2.339267174827411111e+01
2.499037650463428761e+01
3.055542054638589633e+01
3.563453561965382477e+01
3.554639093779411496e+01
3.063927986216254240e+01
2.671031985146910159e+01
2.924085891223433009e+01
3.752724283594317711e+01
4.530941442247174678e+01
4.707980162944912195e+01
4.311530256884443446e+01
3.839155435835701979e+01
3.738405076366455404e+01
4.041536057057935238e+01
4.471438723799434456e+01
4.812463622612271763e+01
5.088835652805702381e+01
5.377751540142244124e+01
5.577909942184293612e+01
5.513350904511322881e+01
5.252781028538625208e+01
5.154339449178228705e+01
5.479481782045665739e+01
6.031063881957849304e+01
6.305581679433014841e+01
6.037985513463789289e+01
5.532855486724947980e+01
5.387794361419092581e+01
5.867129374872650516e+01
6.583018492034722158e+01
6.860140221879549927e+01
6.436934996708376389e+01
5.749355495971491337e+01
5.473260708160545818e+01
5.833595787011461908e+01
6.433254146080648184e+01
6.723777629835488767e+01
6.537034635445270681e+01
6.135352384962873629e+01
5.845059008873592177e+01
5.745543061514055694e+01
5.716163305515831183e+01
5.691486084737934448e+01
5.756297751199018364e+01
5.953268621269939587e+01
6.093155207929161321e+01
5.902693202527919425e+01
5.390563002376129020e+01
4.943693529792888341e+01
4.947686386879923504e+01
5.339531575301538169e+01
5.631520281694890429e+01
5.409166137894383297e+01
4.770133819736302172e+01
4.240656074403452180e+01
4.255211489359875543e+01
4.730863220259596602e+01
5.173208115344765901e+01
5.190825592484865325e+01
4.845376228561472232e+01
4.468823520643162084e+01
4.231789609277822706e+01
4.023235070889726472e+01
3.743945704908490058e+01
3.561698338665475916e+01
3.756220392018732923e+01
4.332485102997480197e+01
4.877970082209589009e+01
4.881740324509370765e+01
4.242013664215685509e+01
3.437011176782559829e+01
3.107519392003550607e+01
3.429206641338147676e+01
3.962351255270683481e+01
4.172032794630032981e+01
4.007397957030224234e+01
3.840917510956387559e+01
3.965206432161844674e+01
4.268654342246372835e+01
4.334808237381871976e+01
3.891593695778355766e+01
3.193141498551176838e+01
2.922278447220472586e+01
3.577151957112110381e+01
4.747713458910831008e+01
4.476923916635515610e+01
3.912641905896725092e+01
3.574105936337152656e+01
3.768951084631751769e+01
4.370516012555710716e+01
4.947553565090476724e+01
4.886881806374071857e+01
3.744680085967888061e+01
1.701674179762972017e+01
3.371577330059889910e+00
4.668013675073793833e-01
