2.231970997065678919e+00
2.511766358065078641e+00
1.722860826324512651e+00
1.535876675508418332e+00
1.850950996902054557e+00
1.792894613018582994e+00
1.667276696686023074e+00
2.241456288960006482e+00
3.128406753757291270e+00
3.433275752274456583e+00
3.322377162553125096e+00
3.579019780360438219e+00
4.064417700483091700e+00
3.927295334270372251e+00
3.162849174037218436e+00
5.193867754875287623e-01
1.399046643354983743e+00
3.152641638565726101e+00
2.529741908449943288e+00
1.058095820150620758e+00
1.546454555481819426e+00
3.036664426773270531e+00
3.103921804877909363e+00
2.382800585842331564e+00
3.040244607201407323e+00
4.613903230070552475e+00
4.865429905212450556e+00
3.704814689039380049e+00
3.111640548836680065e+00
3.553420002745478090e+00
3.342641342919362213e+00
1.071990963311065581e+00
-1.471259082438419741e-02
2.198540545602186480e+00
4.426854890481471294e+00
3.350790450377365559e+00
1.073328906836285235e+00
1.300862346334061392e+00
3.372660144467036769e+00
4.033393636145413907e+00
2.863027823147880291e+00
2.169940834373091487e+00
2.758125160334615966e+00
3.203100389510669999e+00
2.953235538079324041e+00
3.202254388222832926e+00
4.238230688127642587e+00
3.929540108484974148e+00
1.721480902622375631e+00
6.182149964618309790e-01
2.634662582508028539e+00
5.286930472257031610e+00
5.198786846727161404e+00
2.825424343757332757e+00
1.097984878649427731e+00
1.142135829693963878e+00
1.757181966483772895e+00
2.075380624519895800e+00
2.467091972358057994e+00
3.047710181389074791e+00
3.141640805301518569e+00
2.679240463050340804e+00
2.819123138750259550e+00
4.010174318704409657e+00
4.914770206920867857e+00
4.372300729860084445e+00
3.097804277581297505e+00
2.368911503976520727e+00
2.189779463854212072e+00
1.854633238772299242e+00
1.473542415046263709e+00
1.780942968749457123e+00
2.764294923799827330e+00
3.477036429660863792e+00
3.358229912023606989e+00
3.034565517080975106e+00
3.343259896042560353e+00
4.040341020124222915e+00
4.253303797197943936e+00
3.783169086914373480e+00
3.122235839726075657e+00
2.531258084050589829e+00
1.995501370988939094e+00
1.876779653279993409e+00
2.585096430222519004e+00
3.507332521604090037e+00
3.324306482971473020e+00
1.909565277923114923e+00
9.713370196023274339e-01
1.913748526039113607e+00
3.814138418652476492e+00
4.707686819304110593e+00
4.249601473635840954e+00
3.588768721363110981e+00
3.134650493313477337e+00
2.370455496487599234e+00
1.717839474797054233e+00
2.391789558904002799e+00
3.981907384949133988e+00
4.336902823835167453e+00
2.774397358241015077e+00
1.389583592417291458e+00
1.853888439216008432e+00
2.860827338750201676e+00
2.596153055947144850e+00
1.950205396964128424e+00
2.767166119515438005e+00
4.238647753385743400e+00
4.073464072162476413e+00
2.580256114033330217e+00
2.309299591367767412e+00
3.621148159850428705e+00
3.946493340205746936e+00
2.165103828882692927e+00
5.094208980377528118e-01
7.508221308190936583e-01
1.456887152146328468e+00
9.941947979288234816e-01
5.990636911574731549e-01
1.869196232353601772e+00
3.334585630744618001e+00
2.653392381939688516e+00
8.380446299812345234e-01
9.222376808662641201e-01
3.028085483037380676e+00
4.122950242382289687e+00
2.789936357091648667e+00
1.086103712428177825e+00
9.688152945192107790e-01
1.721765587314806556e+00
2.094916281244760814e+00
2.502349228692785310e+00
3.468090730869450411e+00
3.854107111675710406e+00
2.545171958593307249e+00
6.149188035577529687e-01
1.973449292454904080e-02
9.574239569416922446e-01
2.040613550070972781e+00
2.421750802308263673e+00
2.345813782320792296e+00
2.121361616631583846e+00
1.863787713099334997e+00
1.950885748974657830e+00
2.653136213190045556e+00
3.529768808223618493e+00
3.933752660106311083e+00
3.721166211025222825e+00
2.942291601256275424e+00
1.632941298374728234e+00
5.399480987341725990e-01
8.931297843594377950e-01
2.474817813249087894e+00
3.242964974744201534e+00
2.262688993040512297e+00
1.590959941152287893e+00
3.298993768573161400e+00
5.932559450343531715e+00
6.510820215003135125e+00
5.142666178752547168e+00
4.593013122994060282e+00
5.621175083385902660e+00
6.207653630202781159e+00
5.739821054858056826e+00
6.216148318596855127e+00
8.062188232115611086e+00
8.514882928982302701e+00
6.379441763013089961e+00
4.954174464913102760e+00
7.156038345000407475e+00
1.067689106229389928e+01
1.181120532848499316e+01
1.173284863107127762e+01
1.424740978846639905e+01
1.863575547525434573e+01
2.013289433129548556e+01
1.771944244317747774e+01
1.607484597076426525e+01
1.818664131206789492e+01
2.089579384358352598e+01
2.051603926574118830e+01
1.868392686106689382e+01
1.891167175908789844e+01
2.057657517144756198e+01
2.076936525932499578e+01
1.998502386769620642e+01
2.111864156366128498e+01
2.370726292552950198e+01
2.410378408576702469e+01
2.168778366535153168e+01
2.023029327632279006e+01
2.171340828891460717e+01
2.304791057608099081e+01
2.134636204216532818e+01
1.890488285145337954e+01
1.954488155567922902e+01
2.234704270376732893e+01
2.289247256822293508e+01
1.978833994060146040e+01
1.628660204355586316e+01
1.525844526294981485e+01
1.572550278114085565e+01
1.535262912813286640e+01
1.389203764960881315e+01
1.261218287026329499e+01
1.194878465667114220e+01
1.143015595552445518e+01
1.105704619296615299e+01
1.114941335898097563e+01
1.113462661398477138e+01
9.968842397328211646e+00
8.038937685734968142e+00
7.448156758799584054e+00
9.492710553559819076e+00
1.233903713026978899e+01
1.241839831831999774e+01
8.590910201009272384e+00
4.041789298141898357e+00
2.974785891946023053e+00
5.812711329081694522e+00
9.082898928936140592e+00
1.008147356679468665e+01
9.756487298692785970e+00
1.010340858072424197e+01
1.078918143463144652e+01
1.045980753375953753e+01
9.954630218430351007e+00
1.127935229256486593e+01
1.376152672583017278e+01
1.438595183585910675e+01
1.252776348103422777e+01
1.127616889278588097e+01
1.270052755227713526e+01
1.473999417406850299e+01
1.495759224280134525e+01
1.470881370168622304e+01
1.648152757289955872e+01
1.911947159293183418e+01
1.961483270921350908e+01
1.864919175417734465e+01
1.989652867539036052e+01
2.351255157083787140e+01
2.488475295480287031e+01
2.164766185459425785e+01
1.791308620766990956e+01
1.850583557124945955e+01
2.204041224400104326e+01
2.349483204787916435e+01
2.164276219706060189e+01
1.964618676576919398e+01
1.917466920966348454e+01
1.856801925690137622e+01
1.733249260150277493e+01
1.795094765574490481e+01
2.119977450703697386e+01
2.331703642771387308e+01
2.095899637921679926e+01
1.660920633347576469e+01
1.550581848992425194e+01
1.841607033589569653e+01
2.112539456674331007e+01
2.081497955084687490e+01
1.914710185346200433e+01
1.816577260944399086e+01
1.683166506017942154e+01
1.394699184887434562e+01
1.178204250398612452e+01
1.340368534754296626e+01
1.757223825641665726e+01
1.983816082913144996e+01
1.882620448385960898e+01
1.804768556490562759e+01
2.025328995650507835e+01
2.310838781866385006e+01
2.296914496374396464e+01
2.069722980353312991e+01
2.030593595478215718e+01
2.282399194650783159e+01
2.524543675691691647e+01
2.579152067508081458e+01
2.646633875299132299e+01
2.881467405556016814e+01
3.049726373995597939e+01
2.903612684586414971e+01
2.665365064926427863e+01
2.759436977537654911e+01
3.170016506263136336e+01
3.469039168769961634e+01
3.473087719162274567e+01
3.447827387360504758e+01
3.568157056142236172e+01
3.617752792224148095e+01
3.462611583599507981e+01
3.429973241407179074e+01
3.834175670743142916e+01
4.360599202362450200e+01
4.386487154707771197e+01
3.853117102428465302e+01
3.359737071958401344e+01
3.334077556699030964e+01
3.555244434241631524e+01
3.661247524088076943e+01
3.698283604410394787e+01
3.865518445524926960e+01
4.052224496578270418e+01
4.023169135799032858e+01
3.868749439588477657e+01
3.872634684625958812e+01
4.028515881240409868e+01
4.022887965959642997e+01
3.757644337759229103e+01
3.545002610235115270e+01
3.612291449688576961e+01
3.720395633014226888e+01
3.538528101122993519e+01
3.166617132844683624e+01
2.965447160493508960e+01
3.011157342381130420e+01
3.064815529395105997e+01
3.034117880411866963e+01
3.112128789287354280e+01
3.391610759521034879e+01
3.644386904413617856e+01
3.517987510552226382e+01
3.055966348333967986e+01
2.693496965394245635e+01
2.693934313449017992e+01
2.863738436481537164e+01
2.895366659773370088e+01
2.742114546853250090e+01
2.538437363522621482e+01
2.361890506584418503e+01
2.237986899409118635e+01
2.237655105940393341e+01
2.394792586119944744e+01
2.609740641152300356e+01
2.787356317289467356e+01
2.658957077559273685e+01
2.482856335944037696e+01
2.531571445872870996e+01
2.642120542567883135e+01
2.545509446261743136e+01
2.356927419450362748e+01
2.390668222900101725e+01
2.609806124803441918e+01
2.604087513317658420e+01
2.155993338150431882e+01
1.595564520789449148e+01
1.495733971495606518e+01
2.127305508535240364e+01
3.240861639870519184e+01
2.771338053694525527e+01
2.547731255918661475e+01
2.533567611901345273e+01
2.546443974374340868e+01
2.539884051009961752e+01
2.561372383582296308e+01
2.562283279474783981e+01
2.451911325144189036e+01
2.313504240478730622e+01
2.373835342005594029e+01
2.680512350228444163e+01
2.910738286832556554e+01
2.597390249900734815e+01
1.541690978607503482e+01
