7.385331326598076895e-02
7.384508426526306124e-01
3.951567760825530407e+00
4.687721488204436682e+00
3.246199337590981671e+00
2.617550055872861048e+00
4.181423234836231906e+00
5.846639261872066839e+00
5.750499955807494956e+00
4.870292470049746747e+00
4.586335193141902522e+00
3.064298443687097695e+00
1.786226725452932484e+00
3.516354575583836350e+00
5.717143374578374626e+00
5.302672553732661775e+00
3.505667268589312435e+00
3.661046419249481154e+00
5.460060449583275854e+00
5.789543844240523818e+00
4.313322213174247466e+00
3.494674959435167594e+00
4.042199172082199254e+00
4.647905764738404777e+00
4.911065044557529902e+00
5.148709572262706757e+00
4.870501703115743375e+00
4.098272871621439606e+00
4.281619227635015790e+00
5.654145884648931641e+00
6.083488942975214364e+00
4.513831975666135143e+00
2.876069546072735683e+00
2.978358584801560127e+00
4.182071226778885098e+00
5.169188649990751117e+00
5.406335495761076970e+00
4.583726674734492690e+00
3.125123495850685718e+00
2.758637795208675136e+00
4.246536453595440186e+00
5.856397725833661028e+00
6.063883588817610359e+00
5.526278062577450356e+00
4.834100499085365321e+00
3.600749402763664619e+00
2.947013480901650606e+00
4.649774573523958843e+00
7.038653183580621864e+00
6.633260823446049947e+00
4.014649621804569080e+00
2.720161047909697594e+00
3.148202193336600452e+00
3.398105786736581369e+00
4.120358186837964176e+00
6.153158124677736041e+00
6.575890013913278764e+00
3.858079903830980317e+00
2.417515351431588133e+00
5.137457081799365888e+00
7.307076829544890906e+00
5.079800335572199010e+00
2.623593037860497912e+00
3.746233852782937745e+00
4.932578071706116951e+00
3.544647260736915495e+00
3.363688811955126035e+00
5.822993774671513911e+00
6.323476915533291276e+00
4.276680122829665365e+00
5.007880570354414473e+00
8.013492050889226448e+00
6.566119719222488271e+00
1.520148618792344752e+00
1.093868827962953816e+00
5.460957428161182570e+00
6.658913017690506031e+00
3.980122217046132338e+00
3.958148382325886505e+00
6.324149358604592486e+00
5.525837883371139014e+00
3.370602907804599813e+00
4.981219385847515113e+00
6.925614682782691212e+00
4.056702690677967738e+00
1.337498981560017342e+00
4.589937793687300704e+00
8.135886749978119781e+00
5.369602114671396365e+00
1.529922880313015821e+00
3.163642374992221118e+00
6.133057266498619597e+00
5.486864948635293615e+00
4.957940783572754917e+00
6.972096668386098983e+00
6.439369695917258163e+00
2.282521049758006182e+00
1.275359053119617725e+00
4.760285847293197037e+00
5.900574371157451203e+00
3.507329504785080765e+00
3.781442751836179283e+00
6.936458425876834255e+00
6.930635028691564337e+00
4.095380261067436578e+00
3.876618283521233721e+00
5.382066012191172533e+00
4.266010702463997717e+00
2.580486095817927428e+00
3.917054781029723376e+00
5.079936422206323243e+00
2.939683682754057337e+00
1.531379687952024504e+00
3.686639963620488292e+00
5.072389671778528175e+00
3.314289352575110481e+00
2.506099300541380970e+00
3.977717838037872156e+00
3.853433971714028683e+00
2.207575135246263809e+00
2.986674367891760884e+00
4.748624554244231355e+00
3.181627209929290157e+00
5.951456517769206922e-01
1.590131870213584042e+00
3.821734962390737067e+00
3.560781489054072324e+00
3.565344836307465126e+00
5.937687363339740898e+00
6.150782777549151703e+00
2.455035673583216838e+00
6.091979563252531982e-01
2.749752560050192862e+00
3.597235986739766744e+00
2.058071471623909687e+00
3.142005320344990693e+00
6.099552820766434458e+00
5.053036811874878076e+00
1.596401179716319341e+00
2.137921955988894673e+00
4.932501653329001812e+00
4.185226752622924096e+00
2.221893300573507979e+00
3.615402228031426191e+00
4.620005235135631771e+00
1.660846986690315275e+00
5.324916636739884801e-01
5.011599541131595892e+00
8.141663134090375564e+00
5.422446152455850488e+00
3.130002303444721079e+00
4.996814966270641811e+00
5.667376710939827866e+00
3.601139983726708405e+00
4.324347515334754810e+00
7.275563946145704897e+00
6.249607359164595088e+00
3.509530910029437401e+00
6.184498524824737054e+00
1.108848796104271273e+01
1.048690540657203485e+01
7.587418000687292441e+00
9.378755484328577197e+00
1.226780145449814263e+01
1.078175120115385432e+01
9.719280931680657432e+00
1.332212236440744135e+01
1.568758471523662834e+01
1.399865449646496529e+01
1.542749920364734173e+01
2.141504448312231901e+01
2.329984199407033074e+01
2.026520941835469714e+01
2.147103296654008275e+01
2.671426902700556383e+01
2.672987597668652882e+01
2.323944762624417137e+01
2.595163837450596844e+01
3.228579935869992568e+01
3.296429524988148074e+01
3.147276940718546356e+01
3.536201858960024680e+01
3.836250688133152664e+01
3.324174314738922931e+01
2.870437344123079981e+01
3.261637773553917441e+01
3.576791329921224616e+01
3.148594441077378292e+01
3.029802432576554594e+01
3.755636414842518178e+01
4.067651215799264008e+01
3.419385019639966572e+01
3.099224146206033836e+01
3.582022075535218164e+01
3.623152426043722585e+01
2.948584509315656987e+01
2.815160573823107271e+01
3.276476723581181716e+01
3.041849199654466318e+01
2.289657367646581321e+01
2.377714466786421355e+01
2.923689526885711487e+01
2.499893217423574754e+01
1.684198497406307027e+01
2.031143096869478981e+01
2.864510191689341312e+01
2.463769371964388810e+01
1.336886109300491299e+01
1.098651509791533698e+01
1.475905281201948860e+01
1.407545673987974588e+01
1.404768950828013985e+01
2.055530151263552696e+01
2.209534416741867702e+01
1.196569099842766981e+01
5.683828560397680363e+00
1.334575270292780580e+01
1.983349824407286022e+01
1.334932084958924037e+01
6.835291664098963160e+00
1.201606058715539582e+01
1.908067424968390924e+01
1.857216002756266704e+01
1.716827105848826207e+01
1.890195224388927642e+01
1.663475849919140970e+01
1.133674983437691708e+01
1.414729724376130626e+01
2.344936429418507018e+01
2.524201738771730419e+01
1.920536473789870158e+01
1.930617961964661333e+01
2.745177571266536987e+01
3.084725640818567882e+01
2.587094630541195528e+01
2.249982140797867913e+01
2.536001759492953056e+01
2.916825777041526280e+01
3.127233109943359679e+01
3.318415387390182048e+01
3.308464129135609255e+01
2.966517862902919944e+01
2.854887193928530564e+01
3.407429570377409789e+01
4.026440218195838128e+01
3.915383359176794897e+01
3.278445837566000876e+01
2.927377295601774776e+01
3.111538742291445558e+01
3.341212647400246993e+01
3.167579377064910773e+01
2.764295985031813885e+01
2.702233074184867334e+01
3.205938642217531509e+01
3.801573042618622367e+01
3.898665657660491490e+01
3.478201975186401285e+01
2.895796296275545245e+01
2.395172508970967939e+01
2.201146357300082101e+01
2.528011257683472479e+01
3.066890220170809300e+01
3.179010965033906899e+01
2.936287647448358129e+01
2.997927646236623644e+01
3.236875969980930989e+01
2.858189352376370707e+01
2.123867553833798283e+01
2.257272530133381849e+01
3.282587014981289997e+01
3.812361795447456103e+01
3.343462798033834815e+01
2.851161810139519659e+01
2.879393919636535060e+01
3.044937188833852559e+01
3.449969929494189103e+01
4.435320068229957258e+01
5.116911569198973098e+01
4.455174702614201721e+01
3.396128736851223806e+01
3.569856182538705980e+01
4.503859705681763614e+01
4.656111232813670142e+01
4.337510935378178090e+01
4.872116346177615043e+01
5.806841273513013135e+01
5.769451674578966305e+01
5.133926949122081140e+01
5.151163020471527432e+01
5.549187227543927747e+01
5.504084194871093416e+01
5.587598323730718874e+01
6.326923693381967695e+01
6.534995398812945666e+01
5.489156948299972072e+01
4.834426112738118775e+01
5.892663806066482124e+01
7.158432866159429864e+01
6.868086672409334881e+01
5.886371696734426706e+01
5.729357685672518841e+01
5.975881229674094897e+01
5.840473577429658292e+01
5.995654406944226622e+01
6.776530246356421117e+01
6.930531436463103034e+01
5.985440711738457509e+01
5.427184908787465645e+01
5.953510423246864036e+01
6.178537878709827424e+01
5.474469094786835655e+01
5.277439004705439629e+01
6.179337092887509897e+01
6.597061106265117303e+01
5.701318736305452006e+01
4.880974982937286910e+01
5.077992931866339177e+01
5.373311316822541528e+01
5.207250737379768424e+01
5.303923974096738903e+01
5.615793431539542979e+01
5.074145784422304217e+01
3.987157229114108503e+01
3.964392047770498806e+01
5.017748652900518636e+01
5.442113511560214079e+01
4.838740620298153061e+01
4.530240225752909566e+01
4.824890269567513457e+01
4.603258894313808725e+01
3.751436599498367741e+01
3.413577697958012891e+01
3.782641228398315292e+01
4.009590445457337182e+01
4.108912926450901182e+01
4.671429053346462013e+01
5.094572274464155726e+01
4.379751130328313735e+01
3.205952450112760488e+01
3.038926885730236194e+01
3.735248133163264583e+01
4.044073218509245038e+01
3.828441009715911036e+01
3.874079668434297474e+01
4.149226990452269348e+01
4.114985009080356804e+01
4.012487043922001817e+01
4.186742946618542049e+01
4.086941312284405114e+01
3.320844873897230087e+01
2.794518902064901056e+01
3.511976718017481147e+01
4.858750563714522031e+01
4.448431445832786579e+01
3.809382569052375089e+01
3.627792477346650912e+01
3.899484242625255348e+01
4.327507064305640228e+01
4.784922697114843260e+01
4.867482554143513340e+01
3.898275352420730400e+01
1.818446080865800596e+01
3.629011405258604661e+00
5.082923476914086303e-01
