8.023710121543738139e-02
7.924858808418870915e-01
4.194480972274884145e+00
4.570298927085369556e+00
2.952946559472189758e+00
2.819636997040077198e+00
4.631334406617196642e+00
5.759969633774122855e+00
5.420803554145654068e+00
5.090114878089145201e+00
4.896043123694723498e+00
2.501615712200585762e+00
1.275106811748668800e+00
4.188430203346181990e+00
6.244325490589346828e+00
4.573571977238015229e+00
3.116566792053819146e+00
4.643660065959402949e+00
5.892634002890636324e+00
4.668726536500197533e+00
3.818182974936146223e+00
4.568388327183940945e+00
4.365571321774608826e+00
3.506696842854754248e+00
4.778643162708109848e+00
6.441738243420319421e+00
4.928755031615442483e+00
2.762143188198379562e+00
4.336108125592609497e+00
7.000083647873846182e+00
5.873039754726669948e+00
3.121812806011126540e+00
3.186126803444909061e+00
4.379239467336365266e+00
3.816721891485558071e+00
3.831034434734226668e+00
5.816963350425109702e+00
5.777521917463860568e+00
2.616386658614365590e+00
1.724523859371726475e+00
4.914147004023154963e+00
6.827515788004946629e+00
5.336272767758236668e+00
4.636639142643894651e+00
5.535380431687519476e+00
4.288788283854146677e+00
2.164425351242840190e+00
4.059914570744987294e+00
7.857323489529557392e+00
7.237432812386205505e+00
3.403345572229278027e+00
2.313960908731008459e+00
3.616774579264931511e+00
3.520440559759185906e+00
3.591128858059214668e+00
6.059554243248430616e+00
6.988894742746559530e+00
3.919550052421051589e+00
2.260986179679533858e+00
5.321689702518169973e+00
7.455844948532817540e+00
4.844870310644999734e+00
2.475717010332923795e+00
3.792081402859615924e+00
4.762340166762341731e+00
3.465495942509197569e+00
3.788177485614768969e+00
6.038109669394366996e+00
5.887366613622884159e+00
4.194738519535494703e+00
5.614422051414658554e+00
7.972230187411110336e+00
5.677656447793509642e+00
1.463241828548464296e+00
1.996120637615867999e+00
5.464963372741173941e+00
5.814661411353675646e+00
4.240515993801778016e+00
4.946755990869809771e+00
5.929061254161918981e+00
4.432078368259560364e+00
3.825799749308166131e+00
6.029381958398049690e+00
6.279564549252850902e+00
2.985705609437422137e+00
2.154059016607274391e+00
5.732799558885266933e+00
7.279606703983333205e+00
4.271584020383949465e+00
2.422536425209024014e+00
4.134570010469369450e+00
5.157175406631480108e+00
4.651498889629561262e+00
6.034516057972981073e+00
7.690780756974369581e+00
5.279219342105315071e+00
1.653558742429297235e+00
2.448234755445879429e+00
5.251128690516335240e+00
4.712127214355425586e+00
3.164227065218514934e+00
5.030137676134744495e+00
7.262710130126762920e+00
5.771952970309487618e+00
3.810729913580191752e+00
4.812909798127341432e+00
5.434402060716860383e+00
3.390831749751213930e+00
2.676180296922145541e+00
4.779519961753639024e+00
5.020892598180322075e+00
2.309696288698743771e+00
1.706062143373482387e+00
4.141885772118015119e+00
4.717198347901303990e+00
2.806559304124407017e+00
2.734083708184452899e+00
4.349759520136446511e+00
3.795767670011528150e+00
2.181399557018054214e+00
3.139233766495631794e+00
4.664396052637809653e+00
3.041782345911153040e+00
7.025450266558969092e-01
1.489833296642133931e+00
3.439954324669169505e+00
3.699099562674108554e+00
4.134604401907675530e+00
5.876550866034785159e+00
5.688313973477081120e+00
2.725778333812878707e+00
1.078561943496034070e+00
2.209366259201368088e+00
2.959688407495954632e+00
2.655507898418120849e+00
3.759599437905028374e+00
5.379542369935937707e+00
4.526780400349850630e+00
2.581330267949775603e+00
2.740964732319790986e+00
3.835095878878234998e+00
3.544648804936131103e+00
3.309032782134690986e+00
4.117963704693997862e+00
3.454697777256892088e+00
1.298886534321009423e+00
1.803209768768569088e+00
5.274948499209529018e+00
6.824076435732687962e+00
5.287231297357629423e+00
4.479409731899469449e+00
4.990564059712639278e+00
4.288293107723148090e+00
3.739004537144298812e+00
5.737328702552058068e+00
7.065688754612160949e+00
4.851854201875474892e+00
3.727207523724432203e+00
7.422668566947496771e+00
1.076747097877589887e+01
9.413631602805292431e+00
8.088037491863165229e+00
1.041760186513639397e+01
1.174072879369457212e+01
9.862948607412766577e+00
1.023511005804895646e+01
1.399754605802269403e+01
1.501614031397518900e+01
1.337576014176299211e+01
1.613292490771184617e+01
2.206311084841368952e+01
2.282075331303941468e+01
1.986172190167684803e+01
2.186677246643316508e+01
2.686707845951512397e+01
2.626920975491114518e+01
2.307965606811911030e+01
2.622726221080966269e+01
3.233659196183405982e+01
3.291944981421641359e+01
3.171054805722674530e+01
3.545821672617633169e+01
3.811164468976729580e+01
3.318235131575744390e+01
2.880555498020871497e+01
3.235694021298028389e+01
3.557403685131312443e+01
3.192419183891963641e+01
3.057832399101926057e+01
3.709100601659176988e+01
4.055437456074034941e+01
3.489441113909062153e+01
3.105508158137314823e+01
3.485912975551600823e+01
3.606334670112849494e+01
3.045454713169978689e+01
2.824534481374419315e+01
3.179596916703909670e+01
3.053021872841963003e+01
2.400012334056033225e+01
2.356668161277710283e+01
2.807400831292758525e+01
2.530750596030951272e+01
1.798251149996530884e+01
1.981149921641183198e+01
2.746636299176688922e+01
2.529565857287400377e+01
1.460130079405803905e+01
1.024948097088753762e+01
1.353499291474317090e+01
1.485335008821740210e+01
1.518292163741918088e+01
1.972866635650735745e+01
2.111412101889685644e+01
1.290560763205032657e+01
6.555326224876438346e+00
1.231883500165328016e+01
1.903834487783605667e+01
1.435817034020443117e+01
7.442190283725675926e+00
1.095609547167595998e+01
1.863864720448870926e+01
1.974535518252354294e+01
1.763483517535571110e+01
1.783965800603345286e+01
1.622911142586036348e+01
1.218481199509223956e+01
1.429373400043733078e+01
2.260963402289854329e+01
2.519183555980750810e+01
1.999524983536284495e+01
1.938936769361811940e+01
2.694694502405236847e+01
3.096336209755976654e+01
2.625101436125677168e+01
2.219990467842020010e+01
2.490882340679716123e+01
2.931983001678797152e+01
3.153666032753333681e+01
3.313127315002243733e+01
3.313061791533963429e+01
2.983775919175312907e+01
2.845057648896360192e+01
3.398094813803647440e+01
4.044385289511734527e+01
3.902159775580238943e+01
3.228692439805967496e+01
2.938418601091613525e+01
3.176463827222139713e+01
3.335208204488269246e+01
3.110183010876307463e+01
2.791464396908401469e+01
2.766434707028181705e+01
3.159410523625275857e+01
3.724153958593777958e+01
3.950264362976194121e+01
3.550761935370569233e+01
2.827600062444190243e+01
2.327510188097722477e+01
2.294004780574702096e+01
2.603389280624599067e+01
2.962887890534652868e+01
3.101416465588074445e+01
3.044073675812082413e+01
3.066822385814138130e+01
3.122131863840736443e+01
2.800434821226879478e+01
2.246133427471268362e+01
2.303243276671492268e+01
3.153898047893662238e+01
3.777705050895148986e+01
3.474503805490683561e+01
2.871689719931549334e+01
2.747533401148339038e+01
3.042464846332467943e+01
3.589677697197763706e+01
4.430807055850755205e+01
4.975729879985355097e+01
4.457786739142128596e+01
3.519235273511183237e+01
3.553777058750718254e+01
4.394314864989201652e+01
4.689933003165463532e+01
4.446378814633706611e+01
4.840580398284688357e+01
5.716040355213475266e+01
5.803629525880102591e+01
5.198195477339384496e+01
5.095141753681917152e+01
5.485241221579477866e+01
5.561096509697897972e+01
5.651672450849117979e+01
6.291321237706208080e+01
6.499121335496282370e+01
5.524062325940408158e+01
4.851464145198252709e+01
5.853392556301984229e+01
7.138940596168040997e+01
6.883102108830973975e+01
5.887085924195033471e+01
5.732680881054525912e+01
6.004797531196929583e+01
5.845073363211604089e+01
5.968003753543800372e+01
6.780470171387013067e+01
6.950185623055048723e+01
5.952747337518326987e+01
5.394271299581241408e+01
5.997009654004137502e+01
6.214604196749597520e+01
5.425137488466204161e+01
5.256826449770349541e+01
6.255444296192101206e+01
6.616521721242443732e+01
5.602375828621117648e+01
4.853186520068225462e+01
5.180121539013352816e+01
5.393475940265055613e+01
5.099889672484400194e+01
5.297809836305657427e+01
5.734180222489938927e+01
5.071780317785434988e+01
3.864838326732697737e+01
3.978435540356260702e+01
5.140203699613907418e+01
5.411192564125324367e+01
4.714120333463404222e+01
4.578011411034768940e+01
4.953782767977536849e+01
4.543199085223508149e+01
3.618622616422707239e+01
3.476426403359732120e+01
3.908003079506891453e+01
3.943074559664291456e+01
4.000045426363718093e+01
4.752009294714294896e+01
5.196264495346045464e+01
4.293018414468173205e+01
3.111909430070847549e+01
3.120757675177176793e+01
3.804328983487696547e+01
3.951634391540483193e+01
3.775493244692636807e+01
3.980502585339179689e+01
4.207435647395860912e+01
4.022893245012054564e+01
3.964561759157201948e+01
4.262284174916869262e+01
4.108920606475885506e+01
3.239755916193873020e+01
2.776368388071039206e+01
3.583939669665694083e+01
4.872020911849367053e+01
4.416417940395060526e+01
3.814362729140756869e+01
3.656566476524218245e+01
3.881787028385267035e+01
4.287554057547544062e+01
4.788519193622007464e+01
4.892981670433022146e+01
3.892251824829216389e+01
1.802175734872962920e+01
3.590520719872194455e+00
5.007158006562718588e-01
