3.458762375105026675e-03
3.863658717418713695e-02
2.322655814858761991e-01
5.114455642750511677e-01
8.582886523721792171e-01
1.265719099473192166e+00
1.735947112009434079e+00
2.265806328077959897e+00
2.850700318561416147e+00
3.485639470527100769e+00
4.151708209068710964e+00
4.746366732484412765e+00
5.240352201076104777e+00
5.683046882754071660e+00
6.080171482795309501e+00
6.428299789627065053e+00
6.722248494687486087e+00
6.958372481826534894e+00
7.134626218119677787e+00
7.250551129498141734e+00
7.307082387805873935e+00
7.306064753669662792e+00
7.249805168516719078e+00
7.141035438091581256e+00
6.983053234202210469e+00
6.779768620986063254e+00
6.535661294477595362e+00
6.255700614740040244e+00
5.945259353755732334e+00
5.610030049741464353e+00
5.255944916545313816e+00
4.889097204624869519e+00
4.515661253093653293e+00
4.141810183671801759e+00
3.773632453693504196e+00
3.417049346994739611e+00
3.077735150293290367e+00
2.761041237442260599e+00
2.471924988414119895e+00
2.214884374556445046e+00
1.993899019054389932e+00
1.812378511420379645e+00
1.673118686402885302e+00
1.578266471765696011e+00
1.529293782124327095e+00
1.526980803030898670e+00
1.571408877603811760e+00
1.661963077409912337e+00
1.797344408747539646e+00
1.975591474971718497e+00
2.194111286497746782e+00
2.449718784721588882e+00
2.738684526444425060e+00
3.056789863317488365e+00
3.399388847887763632e+00
3.761476005368176612e+00
4.137759029477791728e+00
4.522735392686003664e+00
4.910771806886828017e+00
5.296185430707222253e+00
5.673325694865539504e+00
6.036655607627809950e+00
6.380831408586189468e+00
6.700779460666533183e+00
6.991769307170627279e+00
7.249481872311086761e+00
7.470071849419902321e+00
7.650223399939386937e+00
7.787198377389707993e+00
7.878876392533882722e+00
7.923786147566035609e+00
7.921127586831365974e+00
7.870784537740506792e+00
7.773327646461980933e+00
7.630007546897926041e+00
7.442738336555058787e+00
7.214071567380353045e+00
6.947161091610730033e+00
6.645719230386060161e+00
6.313964854546856742e+00
5.956564081013807410e+00
5.578564392850569043e+00
5.185323085097017781e+00
4.782431020415637946e+00
4.375632747367244946e+00
3.970744088750079559e+00
3.573568347102650478e+00
3.189812298606480745e+00
2.825003154835817210e+00
2.484407663928298149e+00
2.172954498835288462e+00
1.895161040617088233e+00
1.655065609754882594e+00
1.456166128839122109e+00
1.301366116647322713e+00
1.192928817613212900e+00
1.132440163256810628e+00
1.120781144694580789e+00
1.158110049420153942e+00
1.243854882802233774e+00
1.376716156942788594e+00
1.554680088510714597e+00
1.775042104794893660e+00
2.034440415415768477e+00
2.328899267802475137e+00
2.653881369567256954e+00
3.004348832122108792e+00
3.374831869038778187e+00
3.759504371413767920e+00
4.152265382398414140e+00
4.546825405485611427e+00
4.936796407343811310e+00
5.315784317010066928e+00
5.677482779958715753e+00
6.015766898612138647e+00
6.324785680695192980e+00
6.599051923680512743e+00
6.833528287426120507e+00
7.023708347743494507e+00
7.165691480601827479e+00
7.256250499306860391e+00
7.292891054412904417e+00
7.273901907254987087e+00
7.198395301566858251e+00
7.066336782242451875e+00
6.878563944327029667e+00
6.636793737067825383e+00
6.343618095496649900e+00
6.002487823645096476e+00
5.617684807141237968e+00
5.194282786598333423e+00
4.738097074871297387e+00
4.255623748928622163e+00
3.753968988815620023e+00
3.240769370088397494e+00
2.724104040388499737e+00
2.212399823838357094e+00
1.714330397137211248e+00
1.238710767259645573e+00
7.943883513147662612e-01
3.901320134206985868e-01
3.452045060088393402e-02
-2.641686608471660591e-01
-4.980673456626831808e-01
-6.598224405150423522e-01
-7.426957741534554458e-01
-7.406581079093856879e-01
-6.484755971304148048e-01
-4.617876198451109637e-01
-1.771749198903966871e-01
2.077828733595232791e-01
6.944611590517739685e-01
1.283156384641597647e+00
1.973064695648713673e+00
2.762273584532327853e+00
3.647766747303069046e+00
4.625442192552798204e+00
5.690143482322717716e+00
6.835703819751001831e+00
8.055002536844549255e+00
9.340033379078144904e+00
1.068198383384631178e+01
1.207132460901374493e+01
1.349790823774179316e+01
1.495107566810346889e+01
1.641976959226695598e+01
1.789265318158530960e+01
1.935823282194271400e+01
2.080498338913182010e+01
2.222147456760646023e+01
2.359649669817747508e+01
2.491918464135961386e+01
2.617913816316490738e+01
2.736653738895386212e+01
2.847225192804470240e+01
2.948794234645509604e+01
3.040615275649214411e+01
3.122039339878672237e+01
3.192521221345921134e+01
3.251625453088969664e+01
3.299031015737400452e+01
3.334534728495674472e+01
3.358053281600545148e+01
3.369623885959656917e+01
3.369403532641885590e+01
3.357666871952595500e+01
3.334802738772586395e+01
3.301309367454304322e+01
3.257788355642265543e+01
3.204937451713819740e+01
3.143542254926884638e+01
3.074466930631657746e+01
2.998644054885608767e+01
2.917063713353890009e+01
2.830761988348330505e+01
2.740808975143673720e+01
2.648296474219440100e+01
2.554325509740236200e+01
2.459993826362168434e+01
2.366383516316954427e+01
2.274548926682234651e+01
2.185504992824261450e+01
2.100216138249518494e+01
2.019585873600326664e+01
1.944447218373520059e+01
1.875554058249787204e+01
1.813573538832158150e+01
1.759079583261798518e+01
1.712547606779095233e+01
1.674350486013359429e+01
1.644755824811772627e+01
1.623924541962174217e+01
1.611910789435875557e+01
1.608663192990064061e+01
1.614027390338634405e+01
1.627749825838127862e+01
1.649482744948459967e+01
1.678790316816004946e+01
1.715155799378291235e+01
1.757989648581299846e+01
1.806638461793797390e+01
1.860394635442264288e+01
1.918506608400242541e+01
1.980189555852573235e+01
2.044636393300580224e+01
2.111028947139354273e+01
2.178549146859414520e+01
2.246390094414652339e+01
2.313766868644942676e+01
2.379926926809626764e+01
2.444159971217891325e+01
2.505807156552218018e+01
2.564269522668112344e+01
2.619015548293424445e+01
2.669587733001932861e+01
2.715608127938955008e+01
2.756782749858782466e+01
2.792904827908305521e+01
2.823856848062818869e+01
2.849611375985746875e+01
2.870230655136063547e+01
2.885864992975992038e+01
2.896749963928238358e+01
2.903202473091387148e+01
2.905615739445011414e+01
2.904453271171982109e+01
2.900241918615818548e+01
2.893564102109623093e+01
2.885049322310917219e+01
2.875365069620958280e+01
2.865207256645506462e+01
2.855290303373990213e+01
2.846337008746075270e+01
2.839068344491011331e+01
2.834193307542309981e+01
2.832398965948094727e+01
2.834340830039125692e+01
2.840633675729032959e+01
2.851842940274076454e+01
2.868476802703671069e+01
2.890979051559728319e+01
2.919722831682913977e+01
2.955005349704985207e+01
2.997043604811161543e+01
3.045971197401251374e+01
3.101836253689309331e+01
3.164600489234391034e+01
3.234139419089246559e+01
3.310243706894259930e+01
3.392621630033355729e+01
3.480902623109386695e+01
3.574641847684684137e+01
3.673325722657131820e+01
3.776378336981898087e+01
3.883168654870581804e+01
3.993018413254225152e+01
4.105210602319894519e+01
4.218998412439079004e+01
4.333614524896609765e+01
4.448280619577227668e+01
4.562216970226560875e+01
4.674651997105295465e+01
4.784831647806952049e+01
4.892028479695582632e+01
4.995550321801017901e+01
5.094748400024973023e+01
5.189024817078460217e+01
5.277839287586284911e+01
5.360715039135451576e+01
5.437243801570993895e+01
5.507089819399491404e+01
5.569992835578332802e+01
5.625770009066890509e+01
5.674316743104943583e+01
5.715606416068479234e+01
5.749689021733187388e+01
5.776688740651790965e+01
5.796800478923036337e+01
5.810285424702953350e+01
5.817465686195060925e+01
5.818718087376046810e+01
5.814467209200274311e+01
5.805177774326478612e+01
5.791346482385831962e+01
5.773493410342083365e+01
5.752153098481173998e+01
5.727865446929835969e+01
5.701166550281539713e+01
5.672579598867748274e+01
5.642605974439476313e+01
5.611716665527516312e+01
5.580344123562705505e+01
5.548874675016427460e+01
5.517641597447141066e+01
5.486918958511947864e+01
5.456916306839490005e+01
5.427774292285073443e+01
5.399561280628235238e+01
5.372271014375280629e+01
5.345821357193406698e+01
5.320054144908910843e+01
5.294736151290159398e+01
5.269561162290158762e+01
5.244153138030589645e+01
5.218070427018818691e+01
5.190810981031506088e+01
5.161818501845939267e+01
5.130489435424496492e+01
5.096180720761331173e+01
5.058218203550799075e+01
5.015905636865901585e+01
4.968534198532265123e+01
4.915392424878049127e+01
4.855776343416534502e+01
4.788999392068775052e+01
4.714401664232223510e+01
4.631358524483381700e+01
4.539289498835257319e+01
4.437668644701660980e+01
4.326037131935296287e+01
4.204017675172074320e+01
4.071327040663287988e+01
3.927772496253138002e+01
3.773209440795915270e+01
3.607471164779494899e+01
3.430433586335826135e+01
3.242208208701094918e+01
3.043262920446030861e+01
2.834463831239096621e+01
2.617076099674313383e+01
2.392752561515304066e+01
2.162493750024616190e+01
1.920827703002714415e+01
1.637359407459180005e+01
1.359040292145414419e+01
1.099496131286442413e+01
8.640146545014765422e+00
6.527083359003554186e+00
4.668058939973150245e+00
3.067778372086549687e+00
1.721090846302468336e+00
6.557677975636668766e-01
1.231643378431671043e-01
1.579644896326846959e-02
