9.303592474715163818e-02
9.315920331138005661e-01
5.002403918392423599e+00
6.078853068952858152e+00
4.641260170327906387e+00
3.183528944940822392e+00
2.987548843715696734e+00
3.826976797139204578e+00
5.009661713911182090e+00
5.423197950267442558e+00
4.710040691986395522e+00
2.654572304459730692e+00
2.738226394429084554e+00
5.297776269329546928e+00
5.645668242468010689e+00
4.110874343914440843e+00
3.681778292510292427e+00
3.909708958276538304e+00
3.679329175467628499e+00
4.593808926622546807e+00
6.393470392176054951e+00
5.489291523645117188e+00
2.469227653346417473e+00
2.859902881712507838e+00
6.571321376129041880e+00
6.970977355606910564e+00
3.314549958679631647e+00
2.360690202576002594e+00
5.605313649990184999e+00
7.000181912799515516e+00
4.736432127961035299e+00
3.410842577855096813e+00
4.025398356118950360e+00
3.365816559390126361e+00
2.596702554726763257e+00
5.172966076516572365e+00
7.982918564324023691e+00
5.657438197027925497e+00
1.166007343255572204e+00
1.365392840341550507e+00
5.095679666910919892e+00
6.137935145317286789e+00
4.533537784028327522e+00
4.767066192580631245e+00
6.228210592481453922e+00
5.303254958185595669e+00
3.563564806826773346e+00
4.701003943922766659e+00
6.680713267748787487e+00
5.378608716266821688e+00
2.507756584627108154e+00
2.215408922882296405e+00
3.679300370604993375e+00
4.150620312020997460e+00
4.836634669262809716e+00
7.022618989639738629e+00
7.457770084007262490e+00
4.181274103117795349e+00
1.508912493802529786e+00
3.062589235628833340e+00
5.622345278371182253e+00
5.429669827369224322e+00
4.305751026283488159e+00
4.621868375613697566e+00
4.858469053745327670e+00
4.169821347006281265e+00
4.473069925414520753e+00
5.382914661863575034e+00
4.411882323973940423e+00
3.166549003437640675e+00
5.176542108523818797e+00
8.040904030669556946e+00
6.718311414133050441e+00
3.035545146869349065e+00
2.558013471059402022e+00
4.674133783185988378e+00
5.095087227614370384e+00
4.368677133806190938e+00
5.011552894586881912e+00
5.259025095450392762e+00
3.770720140059256931e+00
4.023400858302168537e+00
6.884918298382276092e+00
7.008354778157126930e+00
2.991806747515738607e+00
1.457492988710606063e+00
5.172220059843548157e+00
7.700362425919000664e+00
5.168666123714984906e+00
2.461247414416518620e+00
3.255199643617316951e+00
4.628483325271024462e+00
4.839173589352956384e+00
6.056176378195705645e+00
7.450426244014396460e+00
5.591645315339833999e+00
2.306813886799290891e+00
2.608513246877965042e+00
5.430528214647459606e+00
5.519421031458120908e+00
3.069440910686171087e+00
2.836532676667073982e+00
5.352613617756230902e+00
6.765566640835563028e+00
5.861368992836477609e+00
4.884965747702346484e+00
4.831682976469037882e+00
4.729726626608780293e+00
4.212217329938590993e+00
3.560834524176743621e+00
2.639570768686033464e+00
1.722560545217343586e+00
1.877168822845837415e+00
3.421157984210408731e+00
5.182727601150269869e+00
5.697629339472690013e+00
4.538002955579932163e+00
2.766457314709151127e+00
2.116232268115270543e+00
2.882676984520089913e+00
3.279229970448628517e+00
2.241900700175855743e+00
1.463833795364580137e+00
2.560188860672496514e+00
4.056114065041315442e+00
3.964686223306221446e+00
3.387699096426622702e+00
4.240360022275838858e+00
5.291025174355979743e+00
4.217453679957132273e+00
2.018580478997562544e+00
1.452110072181793665e+00
2.426683981076905638e+00
2.962575923525160526e+00
3.356581175961122376e+00
4.926807777710669356e+00
5.936370568402970171e+00
3.936484492530421431e+00
1.152868721458781165e+00
1.756517561714816544e+00
4.564120211326377685e+00
4.875831576513530941e+00
2.811766822686025957e+00
2.540884796319970107e+00
3.955383698029325323e+00
3.344683448843256190e+00
1.721344203409348683e+00
3.436193103910285540e+00
7.041745995470970243e+00
7.036150759620488415e+00
3.995576521720499930e+00
3.288483602592872757e+00
4.994263586130496257e+00
4.945915650528940333e+00
3.796537813424742946e+00
5.159451050653121484e+00
7.421613569555724155e+00
6.958843950791961497e+00
5.969710062520767302e+00
8.133590151020177572e+00
1.085848888296245462e+01
1.010937015411391648e+01
8.019650786816294286e+00
8.585559110406192573e+00
1.100194704819117142e+01
1.273219223967822700e+01
1.384779832484631790e+01
1.487357522490450101e+01
1.555268173871764859e+01
1.682369315965310719e+01
1.917847408433379996e+01
2.067988587665274025e+01
2.091161829509492520e+01
2.252569033800340748e+01
2.538309621336981081e+01
2.613579677646466948e+01
2.582147725394008475e+01
2.846031846745316685e+01
3.180400835497181333e+01
3.119951290131707111e+01
3.042860901171285803e+01
3.468170955470830563e+01
3.791543746720784469e+01
3.347840294152234719e+01
2.906909184435484761e+01
3.298458747217264175e+01
3.706636113457719972e+01
3.290390874413721889e+01
2.981924603907926752e+01
3.596054287351878997e+01
4.016074239205610041e+01
3.398282068893612262e+01
2.981843858872670694e+01
3.587453280913808840e+01
3.860122809328827742e+01
3.042493430803544285e+01
2.610141422010620360e+01
3.233181972697324369e+01
3.322680711042654877e+01
2.335419114479739022e+01
2.006445033850720350e+01
2.780697811839624123e+01
2.819837049892867498e+01
1.818464361530288187e+01
1.747386462300778120e+01
2.785110049257199449e+01
2.754426098888669472e+01
1.381974391303571004e+01
8.268054455190515739e+00
1.519410911103019757e+01
1.734080352102099098e+01
1.327415947157495424e+01
1.665695478194899337e+01
2.238221824732815080e+01
1.536778905830671782e+01
4.975206942276894750e+00
9.858674264420978162e+00
2.068551651305460837e+01
1.731539054930119192e+01
7.296011915883305221e+00
9.662507536900067251e+00
1.886193221922773233e+01
1.937436677926553585e+01
1.561978823418142781e+01
1.722989122485348545e+01
1.772671708571581917e+01
1.282111418910732148e+01
1.394734055353821667e+01
2.379365651542277860e+01
2.693789763406520876e+01
1.953977568637073503e+01
1.763558288491062243e+01
2.587408856956866998e+01
2.986143701428395403e+01
2.534852881165153704e+01
2.374686548088468641e+01
2.750891050264496940e+01
2.915502305905583569e+01
3.021303815786321678e+01
3.472707267767818706e+01
3.488382744019527593e+01
2.697600092633443580e+01
2.469945302756257277e+01
3.509162797399562095e+01
4.300046214982959469e+01
3.803394989746139032e+01
3.166913430302081878e+01
3.270130379670975884e+01
3.326359556276768359e+01
2.974047816014234158e+01
2.931313447125169347e+01
3.096804388546626541e+01
2.802426069902666583e+01
2.714190078476723755e+01
3.657314921874122859e+01
4.449732428067335377e+01
3.718254010167007806e+01
2.470182814851747111e+01
2.250074752511909182e+01
2.593019717763987941e+01
2.578018867012355742e+01
2.667835332322176356e+01
3.160287203406258172e+01
3.263272029470359570e+01
2.910967493490789693e+01
2.922689785390166861e+01
3.017471559448338425e+01
2.449387307500887090e+01
2.108680717581564323e+01
3.026038093920303851e+01
3.986912014636622814e+01
3.563845258601349286e+01
2.710471199599812309e+01
2.724138945695169056e+01
3.082603132946691815e+01
3.391759871337553989e+01
4.346807893816293955e+01
5.296319267135962150e+01
4.614916979426752164e+01
3.234551901712050892e+01
3.525811959806488716e+01
4.797835622478974926e+01
4.672377888038030846e+01
3.921236757125397077e+01
4.760561311152043373e+01
6.087103302366430313e+01
5.712392056283991337e+01
4.876435305517369301e+01
5.462478020437458071e+01
6.018521085175058261e+01
5.229272256053465640e+01
5.127539562646207827e+01
6.613393501062428470e+01
6.862980532786222909e+01
4.968541076123524647e+01
4.369404431167034630e+01
6.402653038530662855e+01
7.679863069046336932e+01
6.540343521130259319e+01
5.637899982013707501e+01
6.173723880740508463e+01
6.101986498659255176e+01
5.250151313192088054e+01
5.796755867955035768e+01
7.236204414160862086e+01
6.973486198561984395e+01
5.547104702439791879e+01
5.557404685187547955e+01
6.529080251407989977e+01
6.153413066061909831e+01
5.017619423824344693e+01
5.271724568547152501e+01
6.403311770734758568e+01
6.442833563462262703e+01
5.527761628138862449e+01
5.062641812595302326e+01
5.160718668128873077e+01
5.220487633935452720e+01
5.321267161699580583e+01
5.555041388106083389e+01
5.441761829862076638e+01
4.803419929468235949e+01
4.172817505675506311e+01
4.130263966053379932e+01
4.731535373943346201e+01
5.344853167671337957e+01
5.186993962018014770e+01
4.515998056079014589e+01
4.407521719536914162e+01
4.765982526270492770e+01
4.316382676715650035e+01
3.224473567550759157e+01
3.181145626447092667e+01
4.240439101870533989e+01
4.674493190625572225e+01
4.313099689834542261e+01
4.469209256445559930e+01
4.725341248597221977e+01
3.767956472372745935e+01
2.716950328589939900e+01
3.400210517639145280e+01
4.568144311632558185e+01
4.132078851822207355e+01
3.244340695968432442e+01
3.791588363474981094e+01
4.624767965680744908e+01
4.195099458281386262e+01
3.624634940261881155e+01
4.000948833727941434e+01
3.989960316368645010e+01
3.002412187393058218e+01
3.060403116633260723e+01
4.813883460285794058e+01
4.601256582470769274e+01
3.665409869154545675e+01
3.360776354818039380e+01
3.991580715320543504e+01
4.565727860394796522e+01
4.748933755469943208e+01
4.798520394478320128e+01
4.143355449278594449e+01
2.060743833734039043e+01
4.171509447833414264e+00
6.039578244117226324e-01
