2.164562855820513665e+00
2.434542574257718694e+00
2.373910594477281588e+00
2.421732114602003882e+00
2.556126426453521727e+00
3.304602266715334746e+00
3.179187974989602594e+00
1.707899914159922927e+00
1.578741092465968610e+00
2.981621789527924449e+00
3.259667453083032740e+00
2.650655627876347342e+00
2.881372615662711745e+00
3.238635524209924732e+00
3.035389747794625670e+00
1.124959863492172030e+00
2.338410032717911147e+00
2.674110199507386376e+00
2.740156317168654709e+00
3.508898557203913970e+00
2.237401228980727019e+00
1.397258769175976800e+00
3.498250635694148514e+00
3.881514749315895241e+00
1.990574298035930889e+00
2.754031559423427478e+00
4.642905968074711787e+00
3.779668719811354549e+00
2.705642177759550293e+00
3.408169972386916768e+00
2.977015495381887256e+00
7.779191200061716938e-01
2.192778670609655478e+00
3.998262644578891578e+00
2.387982616609691355e+00
1.962175059351436879e+00
2.894681973184491497e+00
1.988295460981676310e+00
2.270037593910795071e+00
4.103823105737328447e+00
3.170782760658851451e+00
1.430038611465601184e+00
2.650386235365682186e+00
3.631625396798124239e+00
2.231336931423494097e+00
2.860155989758280004e+00
5.827424272312940801e+00
4.364722061518845564e+00
5.116175273878290630e-01
6.157707968627705863e-01
2.693448497542300313e+00
4.111374950162242747e+00
5.151705987058027958e+00
3.922329128843164536e+00
1.264562396439058656e+00
1.155378458243830675e+00
2.514699217518464813e+00
1.978866100498276603e+00
1.567121701321071203e+00
3.905555294159157587e+00
4.976776554477765124e+00
1.922129120987808193e+00
5.968023810161788845e-01
3.515229011009291860e+00
5.515397883844807225e+00
4.319283614525527781e+00
2.163275296714761708e+00
1.370190498010093405e+00
2.663410923533050756e+00
3.742498302205730987e+00
2.400907555192133280e+00
9.211491033149518115e-01
2.668353861881517908e+00
5.637036732591081289e+00
4.811516948086078216e+00
1.619089191579081266e+00
1.759221629095654382e+00
3.886232791465549230e+00
3.590462956600161792e+00
2.192538145664214788e+00
2.486008277015396395e+00
3.431558818229792251e+00
2.763511447114369357e+00
1.284361390651954871e+00
1.912339818851105600e+00
4.476295182420711782e+00
5.565332638227859618e+00
3.573251490609147485e+00
9.187617845634368230e-01
1.196229711210910152e+00
3.745826251728150869e+00
4.472058242224115077e+00
2.991734760492236855e+00
2.033954064050607080e+00
2.183755981021142656e+00
2.306816409374940591e+00
2.177981010498474923e+00
2.776931683335844614e+00
3.929116905249760983e+00
3.942890221502567183e+00
3.327394719330676764e+00
3.758170698633342077e+00
3.921936919838281632e+00
2.378165958944400860e+00
1.049729689039104574e+00
1.762095695873941104e+00
3.048485699673018079e+00
3.117645598796953799e+00
2.823526033625629594e+00
2.791219463903825027e+00
2.401311194628408252e+00
2.438914648023538856e+00
3.142171615325834999e+00
3.144065142081546416e+00
2.594277539333804228e+00
1.867884455082865713e+00
5.839626054325263160e-01
4.108100112764613288e-01
2.226323521619948842e+00
2.934435800285425611e+00
1.168702764064891042e+00
4.383272560038551924e-01
2.179693263852498397e+00
3.039383595337639132e+00
2.056760353540274533e+00
1.749701213808704692e+00
2.130986143672215505e+00
2.016876616427828228e+00
2.143255141679145659e+00
2.511032929697824656e+00
2.378378733670035494e+00
2.338423605571222641e+00
2.803573930850308038e+00
3.072065361018754714e+00
2.509549899002362139e+00
1.343903047260280870e+00
5.552600954937816358e-01
7.538248081381369037e-01
1.628173651080819795e+00
2.497065250547108040e+00
2.681527198891390462e+00
2.080870792046902729e+00
1.677399514765445465e+00
2.219540007869761578e+00
2.843804571815331972e+00
3.104876194876970974e+00
3.826813346887869116e+00
3.568524269992061626e+00
1.052871602252450245e+00
4.052572100899454188e-01
3.268878532958575001e+00
3.674050583686588656e+00
7.874932553503481980e-01
9.448940756204280422e-01
3.526139899110401821e+00
3.894882271694730225e+00
4.187387601366283185e+00
5.607685151991158357e+00
4.778724952034537843e+00
3.800939964978425678e+00
5.313183968193729179e+00
4.924431068796609523e+00
3.486659915234798124e+00
6.602993256365664365e+00
9.224596544593692826e+00
6.740154251042307365e+00
6.568790054166812276e+00
9.096641513671752222e+00
6.951833278181307030e+00
5.768151372430218693e+00
1.124746120171875319e+01
1.379124411673872785e+01
1.141186689104575080e+01
1.377150079930720672e+01
1.749659920336045360e+01
1.589010567126582352e+01
1.626807993579324929e+01
1.997173539370398387e+01
1.917781924599732690e+01
1.811297822825042303e+01
2.082965788460624168e+01
1.984287035332906513e+01
1.820930583934612557e+01
2.314206995055076277e+01
2.413911093960241416e+01
1.779932275224143012e+01
1.940368192267797198e+01
2.653272585148467044e+01
2.347539319357908738e+01
1.754571576704038449e+01
2.011030678052748399e+01
2.256550751018712475e+01
2.138708906334218085e+01
2.202085130934822743e+01
2.017642937528991709e+01
1.751036488173900452e+01
2.299480777704568268e+01
2.657709136321791021e+01
1.897549151915507792e+01
1.527895950323607188e+01
1.942946708094991237e+01
1.581596603008113000e+01
9.367524903948826420e+00
1.330309093357319838e+01
1.657123860085484779e+01
1.168822148882847856e+01
9.754347614450647797e+00
1.037186498129211110e+01
8.471439424156869791e+00
1.144510239945641850e+01
1.484197616706321021e+01
7.983173774125003952e+00
4.055862081411268250e+00
1.223632557406545196e+01
1.529241642190221562e+01
8.977133364200753363e+00
7.025761574536420362e+00
6.132681981848274511e+00
1.639761294301806505e+00
5.057716407645792778e+00
1.248461249917031779e+01
9.593192253430439465e+00
5.984939131319286787e+00
1.097183438055433058e+01
1.204502619821797360e+01
8.643049345753508916e+00
1.193665249373395731e+01
1.471610889968198777e+01
1.104747354641686385e+01
1.123218212492357537e+01
1.387108963840710096e+01
1.128008010523089233e+01
1.214727875738627283e+01
1.785073780115641640e+01
1.521134523427235585e+01
1.052074736375356068e+01
1.746755889054130151e+01
2.369990186288913492e+01
1.845235664466508041e+01
1.551941318304122852e+01
2.089431214513764701e+01
2.462245326319455785e+01
2.434862620724672055e+01
2.136889364549071857e+01
1.577062990589286429e+01
1.618582728659488623e+01
2.469755944967863215e+01
2.687980622533497410e+01
1.983801733999718309e+01
1.785257201760177637e+01
2.131769032569799194e+01
1.946450495976833395e+01
1.644310561783562719e+01
1.975436788342156191e+01
2.322057760859821940e+01
2.151926789351369251e+01
1.775134133729031305e+01
1.481552166535425208e+01
1.529184037556687770e+01
1.973247461883833864e+01
2.228606288886529541e+01
1.982627410550347591e+01
1.795351893387189435e+01
1.947899030432895984e+01
1.878927199070172804e+01
1.402457468118355166e+01
1.156597200501005673e+01
1.455334467200367143e+01
1.893363547551107118e+01
2.029517609196583194e+01
1.783450089104509573e+01
1.517549339078274251e+01
1.706898421634045349e+01
2.264109109199425163e+01
2.559455094487289273e+01
2.249484803568248736e+01
1.866136548458872824e+01
2.098398552632774994e+01
2.630068017229845978e+01
2.797196303541213780e+01
2.773765803057669999e+01
2.950909203900429389e+01
3.101223153565997848e+01
2.890592592387530857e+01
2.549407540748119061e+01
2.613993119152593181e+01
3.123860407532552941e+01
3.507458804400398833e+01
3.415311660058557663e+01
3.246626672618650389e+01
3.512210804230599592e+01
3.845218750877229041e+01
3.590211041587495089e+01
3.290282107051505989e+01
3.803916785967562220e+01
4.619748317288849648e+01
4.639470018848923161e+01
3.788687309236507161e+01
3.057081176510366660e+01
3.170458663756373596e+01
3.654877524709539927e+01
3.797642713689173632e+01
3.740645661986147985e+01
3.805135355458296686e+01
3.864846575893388803e+01
3.835445718016953975e+01
3.910624153000510717e+01
4.141736357298169935e+01
4.193037990149002070e+01
3.978537597929774705e+01
3.708532268212132976e+01
3.517182472890493017e+01
3.582400041771533949e+01
3.714201748697405492e+01
3.447284034741946357e+01
3.116261663765422796e+01
3.162221597406472995e+01
3.135547674226631543e+01
2.913405555991491269e+01
2.959458114721050137e+01
3.156318323438107853e+01
3.295291582759447380e+01
3.575543198269841838e+01
3.804155934614816914e+01
3.271544282348550325e+01
2.405848318554204113e+01
2.369847867937108887e+01
2.874959470625128333e+01
3.029121499936350048e+01
2.917076257363558156e+01
2.619356116649515087e+01
2.169088824725099229e+01
2.164693994871943517e+01
2.483108410642748609e+01
2.496066523802183923e+01
2.531372352919924040e+01
2.787490862323325658e+01
2.691629760978387509e+01
2.297406681932380579e+01
2.411540389705723797e+01
2.759262521573544547e+01
2.468500395897376620e+01
2.120825290337126390e+01
2.489374437731628475e+01
2.875452571033343219e+01
2.651755163962600292e+01
2.079896081512651662e+01
1.511273044770731921e+01
1.540554746142533915e+01
2.432553771342998061e+01
3.375951236242168108e+01
2.735968957296184101e+01
2.333984265221550203e+01
2.311925782601224810e+01
2.360117607513646476e+01
2.452474169219946631e+01
2.714650857394316930e+01
2.762501638089765521e+01
2.382409189593549925e+01
2.131809232034182244e+01
2.405366824497405531e+01
2.899084651087994757e+01
3.103807185561294091e+01
2.596378557424763400e+01
1.380570603942417662e+01
