9.511812455647191911e+00
1.534667633107842910e+01
1.914548616477164700e+01
2.162402622507243777e+01
2.068356544249644458e+01
1.921438730151251306e+01
2.096864477255974890e+01
2.205561832898309049e+01
1.945342941668261361e+01
1.784832745810560795e+01
1.914897570668273730e+01
1.931553014787004585e+01
1.870185547888878475e+01
2.111203361211601148e+01
2.528711880175356796e+01
1.886393475654341856e+01
1.747330425853043323e+01
1.687622029211478747e+01
1.591531110899726364e+01
2.078944523966600144e+01
2.528777973665627243e+01
2.036763822648387645e+01
1.574837105571154794e+01
1.953813316558120405e+01
2.132830692440228049e+01
1.768640612482350605e+01
1.901295438891269995e+01
2.377250697563547277e+01
2.237472482084758596e+01
1.863536636772136390e+01
1.896903869899378847e+01
1.801810334071869946e+01
1.847116427355563673e+01
2.085862927022486701e+01
1.747514142140302340e+01
1.397544489429071923e+01
2.007664535667707639e+01
2.512221567733216077e+01
2.053235094786993287e+01
1.856617917348152602e+01
2.289674852715114994e+01
2.163644564300088291e+01
1.725065011984402474e+01
2.023468747320676187e+01
2.422575211599570366e+01
2.186613266884130624e+01
1.965936154569543604e+01
1.862934190998187134e+01
1.694181135731109578e+01
1.911463416583809050e+01
2.163437431570930514e+01
1.776708373688417808e+01
1.560144731201103951e+01
2.095723772429481713e+01
2.337756493044287609e+01
2.011223548352918300e+01
2.104559369718019823e+01
2.405642815716472427e+01
2.086973355753470827e+01
1.737811568588174893e+01
1.949115796933088163e+01
2.096017907844792916e+01
1.990256669102585008e+01
1.955109179013008713e+01
1.815027971746372160e+01
1.645640175482383682e+01
1.818094811861275062e+01
2.002330460157160275e+01
1.942708659668205939e+01
2.116445574890076742e+01
2.454163102345648184e+01
2.328379055867515035e+01
2.010901658649165924e+01
2.082444054750901330e+01
2.174352128533923434e+01
1.943115128560050309e+01
1.799198050364050872e+01
1.853062526477757288e+01
1.839173093539156767e+01
1.832494782595757243e+01
1.933146800301701518e+01
2.037402853352500998e+01
2.123664382401263140e+01
2.093203074150822474e+01
1.869875808985287335e+01
1.805680190151094422e+01
2.104804760187506218e+01
2.292081242588901802e+01
2.108701371996588847e+01
2.019332307632003776e+01
2.226422477086266838e+01
2.314242600952926665e+01
2.089805145603235559e+01
1.803189866822717491e+01
1.726684946064239412e+01
1.911097821290605836e+01
2.083570371125336962e+01
2.038076088518181805e+01
2.066745400058444559e+01
2.333563781898273248e+01
2.401874152914250971e+01
2.132475960427514039e+01
2.050546966318750464e+01
2.280019681637032392e+01
2.316845787219670072e+01
2.057149774210686743e+01
1.907244400589619815e+01
2.038497502167594178e+01
2.293833172157058797e+01
2.396458686566980845e+01
2.167534296904661062e+01
1.951403524240695830e+01
2.193821591670130644e+01
2.532033949066775236e+01
2.409211123725326686e+01
2.161698141282521490e+01
2.303010379570251231e+01
2.586641230082175724e+01
2.679665233713751249e+01
2.658744676881698865e+01
2.507530802427159600e+01
2.260143510780065768e+01
2.299600239378981215e+01
2.649974528121228090e+01
2.888964423528359760e+01
3.003725251833407128e+01
3.138491014754288244e+01
3.025807486540229974e+01
2.752820475829426528e+01
2.934013030163443148e+01
3.497261351420134901e+01
3.732444299192856363e+01
3.515395167852334168e+01
3.187859457353587800e+01
2.918571330099540617e+01
2.953604251930870106e+01
3.341576062351727217e+01
3.476466193669664051e+01
3.151824904025345475e+01
3.051723980814211501e+01
3.311227468624338854e+01
3.322233826728818684e+01
3.162779789172346767e+01
3.291822758033236340e+01
3.442033101304733833e+01
3.345314707833964007e+01
3.267985579422524012e+01
3.174703401405079362e+01
2.980150872667707418e+01
3.179359631143400122e+01
3.751332676279731970e+01
3.857390340839817355e+01
3.448504391955522408e+01
3.231214209148341610e+01
3.216689471530906985e+01
3.150966097495375706e+01
3.275192554053765548e+01
3.514333791551053565e+01
3.480095071471339452e+01
3.301527949270166573e+01
3.080285939423914954e+01
2.691847890515884245e+01
2.714335111063487815e+01
3.521331930184426540e+01
4.008030129135808295e+01
3.484744949695397054e+01
3.109285081097192460e+01
3.589645144775973051e+01
3.947001762835119365e+01
3.567544325276441697e+01
3.049378106626829066e+01
2.953846193793776465e+01
3.278456644748975179e+01
3.555474151391251780e+01
3.271410127563382275e+01
2.886000651449065657e+01
3.230288641613928036e+01
3.721663390109197422e+01
3.382038850833452415e+01
2.891623050070300849e+01
3.147361443197486608e+01
3.455580503852409180e+01
3.190599542568444846e+01
3.043736890444904475e+01
3.495002308653556611e+01
4.029707675672244704e+01
4.027503143623431470e+01
3.380390017238056544e+01
2.727519542701344335e+01
2.885241387719105788e+01
3.504221222306199479e+01
3.558214024935422515e+01
3.173785635266843741e+01
3.154833955944435786e+01
3.422129116224295586e+01
3.561889719038921953e+01
3.641273259282353791e+01
3.674251857461354831e+01
3.623081963876769862e+01
3.654707346265477952e+01
3.601486998207794699e+01
3.276147977287902080e+01
3.153534496915956709e+01
3.441654275065280899e+01
3.579649780202614551e+01
3.430819048312680764e+01
3.402150849821578760e+01
3.503239170593862895e+01
3.590784275233416167e+01
3.650812789909171130e+01
3.492710677675462705e+01
3.318600139113398484e+01
3.667705949911445629e+01
4.075019626721098120e+01
3.754375805147139999e+01
3.306039218117265932e+01
3.464828740994040857e+01
3.677464161315841551e+01
3.597498812496485954e+01
3.650639418434430894e+01
3.718512878149378764e+01
3.543842006494884345e+01
3.480922866339641786e+01
3.550541762470691509e+01
3.535644391551786470e+01
3.781017849739035341e+01
4.190148756838156885e+01
4.096876101783496438e+01
3.831114222347220277e+01
3.978398013530225086e+01
3.983956148128147134e+01
3.687374366602036702e+01
3.826660338174329468e+01
4.072196386041962768e+01
3.733492714338688501e+01
3.560596843911104514e+01
4.021767047882497081e+01
4.179058479997557640e+01
3.819927173790569697e+01
3.733972450507477703e+01
3.932854041248750576e+01
4.015122045770298342e+01
3.996648723092407351e+01
3.811888469999406936e+01
3.701938278042524644e+01
4.241486359709543308e+01
4.828458366509676836e+01
4.486024938595365086e+01
3.941993658773073861e+01
4.039693900396176218e+01
4.001142183149812581e+01
3.577459111458240670e+01
3.840590684206770078e+01
4.734508153565090538e+01
4.994158767846064251e+01
4.375511699700169999e+01
3.710852873880966030e+01
3.611164545225530276e+01
4.045648329381220520e+01
4.359283634619303882e+01
4.064180638108604171e+01
3.778975223278455786e+01
4.111037859285949025e+01
4.462316859711469874e+01
4.403100135604122300e+01
4.430662286805085159e+01
4.578894763452534278e+01
4.369109409429050572e+01
4.012827768147472796e+01
4.042192888485563884e+01
4.370765549472283595e+01
4.519531854622274381e+01
4.258109579121847332e+01
3.850205628684944514e+01
3.733997833667128674e+01
3.918587123126894056e+01
4.070944566706267409e+01
4.171773165928931348e+01
4.414948139996091925e+01
4.668830557567272876e+01
4.783421970251830402e+01
4.734925099949597893e+01
4.352442619411981894e+01
3.838065470070984730e+01
3.745313423456664736e+01
3.980014095055903312e+01
4.118970154408167161e+01
4.204140619084210329e+01
4.258992226738622122e+01
4.189974017701251796e+01
4.191028850642904757e+01
4.267472422724156900e+01
4.200634437017751566e+01
4.167232240588635506e+01
4.363024834976011590e+01
4.411951892585150858e+01
4.327210859955970790e+01
4.555810685773245439e+01
4.529398262399270436e+01
3.713327521907313411e+01
3.217170143792644410e+01
3.778488675065315050e+01
4.464251343498396807e+01
4.661386744912810087e+01
4.586455444936987647e+01
4.356537575236165338e+01
4.263902612901662792e+01
4.409932936557133587e+01
4.397066634379689276e+01
4.177064072546386342e+01
4.238788914958714571e+01
4.298171197997260151e+01
3.894693582725838610e+01
3.871475700627131289e+01
4.546070137053509796e+01
4.633442645219845701e+01
4.025465346085064056e+01
3.940376300602389392e+01
4.275034538934652062e+01
4.427723988817267298e+01
4.573792559124637336e+01
4.539455747336148050e+01
4.420114293887100843e+01
4.461276231062011277e+01
4.457289535423588944e+01
4.105189877514937535e+01
3.961837493364667750e+01
4.396253864183743332e+01
4.600233918833492908e+01
4.372136946851232864e+01
4.379799234955696363e+01
4.184957133710931743e+01
3.509043299509549740e+01
3.590856346819178668e+01
4.437520275459627328e+01
4.803233099621365909e+01
5.154894087213685339e+01
5.169000898514340037e+01
4.824848743529097561e+01
4.533586714549901586e+01
4.578737002653453914e+01
4.606681251397836974e+01
4.425141728922189088e+01
4.367728100247324363e+01
4.259955672542796634e+01
3.854908426348247019e+01
3.785808748732039675e+01
3.981608211827437316e+01
3.618678659403048670e+01
3.783875085142235406e+01
5.778830801761363034e+01
5.174588076484728560e+01
4.834178675239228795e+01
4.761211501375616706e+01
4.751050292630934990e+01
4.652022749195516127e+01
4.529339029628280855e+01
4.417320722760004514e+01
4.281127749995296483e+01
4.297573246645646350e+01
4.511228450262851908e+01
4.553139697049245882e+01
4.339946539972901007e+01
3.941839530746703701e+01
2.627662443786764257e+01
