8.836048150003801560e-02
8.887096011029478326e-01
4.786866626000154668e+00
5.950305919058505033e+00
4.491721105621773624e+00
3.118718301914985336e+00
3.297477375197030547e+00
4.143442943891498587e+00
4.737048561710132333e+00
5.000874257473285844e+00
4.934863581407931576e+00
3.146157701928958605e+00
2.475577196340689845e+00
4.776760738873807810e+00
5.978532766527250075e+00
4.541793051237883461e+00
3.217155446651760009e+00
3.585745403400605547e+00
4.341441564556996369e+00
4.880081888643737820e+00
5.550075849359360269e+00
5.185652283815059604e+00
3.438268833599490204e+00
3.230159815732079220e+00
5.604234033722154784e+00
6.554358511031431966e+00
4.141781311683182309e+00
2.701880406900790454e+00
4.920181015122371271e+00
6.781383118155901890e+00
5.295661167582637496e+00
3.521616404349156682e+00
3.639137667885283811e+00
3.440365164219121752e+00
2.901484762257704908e+00
4.941225250181318529e+00
7.623982089309170540e+00
5.812284037783785884e+00
1.462450521491774680e+00
1.369589183026981738e+00
5.005893434285162868e+00
6.067716522612884411e+00
4.487344553272166081e+00
4.977190299565455334e+00
6.439200952749108531e+00
4.896105124972708111e+00
3.036200189270776395e+00
5.090977890220442781e+00
7.384595514908052216e+00
5.093245773617668171e+00
1.883294941713068882e+00
2.588879924901254181e+00
4.255320516506065687e+00
3.658073499010803697e+00
4.274569985447712384e+00
7.541094266363840504e+00
7.850055303728717959e+00
3.501517893067088494e+00
1.238920620528037420e+00
3.986731793190895878e+00
5.990274665036112722e+00
4.486336597222367217e+00
3.875154016065271101e+00
5.433521116949152407e+00
5.212292570578003215e+00
3.449422570992934034e+00
4.157772846293310565e+00
5.936066177185845838e+00
4.669183322967906946e+00
2.870099352723403552e+00
5.121348767084248799e+00
8.203082686632557241e+00
6.596216976298663326e+00
2.893310401213465166e+00
2.701149578605693158e+00
4.760333573792958184e+00
5.007424959792459163e+00
4.368766497720828923e+00
4.986773286006920713e+00
5.147693725570239742e+00
3.969767660679010213e+00
4.320580150660972230e+00
6.536804761342049019e+00
6.497346773262371755e+00
3.428371791004511504e+00
2.156390649626622746e+00
4.711465632281171878e+00
6.877671014026924823e+00
5.577577642491442056e+00
3.250357318414494490e+00
2.857366559285555496e+00
3.984483603181065092e+00
5.343806013673074062e+00
6.599791412390137779e+00
6.850327097411452293e+00
5.146614142420451010e+00
2.977169132007197128e+00
2.915005661446990359e+00
4.611488094566710494e+00
5.209696970576877639e+00
3.943036325013242305e+00
3.259058876333120303e+00
4.676550194672705274e+00
6.391943572841823240e+00
6.320877919152160906e+00
5.116625442611574925e+00
4.499730791052974688e+00
4.539023779903138767e+00
4.309919107010035333e+00
3.640129734997577859e+00
2.775141616185165638e+00
1.871647411272369332e+00
1.747795277338440867e+00
3.249741899456257244e+00
5.288554545605651747e+00
5.685194950607098008e+00
4.265029662673190280e+00
2.879284879954630672e+00
2.525548084752645472e+00
2.671311797832510493e+00
2.802463018227145941e+00
2.680016270331669670e+00
2.159401152949328662e+00
2.020799615468764632e+00
3.134145406726423833e+00
4.404462358619557705e+00
4.292468417703044992e+00
3.830772539582286029e+00
4.499735481720587238e+00
4.686408104427645327e+00
2.731073023343866257e+00
9.829224641037271892e-01
1.879800421874351368e+00
3.473188339797188551e+00
3.705608920620520941e+00
4.275116124564569908e+00
5.643269183060810157e+00
4.651959137939763345e+00
1.472349457601782152e+00
1.121565555584497664e+00
4.245494737165761201e+00
5.354402576950556991e+00
3.109268410870052790e+00
2.285561059719623422e+00
3.725803406395483908e+00
3.353233438092483087e+00
1.826904552315235630e+00
3.625700265441574199e+00
7.056197062939640219e+00
6.697031861685573517e+00
3.876833563205239752e+00
3.693785586585309755e+00
5.144324094121158097e+00
4.556809777892400604e+00
3.787312148280879143e+00
5.610480441925338013e+00
7.233019826936038399e+00
6.344834955926313746e+00
6.267561409367635505e+00
8.850752141468117173e+00
1.043839854510453691e+01
9.297526535410671755e+00
8.567213625495645246e+00
9.568067508701286528e+00
1.052083417271328081e+01
1.173491291602157283e+01
1.419212970436721299e+01
1.565237346293678655e+01
1.516392596171644236e+01
1.621213407388427186e+01
1.963389321422918954e+01
2.119438259347753473e+01
2.050345556382653456e+01
2.222696708928475928e+01
2.584832842776973649e+01
2.629070283844361455e+01
2.524198547585980279e+01
2.821109621530263922e+01
3.224294471680820351e+01
3.149027960990451902e+01
3.027154192799423527e+01
3.451562334901754525e+01
3.790131421418382018e+01
3.359446318191656644e+01
2.928866479126363132e+01
3.289362243424731957e+01
3.655766334144438900e+01
3.281697887991244045e+01
3.043573339215433293e+01
3.616888707524674373e+01
3.959479409657259197e+01
3.387809970443841934e+01
3.042416096191210428e+01
3.583752663903919000e+01
3.791079122558925718e+01
3.057368126497285132e+01
2.682193389969080144e+01
3.200367213880103634e+01
3.241779089911964462e+01
2.382834451419938304e+01
2.101500447335865474e+01
2.733770929888517998e+01
2.720844422290931419e+01
1.858157345358096890e+01
1.838069758879666793e+01
2.752284684835732165e+01
2.679952465307029641e+01
1.409767478769719240e+01
8.793490749695825670e+00
1.491005080491806112e+01
1.701206608455848013e+01
1.358333337893826354e+01
1.684410335156662342e+01
2.207328466582672988e+01
1.528279428136680806e+01
5.279938885630769185e+00
9.949762918591202876e+00
2.048249379837099582e+01
1.715194893160654033e+01
7.221839797324652643e+00
9.776896075153766574e+00
1.920544829345267956e+01
1.938112879739275130e+01
1.511581742164291065e+01
1.718887737280802241e+01
1.842522522439037402e+01
1.292877083429634411e+01
1.309614186315387840e+01
2.355252868525549559e+01
2.771811204707357845e+01
1.971407225537003782e+01
1.693681433797197755e+01
2.594150831577304928e+01
3.066139228181194909e+01
2.516069187365284066e+01
2.289025187239130688e+01
2.777059017224745219e+01
2.997123256990562723e+01
2.977816060058065872e+01
3.381993680041681216e+01
3.534145753869992745e+01
2.796284456797402385e+01
2.443583251128840317e+01
3.429674356616292386e+01
4.317478036178979295e+01
3.857063149111395717e+01
3.146669057759837429e+01
3.230668040793045748e+01
3.339124963851386241e+01
2.993159711625628816e+01
2.924131093142390014e+01
3.100805258187440572e+01
2.816943950659741702e+01
2.707936647720095635e+01
3.646524293085224855e+01
4.448094840312187159e+01
3.706492512363631420e+01
2.469738722382927776e+01
2.284011596215853146e+01
2.597325593480052319e+01
2.523972459043241656e+01
2.662325750438620986e+01
3.237868887214522573e+01
3.277097102052137245e+01
2.818236313646698932e+01
2.898657514744822450e+01
3.111242927404954983e+01
2.474172505188512616e+01
2.019938784858038261e+01
3.009777985659260224e+01
4.069263667172079835e+01
3.564193226463945763e+01
2.631110600446771031e+01
2.741608237021872441e+01
3.164678400005073655e+01
3.363855444501898262e+01
4.264046235680267216e+01
5.329251742914564716e+01
4.695794568160718541e+01
3.201445261067539150e+01
3.446199740631181641e+01
4.817123626531746794e+01
4.737688098982756912e+01
3.919336438066013528e+01
4.725467784381208247e+01
6.086679713893927612e+01
5.724632190127488940e+01
4.876724307656691337e+01
5.462904318805293258e+01
6.008695127495896315e+01
5.210695804053220570e+01
5.139271784668754606e+01
6.640895120024272558e+01
6.853035911052197093e+01
4.954008923862673441e+01
4.400596638763997959e+01
6.410793159194388124e+01
7.617776666355096893e+01
6.521509539883319917e+01
5.713996841513883851e+01
6.194348209667855798e+01
6.013256372691645169e+01
5.232487399022679853e+01
5.904159439116992303e+01
7.266112664568625235e+01
6.868739535994731682e+01
5.511945202940515998e+01
5.642526415534064199e+01
6.544827754477225312e+01
6.073942129499243947e+01
5.019688600913409005e+01
5.351723730583091765e+01
6.394652482458506881e+01
6.373014894089723725e+01
5.549407574409300992e+01
5.128026128361005931e+01
5.130041033545687412e+01
5.150702287559920478e+01
5.339446417999407402e+01
5.614580714500326053e+01
5.441151915924929483e+01
4.768444631259574606e+01
4.164947243195959459e+01
4.143134281579410327e+01
4.747578845920624246e+01
5.353034108008132108e+01
5.163269239668965582e+01
4.486970032293168487e+01
4.432237921994674679e+01
4.805246027462820990e+01
4.290054492042638401e+01
3.186283667255553809e+01
3.216278148005608983e+01
4.272196184299767197e+01
4.623278373932917873e+01
4.288538215823405864e+01
4.543039703580912203e+01
4.749781313653991788e+01
3.674823000808594031e+01
2.687228205539935999e+01
3.501601191423899451e+01
4.598806705257170790e+01
4.026773056120377703e+01
3.212254220169495511e+01
3.893745822500770970e+01
4.660242102935453090e+01
4.111943010249488850e+01
3.601440813346918191e+01
4.066504469491511742e+01
3.989121002563475571e+01
2.938762181835157605e+01
3.072168201350780947e+01
4.869677654616033635e+01
4.590912931989345935e+01
3.622049224368140585e+01
3.376776858080318533e+01
4.035732032542567538e+01
4.555524898194454408e+01
4.705709178027498751e+01
4.788192946555927421e+01
4.159535291591154049e+01
2.070967174559182311e+01
4.194427921012461091e+00
6.071381973920320085e-01
