2.035816377681407108e+00
1.904294706154032069e+00
2.028374070739335178e+00
2.350316989341175056e+00
2.787322297300206309e+00
3.556972049181438500e+00
3.549683319375463331e+00
2.087419449968103802e+00
8.262569210078951620e-01
2.257447188173510089e+00
3.497789265633727052e+00
2.357053797959444807e+00
3.005685948975612920e+00
4.308018290201631295e+00
3.067035657818575345e+00
6.809799307167302418e-01
2.497093524890992899e+00
2.425200648270979364e+00
2.675785217631999835e+00
3.426193295448592302e+00
2.627341405699610277e+00
1.632779747309993867e+00
2.550623333018423367e+00
4.471918826554770021e+00
2.345829058010353574e+00
1.268289054369181601e+00
5.438041605757050867e+00
4.510256390316605746e+00
1.494887604880429377e+00
3.944791525887370920e+00
3.470056662811077608e+00
4.349550682385004974e-01
2.716710114463634973e+00
3.746646556661301197e+00
2.543059283153637828e+00
1.733521071232797306e+00
1.839009638906650146e+00
2.861393657965296988e+00
2.140717288279996300e+00
3.688756822290236936e+00
4.711089254730891795e+00
6.140785162953346088e-01
1.825565454935628162e+00
4.390318710403358082e+00
1.218261783994005976e+00
3.357585785513818255e+00
6.944352788232409424e+00
3.793362411535496914e+00
1.422961881945701723e+00
9.931644677233256169e-02
1.339954066573772806e+00
4.912375283398742631e+00
4.488113167641825108e+00
3.916663240286610836e+00
2.633709559531915101e+00
7.600969257641487786e-01
2.799720810569371388e+00
1.435441981741535145e+00
4.368390464744261736e-01
5.091369072019075404e+00
4.458249874449279559e+00
1.873222469475921637e+00
2.565265041599045226e+00
2.231862516338096736e+00
5.013647906178414715e+00
5.287271222476699783e+00
6.616930134258153240e-01
1.584643506940135005e+00
3.610137678316672982e+00
3.318115289402567836e+00
2.859090501403410922e+00
5.726328706032265403e-01
2.702740937330454951e+00
5.922080136225611469e+00
3.583033678926343502e+00
2.608018053156585303e+00
2.300492017929292032e+00
2.341792985884417977e+00
4.757539070103735668e+00
2.487506810848134187e+00
1.253899927704564599e+00
4.435601866894570477e+00
2.728356149688260679e+00
7.530595903348059617e-01
2.273914447557013219e+00
3.897195808682285989e+00
5.934151634145523602e+00
3.979025345802774449e+00
6.395025478208273828e-01
1.852297537343954970e+00
3.147200848306034082e+00
3.739320107692428952e+00
3.437196974645311709e+00
1.535527782290903476e+00
2.539345679076007389e+00
3.172806596355012498e+00
1.936301673567507819e+00
3.122550390162885048e+00
3.504266860864032385e+00
3.004125005825604600e+00
3.851004814113794250e+00
3.798594021505362850e+00
3.909850132259281796e+00
3.356948801404939786e+00
1.082372094327933132e+00
8.872314066426069123e-01
2.511431353705170899e+00
3.142426333912670788e+00
2.723275795500907925e+00
2.783723004941408341e+00
3.547850254589927754e+00
2.871228642768719030e+00
2.302999698015353314e+00
3.173372742158361959e+00
2.576278862479358889e+00
1.245251902893833140e+00
8.207399595118514135e-01
1.170911245526025324e+00
2.264436677870946379e+00
2.354494474461830578e+00
1.434757850270830026e+00
4.145651757387787684e-01
9.442852400556838166e-01
3.584119388617258206e+00
2.949607333212305615e+00
9.706820582124172647e-01
2.638671151317372843e+00
2.479026259574976354e+00
1.498048983558333713e+00
2.820357775422106972e+00
2.303087613838305181e+00
2.343883194162178718e+00
2.939414188882020440e+00
2.267348804288498165e+00
3.016306424945103259e+00
1.461851810614158698e+00
-7.610487441365738903e-02
1.753877288029572989e+00
1.170191156505666630e+00
1.904528038643640064e+00
3.460393726362525513e+00
1.108047731394404378e+00
2.172331587336242542e+00
3.335155877671668989e+00
1.895363732187804517e+00
4.126043156372668719e+00
3.701611737232745281e+00
1.767451872259733436e+00
2.035016154104262398e+00
6.935166298702249987e-02
2.775374329372787496e+00
5.222230972525571779e+00
4.279186728985570065e-01
9.979887979370124507e-01
3.258158171053993524e+00
2.564340223184900402e+00
5.441256069027464726e+00
5.204880575428766143e+00
4.506599142681460890e+00
6.295408769421933393e+00
3.833977014018001839e+00
4.001203100535048129e+00
4.971522866197759960e+00
4.598144315769177481e+00
9.341484181939909703e+00
8.258545443644004891e+00
5.687769042878721315e+00
1.005249789708516950e+01
6.723294353184901873e+00
4.903522768176217461e+00
1.204636151841015668e+01
1.238144605294838740e+01
1.212714514262177445e+01
1.522917878443426254e+01
1.561788742922039930e+01
1.711061406698274112e+01
1.675504478600501912e+01
1.786771987788941374e+01
2.068460177409084011e+01
1.789017550597550965e+01
1.987371823751913524e+01
2.150041639869620980e+01
1.703007276197363851e+01
2.317318738815847823e+01
2.538687751044501439e+01
1.623784386764456045e+01
2.031535393532926648e+01
2.683862782676860448e+01
2.187653624667776953e+01
1.874590300456955916e+01
1.965988969047239010e+01
2.223222879023014187e+01
2.291297839110676904e+01
2.087421697154926292e+01
2.069835497443854067e+01
1.803645842854688652e+01
2.084662817076309338e+01
2.790665170807484685e+01
1.936494674818905537e+01
1.390092840074708036e+01
2.162782343349523728e+01
1.555702561106429727e+01
7.670007120652164723e+00
1.414199747110211725e+01
1.571233707779824051e+01
1.153930161507646979e+01
1.071115980348585417e+01
1.023612684420038477e+01
9.653453787860854618e+00
1.088931374781925676e+01
1.367874395100492890e+01
9.150936930525354285e+00
2.815188811811784042e+00
1.194302996707236808e+01
1.757392360037295020e+01
7.947135860242248384e+00
6.679568393130240977e+00
7.140139091180035535e+00
-3.384403502984731360e-02
4.891650775604689194e+00
1.318467924549294246e+01
9.196641995956778004e+00
7.017005080358726055e+00
1.101302902794087757e+01
1.161449718943580756e+01
9.262654830980403986e+00
1.092385900555734857e+01
1.471903039991952866e+01
1.205606677264117366e+01
1.029519535354805271e+01
1.424011056470390812e+01
1.170753287072021109e+01
1.106533674788651211e+01
1.857077628679993353e+01
1.504305476593096813e+01
9.677458347211260303e+00
1.873864727992901180e+01
2.309196022964388462e+01
1.789389975251746279e+01
1.707543431978324833e+01
2.009660294588147522e+01
2.449997942313875399e+01
2.568142899251410327e+01
2.014737893955072323e+01
1.542906834011228234e+01
1.653626454800573953e+01
2.400336599115038538e+01
2.765209417910054057e+01
1.977190811907484758e+01
1.787335457817529871e+01
2.228834880499954707e+01
1.768955923144710951e+01
1.643823003405294969e+01
2.105115562369012494e+01
2.147437934582025321e+01
2.290093578572416888e+01
1.943248948629951656e+01
1.274137392773897659e+01
1.593472252083936702e+01
1.970591872547133150e+01
2.056010577979720821e+01
2.102539792057062229e+01
1.782043292392287270e+01
1.973040820531655370e+01
2.004469464356008501e+01
1.243027230372088887e+01
1.207523303958323524e+01
1.457877473598078488e+01
1.696676093652162365e+01
2.251893768433826892e+01
1.805515559485590416e+01
1.395225292534052031e+01
1.917183272334965238e+01
2.111069160612038331e+01
2.474982962111440443e+01
2.409000920281862079e+01
1.670064014225043891e+01
2.202438197261270858e+01
2.758597831522430610e+01
2.595838700850908154e+01
2.939925724374150917e+01
2.920318232656357083e+01
2.933935729246116608e+01
3.091725766133608388e+01
2.440051409540892635e+01
2.591947473812007985e+01
3.265750540973299820e+01
3.320178010380609379e+01
3.555334671347558384e+01
3.278812992128624870e+01
3.305055483258987437e+01
4.102112018350949540e+01
3.483293804711964725e+01
3.114696434440492112e+01
4.090177730441958204e+01
4.447644415529573081e+01
4.602866853901296906e+01
4.036340073665132877e+01
2.864110333756873317e+01
3.200045712774545592e+01
3.670298906407154504e+01
3.630594123067280776e+01
3.925543983820850968e+01
3.725395678018055179e+01
3.864064738863639548e+01
4.079536021927589928e+01
3.654325289327837112e+01
4.174840695622152253e+01
4.324117413229015483e+01
3.679318597004341029e+01
3.896616866896493292e+01
3.642287519686409780e+01
3.403976942546564999e+01
3.900903981979100621e+01
3.334155316261621493e+01
2.978918196030032206e+01
3.306456419637552102e+01
2.971351706364476897e+01
3.019382740865058423e+01
3.114850542936935440e+01
2.986032300896705038e+01
3.448642689698885988e+01
3.519566565940431246e+01
3.630526331200574930e+01
3.453915238238531060e+01
2.308987320764401474e+01
2.384720228397730679e+01
3.047151379021476814e+01
2.818061880613431569e+01
2.985607354474129949e+01
2.681570701619605046e+01
1.939819876289244860e+01
2.325232718566474333e+01
2.513103503827368357e+01
2.377642805253739411e+01
2.702541114450094994e+01
2.725739055542701905e+01
2.656568578541726211e+01
2.367542858138383721e+01
2.336597453482125886e+01
2.835622469214915498e+01
2.421587121510050267e+01
2.017344049413454599e+01
2.654118355201800483e+01
2.789160393177880692e+01
2.583638977432844186e+01
2.267815398038640495e+01
1.390626664344658536e+01
1.478198719040543985e+01
2.546529055858627189e+01
3.280787250168070557e+01
2.763503949995174835e+01
2.407700985505772451e+01
2.336224216830676070e+01
2.374354309836553867e+01
2.380876173013388453e+01
2.684218334727317057e+01
2.759206578731815185e+01
2.320034694324267122e+01
2.206811635915300585e+01
2.479652838299711348e+01
2.847566081027678564e+01
3.131639124443268329e+01
2.577652250408991463e+01
1.278353514667422708e+01
