8.836319079893373285e-02
8.911966534601276635e-01
4.821681392404032707e+00
6.171879852225052865e+00
5.060896368368012155e+00
3.123297779513950712e+00
2.346314569613149992e+00
3.727655522464732751e+00
5.682822715776150169e+00
5.597451587107562965e+00
4.082116911814303251e+00
2.628099994132809147e+00
3.427689874778068191e+00
5.140588947103074347e+00
4.882269296010068871e+00
4.407726515674900369e+00
4.446656384227620329e+00
3.426954062603540851e+00
2.866332636621524266e+00
5.203735283733351480e+00
7.294025685795169522e+00
4.939886924774048005e+00
1.630517648209450332e+00
3.279777522133611622e+00
7.186453510839797332e+00
6.628537401083328895e+00
2.949190316256872446e+00
2.628275258485298416e+00
5.718544373680789938e+00
6.821048278572379608e+00
4.884566581737476376e+00
3.546249013529237715e+00
3.698705722787712258e+00
3.259374139393177217e+00
2.951247873183416193e+00
5.163675921299937244e+00
7.696509258069159642e+00
5.902516564975133662e+00
1.389006650369467577e+00
8.389687103489692488e-01
4.900917991167457188e+00
6.902934092616266781e+00
4.691864515016995973e+00
3.812275010949790044e+00
6.106601669657113263e+00
6.386084364025124138e+00
3.694018447207518374e+00
3.655808473259876568e+00
6.586078621905713248e+00
6.226165407023563247e+00
2.410723235499641959e+00
1.543949235072187065e+00
4.005760317981093444e+00
4.706993036916165885e+00
4.378692311734695863e+00
6.637212379438678589e+00
8.029050718479396664e+00
4.407164151846418854e+00
8.525961522797922409e-01
2.881195793561533769e+00
6.150028349722515664e+00
5.508711578352880167e+00
4.055978238661009705e+00
4.810636756184305973e+00
4.918194079066886992e+00
3.751758370309981050e+00
4.562521368207159256e+00
5.918260947235404856e+00
4.104446984358406603e+00
2.487193899212057691e+00
5.609138705682644499e+00
8.793326565781455884e+00
6.300785259546163530e+00
2.460577979085198042e+00
3.048935675320259886e+00
4.979685117409573536e+00
4.422573243038004698e+00
4.241681577707844042e+00
5.777640316948194688e+00
5.199353873354086275e+00
2.974516484088827184e+00
4.294597146041255975e+00
7.739558242239984232e+00
6.664494648685276523e+00
2.194138934828338439e+00
1.772658685432332071e+00
5.709303867137566435e+00
7.339123839101905133e+00
4.935853183162114632e+00
2.917780357015309800e+00
3.243831839405970197e+00
4.135088749157080912e+00
5.079133508640216732e+00
6.554679311654448171e+00
7.024985270134257220e+00
5.096336079338844804e+00
2.789736030280669965e+00
3.007520299649208084e+00
4.989499416938022236e+00
5.359700379376264756e+00
3.480185656381681980e+00
2.696872978674114574e+00
4.922604339357106618e+00
7.145482675118092430e+00
6.289118034970130999e+00
4.340614687933309845e+00
4.468873120422925282e+00
5.399973221756936503e+00
4.503634222861295555e+00
2.864152100770696485e+00
2.445523416869293420e+00
2.300138907995067594e+00
1.831595245046490961e+00
2.959312264189478459e+00
5.543231906164471923e+00
6.149833638260701285e+00
3.985321025717614596e+00
2.357096924249562520e+00
2.765517645311582395e+00
3.170465929482655376e+00
2.528958520343226102e+00
2.007461722973697960e+00
2.180367323558666026e+00
2.745676614662933446e+00
3.559497045289575556e+00
4.003346314974521647e+00
3.722010405301068303e+00
3.950481762527124019e+00
5.002775145393178136e+00
4.586181545395093373e+00
2.179149664652309415e+00
1.047313390353810769e+00
2.426803298884026461e+00
3.417625195569513163e+00
3.322082806664572452e+00
4.606993234934495973e+00
6.040114670898853788e+00
3.979015576781584684e+00
8.108733746252437813e-01
1.874205055690821187e+00
5.103877423851735706e+00
4.680331705570396572e+00
2.218123055287230638e+00
2.879314526955627063e+00
4.607587872643525095e+00
2.915616298610998580e+00
1.038856909517632099e+00
3.830264194086761442e+00
7.573953746796481035e+00
6.626530345048705861e+00
3.686829318483161089e+00
3.814124074857462965e+00
5.182363028372108715e+00
4.361282135385466496e+00
3.671985355086401004e+00
5.709683337012728899e+00
7.474770101497616004e+00
6.458862823288042065e+00
5.925312449481672239e+00
8.535116389422546135e+00
1.097521059549366207e+01
9.925974568263935538e+00
7.854797238989740471e+00
8.491473159927920733e+00
1.113144176736822821e+01
1.303140634406383214e+01
1.376057059123578874e+01
1.447049375005405025e+01
1.567187224750997032e+01
1.730600904979200294e+01
1.900072741199876347e+01
2.014334172211267315e+01
2.112677132537626434e+01
2.301557067648090182e+01
2.505967229940779717e+01
2.571399750570390097e+01
2.633521642722563527e+01
2.893780949725143259e+01
3.121053879787235630e+01
3.064187919188664111e+01
3.094496520951027208e+01
3.519880764639324155e+01
3.746297082314045213e+01
3.299865046972335136e+01
2.944236965453956856e+01
3.349774458050833204e+01
3.692823728658756011e+01
3.247663156969849041e+01
2.973260514636086782e+01
3.620241834992143737e+01
4.028943729483551550e+01
3.376725811374127773e+01
2.963815406101527117e+01
3.617641705223627469e+01
3.894357044527411205e+01
3.012178465860961651e+01
2.568985594054571564e+01
3.267946199106188487e+01
3.363616044703938712e+01
2.281836671774846792e+01
1.950965804788827285e+01
2.842848515932685416e+01
2.892849717992120162e+01
1.766393173768993918e+01
1.675339262520103389e+01
2.830532219905811075e+01
2.820236694571665126e+01
1.339675770762384666e+01
7.609620171701530822e+00
1.545784541565530290e+01
1.790670909215793927e+01
1.318977755588682754e+01
1.627901704390146520e+01
2.241444240904126772e+01
1.567284508285993638e+01
5.001016745857929102e+00
9.504307716444408527e+00
2.048507268174430251e+01
1.769627476981520786e+01
7.680982463512327385e+00
9.259023622582068569e+00
1.833447877256090663e+01
1.986891365137538301e+01
1.632680451714803738e+01
1.665195665854163209e+01
1.681442801248579499e+01
1.338269282770095003e+01
1.496538565870944915e+01
2.329443195239519682e+01
2.595802459975584497e+01
2.003133070343295330e+01
1.852971754698290496e+01
2.536397860116912639e+01
2.903970829129326248e+01
2.580764681369432978e+01
2.443869758538932402e+01
2.712825258972063480e+01
2.864601397846463016e+01
3.056717604554648915e+01
3.515393058003658666e+01
3.462976654955699019e+01
2.654019395559486938e+01
2.466905359646647966e+01
3.544338296071708072e+01
4.332941168676946120e+01
3.781127926684536789e+01
3.113175717653711772e+01
3.292270524432671408e+01
3.407834319076968654e+01
2.951298321569389671e+01
2.818549279410402519e+01
3.108713183694989368e+01
2.925890599220621269e+01
2.702563456573879108e+01
3.535102796567576178e+01
4.479611674549047962e+01
3.849409428558009694e+01
2.429584987088464132e+01
2.114913527788402803e+01
2.634773177671786115e+01
2.698287068196673744e+01
2.614218893571916524e+01
3.051551495935582281e+01
3.325598574934366525e+01
3.016412536433987057e+01
2.875932170015331479e+01
2.932429127325960039e+01
2.475049493787556898e+01
2.160016606880827084e+01
3.012328360574396413e+01
3.958276320823870265e+01
3.555970434290711779e+01
2.720125421815391320e+01
2.765367564108441201e+01
3.100643283462288835e+01
3.326805072458382995e+01
4.310575889785497594e+01
5.378588378090768884e+01
4.649200835959749156e+01
3.124380748274747432e+01
3.496613483317341320e+01
4.938035488284485552e+01
4.699640773092199453e+01
3.763452244471908159e+01
4.743325269466987493e+01
6.255639767631415538e+01
5.713390986376052183e+01
4.698663258504868878e+01
5.471260896529530982e+01
6.193827542001449160e+01
5.216832290014041718e+01
4.973277092240686414e+01
6.633249709431918006e+01
6.986856125458395184e+01
4.938409002753127197e+01
4.274783776742509644e+01
6.433890602746109266e+01
7.742314108024554287e+01
6.519020588702355212e+01
5.615428203671663709e+01
6.184787512705992896e+01
6.089314319870603498e+01
5.253012051478950895e+01
5.830847935786906788e+01
7.201549804856412607e+01
6.917075473152273446e+01
5.621432287573539810e+01
5.641447705471056651e+01
6.427036650371623239e+01
6.057230405719723620e+01
5.145223003905565662e+01
5.364000622589263401e+01
6.242279192643793095e+01
6.349673329716618042e+01
5.707525918370149753e+01
5.152098210574256854e+01
4.984530323674830044e+01
5.158398479568437978e+01
5.496765403016328122e+01
5.587092064259813640e+01
5.265981255645532855e+01
4.785256716531920773e+01
4.324616937783746096e+01
4.130199075390371632e+01
4.615750980332884268e+01
5.370297751726788960e+01
5.276253421147246314e+01
4.486366576007909401e+01
4.354193774325617738e+01
4.782902765658715794e+01
4.313892266268739206e+01
3.211906897383632753e+01
3.231091002763348285e+01
4.245023202282725805e+01
4.593140105662013895e+01
4.337063027367459256e+01
4.586425008137361914e+01
4.671801883611393436e+01
3.618345455847084935e+01
2.790073668597262113e+01
3.557008563299476123e+01
4.467471065378433792e+01
3.982856644743303320e+01
3.378428405231242238e+01
3.936420436389413879e+01
4.471432497014516372e+01
4.060851718639732155e+01
3.786440253492596497e+01
4.107961785888178952e+01
3.819362621568116367e+01
2.928734948380091296e+01
3.232095463454239592e+01
4.843363203218073210e+01
4.484288077071699519e+01
3.634373290514918864e+01
3.451468530749725261e+01
4.003164360299665248e+01
4.493634055286849360e+01
4.760174728391888976e+01
4.859184910235959620e+01
4.110389826284000492e+01
2.003363735615871022e+01
4.038716904053950785e+00
5.784903691411361626e-01
