6.937595223696711721e-02
6.692978252691139662e-01
3.519347537141092275e+00
3.633408124643489945e+00
4.432115327303285390e+00
5.491358045648056851e+00
4.774608812481179854e+00
4.609775580960421948e+00
6.269950562067295508e+00
5.743718376427954020e+00
2.351457367915712915e+00
2.926659373830512445e-01
3.036279774752415950e+00
5.436185582080693024e+00
4.317286723303034535e+00
5.385682144504796653e+00
7.228653738849549093e+00
4.340619386330765828e+00
1.655015293007249699e+00
4.657400336411612329e+00
6.705251978940159674e+00
3.073005028010419970e+00
1.306864875931660119e+00
5.254247992660738831e+00
7.494831753175303035e+00
5.262706981340386392e+00
4.151593782992634374e+00
4.885394404806169710e+00
4.378414998141380465e+00
4.294606630872152664e+00
5.570298551536276399e+00
4.959039421807156067e+00
3.015470461186088968e+00
3.050209669719910366e+00
3.850063495660048130e+00
4.409338189348623871e+00
6.612835164051070969e+00
7.025547218678145356e+00
1.965698480055278585e+00
-5.506116017730302570e-01
5.542443068425490615e+00
9.399981323866720473e+00
4.002931897298767083e+00
1.346763651416430507e+00
6.677482418047040902e+00
7.070440823878796799e+00
9.734533003779483051e-01
2.827657106196064696e+00
1.056483860969875899e+01
8.387851642542210939e+00
3.048819291962063249e-01
1.182207095108723349e+00
5.881699272194945038e+00
3.302837108901552909e+00
9.082829800981659929e-01
6.053969650294177107e+00
9.156762878337385558e+00
5.192882991358807487e+00
3.110682412906045080e+00
5.205050718683188471e+00
5.097490188279979684e+00
3.878271088106033382e+00
4.712728865825262403e+00
3.428049782841925186e+00
6.279010548597023789e-01
3.626110285569329683e+00
9.040548843918418953e+00
7.321890318336115477e+00
2.823288437846708909e+00
4.780066123165229719e+00
8.109967391633697176e+00
5.246319672497555153e+00
1.669355810283289054e+00
2.969552048372006148e+00
4.574498127154301486e+00
3.940482459106079638e+00
4.948795671083681569e+00
7.481836062926468855e+00
7.488484771288814734e+00
4.799441265166682236e+00
2.090426352646037600e+00
1.815356482885312595e+00
5.096945619374704251e+00
7.617083215362864479e+00
4.162480528442394245e+00
6.060692583662279365e-01
5.567158684402838453e+00
1.154495034458742175e+01
6.778873222979442836e+00
-1.120342622360660290e+00
8.051872840413792920e-01
6.322896972687637174e+00
5.105915019689731160e+00
3.479427580573891898e+00
7.574421604815225528e+00
8.839157905421680894e+00
3.410177630860161457e+00
1.045844928227726900e+00
4.793821598617695301e+00
6.108261205812909544e+00
3.055445478257373448e+00
2.081089843460549815e+00
4.527376807490023580e+00
6.876421677140318600e+00
7.569514664226302258e+00
5.849996535486320148e+00
2.783816051414614634e+00
2.961186633089254450e+00
6.215849240402572917e+00
5.625133888174912222e+00
9.076805529122444760e-01
1.440738998594581211e-01
4.043721689075761461e+00
5.141061702919635046e+00
2.970165736333501449e+00
3.186840397203996922e+00
4.998771516620071687e+00
4.164582938302427984e+00
2.375323472873064556e+00
2.905112884695506992e+00
4.185090825118598090e+00
3.683442776045801725e+00
1.759601721560044796e+00
3.217015843334871672e-01
1.298983515173262493e+00
4.083691491497894788e+00
5.015942896465151790e+00
3.781837367106469117e+00
4.752200451281983540e+00
7.307744962190884763e+00
5.316167254350051330e+00
-1.666468824117051661e-01
-1.368495828667901648e+00
2.051682289087062294e+00
3.939670825812568555e+00
3.878094712672855326e+00
4.913716191979668579e+00
5.567666002340569520e+00
4.482215851841884202e+00
3.961324759834670584e+00
3.811629666534031902e+00
2.154502122563256794e+00
1.317378979322481047e+00
2.695670473721062166e+00
2.619265352796830815e+00
1.226300672375184364e+00
3.671280206323216611e+00
8.264314005660351015e+00
8.147456426968121335e+00
4.646765058049419750e+00
3.803243263220925652e+00
4.311263521035505697e+00
2.508187995641151691e+00
1.384791392186426107e+00
4.230216223027539080e+00
8.062988990172502923e+00
9.054133611799709769e+00
7.399836803093716497e+00
6.112520140797942148e+00
8.020834012651388178e+00
1.092023779753910340e+01
9.131624513714417191e+00
4.960956820312202531e+00
7.383149439289467431e+00
1.436310404073686620e+01
1.504457689681919241e+01
1.153011458611488038e+01
1.423362150480189037e+01
1.914815605006727850e+01
1.703938987295825669e+01
1.458250051953897142e+01
1.977024598437903080e+01
2.439441565548226976e+01
2.269681077987951667e+01
2.287590734407936921e+01
2.700457635503082088e+01
2.788309357925359677e+01
2.751281521130085750e+01
3.070542965464339957e+01
3.174844894049915212e+01
3.013113833049786194e+01
3.479523917920160159e+01
3.996435064470087895e+01
3.309078754422405666e+01
2.595297765376091448e+01
3.362989353017449190e+01
3.982668669240625547e+01
3.038593792811664329e+01
2.663160077328402764e+01
4.008701491444855236e+01
4.444850404189359239e+01
3.065950540700460891e+01
2.720444663913925254e+01
3.939571367669022095e+01
3.878598721315021436e+01
2.490011357531929548e+01
2.525495917039180682e+01
3.654828766309517363e+01
3.377128418870635329e+01
2.238170377256188459e+01
2.303993859914365672e+01
2.912811491606341363e+01
2.480056173598304881e+01
1.690212772497107352e+01
1.823302843356263381e+01
2.476521354181610590e+01
2.570653109178985574e+01
1.880889227864825131e+01
1.154046567809155377e+01
1.238471965946652809e+01
1.795982534851060564e+01
1.741603982637691672e+01
1.328810447958499452e+01
1.548609922277045214e+01
1.693165732860325789e+01
9.008360212157738189e+00
7.022447046549994631e+00
1.978179645339242754e+01
2.393085328543454438e+01
9.633142026443172412e+00
4.566653299049219683e+00
1.765890693749258133e+01
2.142942827082874047e+01
1.202914981614580547e+01
1.388298321884198394e+01
2.191724796838717637e+01
1.584404267146127054e+01
1.152470983120542591e+01
2.523530654345506719e+01
3.121418479310528582e+01
1.648772607519996924e+01
1.242675622586653539e+01
2.791193234160010661e+01
3.158485430797307458e+01
2.130762142143081306e+01
2.431235130946295442e+01
3.370093136610935147e+01
2.864065481962097692e+01
2.554527231515477581e+01
3.729399317653162882e+01
3.799531799654286601e+01
2.169380493630258044e+01
2.163270230791825455e+01
4.043930424676049995e+01
4.447811960108963802e+01
3.340795410390405351e+01
3.299703986776464149e+01
3.726013927631348110e+01
3.013893253645943915e+01
2.590943619374358775e+01
3.334967027110172211e+01
3.319251170190838707e+01
2.363406418318529489e+01
2.701377289398956805e+01
4.092860756246690812e+01
4.267983725110559590e+01
3.324193323810675338e+01
2.730163471291208666e+01
2.427429190166655815e+01
2.229885010850210136e+01
2.694323095099915477e+01
3.235851771052008274e+01
2.962739904855810735e+01
2.724913881191168130e+01
3.183842081196335627e+01
3.205417956810146052e+01
2.442691564549508243e+01
2.203886358285138769e+01
2.766459864119007506e+01
3.245632657569586144e+01
3.572242115971527454e+01
3.752080235389023954e+01
3.143278737794941691e+01
2.270528695603367098e+01
2.521882961149158930e+01
3.667310230025874063e+01
4.552306709147884334e+01
4.979340456445890339e+01
4.776470573480718684e+01
3.792625285367323329e+01
3.452365500239124430e+01
4.516031943792236092e+01
4.878755568702610645e+01
3.796603216123958902e+01
4.081582427357196252e+01
6.114134606691531815e+01
6.370672430157587485e+01
4.821302962327344233e+01
5.122705977742428018e+01
6.537303701391961397e+01
5.675909871456884304e+01
4.520822220633128552e+01
6.146378440755940886e+01
7.210482664575184231e+01
4.933872503077097349e+01
3.869226230707710812e+01
6.695756853440641976e+01
8.365987786291334771e+01
6.399844734097911214e+01
5.300855454956393231e+01
6.466961891093623649e+01
6.145985605597033441e+01
4.694321580111308378e+01
5.707317419438002304e+01
7.591096179612314643e+01
6.842896939709142146e+01
5.427141788966107327e+01
6.103771076617473312e+01
6.730324609360017973e+01
5.559248001818875906e+01
4.887491154884963152e+01
5.756246357231827204e+01
6.233174583448447237e+01
5.900584525253835011e+01
5.817197902936580078e+01
5.548965615090990156e+01
4.860547803366520014e+01
5.001677122916156293e+01
5.753826809998656699e+01
5.565736997396560071e+01
4.899586842158485922e+01
4.898911060683266783e+01
4.683695832524366409e+01
3.941510036240018877e+01
4.350057883462943664e+01
5.625860793878482013e+01
5.387719593016971231e+01
4.135144823770021816e+01
4.337915216970511523e+01
5.143170736934115439e+01
4.252229369916081936e+01
2.969557020350713117e+01
3.504329123348044561e+01
4.506999609699550291e+01
4.231403880720022670e+01
3.998061482357101681e+01
4.747875108601283500e+01
4.781459121414129498e+01
3.512315495002758325e+01
2.923494939955440231e+01
3.785353099071652849e+01
4.424992596835397762e+01
3.958132384109010360e+01
3.483553981047558779e+01
3.700128000791735161e+01
4.030965995223686349e+01
4.114986438386984702e+01
4.153995211630037687e+01
4.136954187941679351e+01
3.776123195778673391e+01
3.232068706175892459e+01
3.382343405215051746e+01
4.534930364778597323e+01
4.227888942257695248e+01
3.631708963542071444e+01
3.373342798319295355e+01
3.831150719560704943e+01
4.647460887209612679e+01
5.188005947998679801e+01
5.048576967208109068e+01
3.987427625888720684e+01
1.885244711072914114e+01
3.765835113053925376e+00
5.340812396070840906e-01
