3.562172608671713980e-02
3.860469037436516926e-01
2.253192306639425713e+00
4.327266042225399012e+00
5.866093752758850144e+00
4.563110363722755913e+00
3.409631810649945471e+00
5.848801399499300224e+00
7.700511538600247619e+00
4.405775588793937381e+00
6.704160316240546091e-01
1.753580169060727112e+00
4.332662145370673734e+00
3.717881824308305827e+00
3.754488267033604831e+00
7.170905075538077433e+00
7.389694403191851890e+00
2.900256351228148510e+00
1.738777287724738052e+00
5.501095886712753291e+00
6.421286906948026285e+00
2.842393316507991319e+00
1.574686016295203217e+00
4.738566558960117803e+00
7.435369669008029092e+00
6.640816272340828164e+00
3.995810132735589271e+00
2.807509159724262737e+00
4.711306131763488558e+00
6.717358476650471033e+00
5.066808236632234674e+00
2.573995007962245118e+00
3.701162013886473368e+00
5.105920522224687730e+00
3.036358701825534023e+00
2.878490988036057185e+00
7.379988414677207231e+00
7.823240292105135829e+00
1.341191244864600840e+00
-5.638101447145670297e-01
6.017035522987346674e+00
8.923453010776071892e+00
3.932581240128124378e+00
2.065799940541347635e+00
6.025597313589433845e+00
6.092289580541863536e+00
2.252917017347678463e+00
3.865888264610525482e+00
8.829282637793230748e+00
7.643969423514058725e+00
2.579106004687875764e+00
1.732192617776023402e+00
3.332928080746345056e+00
2.750158910378752708e+00
3.062195877678404177e+00
6.334158970391821519e+00
7.627058457866749741e+00
5.289414833579096253e+00
4.076982692372622452e+00
5.124976644121186808e+00
5.034184635221603088e+00
3.886658069950914118e+00
3.725302521324160399e+00
3.261411883517275623e+00
2.131917389789795614e+00
3.610298596360541179e+00
7.331869050546713673e+00
7.943105070209567131e+00
4.860744110776186844e+00
3.793724103639344314e+00
6.073419193445984909e+00
6.419128034764005619e+00
3.207391805851508515e+00
1.390458103843448256e+00
3.387300820583969418e+00
5.648655623278587612e+00
5.947545177502443714e+00
6.307059573464306013e+00
7.030073864067883704e+00
5.322236110298815603e+00
1.954950471128112932e+00
1.872459561443498011e+00
5.438197238301800240e+00
6.672581075499659953e+00
3.641419017511278611e+00
2.464340286917118483e+00
6.385255596145565704e+00
9.282540157576736561e+00
6.021101180721768031e+00
1.251271294310565274e+00
1.163155007753384762e+00
3.896677316476024444e+00
5.056071640058097394e+00
5.620686381849886004e+00
7.360137311054611331e+00
7.328770805548879608e+00
3.969480487962004922e+00
1.939342563402321140e+00
4.108131834415559069e+00
5.787700728281270912e+00
3.479473097827104677e+00
1.736483494378219028e+00
4.573647936619820165e+00
7.863295032643756066e+00
6.967516847908092892e+00
4.393359420187510800e+00
3.987452596682769634e+00
4.691374664126550798e+00
4.468644957789799754e+00
3.803484810338424005e+00
2.995412500452142801e+00
1.884988903963484175e+00
1.972766636048336686e+00
3.735958799158573651e+00
4.698386993818590263e+00
3.988190307681909630e+00
3.720018753574359405e+00
3.941286947001890972e+00
3.071824924986416239e+00
2.751982746582723571e+00
4.324983318209052463e+00
4.184341293762974701e+00
8.398672464731242737e-01
-3.719197779490778233e-01
2.713497153649609750e+00
4.477309514335251706e+00
3.076108847642739619e+00
3.884890400394738652e+00
7.231609644910646395e+00
6.927348268796848174e+00
2.777536867180867119e+00
5.421582122111644475e-01
8.805715081002698508e-01
9.167376583726477568e-01
1.912955951241136265e+00
4.956457476749829283e+00
6.434057135001246763e+00
4.967630132754736749e+00
3.966197578865855888e+00
4.236132128195530200e+00
3.482018253459824741e+00
2.283435267777691013e+00
2.131991641208471844e+00
1.754136610429458010e+00
1.217279983726447856e+00
2.810569722764741485e+00
5.488917583326522909e+00
6.466682492904162416e+00
6.602950846990767175e+00
6.772982241394741365e+00
4.864532804159416024e+00
1.844419041934269643e+00
1.711614820619889565e+00
3.618747466523195566e+00
4.569872281830546612e+00
6.356706674289328340e+00
9.313933310284394196e+00
8.684819130060091652e+00
5.729941391218852154e+00
7.458269306435333590e+00
1.109343415114287623e+01
8.579071729190754780e+00
4.870611648416970141e+00
8.836578853034756875e+00
1.423498185864915122e+01
1.300824784690223090e+01
1.218503623992806517e+01
1.681509824655472229e+01
1.810664714245227458e+01
1.422015435669568539e+01
1.575102681981494968e+01
2.224479222021164304e+01
2.306899623917533759e+01
2.083643833104337872e+01
2.428510663252242452e+01
2.822006692918089854e+01
2.671791903652391298e+01
2.704786348593286860e+01
3.140210847339855604e+01
3.147332833432385968e+01
2.999701491530634456e+01
3.555960629084447078e+01
3.939600832050968648e+01
3.212738304590626370e+01
2.734161994009551222e+01
3.458369514082286855e+01
3.764281909687839089e+01
2.956054584748316572e+01
2.937832602144808902e+01
4.068420352864428224e+01
4.151442130258604379e+01
3.042930782288677705e+01
3.002501361252940981e+01
3.928237380330524786e+01
3.636726857092958198e+01
2.513314195574439225e+01
2.682076653499643015e+01
3.624993560829341277e+01
3.330521479838081689e+01
2.277961013803099632e+01
2.260317496102656420e+01
2.894695362793138571e+01
2.601321162966652167e+01
1.654781003028361042e+01
1.623398494536303716e+01
2.553582980385142776e+01
2.806402043690729897e+01
1.763326781523867837e+01
9.369951065179556338e+00
1.423224539134696798e+01
1.993546782653945471e+01
1.512962525127681879e+01
1.153155117223024817e+01
1.761782503096910091e+01
1.802991472023070330e+01
7.162022714582405136e+00
6.621385498195288655e+00
2.124477357014445289e+01
2.404600801635306340e+01
9.150833023177062486e+00
4.779587792089531995e+00
1.691764112941109843e+01
2.072612863788753756e+01
1.358679124936372595e+01
1.460961344624138469e+01
1.966471657032159470e+01
1.547710360085164183e+01
1.452603032410590167e+01
2.543336187053862218e+01
2.803488470674795963e+01
1.653828983778256756e+01
1.517576397998515780e+01
2.724105656843926226e+01
2.925763725890383427e+01
2.236932289942349072e+01
2.611410128033787004e+01
3.274735161834627206e+01
2.780700825250099939e+01
2.633817774772707310e+01
3.718235796788702885e+01
3.749223768917023847e+01
2.239467862608264781e+01
2.134142588180118594e+01
3.915332859143406807e+01
4.571528734394401283e+01
3.526079390034474415e+01
3.109752444357861378e+01
3.527791863410161710e+01
3.256947734052819499e+01
2.767275320267033223e+01
3.051532821944246976e+01
3.171099522257201642e+01
2.641192411441337740e+01
2.804644381930158659e+01
3.865847146081642904e+01
4.230120184053748744e+01
3.481045548687495028e+01
2.709464299656913155e+01
2.354512492894567188e+01
2.284221805212446199e+01
2.670231304073944756e+01
3.173280816624850331e+01
3.084386394032242507e+01
2.772261607338722911e+01
2.980348546456728442e+01
3.195175934817907049e+01
2.699571808601742617e+01
2.155107119087340450e+01
2.481087722897708403e+01
3.359528804226177812e+01
3.866998181167573989e+01
3.599413771975235932e+01
2.877306554980188480e+01
2.432883552588439002e+01
2.716356998496402753e+01
3.507334402282828734e+01
4.435611794640538363e+01
5.103830922580304730e+01
4.818136783674551538e+01
3.750856227447341951e+01
3.504751667305876595e+01
4.473564939363289739e+01
4.746286478655194685e+01
3.905369581956890102e+01
4.235659264276162617e+01
5.922152733217257037e+01
6.220770430194317413e+01
5.092479385242065604e+01
5.266216861594164556e+01
6.244360599713730409e+01
5.583318973639338623e+01
4.806856347283255104e+01
6.157315200722494097e+01
6.927731166439035349e+01
4.965205980766329930e+01
4.101185887096138316e+01
6.649058193445179654e+01
8.241483779107642249e+01
6.474113394483237016e+01
5.329265316135839470e+01
6.400568214893029051e+01
6.202680089449531664e+01
4.695168344067171518e+01
5.536763111601649712e+01
7.646523744095104291e+01
7.104707204757528416e+01
5.336074805987076530e+01
5.822678489378665034e+01
6.883804649344934035e+01
5.833855624107336268e+01
4.677123903399380822e+01
5.497998085917195255e+01
6.443859356305928543e+01
6.086942036962226865e+01
5.625897992423132621e+01
5.465510627622686712e+01
5.035066695481401666e+01
5.013770623381509495e+01
5.639575519668421322e+01
5.606704072489954171e+01
4.912076630508222763e+01
4.803254704371032346e+01
4.764175244751899641e+01
4.054469901617679284e+01
4.183127204414140721e+01
5.541935228733703411e+01
5.649665785574165255e+01
4.184162930879642772e+01
4.008964117587392195e+01
5.127427332345710909e+01
4.593672777389615902e+01
2.939354397676609310e+01
3.188543807054599455e+01
4.579691396741583986e+01
4.490610301752135314e+01
3.906084575712059603e+01
4.582481936069141426e+01
4.870224174588033605e+01
3.560409195165821927e+01
2.857378015705065621e+01
3.848921988843269304e+01
4.449456071274319413e+01
3.814714276934335402e+01
3.514988277509076653e+01
3.896215414582374592e+01
3.928127026242996322e+01
3.877716611867665364e+01
4.336484293737819229e+01
4.378687590482116576e+01
3.524124532607134341e+01
3.047645209741737204e+01
3.693427369104463054e+01
4.600138690394108920e+01
3.991640920910641199e+01
3.535153161855960491e+01
3.585227966162180735e+01
3.906697336210014271e+01
4.472867697894828609e+01
5.175988015290507605e+01
5.203288644721981626e+01
3.933512577597435467e+01
1.753656922985420152e+01
3.459272353795791233e+00
4.730382577198367633e-01
