8.916837594986110060e-02
8.663663278048213678e-01
4.504624138735404237e+00
4.188352344228573720e+00
1.732815905826499137e+00
1.948334708074612509e+00
3.280445723813036007e+00
3.900472593412558808e+00
5.855044934906551646e+00
7.928130722894375815e+00
6.815763907559304613e+00
2.713321715839513537e+00
1.639495093061160480e+00
3.744276474696618617e+00
3.305737181047580187e+00
2.899924678899878483e+00
4.918147190953597203e+00
4.711738314099001457e+00
3.652541610306102804e+00
6.890869797204744351e+00
8.833890268321423989e+00
3.783437379980102655e+00
5.486474724279544191e-02
3.786416623755973543e+00
6.373891042793646378e+00
3.425111847483379712e+00
3.098271570238293027e+00
6.633225381613963911e+00
6.673340362799577541e+00
4.620458377036484876e+00
5.552803550662013699e+00
5.772219824144064759e+00
2.719837670396766605e+00
1.242319173728132498e+00
2.653778158911162421e+00
4.535131536823347354e+00
7.291514138943163026e+00
7.882702140752517295e+00
2.275538493481702673e+00
-1.130861698651166591e+00
5.478705229954220712e+00
1.018073652984041999e+01
3.771124727156581535e+00
2.939191249127512950e-01
7.094596413769250098e+00
8.371077624994091693e+00
7.703578954673016010e-01
1.685416274429439198e+00
1.016529725802194228e+01
8.177806689474543589e+00
-1.453867506671895904e-01
1.563946608190978971e+00
7.089985839268456047e+00
4.389758383469153813e+00
1.683978809916670816e+00
5.932292807167655724e+00
7.525067357333382390e+00
3.550271412704066876e+00
2.705827632836520280e+00
4.719813621696578920e+00
4.513618188816269416e+00
5.625119104970554673e+00
8.158912423049342166e+00
4.854065968628112238e+00
-5.016039468467774487e-01
2.171188455985777477e+00
7.458330196879188634e+00
5.207418756520828751e+00
1.573631314522717872e+00
5.086758995341054579e+00
9.563067271205921926e+00
8.197507328285222883e+00
4.941848941522545502e+00
3.412179363028701395e+00
2.241179390125953130e+00
1.782754135381676708e+00
3.013454714171992066e+00
4.805794486277410904e+00
6.735769858467769211e+00
7.579648305815822162e+00
5.274451760287200308e+00
3.588853890356133114e+00
6.846818728528014653e+00
8.206313282463773007e+00
1.336607652228049448e+00
-3.486849543679456875e+00
3.289201428388310422e+00
1.090455528566315735e+01
7.851158092869884086e+00
2.256514595424137237e+00
3.902979395565004062e+00
7.143639484667509976e+00
5.655314541811156559e+00
3.593379370763354785e+00
4.027156710135248119e+00
3.792647105536214536e+00
2.455850535826158421e+00
3.345264654274436644e+00
6.416293944846766628e+00
7.998592215688535845e+00
6.121723581466852693e+00
3.094418127706036969e+00
2.861205629847087817e+00
5.173899614043361517e+00
5.390243852884000653e+00
2.725322675369092451e+00
2.320346327861656288e+00
5.859728336931761206e+00
8.392044769652438063e+00
6.669842624043702983e+00
2.882776610316598820e+00
3.812484089184051683e-01
8.883640658121600975e-01
3.148592302718106861e+00
3.517103506260391033e+00
2.081458691268711636e+00
3.317804734971962155e+00
6.541597857643183467e+00
6.058607271457107757e+00
2.990913539528851306e+00
2.880022164503092341e+00
3.500203299797739032e+00
6.939245767764179451e-01
-9.526773018719100206e-01
2.122616857513401012e+00
4.365079129082685583e+00
3.502785334526335337e+00
4.791800632417827721e+00
7.767753844062141866e+00
6.545384963194716299e+00
2.435165637195131794e+00
4.965460129135160217e-01
3.068417773035454488e-01
9.366460849994523441e-01
3.696755068366779362e+00
5.755982814390280922e+00
4.195226555757507469e+00
3.159829502237983867e+00
5.125750338795752370e+00
5.213282130664515179e+00
2.428131094377433019e+00
2.024352882955049893e+00
3.820950338205702845e+00
3.454601885203876233e+00
1.972582779930665442e+00
1.863500469652650482e+00
2.251346657906758697e+00
4.094601473597481167e+00
7.908314826714179624e+00
8.396934707082358784e+00
4.242169959526594702e+00
2.843839311817291549e+00
5.368649935555699138e+00
4.658130605329772855e+00
2.138970676675517435e+00
4.620952178713563896e+00
7.699137294602699910e+00
5.492174454510148074e+00
5.241942154607977855e+00
1.142733858115672696e+01
1.409875107681280326e+01
8.964557431284516653e+00
6.146118759389493036e+00
9.584630262791495880e+00
1.147497300149283639e+01
9.853328276739610203e+00
1.061530577008991116e+01
1.460280950434900760e+01
1.804699711023836528e+01
1.996310476394925004e+01
2.082393497817983530e+01
2.079125208927493418e+01
2.115260189786389233e+01
2.218155989170346842e+01
2.244016831532623968e+01
2.260489026074566254e+01
2.492709659365319297e+01
2.913847670998853445e+01
3.292421201953584387e+01
3.471062685886445820e+01
3.493446553533142662e+01
3.534042248154985089e+01
3.498704756639525471e+01
3.092912142168663081e+01
2.705356066492037570e+01
3.051069595848841232e+01
3.586397304275376285e+01
3.361981563495893965e+01
3.225656396800570747e+01
4.124386935736060167e+01
4.491447382116326281e+01
3.190660381330052076e+01
2.418122562853124435e+01
3.470859194583984220e+01
3.860145376842852016e+01
2.574715692499508179e+01
2.388737671792453199e+01
3.818772552976192003e+01
3.834919230514175581e+01
2.324659587742674205e+01
2.180549654067941390e+01
2.997975152473480165e+01
2.288004205459859719e+01
1.132451233638842325e+01
1.806083892550188352e+01
2.978128547830622708e+01
2.599149824425683164e+01
1.604157992196832438e+01
1.399038043495960792e+01
1.602095231453024127e+01
1.625175733567901659e+01
1.469894764584992863e+01
1.276274790181207841e+01
1.414230770520970815e+01
1.685476068490817170e+01
1.251000317078523416e+01
7.767985892150525373e+00
1.628295529762205973e+01
2.438514513351467983e+01
1.339639889666232797e+01
3.099715907659898129e+00
1.411419528888021624e+01
2.328414295531436906e+01
1.423688056905948862e+01
1.172268264131461812e+01
2.172904772277949803e+01
1.851844073279362490e+01
9.792583342529107782e+00
2.152382125213172870e+01
3.282709987090102288e+01
1.957428459447183755e+01
1.193379828261867814e+01
2.792491757526232377e+01
3.294185307333076196e+01
1.979250734737957274e+01
2.290821706827746951e+01
3.532163144696563961e+01
2.700677735794379686e+01
2.067218389484642316e+01
3.928654476307288945e+01
4.531276295356887118e+01
2.259568980228738155e+01
1.774405187712701704e+01
4.085171298540189611e+01
4.587821354679586250e+01
3.020142922389830531e+01
3.011602484660405921e+01
3.752050782228534587e+01
3.005260788905909664e+01
2.755495851695225085e+01
3.883018324468238802e+01
3.547124525243005877e+01
2.020093326645570642e+01
2.521491269492886644e+01
4.099335482422007004e+01
3.884165220039560751e+01
3.005748739401973424e+01
3.052913798624496877e+01
2.739742999808212787e+01
2.175203610575611179e+01
2.982713789325283571e+01
3.748099904555039785e+01
2.727937314462667473e+01
2.000433744471753172e+01
2.939337659078316634e+01
3.300380743424412344e+01
2.419704065322106956e+01
2.333897785160746707e+01
3.067172677775404210e+01
3.375428187737033880e+01
3.773545348266356569e+01
4.058101172324155215e+01
2.807109512844945698e+01
1.430627598925744159e+01
2.343710341915754825e+01
4.119861649850417962e+01
4.625820133641682474e+01
4.859530451073007384e+01
5.165318501031102727e+01
4.197513629856030093e+01
3.320668707955487520e+01
4.305500901050941565e+01
4.757287467407876846e+01
3.411315224153197789e+01
3.794229265104614512e+01
6.383777976918354824e+01
6.709579923459271811e+01
4.896609664436142850e+01
5.305178868663584524e+01
6.688023601800522044e+01
5.398247911004030897e+01
4.293996086944409996e+01
6.285585514450007594e+01
7.044319491129978417e+01
4.461077890958562620e+01
4.062144897197333648e+01
7.406825431005020732e+01
8.482798952987786834e+01
6.001681749355689277e+01
5.224564576241095182e+01
6.606111195226621646e+01
6.080766779978836922e+01
4.597170235987916698e+01
5.626424225655656386e+01
7.442335717299445719e+01
7.006268870045289532e+01
5.875162867460125682e+01
6.070147274735975174e+01
6.265294506954676024e+01
5.546118181572369110e+01
5.213740633489108234e+01
5.678543676734871326e+01
6.037640515978601741e+01
6.090843728221018694e+01
5.915574208652799371e+01
5.299090153108742385e+01
4.837156611775962034e+01
5.216845534317037192e+01
5.646695317847733264e+01
5.337348956529655197e+01
5.041581981513179045e+01
5.162354197959488289e+01
4.769910361552349798e+01
3.954077009029840184e+01
4.159378103698548301e+01
5.233487793274471045e+01
5.380007206454664725e+01
4.518509749943361697e+01
4.308722331080279133e+01
4.785999216825614866e+01
4.487167984340063498e+01
3.603795426834074789e+01
3.529940920405127258e+01
3.996490973061511909e+01
3.931086919825894910e+01
3.938216004015495741e+01
4.727291573405259584e+01
4.909187275278675600e+01
3.666145153128633183e+01
2.982517559621594572e+01
4.015387632683081165e+01
4.734083034704102033e+01
3.826142536520658410e+01
2.984487473080346476e+01
3.438935245600212909e+01
3.999079922377328700e+01
3.990167455902578553e+01
4.333735167868898941e+01
4.725036618143695222e+01
3.987643247307216399e+01
3.001745170841773813e+01
3.391243865957601145e+01
4.551796899595333201e+01
3.984089550211003683e+01
3.083326725120342715e+01
3.156811571170795361e+01
4.178575917993648403e+01
5.140546726819848544e+01
5.525643598645299193e+01
5.116916341962424752e+01
3.711890379083182268e+01
1.629034335587557436e+01
3.199137921530727624e+00
4.355923597655949608e-01
