8.857723226851438314e-02
8.531799962349265742e-01
4.415161856749829639e+00
3.909861613930713631e+00
2.018779013728159821e+00
2.354090965141387048e+00
2.789676377989907863e+00
3.284409597892192778e+00
6.295287007282822422e+00
8.668467103262349482e+00
6.660494840935440308e+00
2.119272971029487973e+00
1.770459125956046931e+00
4.115104546184215728e+00
3.069397177981685765e+00
2.692271988082678646e+00
5.024339364007269104e+00
4.673262963974531559e+00
3.690465059926497204e+00
7.135926309278182167e+00
8.802109036616036164e+00
3.632077801037615572e+00
2.057718663497246914e-01
3.756094953535088266e+00
5.945318919909341027e+00
3.497180862877892427e+00
3.680813235377156989e+00
6.496618865042330881e+00
6.040155528136370577e+00
4.855969851736440468e+00
6.248696029715453903e+00
5.634774813229173951e+00
2.126923164254161502e+00
1.148418697540662947e+00
2.914281481376495897e+00
4.778744778346975863e+00
7.376333195988422631e+00
7.532038388401328888e+00
1.915721997092287632e+00
-6.675924109087940650e-01
6.077052632660818965e+00
9.709118652440928088e+00
3.075628301914301588e+00
6.683967941450708050e-01
7.676310746983543432e+00
8.098768719115041037e+00
4.205057892689138543e-01
1.866847796800012116e+00
1.026087178657755850e+01
8.084577883527602538e+00
-3.928615923693241224e-02
1.566956948059724075e+00
6.899707464240536936e+00
4.508743507275452700e+00
1.851224952870222484e+00
5.685102679795268621e+00
7.484016117698323534e+00
3.918212643568868891e+00
2.530991559600859642e+00
4.180898862129414084e+00
4.832949215848254987e+00
6.303409831863764801e+00
7.866314228634359473e+00
4.225369700906130177e+00
-2.880727070371938425e-01
2.641707175224924598e+00
7.372605965081810986e+00
4.906683095515552040e+00
1.372229979581354620e+00
5.075210281318281780e+00
1.003034024921426237e+01
8.600154193865080288e+00
4.430623966559319449e+00
2.843730806544195300e+00
2.755477071392173904e+00
2.329600989061003879e+00
2.460538575678107520e+00
4.269992602483714705e+00
7.131443521714519562e+00
7.948703774699168889e+00
5.136540271791144363e+00
3.591729975139725806e+00
6.920786746795299038e+00
8.006129616290968087e+00
1.310831510666064181e+00
-3.332663287846300726e+00
3.080975290308560766e+00
1.075273100404493754e+01
8.199117756561042469e+00
2.333408492575980819e+00
3.571797233094372803e+00
7.395607570199414837e+00
6.133902423219753430e+00
3.119101500688810980e+00
3.359524341250348822e+00
4.178396221945996913e+00
3.015797708778135799e+00
3.048279445370479568e+00
6.052661222113751904e+00
8.204299958870240772e+00
6.400640658270202898e+00
3.248726690925467064e+00
2.836406565272026281e+00
4.647734303436102721e+00
5.014278877176352900e+00
3.320509250743009400e+00
2.835390452019971086e+00
5.255066460030872300e+00
7.942125540695875507e+00
7.332199331303788092e+00
3.325209051118285686e+00
-1.035259552645460129e-01
5.859867808580023762e-01
3.314932326606321755e+00
3.468073647697996087e+00
2.047633459338485284e+00
3.559563472763428216e+00
6.491584744340039848e+00
5.868430271723877212e+00
3.254764138239200300e+00
3.015369077919755281e+00
3.112528520678240707e+00
6.863071649467438196e-01
-5.828202834692096657e-01
1.815375930603793098e+00
3.924690787842578743e+00
4.047349023667140777e+00
5.331910669534666525e+00
7.232616981306316362e+00
6.075070233030835709e+00
2.857621928417511725e+00
8.188735054444072903e-01
8.308119776646460952e-02
7.449123042447630683e-01
3.563784399040085038e+00
5.741200987179199799e+00
4.692198343250293391e+00
3.424443092822094581e+00
4.421087415335487769e+00
4.807179442598569885e+00
3.196563856654763836e+00
2.438712483265767617e+00
3.118245336520569122e+00
3.134947510001683479e+00
2.481806715389619278e+00
2.001397400266040183e+00
1.997594459567094249e+00
4.155865154167453390e+00
7.899692035741355589e+00
8.181854448497661636e+00
4.458949209308841866e+00
3.110123595922731354e+00
5.055801155765327515e+00
4.530953317175733908e+00
2.508065575529800029e+00
4.478599615629825337e+00
7.259563086170892632e+00
5.863393273208957091e+00
5.664079847134374290e+00
1.087222051463134598e+01
1.375867099827574513e+01
9.652365552651678726e+00
6.483260280647633600e+00
9.019888711104730561e+00
1.117600348983194003e+01
1.004511105195778420e+01
1.070335972537169411e+01
1.475392409887382961e+01
1.813461711224610440e+01
1.951331395669104296e+01
2.069302120998887773e+01
2.159190608469373629e+01
2.140276801827782904e+01
2.124209227789574683e+01
2.208335032210043281e+01
2.333587299935165049e+01
2.511577918210183569e+01
2.864300510021325152e+01
3.296693664365845677e+01
3.501698918942371108e+01
3.484408684678096080e+01
3.539601471540726862e+01
3.515748232569281129e+01
3.054871659003813988e+01
2.676422640035519862e+01
3.090043164768444228e+01
3.596243064130060674e+01
3.325840259194680471e+01
3.253363274260124172e+01
4.170043565062657365e+01
4.445323420337847153e+01
3.153412235054047486e+01
2.477186503651950389e+01
3.487111049725634615e+01
3.782681416762714832e+01
2.558022432995452178e+01
2.453522553784455695e+01
3.838944388468388524e+01
3.816097078898534534e+01
2.323238468670482604e+01
2.161907298454230641e+01
2.987357138702493842e+01
2.336021561125758694e+01
1.136418159833795904e+01
1.719894840410722026e+01
2.969050691685336929e+01
2.701307737929373687e+01
1.623278421357448309e+01
1.320408015280054315e+01
1.597402138122104631e+01
1.674638872751270569e+01
1.455212856175067238e+01
1.251453344634076359e+01
1.429686411335150176e+01
1.672236912636501671e+01
1.234432648214336936e+01
8.226505702631486727e+00
1.648479395489253463e+01
2.389528665591792844e+01
1.338936518773837570e+01
3.518339765825480026e+00
1.377994124764432193e+01
2.290095210740001619e+01
1.479513944632562783e+01
1.196504694133698621e+01
2.103205816078450141e+01
1.846851445766613509e+01
1.056911350885232004e+01
2.151556411787693435e+01
3.220770991967205532e+01
1.957284970897353205e+01
1.216029191849665025e+01
2.789794047368513574e+01
3.315185355935994949e+01
1.982067570836159831e+01
2.230508727011152814e+01
3.533636608897767672e+01
2.790479685644668706e+01
2.062675425968533105e+01
3.830063659374017249e+01
4.538845532757866863e+01
2.343698684892670769e+01
1.762588238013012187e+01
4.033663624786393598e+01
4.604367962917644519e+01
3.030024251795351375e+01
2.989918701855212291e+01
3.777133661290165634e+01
3.024404664234315376e+01
2.709124003232737010e+01
3.879409413588397371e+01
3.604322277325915991e+01
2.005085510316668618e+01
2.470805708327189265e+01
4.134248191486408786e+01
3.909793897586120437e+01
2.942781769020794513e+01
3.048483027976327620e+01
2.821660728019631748e+01
2.170453162425781457e+01
2.909901970928396508e+01
3.764813515755842133e+01
2.778664828667763231e+01
1.977993252976163419e+01
2.915211461133392135e+01
3.306348500107827704e+01
2.397014257296475037e+01
2.343769585882310125e+01
3.140336930043492458e+01
3.365610995940600247e+01
3.681566869622527349e+01
4.076561823826632747e+01
2.896763662271742845e+01
1.395932341906763341e+01
2.260553408270106601e+01
4.149349663788108700e+01
4.675855423466430949e+01
4.842024155579154865e+01
5.170485353792974337e+01
4.220097045925984958e+01
3.282698410275703083e+01
4.288579260609805033e+01
4.805268957920665684e+01
3.398516993859597335e+01
3.734096018244329684e+01
6.415839117052225049e+01
6.762277555905264137e+01
4.855901121856203417e+01
5.291645701003074009e+01
6.754497058575167046e+01
5.383070059963355902e+01
4.209097043111750480e+01
6.306241079653160853e+01
7.110822007287819702e+01
4.429204679445884807e+01
4.023034295901449298e+01
7.443026375639148284e+01
8.499226635776389571e+01
5.992636237014091449e+01
5.251803670900253707e+01
6.587023523529879299e+01
6.004447945351627425e+01
4.623135704936125023e+01
5.717511902404769586e+01
7.404829143509074640e+01
6.922858005120401970e+01
5.928281743508695456e+01
6.142623123291913600e+01
6.221045827189694677e+01
5.507465905299519449e+01
5.238065127776111751e+01
5.664779450592330079e+01
6.020991943040500871e+01
6.137346962497116465e+01
5.918859888514654699e+01
5.243402088247574966e+01
4.861735066055275212e+01
5.274692703280401673e+01
5.602421723178704127e+01
5.295604552538260634e+01
5.095758307460030778e+01
5.166036261145033848e+01
4.702023724917899017e+01
3.983379390482697602e+01
4.232610547184426508e+01
5.189688832954614384e+01
5.322420181736795541e+01
4.565450174320331200e+01
4.340430826441816237e+01
4.749527521872671798e+01
4.485659252076501247e+01
3.614198238103127636e+01
3.493989093066033291e+01
4.017352229745007719e+01
4.001175898030913203e+01
3.889558575775638616e+01
4.642087684868063491e+01
4.974104959186267649e+01
3.743233044806711973e+01
2.920417993675705404e+01
3.963835293266322424e+01
4.780872370252338754e+01
3.848744420097169439e+01
2.951020521656679207e+01
3.449339891931163038e+01
4.015133329209496793e+01
3.937023517570357711e+01
4.347994066766889887e+01
4.802450675118129197e+01
3.942414080115939612e+01
2.946369144618532943e+01
3.465458542011990772e+01
4.537285782156128278e+01
3.946591833551821793e+01
3.082972389476050168e+01
3.204798015183128257e+01
4.167932372772185090e+01
5.079147758196718598e+01
5.564569342546980124e+01
5.201255165132053548e+01
3.655354285159918959e+01
1.539657476759894905e+01
2.993875655962404903e+00
3.965757129498954092e-01
