6.508122773889170043e-01
2.533033751419319746e+00
3.238719913710634835e+00
1.741962150450299784e+00
2.101263185964387326e+00
2.820937500558299948e+00
4.148084605822976556e+00
3.645633612510851940e+00
1.082059885159670498e-01
1.435587436339878176e+00
2.951092943837440252e+00
3.504375860477465743e+00
3.236777362998057406e+00
3.358441112614079849e+00
2.743690944416427691e+00
2.798384637918194695e+00
1.526136858873417879e+00
1.262379267421642526e+00
3.932320527474232108e+00
2.663815496933827909e+00
3.334635524403435358e+00
1.875318347464503876e+00
7.952381820527095746e-01
5.926025208960989943e+00
1.883271138057265537e+00
2.264908461417565189e+00
3.965978117965695660e+00
4.308489513016373174e+00
2.493449503553229363e+00
4.097466304811483440e+00
3.258020428389455603e+00
1.103890733777483701e+00
1.699104905134358079e+00
2.208437976093042820e+00
5.515751908710226914e+00
1.782985348775776524e+00
1.558810444633727532e-01
3.105835560125201233e+00
5.329249752833906673e-01
7.130659770514660600e+00
3.138197693248462983e+00
2.201700378602712282e-01
1.472964662239263811e+00
4.981965673794015892e+00
2.233669533188582079e+00
2.433402477274348552e+00
6.350359955896544228e+00
4.236540642305557824e+00
2.265782305740577041e+00
-1.001863923155025038e+00
2.219025111004924611e+00
4.867239902689534325e+00
2.862889837399635873e+00
6.478466633202899061e+00
-4.376952487202915298e-01
2.874951218582141976e+00
2.552772041390319213e+00
1.532058969842823748e+00
3.236285212589711802e-01
4.617121443741385889e+00
4.850883715082449754e+00
1.029342912227118934e+00
3.663552882706809122e+00
3.085803135256603102e+00
3.982791339563258148e+00
3.671274057837108362e+00
1.902705925835247891e+00
4.017526476946763125e+00
6.920882223566160452e-02
4.898938534423137092e+00
1.113091989142215521e+00
2.912135498455467708e+00
2.900264823747010556e+00
4.867624484747350877e+00
2.926207201619929865e+00
2.255338127799559444e+00
4.186402180163534048e+00
2.119635358143737935e+00
3.887884708289645719e+00
2.670979675097552963e+00
9.510466214239805538e-01
5.042469279310473951e+00
1.950205172770373974e+00
2.528211067535535150e+00
-1.645143605587029434e-01
5.732040579496698207e+00
4.713778155689796634e+00
5.020315635651927622e+00
4.211764176885155475e-01
8.441612458953683396e-01
4.060168977937252954e+00
4.053535912647222794e+00
3.138650128123963157e+00
7.437365168517746650e-01
2.520380706660923842e+00
5.475925801805381354e+00
-3.608742954679745596e-01
3.013540445460600292e+00
3.851998440641765775e+00
5.123855363459331791e+00
1.784132297979931892e+00
4.437900021998077982e+00
2.340481523186409341e+00
4.257937411711719911e+00
2.584853275121261618e+00
4.801080564592528077e-01
1.246975418490935628e+00
2.893678944384262319e+00
3.253817949224715012e+00
4.225316541533437942e+00
1.356433397768771698e+00
4.542547765309656427e+00
1.280759615931724937e+00
3.126575931662874730e+00
3.363541362482481922e+00
2.367467017052339973e+00
-1.780356520228013828e+00
1.710977630238084357e+00
2.550673702587936909e+00
3.646845604569647570e+00
8.512281066189222312e-01
-6.581352079995566040e-01
7.043889579819564428e-01
5.605723207817453257e+00
9.486428846352430444e-01
2.126829471065056598e+00
1.646769346525406075e+00
4.039219846733011821e+00
1.177536943713168194e+00
1.569534076632680186e+00
2.554902879548187844e+00
3.564218827400927214e+00
2.048148089298825525e+00
3.199425210071099368e+00
1.329798783744179147e+00
1.803058369094450164e+00
6.992396774574738405e-01
2.829676256622406072e+00
-1.770219129172882599e+00
4.022814182270541217e+00
2.292421696400407605e+00
2.268053070787767744e+00
1.980469333890732209e+00
3.500069441656298963e+00
1.298831864179392337e+00
2.769736070500731007e+00
5.631750627650135677e+00
3.617701248858924856e+00
-1.033377709419241786e+00
-5.881962173623189738e-02
2.904623798271732227e+00
7.293202173084509354e+00
-1.477925241451450766e+00
2.450427818155680892e+00
8.369698375194059015e-01
4.966309740505053583e+00
4.844203100202441270e+00
5.009326982809478856e+00
4.229070351620434209e+00
6.081806623588699168e+00
5.178843452206373321e+00
3.162612772460974941e+00
4.520393506661265270e+00
5.601417097646868015e+00
8.263275127483888483e+00
9.471550072156460942e+00
3.417623654071543449e+00
1.245475325020449731e+01
5.130683996302592753e+00
6.940082179855179056e+00
9.910354460183640413e+00
1.368970057500187210e+01
1.133115323222961912e+01
1.452211687258884076e+01
1.757244530880910460e+01
1.718853568343174132e+01
1.577144022963939207e+01
1.614795419434937429e+01
2.232302117292706356e+01
2.013064790854473429e+01
1.652011928890910042e+01
2.291623951939805082e+01
1.515674155359014463e+01
2.619756250943143172e+01
2.380118102375695344e+01
1.755698143020093838e+01
1.774515287236454242e+01
2.772926201079111053e+01
2.336732317492327482e+01
1.815547694140326840e+01
1.940127700720064396e+01
2.131340349123345490e+01
2.433171368233409737e+01
2.004991049287105298e+01
2.013485576134796418e+01
2.058775248492657539e+01
1.787122692183871919e+01
2.986271297692059434e+01
1.749797701742363287e+01
1.639292783486676086e+01
1.928856499368187016e+01
1.672615937827766430e+01
7.306857676065883211e+00
1.517597027778906948e+01
1.490768090151590997e+01
9.868418361266984462e+00
1.323979202574124692e+01
9.755636451291222144e+00
9.200712309854223392e+00
1.023909750026434295e+01
1.339957450519402649e+01
1.240236387392924833e+01
-2.256397301441395165e-01
1.340709823778084164e+01
1.488714140417611453e+01
1.042872741546571191e+01
6.328796250505458687e+00
8.681266671891627595e+00
-2.937048987046355197e+00
4.992179204539516135e+00
1.537343321837033550e+01
7.454456716846431519e+00
8.173676404525560102e+00
1.040073491209271950e+01
1.160191556554510051e+01
9.280129375281568116e+00
1.038288048509043193e+01
1.776772137988976041e+01
8.086769364121039416e+00
1.171172085689529041e+01
1.357719862330025684e+01
1.470669824724724783e+01
7.710769245488714674e+00
1.962037993793997259e+01
1.512243076205167469e+01
9.384580917883161177e+00
2.000623117918470228e+01
2.072996452873094952e+01
1.987193852472631761e+01
1.694526695212045908e+01
1.982092997932558731e+01
2.448393869911052789e+01
2.392695406069980635e+01
2.334308829662012030e+01
1.355265101259371008e+01
1.837779505897296772e+01
2.009309527816373020e+01
3.065638955687644440e+01
1.902794482174513746e+01
1.854277051058006265e+01
2.175094823235505004e+01
1.634552664234378838e+01
1.899058304798363395e+01
1.872963789037911297e+01
2.340636003253153419e+01
2.282108654556934368e+01
1.776628504965141886e+01
1.300623711944472127e+01
1.617933921381259665e+01
2.338043751567336059e+01
1.529828279968178251e+01
2.316843660816877204e+01
1.622881957323007640e+01
2.255907218079065046e+01
1.858900224366270493e+01
1.188490125871114245e+01
1.325829787435272067e+01
1.276867124070897930e+01
1.985996971684041412e+01
2.006801632798855906e+01
1.856047015769419417e+01
1.429421983721304024e+01
1.948235858711730373e+01
2.181904556425751451e+01
2.136120737899360122e+01
2.848861495038589453e+01
1.353002128817335858e+01
2.407842014013760590e+01
2.518055991761470835e+01
2.764945868253745331e+01
2.972855914606195782e+01
2.785221954012724410e+01
3.134186211301219771e+01
2.865369202301143403e+01
2.600864619738728223e+01
2.382279878924667926e+01
3.519283474212893026e+01
3.397462997007688301e+01
3.207802721333755613e+01
3.455681007825459972e+01
3.137681613462959263e+01
4.557442690575133781e+01
3.079359060765187195e+01
3.205296359671234541e+01
4.029723860317047723e+01
4.527274980019400630e+01
4.734524391321091485e+01
3.830551168456749167e+01
2.965395599364905976e+01
2.986697171758079605e+01
4.056560028091167425e+01
3.442433624427008709e+01
3.791660020160288980e+01
3.947997363107299407e+01
3.654463902318103408e+01
4.292634602261335175e+01
3.377827606873999144e+01
4.528661043142586351e+01
4.108047361506151418e+01
3.663365417532279622e+01
3.945369869125239148e+01
3.650886315203759835e+01
3.437865627638359456e+01
3.688196931830911751e+01
3.703738303641956975e+01
2.744126924374516108e+01
3.317770415839406439e+01
2.950376852463094579e+01
2.986549309788509987e+01
3.409174807937791485e+01
2.645142319182808066e+01
3.570231422268558674e+01
3.424148476227878035e+01
3.870695929343123964e+01
3.367532545605502037e+01
2.214150446816074336e+01
2.325011521503283873e+01
3.058982027969748785e+01
3.137181084000730635e+01
2.700256517130576128e+01
2.721075457245120788e+01
1.868014150023576647e+01
2.416649161088790976e+01
2.593540824262417743e+01
2.176814091910544136e+01
2.935509839388936726e+01
2.560147933122000197e+01
2.649519798626988631e+01
2.414317523085271588e+01
2.494718908152753656e+01
2.638621855590597676e+01
2.341266609231968587e+01
2.239476653442425302e+01
2.570839057317559195e+01
2.809996179410475747e+01
2.434686430797640000e+01
2.403577223677958230e+01
1.429295766959015168e+01
1.369858260795490246e+01
2.602151674683756255e+01
3.226738455795850768e+01
2.872445718509744594e+01
2.406094534337173840e+01
2.227322856690816266e+01
2.303274387276609758e+01
2.573722236053382417e+01
2.765782079114906722e+01
2.568402290059246695e+01
2.257330711024231107e+01
2.253145449634328301e+01
2.610648372871757417e+01
2.789186101619088731e+01
3.070672311474478633e+01
2.617668614553462092e+01
1.280434641503891413e+01
