1.807741363479342667e+00
2.390699775295747731e+00
2.016687138935009393e+00
3.047878593132810732e+00
2.514741261509063630e+00
1.720815952457931175e+00
4.629430329241031927e+00
4.255483204450683843e+00
-2.096476844896491276e-01
1.372433185134425804e+00
3.167986923009451505e+00
3.580260806432684184e+00
3.715756220250820085e+00
2.705755221502430974e+00
2.640527727227752308e+00
1.535249564220565022e+00
1.608441839420509556e+00
3.580973434262344490e+00
1.882607252411242049e+00
2.459665703143718130e+00
5.270255608612386844e+00
9.493440334720706364e-01
3.586911007274669050e-01
6.745043594233525397e+00
1.886788318903866113e+00
2.042862368321607835e+00
4.578094298881290491e+00
3.280502703344660986e+00
3.518119787111295249e+00
3.404932499752685082e+00
2.071887216996207481e+00
2.265373974774985033e+00
1.087211398059233725e+00
2.891862948095144770e+00
4.991196039670273699e+00
1.856605251715408356e+00
1.082668217471174144e+00
2.379771506682458959e+00
5.090382195755132066e-01
7.693483453721835730e+00
3.582127939192649269e+00
-1.084853215525098946e+00
2.589368056205910040e+00
3.913980887928266483e+00
2.247405925267514704e+00
4.038772120999802873e+00
4.587962106658330264e+00
3.674790773794440746e+00
3.245244032539654100e+00
-6.809207562596782115e-02
6.665644313996350601e-01
5.181356125559082315e+00
4.191339938953534627e+00
5.447649177887532446e+00
5.630986760593099938e-02
2.311595026425422361e+00
3.502679777177653442e+00
1.888570318317805974e-01
4.497446150159273293e-01
5.756956765521377584e+00
4.468801765335316922e+00
7.440782205511679015e-01
3.538317396844215423e+00
2.785427333907548597e+00
3.980182705916918806e+00
4.750936758174067798e+00
8.154956813576552666e-01
4.031767721919237601e+00
1.878877619309047287e+00
2.764668530237421429e+00
2.129087747898390948e+00
2.265967566070390848e+00
2.905291707924991140e+00
5.663627124970908255e+00
2.763003594142608765e+00
1.399109563958879088e+00
5.530033141414780751e+00
2.034198138986293536e+00
2.807214653211464128e+00
2.461379878963126266e+00
1.535908260883126264e+00
5.700005889858742236e+00
1.375333866579939279e+00
1.521109069002726022e+00
2.060486502941481390e+00
3.551300039829571098e+00
4.823310876799960845e+00
6.421266032793012002e+00
2.462537199240940333e-01
-4.188401153404130994e-01
5.616950089256450340e+00
3.416055463213993892e+00
3.582917595025329138e+00
6.286919274001029345e-01
2.122552947793378220e+00
4.774684782988948051e+00
8.111332285195752556e-01
2.613685946781591163e+00
3.652167132247290393e+00
4.166921556072551880e+00
3.010652492906474187e+00
4.308405889528122756e+00
2.352994123736358301e+00
3.532970600055637789e+00
4.111841377555482957e+00
-4.925398083806006855e-01
1.855688251112154408e+00
2.203427067644917248e+00
4.484700192494270432e+00
3.502583187734695347e+00
1.578730749830977054e+00
2.812880706652298723e+00
2.823403954632956570e+00
2.757803921307633743e+00
2.140705594412723123e+00
3.524694066390761993e+00
-7.009000073515360141e-01
-5.070566171915706910e-01
4.211383940040103191e+00
3.285337826150463769e+00
1.366600968245798686e+00
-1.648682259173203768e+00
2.084166324030182427e+00
4.313315027566419602e+00
2.815911291275721595e+00
3.733420547780669230e-01
2.187681862966527557e+00
2.390682369998387902e+00
1.704471674170853879e+00
3.261356708558272199e+00
1.209267732797452144e+00
2.719917635131506639e+00
4.597659556022177796e+00
1.515115566748628684e+00
1.884595568161387513e+00
1.458992258107408402e+00
1.951227255891647694e+00
1.309615870175546037e+00
1.293453995246863220e-01
1.834777556499030293e+00
4.397133899636494370e+00
6.196313449425800979e-01
1.464396273332503773e+00
3.928023451693180235e+00
1.760312260899029146e+00
2.423646340439965741e+00
5.668111695289141494e+00
3.504747484021112136e+00
2.125936863048090153e-01
-1.606208307102086730e+00
4.134714171825168982e+00
6.493609442268223120e+00
1.583270724944834951e-01
2.335576806226964952e-01
2.763440577909744178e+00
3.046927369677587816e+00
5.816027747573801143e+00
5.427932582275208695e+00
3.660213422174415143e+00
4.500588667042804580e+00
6.975016084315622145e+00
3.605569006004802901e+00
3.170052148386144353e+00
5.747541966666350532e+00
1.003779174183067724e+01
7.616247398512824951e+00
4.878133122901405549e+00
1.114570086840354968e+01
6.582715569205917383e+00
5.200425193948984948e+00
1.051123952885631319e+01
1.396345652527514680e+01
1.222798780551330111e+01
1.293227439950258173e+01
1.825438967314765293e+01
1.650808020926520925e+01
1.615121379266858526e+01
1.681737621471067712e+01
2.148621853179048102e+01
2.010000256917231454e+01
1.830637876833313626e+01
2.078962825384440194e+01
1.622906852644673847e+01
2.553635457466607761e+01
2.376028333393213643e+01
1.815727675599990221e+01
1.814980003155163146e+01
2.612350871592385104e+01
2.539910236612688266e+01
1.754269927204867585e+01
1.861115231080639632e+01
2.087401077058528287e+01
2.526639354372800028e+01
2.051248864609479838e+01
1.923974568977551769e+01
2.047940609627211472e+01
1.903428952573078803e+01
2.857294624149860240e+01
1.694622882561107957e+01
1.815250085447315342e+01
1.898302025279522809e+01
1.557178054854491656e+01
8.651078265096444397e+00
1.474031427813720896e+01
1.538432969587355359e+01
9.474041069550604988e+00
1.301967944733543447e+01
9.128998645074128504e+00
1.006457407744648513e+01
1.064364803699966622e+01
1.182069994357040166e+01
1.324299121320714789e+01
-8.172020057895996725e-01
1.460887241749473908e+01
1.406356870236822942e+01
1.046920297504286346e+01
6.845032596894173871e+00
8.859959486007630503e+00
-3.290443712392453701e+00
4.862788394191036367e+00
1.640218762374223971e+01
6.861951964819945182e+00
7.842346564228039441e+00
9.782026439607145463e+00
1.178703897248345100e+01
1.055877750664619619e+01
7.111769609419238414e+00
2.107126389166334590e+01
7.238451557652202162e+00
1.120207298204601187e+01
1.353579680996205425e+01
1.613424993878692248e+01
6.486044549955360949e+00
2.014447634428720946e+01
1.525397998092343954e+01
9.157244745905781969e+00
2.084535523746919594e+01
2.018084271079405667e+01
1.884400618788938431e+01
1.716966220338448679e+01
1.844016770078401635e+01
2.801003662048220377e+01
2.061120763188173655e+01
2.483636831081800267e+01
1.347817318508339746e+01
1.927111796442497749e+01
1.835568524277077884e+01
3.235024081565685350e+01
1.832957112275619593e+01
1.900910551082667155e+01
2.157698450978741889e+01
1.630016661223596941e+01
1.907981587928420453e+01
1.896313060657544369e+01
2.091091785866073494e+01
2.513264325902455454e+01
1.660007569003931494e+01
1.445345428917029729e+01
1.381573207577923057e+01
2.618859994876314445e+01
1.360424405692964633e+01
2.421288473337747860e+01
1.514382611081193097e+01
2.411679879616222166e+01
1.758728242829728927e+01
1.259331545047844791e+01
1.226260307230280056e+01
1.354135485652227189e+01
1.853784427825564762e+01
2.221273929421645477e+01
1.649163554554479916e+01
1.433997174485399384e+01
1.946413766422051239e+01
2.434838789332106757e+01
1.762290197142091230e+01
3.124295432856349564e+01
1.263277367333980017e+01
2.488327886633212671e+01
2.387470538479162130e+01
2.938526783440408607e+01
2.796499158322760437e+01
2.932047067884077762e+01
2.898102578546014740e+01
3.126220578474257650e+01
2.526417572353968666e+01
2.352543270920965313e+01
3.439264300278274078e+01
3.498153650475670418e+01
3.091470327277104957e+01
3.671558034261069992e+01
2.871961179525421315e+01
4.791678154009846935e+01
2.976362919931533568e+01
3.295270196688971964e+01
3.836784973538127730e+01
4.758676320444426722e+01
4.439485327934423253e+01
4.143908263803110259e+01
2.800882924852922073e+01
2.997210262191582686e+01
4.112585464507814947e+01
3.500274639658544373e+01
3.609979750754653338e+01
3.994336255772481792e+01
3.669410018473873691e+01
4.442352077125887178e+01
3.119203045766716187e+01
4.758559578652400290e+01
3.956113460653577363e+01
3.792353433055699696e+01
3.657787484537447398e+01
4.021006367809761883e+01
3.240145528084416782e+01
3.736439018374753829e+01
3.671414380571366110e+01
2.846097185846040745e+01
3.274873714668112257e+01
2.942302046549450623e+01
2.946710514001367898e+01
3.381577992726388260e+01
2.679474522305046946e+01
3.696445757530227638e+01
3.139629983792811529e+01
4.117233033532589559e+01
3.142269457838067481e+01
2.456073394173288804e+01
2.163852719264302493e+01
3.140987442415219988e+01
3.083789960346419079e+01
2.835445224122393171e+01
2.590981933712498986e+01
1.905193005582860621e+01
2.514877648172723568e+01
2.510863106298680947e+01
2.154861817015277836e+01
2.883785204641682398e+01
2.581583120229729644e+01
2.767288774853755839e+01
2.084457191594823655e+01
2.827850420483499150e+01
2.562969549808878256e+01
2.277411593478456098e+01
2.235319393126008691e+01
2.728826791198238766e+01
2.669818885527446639e+01
2.497458962752999412e+01
2.413128612014022423e+01
1.403239310813644281e+01
1.473496573229236439e+01
2.501625069414760816e+01
3.190904582059448558e+01
2.807111421578365196e+01
2.397470779536766727e+01
2.405924604812089385e+01
2.149505316490731133e+01
2.586023169537237720e+01
2.851195745973769746e+01
2.577033452788956325e+01
2.176256483291034627e+01
2.325737097377621865e+01
2.618262977916833023e+01
2.790280773537912395e+01
3.074480006389536868e+01
2.589980941806100745e+01
1.359433888356466724e+01
