1.276383250556275550e+00
2.228207306274643251e+00
2.948639140541116532e+00
2.627453393645730717e+00
1.587134229827563914e+00
3.244539732516973807e+00
3.937082544659267214e+00
3.796288327639975257e+00
4.840002912860367768e-01
1.239760191851305704e+00
2.987177619656993688e+00
3.561144056969829830e+00
3.781747199016885830e+00
3.140972276345382674e+00
2.047835920174060131e+00
1.787575238118434662e+00
2.113824062962810668e+00
2.326559403662393333e+00
2.206148554620137148e+00
4.185380895399884338e+00
2.610046770012501849e+00
2.469186910215593223e+00
7.028114984741813398e-01
5.659907813526796616e+00
2.483345262524859098e+00
2.029459065021313791e+00
4.469283139373524172e+00
3.645620530933985748e+00
2.689685374448796740e+00
3.982451162007113687e+00
2.628502765232758165e+00
1.604671879875473328e+00
6.379383945744566686e-01
3.819438219821885028e+00
4.167229918197037364e+00
2.709097188822965130e+00
-1.930248967118697312e-02
3.326975120185585055e+00
4.477285492745017859e-01
6.916943589294380246e+00
4.223301181945042337e+00
-7.351900298848622617e-01
1.694771939442913933e+00
4.171993173831705093e+00
2.748801826508719071e+00
3.787390678410158973e+00
4.066497187684241510e+00
5.054608920240764469e+00
1.977327558457797840e+00
-3.390861591790353402e-01
1.734761842770792040e+00
5.065288561119090538e+00
3.010555646579123223e+00
6.660427581911896766e+00
-1.862682688348513693e-01
2.091632286817455721e+00
3.451593258237940720e+00
1.770959752177466151e-01
9.665591764174743528e-01
5.317609072125554448e+00
3.836126618460513171e+00
2.286633245298612227e+00
2.692904581072178782e+00
2.580643113962769686e+00
4.555499094950339334e+00
3.790675191565675117e+00
1.798939774051077967e+00
3.804712850941553093e+00
9.035420926272121900e-01
4.430216901134895302e+00
1.148486967703370665e+00
1.668349784978564454e+00
4.261955090552861591e+00
5.104717072993042670e+00
2.025043189480491002e+00
2.551659339102054336e+00
5.032451889560764613e+00
1.678278675140330467e+00
3.792421813146199749e+00
1.781963059950992134e+00
1.707294926332976859e+00
4.937371943534424545e+00
2.496432577381542117e+00
1.434950362010720681e+00
8.715366853230690491e-01
4.519694340642385733e+00
5.102174030126064075e+00
5.662299550732093678e+00
1.862171602564230977e-01
3.977635205432308307e-01
5.345209273696469587e+00
2.544053365735753580e+00
4.756240931326266796e+00
9.552022619522237967e-02
2.491441147460915939e+00
4.427571015527151488e+00
8.390010139765667896e-01
2.344735048635389507e+00
4.528995689442750994e+00
3.023662848858051699e+00
3.396993453873865754e+00
5.164363263105171242e+00
1.015772153026859304e+00
4.122998965736701216e+00
4.745245094396771002e+00
-1.747822875438740597e+00
2.941549532507010678e+00
1.576611978537452163e+00
4.778690008591239824e+00
3.446480762000367903e+00
1.693053463110417267e+00
3.031973043279884372e+00
2.477690361889743897e+00
1.725422230313587324e+00
4.243656562711104918e+00
2.381423519618137252e+00
-1.665437046683164279e+00
1.286495623827959678e+00
3.745424781752247689e+00
2.008428344854460423e+00
2.940303225309218060e+00
-2.273280036342244514e+00
2.032115390147676948e+00
4.320361308678850598e+00
2.756578588088430593e+00
9.231767292188695073e-01
2.007546606717585114e+00
1.801648994869744946e+00
2.237985301715346598e+00
2.886286569770282640e+00
1.593046921560243412e+00
2.250406058475616256e+00
5.018822245929838388e+00
1.316324513572703747e+00
1.959745427563700071e+00
1.309765495085853937e+00
2.164087666453089920e+00
1.332801462270950310e+00
-2.927459652283559977e-01
2.443902463040996675e+00
4.154625394905637314e+00
3.063774860564967284e-01
2.025286315551310334e+00
4.194966592111430082e+00
4.165424885787170073e-01
2.883230075814350979e+00
7.249069750103222631e+00
1.210970695039266687e+00
1.080935703907715428e+00
-6.369351952656888693e-01
2.803200010744056225e+00
7.037953367975543273e+00
3.582522568406275310e-02
6.991751281553282293e-01
2.359655685848091711e+00
2.714413073217519567e+00
6.195313640225136531e+00
6.123553200359334703e+00
2.459986877222599233e+00
5.239534904060219489e+00
6.917302708915865850e+00
2.758108472999474259e+00
4.469170085463944453e+00
4.913886123340841294e+00
9.778515513814600268e+00
8.854618410793305472e+00
3.429525423323575684e+00
1.202720278368232698e+01
6.670272106556232039e+00
4.559178124978826574e+00
1.067697474774359989e+01
1.472881297428495095e+01
1.102365136298825377e+01
1.373257804114888536e+01
1.860308586970820954e+01
1.594112181273112760e+01
1.553412044344029574e+01
1.783545161108904864e+01
2.140236529869908466e+01
1.944238637040811213e+01
1.833624005563574144e+01
2.187699638310236239e+01
1.530735127552791752e+01
2.528088262574856770e+01
2.428697530058396836e+01
1.861789253900428065e+01
1.699553977638352009e+01
2.661049178136047999e+01
2.595789033571490734e+01
1.711965830430245461e+01
1.829883867773305184e+01
2.196946079895304038e+01
2.359127922146744538e+01
2.164830984907902689e+01
1.928334964326351297e+01
1.964998465556637797e+01
1.992877979258472010e+01
2.822762024425733074e+01
1.642666564317236322e+01
1.912261318261057852e+01
1.835626484004343695e+01
1.537901961043005628e+01
9.440644829345854916e+00
1.413152681918196762e+01
1.515090815555570636e+01
1.057903309940525105e+01
1.207599106133857703e+01
9.781878872250006296e+00
8.905542270637674562e+00
1.158711680880094796e+01
1.248136882388861046e+01
1.126018942733742634e+01
3.673598198028272255e-01
1.534955052737365655e+01
1.267308054752688129e+01
1.059267221821307636e+01
8.121340766121612376e+00
7.775220030796901938e+00
-3.430804072516997483e+00
5.658799921205658556e+00
1.587885989104744766e+01
7.191350856789062718e+00
7.708465417534134723e+00
9.856674300476775841e+00
1.152893380343413554e+01
1.055615073907231150e+01
7.453834212010151283e+00
2.057086650118769811e+01
7.723220733924894610e+00
1.072038850251492903e+01
1.406443330668580316e+01
1.574615641498565743e+01
6.521005771822143693e+00
2.039515989669754248e+01
1.510386440895300986e+01
8.970347027849115307e+00
2.122072574714011495e+01
1.989155622277638003e+01
1.966440338182842140e+01
1.622830672440028010e+01
1.785272019651067765e+01
2.962371617589040440e+01
2.006205022570867058e+01
2.330496448364761264e+01
1.569127438682113684e+01
1.847165296560068626e+01
1.750258928112886991e+01
3.331803416716969934e+01
1.842790662555714221e+01
1.822593250726656677e+01
2.227486179102045227e+01
1.560994887135900555e+01
2.024531467089360248e+01
1.795422511231730311e+01
2.113928452250704382e+01
2.565577136714951578e+01
1.557892837384645546e+01
1.489103177374557774e+01
1.451775081982146887e+01
2.502484868788694428e+01
1.416101421919668546e+01
2.455185057790495051e+01
1.460825995530135302e+01
2.411201504539659268e+01
1.825743578232556885e+01
1.156675359726531482e+01
1.348720268281530466e+01
1.251214705668352778e+01
1.873972608922191796e+01
2.280043257555570690e+01
1.645051553470648997e+01
1.338366230662490608e+01
1.983054452715568772e+01
2.535256327181707192e+01
1.632198656181559571e+01
3.139692755163804705e+01
1.357642941115938129e+01
2.413522864802891377e+01
2.384798082347192505e+01
2.940999053523364282e+01
2.877095339645131844e+01
2.838124979284673444e+01
2.890376307405400880e+01
3.191125073973409698e+01
2.531253572011573993e+01
2.265739406899372455e+01
3.548961364895797743e+01
3.467641591230104581e+01
2.960012164904423315e+01
3.862839600035662357e+01
2.786100659134304536e+01
4.727489359857664653e+01
3.095310277885152672e+01
3.228719063288144753e+01
3.841143997653962572e+01
4.798884277965177603e+01
4.358590744535465689e+01
4.219122397432396099e+01
2.796274519836704542e+01
2.915536705357146730e+01
4.203346655221483985e+01
3.512905174419074683e+01
3.546473127785674961e+01
4.012979917872351621e+01
3.641519707166769138e+01
4.526378542941682781e+01
3.039388116165583753e+01
4.739044234455862892e+01
4.059651992182513425e+01
3.765754659165202867e+01
3.512831691399526335e+01
4.207141760717004075e+01
3.184896934951939684e+01
3.662468844273487889e+01
3.730980465560082848e+01
2.886287425103270721e+01
3.194888034668578669e+01
2.987555530713455454e+01
2.995186968147497097e+01
3.283103831570068110e+01
2.683958554139687180e+01
3.799437822012425414e+01
3.041061089741629075e+01
4.163433417753073940e+01
3.094017160822063062e+01
2.528898821276784403e+01
2.103815691945216315e+01
3.157478154676344673e+01
3.073756374628737476e+01
2.898909064200600838e+01
2.493734362091312562e+01
1.950389389227573744e+01
2.558481799284280811e+01
2.457118180243557148e+01
2.207551580385371892e+01
2.804683776749337554e+01
2.600519032652785967e+01
2.899744924105372945e+01
1.856570147693260253e+01
2.951877851617678417e+01
2.628734862356587954e+01
2.155952790331670954e+01
2.230716030260507310e+01
2.876034400745259134e+01
2.523430414194741545e+01
2.536614658601124361e+01
2.453385130924463908e+01
1.359599090520777764e+01
1.502850009374290075e+01
2.486948738544944248e+01
3.236446377912329808e+01
2.758390567145328021e+01
2.332793507369941111e+01
2.542685371963586505e+01
2.079993691248861865e+01
2.527675285984756215e+01
2.942384195712352835e+01
2.580605441575621484e+01
2.081521406546142927e+01
2.403735028708621968e+01
2.620987894313477895e+01
2.753519432084006269e+01
3.086870417529188870e+01
2.591099084737076552e+01
1.376660726754801800e+01
