-8.498885752419374495e-04
-6.631911085740436335e-03
-3.533104839686580789e-02
-9.288787527190464632e-02
-1.660263525900306236e-01
-2.534856353361472636e-01
-3.558113603600454589e-01
-4.730616040751085549e-01
-6.049254218067721123e-01
-7.517264149967035625e-01
-9.110371921387987459e-01
-1.075955605844685525e+00
-1.221619931534492220e+00
-1.364616858205530026e+00
-1.508157095783596802e+00
-1.651945258949748307e+00
-1.795291642364927664e+00
-1.937664843878564191e+00
-2.078694424620845638e+00
-2.218168425023081980e+00
-2.356010689847122475e+00
-2.492218009207971097e+00
-2.626760267026121198e+00
-2.759547943244156976e+00
-2.890470637274163757e+00
-3.019421750395267168e+00
-3.146303526852481269e+00
-3.271024221426770850e+00
-3.393494675146086159e+00
-3.513626193612561011e+00
-3.631329850241022505e+00
-3.746516778190411401e+00
-3.859098774295051548e+00
-3.968988689465696496e+00
-4.076100513953397453e+00
-4.180349322221418085e+00
-4.281651219388398211e+00
-4.379923334809062929e+00
-4.475083851772361676e+00
-4.567052050288122444e+00
-4.655748347502882467e+00
-4.741094330854116023e+00
-4.823012785798633573e+00
-4.901427721658611958e+00
-4.976264397773979553e+00
-5.047449350364864529e+00
-5.114910419617418214e+00
-5.178576776454193009e+00
-5.238378948731890361e+00
-5.294248846843620626e+00
-5.346119788801019013e+00
-5.393926524858500215e+00
-5.437605261702548987e+00
-5.477093686192313626e+00
-5.512330988632555773e+00
-5.543257885559434328e+00
-5.569816642030582798e+00
-5.591951093412617979e+00
-5.609606666661097307e+00
-5.622730401087757457e+00
-5.631270968607578808e+00
-5.635178693459700128e+00
-5.634405571394939471e+00
-5.628905288323545975e+00
-5.618633238417247711e+00
-5.603546541659412128e+00
-5.583604060837913607e+00
-5.558766417974871032e+00
-5.528996010188050647e+00
-5.494257024978507431e+00
-5.454515454939615537e+00
-5.409739111882391427e+00
-5.359897640372539129e+00
-5.304962530674853127e+00
-5.244907131100278619e+00
-5.179706659752008946e+00
-5.109338215666317851e+00
-5.033780789344406870e+00
-4.953015272671883906e+00
-4.867024468222474809e+00
-4.775793097942653276e+00
-4.679307811214314938e+00
-4.577557192292896815e+00
-4.470531767117861932e+00
-4.358224009493852691e+00
-4.240628346639716995e+00
-4.117741164103787099e+00
-3.989560810043546013e+00
-3.856087598867958377e+00
-3.717323814241339619e+00
-3.573273711447303214e+00
-3.423943519112135903e+00
-3.269341440286396505e+00
-3.109477652884557131e+00
-2.944364309482189412e+00
-2.774015536470368914e+00
-2.598447432567510873e+00
-2.417678066688949912e+00
-2.231727475174317021e+00
-2.040617658373914622e+00
-1.844372576594331292e+00
-1.643018145404887775e+00
-1.436582230305834429e+00
-1.225094640759774478e+00
-1.008587123588135626e+00
-7.870933557343384734e-01
-5.606489363958218064e-01
-3.292913785272268967e-01
-9.306009971704298778e-02
1.480035875595646644e-01
3.938564863087989920e-01
6.444535260043302571e-01
8.997477741880040014e-01
1.159690448681850228e+00
1.424230930407698992e+00
1.693316776810654289e+00
1.966893735882319305e+00
2.244905760779825954e+00
2.527295025035815712e+00
2.814001938355318089e+00
3.104965162994496097e+00
3.400121630716206766e+00
3.699406560317676451e+00
4.002753475724372123e+00
4.310094224645293792e+00
4.621358997783357125e+00
4.936476348595459029e+00
5.255373213596101323e+00
5.577974933198298402e+00
5.904205273085540995e+00
6.233986446108271906e+00
6.567239134697977931e+00
6.903882513792403586e+00
7.243834274264663975e+00
7.587010646848874273e+00
7.933326426555536770e+00
8.282694997568565753e+00
8.635028358616660071e+00
8.990237148811235812e+00
9.348230673942783397e+00
9.708916933227795809e+00
1.007220264649778052e+01
1.043799328182225139e+01
1.080619308355697683e+01
1.117670510080889734e+01
1.154943121630908820e+01
1.192427217568460662e+01
1.230112761712030256e+01
1.267989610140152656e+01
1.306047514232831475e+01
1.344276123749166807e+01
1.382664989940258238e+01
1.421203568696381581e+01
1.459881223727515476e+01
1.498687229776190577e+01
1.537610775861690371e+01
1.576640968554590394e+01
1.615766835280620839e+01
1.654977327652830610e+01
1.694261324831018811e+01
1.733607636907385796e+01
1.773005008317367981e+01
1.812442121274582618e+01
1.851907599228817958e+01
1.891390010346006534e+01
1.930877871009079882e+01
1.970359649338644203e+01
2.009823768732352534e+01
2.049258611421896603e+01
2.088652522046495363e+01
2.127993811241782751e+01
2.167270759242962441e+01
2.206471619501126114e+01
2.245584622311583800e+01
2.284597978453108524e+01
2.323499882836929586e+01
2.362278518164363916e+01
2.400922058591917718e+01
2.439418673402751736e+01
2.477756530683325664e+01
2.515923801004104732e+01
2.553908661103164945e+01
2.591699297571550531e+01
2.629283910539234981e+01
2.666650717360532852e+01
2.703787956297819406e+01
2.740683890202379303e+01
2.777326810191272699e+01
2.813705039319050982e+01
2.849806936243162525e+01
2.885620898881914798e+01
2.921135368063866267e+01
2.956338831167468584e+01
2.991219825749831784e+01
3.025766943163511513e+01
3.059968832160139485e+01
3.093814202479783759e+01
3.127291828424924347e+01
3.160390552417918286e+01
3.193099288540830827e+01
3.225407026056533510e+01
3.257302832909965673e+01
3.288775859208442398e+01
3.319815340679953408e+01
3.350410602108303237e+01
3.380551060744114977e+01
3.410226229690506017e+01
3.439425721262477964e+01
3.468139250318890277e+01
3.496356637566000103e+01
3.524067812831558655e+01
3.551262818308367741e+01
3.577931811766323023e+01
3.604065069731933590e+01
3.629652990634286169e+01
3.654686097916484755e+01
3.679155043111593670e+01
3.703050608882095673e+01
3.726363712021893093e+01
3.749085406419955291e+01
3.771206885984616974e+01
3.792719487527654820e+01
3.813614693607203776e+01
3.833884135328595022e+01
3.853519595102297046e+01
3.872513009358000602e+01
3.890856471214063816e+01
3.908542233101420038e+01
3.925562709341151191e+01
3.941910478674877538e+01
3.957578286747192919e+01
3.972559048539338278e+01
3.986845850753343257e+01
4.000431954145864211e+01
4.013310795811027276e+01
4.025475991411467191e+01
4.036921337356936590e+01
4.047640812929723353e+01
4.057628582356232982e+01
4.066878996824083714e+01
4.075386596444000986e+01
4.083146112156012464e+01
4.090152467579171969e+01
4.096400780804349040e+01
4.101886366129453165e+01
4.106604735736523537e+01
4.110551601310174874e+01
4.113722875596859296e+01
4.116114673904430532e+01
4.117723315541569917e+01
4.118545325196523521e+01
4.118577434254809333e+01
4.117816582055363028e+01
4.116259917084778408e+01
4.113904798109225425e+01
4.110748795243675602e+01
4.106789690958083838e+01
4.102025481020190512e+01
4.096454375374638346e+01
4.090074798958086433e+01
4.082885392450094741e+01
4.074885012959459374e+01
4.066072734645810982e+01
4.056447849276251816e+01
4.046009866716838133e+01
4.034758515358703335e+01
4.022693742478718804e+01
4.009815714534527586e+01
3.996124817393814510e+01
3.981621656497779327e+01
3.966307056958699206e+01
3.950182063591508097e+01
3.933247940879420668e+01
3.915506172873539015e+01
3.896958463026461317e+01
3.877606733959942176e+01
3.857453127166618856e+01
3.836500002645911422e+01
3.814749938474152202e+01
3.792205730309075307e+01
3.768870390828799088e+01
3.744747149105425876e+01
3.719839449913473572e+01
3.694150952973282642e+01
3.667685532129653581e+01
3.640447274465902439e+01
3.612440479353637102e+01
3.583669657438469613e+01
3.554139529562008448e+01
3.523855025620392212e+01
3.492821283359752726e+01
3.461043647108883192e+01
3.428527666449561195e+01
3.395279094824854127e+01
3.361303888085839731e+01
3.326608202977183737e+01
3.291198395561976042e+01
3.255081019586343416e+01
3.218262824784281406e+01
3.180750755123223783e+01
3.142551946990869283e+01
3.103673727323823073e+01
3.064123611678564885e+01
3.023909302245381525e+01
2.983038685805774293e+01
2.941519831633989668e+01
2.899360989343243844e+01
2.856570586677375445e+01
2.813157227248652603e+01
2.769129688222550811e+01
2.724496917950161290e+01
2.679268033548587624e+01
2.633452318429274186e+01
2.587059219774403829e+01
2.540098345962685045e+01
2.492579463948392515e+01
2.444512496599595153e+01
2.395907519999326851e+01
2.346774760703204521e+01
2.297124592930367726e+01
2.246967535655490877e+01
2.196314249594093582e+01
2.145175534152397034e+01
2.093562324523732698e+01
2.041485689141143922e+01
1.988956827446793341e+01
1.935987067320088428e+01
1.882587860863926821e+01
1.828770777502445100e+01
1.774547495459303192e+01
1.719929796620429130e+01
1.664929573376826255e+01
1.609558853713138049e+01
1.553829833660976334e+01
1.497754872262489201e+01
1.441346383234778195e+01
1.384616619764806167e+01
1.327577508827344488e+01
1.270240811065156983e+01
1.212618834376289456e+01
1.154725707351398256e+01
1.096578623042078604e+01
1.038196790483249288e+01
9.795942264468553873e+00
9.207661014591451476e+00
8.616895240164410552e+00
8.023563708662814875e+00
7.428096104722484938e+00
6.831583772033755331e+00
6.235805672910842645e+00
5.643212001317541748e+00
5.054258991220177855e+00
4.461397694975964612e+00
3.820758315850948605e+00
3.153204851305461354e+00
2.539389786175715980e+00
1.990332980936810880e+00
1.505796463260512974e+00
1.085613975769572193e+00
7.288693188086927677e-01
4.306728216196964443e-01
1.942770306125593260e-01
3.226212808810684923e-02
2.883569223830481382e-03
