6.533932778310855283e-02
1.421653037213753690e-01
2.311941778288122695e-01
3.330544752733330394e-01
4.482637508043383900e-01
5.772057195710112998e-01
7.201084626365693575e-01
8.770244204041554026e-01
1.047812880490180509e+00
1.232125637553836306e+00
1.429396451164936188e+00
1.638834854599848567e+00
1.859424773855343549e+00
2.089928304195315611e+00
2.328894863883066435e+00
2.509336476878514688e+00
2.683518217978499987e+00
2.849033766627387720e+00
3.003496596017234843e+00
3.144601210637078648e+00
3.270186496825409517e+00
3.378299402515966054e+00
3.467257059939333530e+00
3.535705417994907229e+00
3.582672462857615425e+00
3.607614177884200135e+00
3.610451526910842812e+00
3.591596936537011509e+00
3.551968999010834072e+00
3.492994412070346222e+00
3.416596508055258052e+00
3.324930980850802964e+00
3.220536216499666260e+00
3.106277521621408688e+00
2.985280289198399828e+00
2.860853763430441177e+00
2.736407406888118565e+00
2.615362160767209065e+00
2.501059112150870956e+00
2.396668232144885557e+00
2.305099919035643374e+00
2.228922067087257375e+00
2.170285282683643846e+00
2.130858686347184339e+00
2.111778475539257460e+00
2.113611085513977805e+00
2.136332382768242333e+00
2.179323469783949196e+00
2.241383754767925840e+00
2.320761171857943506e+00
2.415198910833663337e+00
2.521997500359384858e+00
2.638090601530875379e+00
2.760132424697105513e+00
2.884594296730063956e+00
3.007867591046451849e+00
3.126369999613865858e+00
3.236651983343354466e+00
3.335500190396668785e+00
3.420034683794757502e+00
3.487796970010943909e+00
3.536826065578487999e+00
3.565720172718118697e+00
3.573681953510641662e+00
3.560545871807077933e+00
3.526786603997272174e+00
3.473508088009447548e+00
3.402413367263184441e+00
3.315755974756611213e+00
3.216274173841099149e+00
3.107109908690847799e+00
2.991714802094792791e+00
2.873745955529850793e+00
2.756954643013036055e+00
2.645071234860079556e+00
2.541689831842220304e+00
2.450156129010540695e+00
2.373461959559540979e+00
2.314149793757007689e+00
2.274230190804916951e+00
2.255114830236450096e+00
2.257567294783215495e+00
2.281673251899726917e+00
2.326831101903859000e+00
2.391763544365604233e+00
2.474549879600970392e+00
2.572678228246121801e+00
2.683116238348499660e+00
2.802398275163275887e+00
2.926726571752268136e+00
3.052083374768311153e+00
3.174350763540501497e+00
3.289434563222468189e+00
3.393388622829561552e+00
3.482535691726873939e+00
3.553581205369054530e+00
3.603716481169407793e+00
3.630708123154165801e+00
3.632970831082869445e+00
3.609621294443852157e+00
3.560511409884246081e+00
3.486239675605106392e+00
3.388140269626934042e+00
3.268249990928493887e+00
3.129253912940935578e+00
2.974411247352514831e+00
2.807463522845786486e+00
2.632527729634770886e+00
2.453977549648469481e+00
2.276316169360058872e+00
2.104044445770045790e+00
1.941528357210779543e+00
1.792869714131235526e+00
1.661784029089099501e+00
1.551489251688986215e+00
1.464608768609469980e+00
1.403091660022030229e+00
1.368152703648729762e+00
1.360234041251856762e+00
1.378989786670338002e+00
1.423294178615345906e+00
1.491273185563206871e+00
1.580358775127521875e+00
1.687364387136862209e+00
1.808579518539114694e+00
1.939880758179492792e+00
2.076856117604387819e+00
2.214939105103735262e+00
2.349548696181190000e+00
2.476231173308887090e+00
2.590799746503858803e+00
2.689467925664390080e+00
2.768972793770091201e+00
2.826684621419663035e+00
2.860699658771196141e+00
2.869913428625527452e+00
2.854072409253087361e+00
2.813802620395678744e+00
2.750614291695448355e+00
2.666882479444412368e+00
2.565804184282801437e+00
2.451333188656435347e+00
2.328094458547838475e+00
2.201280520630977122e+00
2.076532716882489193e+00
1.959810639548694278e+00
1.857253348807381244e+00
1.775036165266362431e+00
1.719226904841192560e+00
1.695645383364771330e+00
1.709729864918070774e+00
1.766413867259405857e+00
1.870016379106020032e+00
2.024148099624685671e+00
2.231635795160197056e+00
2.494466298932599635e+00
2.813751074699611721e+00
3.189711644715139904e+00
3.621685565566878040e+00
4.108152042202962484e+00
4.646775719290926254e+00
5.234466697107089672e+00
5.867454401475981740e+00
6.541372606364451059e+00
7.251352673135438742e+00
7.992121938483061960e+00
8.758104156560092335e+00
9.543518979097910915e+00
1.034247763623340433e+01
1.114907225276840386e+01
1.195745658906740161e+01
1.276191641937530363e+01
1.355692823734196750e+01
1.433720549153383317e+01
1.509773208406858735e+01
1.583378339403538071e+01
1.654093559495422028e+01
1.721506450380428888e+01
1.785233561108805489e+01
1.844918728190586066e+01
1.900230937446576718e+01
1.950861968511571831e+01
1.996524069138606094e+01
2.036947902369120555e+01
2.071880995291105521e+01
2.101086893934452604e+01
2.124345195632124472e+01
2.141452589019166197e+01
2.152224984157721721e+01
2.156500762725267606e+01
2.154145122644666799e+01
2.145055434966471353e+01
2.129167475307453827e+01
2.106462339780102155e+01
2.076973808125794108e+01
2.040795876565133327e+01
1.998090151378785606e+01
1.949092772847476240e+01
1.894120529016626620e+01
1.833575820560248815e+01
1.767950152166124766e+01
1.697825852309385297e+01
1.623875761571531839e+01
1.546860678937341760e+01
1.467624414516391163e+01
1.387086364288339624e+01
1.306231595849892457e+01
1.226098511579717965e+01
1.147764234776951753e+01
1.072327942690818325e+01
1.000892445420912580e+01
9.345443789428918180e+00
8.743334416304817225e+00
8.212511544215722381e+00
7.762096632981044131e+00
7.400211274308615472e+00
7.133782459822421096e+00
6.968364703953486838e+00
6.907984267240673049e+00
6.955010343572777032e+00
7.110057540299389522e+00
7.371923304409617295e+00
7.737563147102852312e+00
8.202105613152582464e+00
8.758907954179017352e+00
9.399652422920752315e+00
1.011448203764329357e+01
1.089217360211519825e+01
1.172034473777224939e+01
1.258569072099503217e+01
1.347424604872281861e+01
1.437166490656301754e+01
1.526351410872436176e+01
1.613557163828417274e+01
1.697412365482877661e+01
1.776625276473494353e+01
1.850011047229428485e+01
1.916516704694628359e+01
1.975243254687041272e+01
2.025464342035500920e+01
2.066640994672153653e+01
2.098432075632781491e+01
2.120700175826391742e+01
2.133512797523248139e+01
2.137138800552800078e+01
2.132040206799135262e+01
2.118859580252317798e+01
2.098403316163472709e+01
2.071621280429096856e+01
2.039583336089616594e+01
2.003453374980777824e+01
1.964461536739070269e+01
1.923875342626284990e+01
1.882970496632897550e+01
1.843002110256935211e+01
1.805177090056128719e+01
1.770628388978273549e+01
1.740391764641583805e+01
1.715385611801789523e+01
1.696394344384972896e+01
1.684055697343449154e+01
1.678852203268642995e+01
1.681106976548200649e+01
1.690983812479058557e+01
1.708491483849582337e+01
1.733491996789267731e+01
1.765712454750172000e+01
1.804760077709070742e+01
1.850139836120393610e+01
1.901274088449396160e+01
1.957523559418123682e+01
2.018208964983004705e+01
2.082632580496214914e+01
2.150099060797018780e+01
2.219934854784277078e+01
2.291505611330287806e+01
2.364231046570018790e+01
2.437596832413458259e+01
2.511163169833902131e+01
2.584569824889348055e+01
2.657537526996250321e+01
2.729865753907072445e+01
2.801427052225875158e+01
2.872158162196623010e+01
2.942048327090881799e+01
3.011125267203459543e+01
3.079439382972060812e+01
3.147046818245984667e+01
3.213992060946176821e+01
3.280290782598093813e+01
3.345913619458023902e+01
3.410771575873832262e+01
3.474703685524117702e+01
3.537467499383341618e+01
3.598732882472996408e+01
3.658079496998440305e+01
3.714998230393359790e+01
3.768896696652462452e+01
3.819108802076723208e+01
3.864908226412541126e+01
3.905525531716342158e+01
3.940168478521410123e+01
3.968045006311074729e+01
3.988388226954601379e+01
4.000482689308903161e+01
4.003691103812961671e+01
3.997480670192938135e+01
3.981448131267775636e+01
3.955342682466048387e+01
3.919085880214879580e+01
3.872787756721355379e+01
3.816758439306271100e+01
3.751514687083398059e+01
3.677780893364047188e+01
3.596484254994087593e+01
3.508743975618828159e+01
3.415854543894135986e+01
3.319263304883534005e+01
3.220542718099692081e+01
3.121357863651594400e+01
3.023429913672898195e+01
2.928496424851617519e+01
2.838269425109510991e+01
2.754389172340226466e+01
2.678378482563979190e+01
2.611598878068481611e+01
2.555209778556577405e+01
2.510131896696681508e+01
2.477015905161994880e+01
2.456217317559433155e+01
2.447778373761674331e+01
2.451417545013062593e+01
2.466527080397975169e+01
2.492178808994932382e+01
2.527138196846899376e+01
2.569886440558749641e+01
2.618650165772620042e+01
2.670913438194870082e+01
2.724075476811825425e+01
2.775506515599424517e+01
2.822604646014450225e+01
2.862852336383785712e+01
2.893871326243336739e+01
2.913474627672711748e+01
2.919714430926899595e+01
2.910924806573093448e+01
2.885758218524432905e+01
2.843215008743867855e+01
2.782665181271058330e+01
2.703861996380598143e+01
2.606947080478493461e+01
2.402254001754388923e+01
2.195545180947546271e+01
1.988348880508405259e+01
1.782237758736753008e+01
1.578801477972259271e+01
1.379618855912930009e+01
1.186230146189082113e+01
1.000110031320543413e+01
8.226418946782612096e+00
6.550939084780969424e+00
4.985974328975437686e+00
3.541281681723833952e+00
2.224904383226236071e+00
1.043049135393104399e+00
