1.907770173273320435e-01
1.558153967491444414e+00
7.224995380395610844e+00
-1.772447476570961467e+00
1.048257933335973391e+01
7.065091711415868225e+00
-2.298328035486623566e+00
7.064647794742768827e-01
1.013803598805402650e+01
1.415214815329921905e+01
-4.123112227966265753e-01
-7.397971832863330377e+00
8.887681793991930590e+00
5.720973290406629275e+00
4.047355809946526328e+00
6.337284641740946078e+00
-8.190601552920102613e-01
7.903099411746397962e+00
6.245476526114439153e+00
4.711830847435761527e+00
5.658719735379290405e+00
-3.137324283246305523e+00
8.874783657040467233e+00
7.302075323015371211e+00
-2.327091520928108004e+00
1.048917963237827777e+01
4.211064939371616411e+00
3.537870999376481418e+00
8.779126000423509879e+00
-1.013514384994289586e+00
7.504365706833032945e+00
6.391296988334950413e+00
1.051690298198254103e+00
5.658282815645810260e+00
-2.802444587886120608e+00
9.344133719167887264e+00
1.376464704856937971e+01
-4.151308832124394499e+00
3.425982694207130308e+00
4.069681539423704031e+00
2.420123051171425121e+00
1.177967781315422258e+01
-1.306711399104847071e-01
7.694163607499011626e-01
1.356176351084236309e+01
6.567896874413468034e+00
-9.502311788937338743e-01
-8.223204083346080662e-01
9.507817100071855876e+00
1.508780691065967261e+01
-1.098879761690689572e+00
-6.936410682093736568e+00
9.312703503141854355e+00
1.127383452463263502e+01
-1.135509352583377929e+00
4.711127546950701905e+00
7.346763582318191155e+00
-9.064239276060259698e-03
1.067748665763920357e+01
5.719290587499981093e+00
-4.968848672122527788e+00
9.139375267332223274e+00
8.566034373887619680e+00
5.595940767780946956e+00
2.818485740200951106e+00
-6.969126289120149309e+00
1.193689328926270932e+01
1.194706299540180794e+01
-4.829007116478953421e+00
9.058563630396017530e+00
5.856620993888580706e+00
3.399290946225495880e+00
1.420509595055280272e+01
-1.334452224561465394e+00
-1.519599943172331269e+00
7.939571111225173006e+00
1.568281796985371512e+00
7.179082949023345428e+00
7.932685526668583620e+00
3.017275660371560697e+00
5.630458414449960536e+00
3.069428288827477758e+00
5.676779665529815055e+00
9.233418937637235757e+00
1.213030455891426218e+00
-2.264080998363098285e+00
6.501488441458860734e+00
1.044110349782360103e+01
5.673969369461850043e+00
4.250151943745231975e+00
1.948243210134435466e-01
2.827239402254522638e+00
1.109162330544563702e+01
2.399805355456601674e+00
3.740657951970808082e+00
9.573783296720861813e+00
-1.073777313535079436e+00
4.646086083792729582e+00
8.420564136093906527e+00
2.531238636531871755e+00
6.139352457114119588e+00
-6.486936182302374121e-01
4.501047206903403541e+00
1.285729524886833453e+01
5.059673919857170521e-01
4.721756408192784527e+00
5.738636627141417534e+00
4.109596724991762540e-01
1.247627615889574315e+01
4.488153451719529841e+00
-5.472267004088097408e+00
3.449593495488532113e+00
4.769958243072085047e+00
6.508497245851017077e+00
3.391587824423479614e+00
-1.664261517330734463e+00
6.074903686854905338e+00
7.708437613004546662e+00
4.038599469139700027e+00
6.110989711988773498e-01
-2.484767472895031304e+00
4.707616629107750583e+00
9.638270664470793392e+00
1.570368428673013739e+00
-4.620947017653960209e+00
3.454481562424152052e+00
8.780396575289127981e+00
3.614579883388754578e+00
5.609088426741618783e+00
2.750287501360954678e+00
-1.861654370366995659e+00
7.856669816214432167e+00
6.257923323933701099e+00
-1.813239200809058538e+00
2.423382902580131226e-01
4.629760631086756284e+00
1.013894331396223691e+01
2.303165530471011913e+00
-2.988378835530068667e+00
6.960186897414445184e+00
3.298975895619235210e+00
3.317956892620664622e+00
9.749383227836885268e+00
-1.831989759567416165e-01
-7.634115539187831256e-01
5.184262250250689874e+00
1.541812943184528883e+00
2.114909780304316200e+00
6.165834843666623044e+00
1.002366541830837221e+01
5.425711545198613095e+00
-4.940795008904522723e-01
9.544343364896684889e+00
9.118233337158660134e+00
-3.400545698758167035e+00
2.663713696606522241e+00
8.996374201635946477e+00
4.648203798759418248e+00
9.235012353735013946e+00
1.109004145925922380e+01
6.003646959245692472e+00
1.097858246633789747e+01
1.478909117076555546e+01
1.103613832362831992e+01
5.087893176188281963e+00
1.934436421274556839e+00
1.756313771652570210e+01
2.411862111340593628e+01
1.069151131834016866e+01
1.608277131815489724e+01
1.878337694485462350e+01
2.067090537026331276e+01
3.651013678489636050e+01
1.752790391690632887e+01
5.928517023401139951e+00
3.061577822616982658e+01
3.270335492263917132e+01
3.069151143710417173e+01
2.796585667899930883e+01
2.309643909298332076e+01
4.287216054969392331e+01
4.160771904607154426e+01
3.197852411077637313e+01
3.259134705987342784e+01
1.748217586699400528e+01
3.490363663575386255e+01
4.998837043624083520e+01
2.265828844599520409e+01
2.614256329331852058e+01
4.497871488984480237e+01
4.484602539374775176e+01
3.464360828522593749e+01
2.120695419210340660e+01
3.737002707107225064e+01
4.128982836530128253e+01
2.032438459085451399e+01
2.989342952574725842e+01
3.603902814248820619e+01
3.190214080721013801e+01
3.029866334229202351e+01
1.546893105124272338e+01
2.596127623730903267e+01
3.458005951799403732e+01
1.408971214231994473e+01
1.474610779876786992e+01
2.235795315276933337e+01
2.671702304753485180e+01
2.802369285217415751e+01
7.160249465183666118e+00
5.946842553443272728e+00
1.894782513904794641e+01
1.607484258733455107e+01
2.412001460772511052e+01
1.989766805571775521e+01
-1.091999655830224514e+00
8.029243164419094470e+00
2.377458804683736204e+01
1.868234425738980065e+01
1.202453129225442829e+01
5.320915321244608975e+00
7.413970485609713279e+00
2.780135090626417238e+01
2.784028157281646543e+01
4.186813316232199433e+00
6.071304589928609552e+00
2.386597947443823386e+01
2.596654875101658533e+01
1.290958709162055484e+01
3.609378744467747868e+00
2.880249298985677697e+01
4.008433122867501908e+01
1.186075488097902308e+01
2.276616106434330078e+01
3.529345804722557745e+01
1.235153795694099088e+01
2.778501263726374759e+01
3.838262201669662943e+01
1.741768817101081623e+01
2.273769238003490045e+01
3.879694356920158782e+01
4.996440274653820524e+01
2.919332928412037376e+01
7.409106671579238856e+00
4.832279841370100115e+01
4.855460529319074681e+01
1.274161119511623497e+01
3.829826426089578462e+01
4.197725676574143705e+01
2.493034202230200691e+01
3.283139592916071337e+01
3.021463802336205617e+01
4.155152045765238000e+01
3.210179729269475501e+01
1.469912455723465428e+01
3.970424808923506532e+01
2.987259445659766044e+01
3.026452848877527657e+01
5.460659906537678410e+01
1.301510829471617825e+01
6.913194257824175182e+00
4.519282562109423651e+01
3.948674478226858042e+01
3.371602792376378233e+01
1.550948256941526893e+01
8.434309307715842863e+00
4.313917538822620656e+01
3.776818659841959658e+01
1.986102412046848187e+01
2.483899060766818323e+01
2.368697148331799340e+01
4.652733010854030482e+01
5.830288388772825670e+01
1.768644605535346415e+01
-1.098590644549373829e+00
3.002791035511755524e+01
4.661584741561119216e+01
4.675418455387008976e+01
5.348235838039890666e+01
3.742683281102075910e+01
3.898603822309665645e+01
5.593939170203682210e+01
3.316166784953698965e+01
3.990806588870056970e+01
4.360029701436877048e+01
2.575781028832190600e+01
7.546403932948227578e+01
6.993566475653413761e+01
3.062463738372676758e+01
7.198546289637026518e+01
5.943170013553903885e+01
4.381809841068819367e+01
6.528234072274598532e+01
4.637256842790851152e+01
7.401034392094641134e+01
5.705490760121728755e+01
1.469859007942904228e+01
8.964227357563495957e+01
9.378523970845731128e+01
4.337576805702952498e+01
5.942283463100714869e+01
5.641951014736282843e+01
6.992014100765537421e+01
6.186835711765782975e+01
3.690564919126625654e+01
7.438457969731977926e+01
6.907371106281804884e+01
6.245662821627807659e+01
7.539736167149905555e+01
4.076190031601969821e+01
5.084069583540122039e+01
6.508191846493764388e+01
6.179907769784848171e+01
7.090481723550553284e+01
3.808847517273881067e+01
5.367464609206811588e+01
7.428051057033854931e+01
3.930280551863065597e+01
5.584263254397075116e+01
4.793177234802161024e+01
3.956160044913195861e+01
8.150511643462205313e+01
5.200625425478305885e+01
3.152696288893061194e+01
4.383051114849567398e+01
3.348632582978528660e+01
6.288456594614874007e+01
5.780483236030420358e+01
2.690260788613081289e+01
4.863392535774205783e+01
5.434417493838881796e+01
4.725232078184129136e+01
4.090214623557316997e+01
2.781712187576320261e+01
3.625314959088697719e+01
4.236471498713875405e+01
4.014335002548456544e+01
4.062536391318811724e+01
4.995697140083029808e+01
4.609594702531018129e+01
2.244039592709592412e+01
4.365133114015512206e+01
5.553723876185080854e+01
2.922980499523910680e+01
3.416848683826143684e+01
2.677268969281885802e+01
3.012364008424595241e+01
5.758913837112486078e+01
4.158650144688203198e+01
4.220949715302958083e+01
4.369062207099698725e+01
2.365589664010838433e+01
4.905876416835418752e+01
4.708773704007513317e+01
1.958549549911712973e+01
2.778146598439104764e+01
4.035793889691018421e+01
4.933978486528122431e+01
5.239177754908415352e+01
4.413527915553716241e+01
5.102496124841424319e+01
4.783377991953149433e+01
2.135080146350956198e+01
4.311705571241779111e+00
5.677186796780918643e-01
