2.895483736714029588e-01
2.526285010939069320e+00
1.206674770274823594e+01
1.195715622517085741e+00
2.479963619426735377e+00
5.320884704608083382e+00
2.643183143218708953e+00
4.557405023981415226e+00
9.922294620955502964e+00
5.931801922179673170e+00
-9.115436195000201636e-01
-1.093311263034393299e-01
7.992478150993108876e+00
5.143537691659934907e+00
9.548964438920874986e-01
4.234168730986985096e+00
7.161367204208074710e+00
7.708963413597739844e+00
7.998791527805475532e-01
4.310310298698291298e+00
6.531573500730720738e+00
-3.451904430394067136e-01
7.981975254479158011e+00
5.531404939706671797e+00
-1.416085808720197736e+00
1.059132104662838358e+01
5.976743273301835302e+00
2.202624039094296826e+00
7.729306960606106003e+00
3.861068056909695567e-01
5.469463452778072110e+00
7.265134500864538936e+00
9.862015579537176668e-01
6.258271612423253139e+00
8.158358352341087416e-01
3.774121649344998275e+00
1.290773376044938381e+01
1.620950372796263306e+00
1.346979941332850261e+00
3.455099711000400919e+00
8.385015055565792075e-02
9.740684541860987977e+00
6.588159085047557539e+00
2.158027480881499649e+00
9.151753916062785876e+00
3.322669963353694911e+00
7.839475190349087796e-01
5.663423780210273151e+00
7.795545944499665758e+00
8.998950472722569316e+00
-2.474946246789664350e+00
-2.734308997931719887e+00
1.519810011284359064e+01
7.516456341797437268e+00
-6.277873180337230963e+00
5.274547096623468434e+00
1.053263468540612458e+01
5.882861809936523301e+00
4.737399815054962104e+00
-1.825551836612838263e+00
1.849063942081618617e+00
1.240821975298179858e+01
8.235150049159905450e+00
3.670808902559216325e+00
-2.581001253688592012e+00
-2.551159363467066399e+00
1.639642284648406445e+01
9.091553369388702066e+00
-7.856155258753089399e+00
7.249936203864359108e+00
1.016395728889975736e+01
5.847783195792950472e+00
1.088186843032581663e+01
-2.445625946210834734e+00
-1.110685549606711175e+00
1.013027406256262353e+01
9.338360939760200763e-01
5.723955048389353983e+00
9.327209236285169069e+00
7.874345726019194025e-01
7.368849729431589779e+00
4.243332766992452321e+00
2.181913910287865299e+00
1.364385120923766515e+01
4.924979923662617942e-01
-7.197521140477921797e+00
1.023358685884027786e+01
1.138906615557791113e+01
5.743833564953427562e+00
2.997014296919384702e+00
-3.861662622637763942e+00
6.760211946947768169e+00
1.437862553499872575e+01
7.996804811032581783e-01
8.612222335493515679e-01
6.807473713727368647e+00
3.584495544382616306e+00
8.694604509996000985e+00
4.979243168537038855e+00
-3.065189053369020034e+00
6.291208246816209382e+00
7.517173430927397426e+00
4.624440535895828930e+00
7.218687623001001086e+00
-4.971101470715648674e-01
4.147532108356274172e+00
1.256810660965322413e+01
2.509633819002128341e+00
2.329776517856499307e+00
4.216237993568221043e+00
-2.696771155761887862e-01
6.248070450606468818e+00
4.625469358230404282e+00
-7.158142304632257868e-01
4.039474610631572205e+00
4.507551271946718785e+00
6.084742861689544036e+00
5.719332215201766267e+00
-1.842353761735521789e-01
1.037102725762842459e+00
2.785701773300369943e+00
5.085245055919163093e+00
6.273249359154889682e+00
-8.087019610235472999e-01
-6.737496618163383300e-01
5.075757178854747309e+00
5.294397157656471897e+00
5.153878959909247826e+00
3.831775973942901814e+00
2.090854944649620073e+00
2.218130222953535124e+00
4.609514525288565423e+00
6.975530398812059829e+00
7.813956351222741681e-01
-3.168567006856338075e+00
5.600238241078617563e+00
1.002472542174581704e+01
2.894140999744434950e+00
-1.151470211845308178e+00
1.793350234290829182e+00
3.590130417886187253e+00
8.316298321380660497e+00
1.008622005385738873e+01
-2.033043128383255294e+00
-4.039863517285857242e+00
5.818486743157543550e+00
5.070083072002318225e+00
3.781783952862737497e+00
2.525366251554689523e+00
3.832249277156914324e+00
1.137167741100035201e+01
5.962148633281408650e+00
5.164282677860012605e+00
6.308427497253337179e+00
-6.101458327180454333e+00
6.042405943271644375e+00
1.574457469202433302e+01
-1.377343891399875009e+00
4.479662861896098747e+00
1.289541172495742849e+01
9.896862809317040544e+00
1.638366131875092435e+01
8.643534383638822760e+00
4.964777458753378170e+00
1.054061720021959303e+01
5.398806821167658754e+00
1.651080840753270707e+01
2.021166603423102615e+01
8.608213138417589505e+00
1.939871808501002803e+01
2.258505491748158889e+01
2.088277517281711582e+01
3.040041031346478206e+01
1.729438617307088322e+01
1.159327081944415738e+01
2.841655127130338343e+01
3.173970055943954449e+01
3.018141148841510812e+01
2.646095283878775462e+01
2.760443543788034404e+01
4.160688244417983128e+01
4.015289344204217770e+01
3.438013393923763772e+01
2.952202835891689858e+01
1.862230370385747236e+01
3.546400802930628515e+01
4.751622092749727955e+01
2.645538314714976735e+01
2.527170533418605558e+01
4.136197398519086477e+01
4.727248756684482345e+01
3.773113063760987984e+01
2.072936515433790206e+01
3.314004456484116901e+01
4.065485394683663145e+01
2.248556724575413313e+01
3.197109117699906733e+01
3.766554923004562738e+01
2.561186073511654016e+01
2.897403653755377917e+01
2.294834644705923665e+01
2.655139798230050729e+01
3.210298845745246865e+01
8.859414371613523187e+00
1.396019661155927949e+01
3.170694853492208409e+01
2.569984733766447960e+01
2.210920328705544335e+01
6.816693180975139654e+00
6.199585177193378982e+00
2.558537799817247560e+01
1.708213989369487606e+01
1.509658352126960423e+01
1.869640047515095915e+01
4.871301810125051368e+00
1.155696507571859577e+01
2.008016853559661286e+01
1.435303753626262591e+01
1.348654692788897691e+01
8.347456738730928194e+00
1.087191242106306177e+01
2.414294644280295188e+01
2.239516233757152719e+01
8.405711782114874353e+00
8.260255812841686307e+00
2.380178274402950578e+01
2.442199758216434802e+01
8.877710731068459538e+00
8.663475651412362311e+00
3.020122036101432172e+01
3.603440815658641583e+01
1.462736237320473798e+01
2.098506522189776646e+01
3.426443232178314702e+01
1.565485924212203273e+01
2.537060602065739445e+01
3.844173568967873678e+01
1.932995024640321091e+01
2.119702885957196870e+01
3.748169053409878870e+01
5.133600031411231868e+01
3.238000582205967959e+01
4.956581920858593726e+00
4.523456208614810237e+01
4.983167635133635542e+01
1.426585792395253094e+01
4.151423496311180372e+01
3.866676037134071464e+01
2.028013279356299492e+01
3.713703987893260461e+01
3.238374528335139502e+01
4.308308650210011592e+01
2.912966680229666139e+01
7.181875159836959455e+00
4.664266326418395181e+01
3.579784362291485422e+01
2.456992450820013119e+01
5.191956992191860820e+01
1.191081306387084204e+01
1.083957128581235096e+01
5.069655679056855746e+01
3.516009409494694182e+01
2.769496900919524762e+01
1.634349882564401213e+01
1.517444113870636713e+01
4.452464753374547257e+01
3.145341971431266970e+01
1.769332216745206310e+01
2.741389551434688343e+01
2.910452285232051750e+01
4.641399207249395431e+01
5.143434821466365747e+01
1.844896002373405963e+01
9.747757950239884783e-01
3.164824551328933921e+01
4.847154556993923080e+01
3.957254292722205236e+01
5.429645325798851019e+01
4.442757270839523898e+01
3.576990430565831502e+01
5.524918967199424458e+01
3.341555571186092521e+01
3.791274889056328590e+01
4.588238122664391483e+01
2.549505566774679721e+01
7.444818064867658336e+01
7.049121400893471900e+01
3.092604125849251773e+01
7.232163689650563754e+01
5.829898719501093041e+01
4.548639022467158810e+01
6.598188924628585994e+01
4.400531353896427333e+01
7.279746570656391214e+01
5.649630147985823925e+01
1.968126749990486246e+01
9.014847430634101499e+01
8.724250764338002284e+01
4.588190912948285671e+01
6.142916804641323836e+01
5.695118862613091437e+01
7.232087527497824908e+01
5.393301823391132643e+01
3.534195806595386813e+01
8.311376681807246314e+01
6.963925265353134364e+01
5.877824127295981071e+01
7.162740043126821377e+01
4.213763813913550393e+01
5.749008681059801518e+01
6.467988844396019488e+01
5.618471825218395566e+01
6.732793727402999195e+01
4.173740801775717557e+01
5.972808077140336991e+01
7.258566692125206998e+01
3.437216290764538940e+01
5.344867780208198127e+01
5.379481291924239628e+01
4.485121620415292654e+01
7.393926366171822906e+01
4.915645035289944076e+01
3.415452516610406519e+01
4.419949413889219159e+01
3.865728121497912184e+01
5.951003429301392345e+01
5.184413463974622971e+01
3.266118048142880070e+01
5.073089149614687443e+01
5.257694687693132352e+01
4.557800337789962697e+01
3.864948496628094432e+01
3.073922735196136102e+01
3.728031101165314709e+01
4.106014779036377860e+01
4.056689527053205779e+01
4.039667610477538062e+01
5.035766892949669682e+01
4.566658668457850467e+01
2.283488093145400910e+01
4.336832276770127947e+01
5.478653459421224170e+01
3.065450289279191765e+01
3.079730290762882561e+01
2.849719856030333887e+01
3.620641764724405220e+01
5.188971017427419241e+01
3.926760789870087365e+01
4.534048506137041556e+01
4.313665219707755227e+01
2.724139393184938029e+01
4.588211949471961049e+01
4.177648117275943207e+01
2.392745680952298315e+01
3.189474135344557482e+01
4.049375098676746632e+01
4.495012492382817015e+01
4.800146453491895215e+01
4.975577102277627972e+01
5.605702040806163211e+01
4.353953715169315331e+01
1.703691666822227901e+01
3.313216521675855120e+00
3.989167654894107962e-01
