2.954207214831222061e-01
2.424487080274966289e+00
1.109941056887248756e+01
-4.072475125571207499e+00
7.125140658143370054e+00
5.196329943810034990e+00
1.780072427948031333e+00
8.350445733618606425e+00
1.041543199798423025e+00
8.069595629285696958e+00
8.016690339585080594e+00
-7.121446405260458690e+00
9.404729978984708083e+00
5.090436131501128614e+00
-2.412354172460207113e+00
1.109579259631995463e+01
4.094830247784748245e+00
5.076267298676114592e+00
1.806282579858721871e+00
3.787716150258705117e+00
1.057893125012077462e+01
-1.998121794325701694e+00
6.849725760642717987e+00
4.935369123570605865e+00
-1.550074430894822441e+00
1.439227322445876567e+01
1.450607916310859391e+00
3.767013225104934637e+00
8.541889617769047760e+00
-4.819549580094107277e+00
1.429999369201889614e+01
4.963719562816168107e+00
-4.674170801288787480e+00
1.277420290816347048e+01
-4.065975170673485906e+00
4.734806177471188704e+00
1.752423997751319007e+01
-3.664494736373278272e+00
1.273824782815304424e+00
4.497672551767337268e+00
3.094317938976129945e+00
9.430155309828297305e+00
3.051272746454191775e+00
4.150150199933811734e+00
6.303198767863212204e+00
6.667703996637245112e+00
3.408287410673208395e+00
-1.325052059840546637e+00
1.072347190463700173e+01
9.210809803009325947e+00
-1.387114735641723717e+00
1.152567976019537754e+00
6.900095575183322616e+00
9.470854785326819680e+00
-2.659238058878625299e+00
1.807067501099384188e+00
1.486795668968487583e+01
2.571149215325990944e+00
1.488219784599039697e+00
3.054509351972959141e+00
3.448098627215179235e+00
1.118121644313937679e+01
3.808204895589963890e+00
6.113978330901732150e+00
-1.236004406157096280e+00
-5.082741545882623058e+00
2.224347683965830313e+01
3.741183722335133410e+00
-1.173590347174693704e+01
1.595000406455107367e+01
7.803625851208241038e+00
4.844062342316406422e+00
1.080540616845211588e+01
-6.235478602913602231e+00
3.363405539495443186e+00
1.098510665333824399e+01
3.055261116242014574e-01
4.209231316777936271e+00
5.645851151480534291e+00
6.041433464840873846e+00
9.870236455582759305e+00
1.383981090518391799e+00
-1.277082497491187407e+00
1.332530744237621079e+01
6.334133067041362253e+00
-9.106199481111762140e+00
9.863305829388739454e+00
1.126206511338865823e+01
-1.199127084487443096e+00
1.216666616698625347e+01
3.539143782657510062e-01
-4.339413029568476965e+00
1.625016545736422202e+01
3.694436482576475722e+00
2.856379803776756265e-01
9.749323981847819454e+00
1.166486761174890363e+00
4.499383665594347548e+00
6.225396844693151799e+00
3.516921706301996853e+00
5.034386980756634600e+00
1.476785018352972711e+00
6.588018108499304581e+00
7.867112665213592315e+00
2.001502742188371986e+00
4.480716395693193910e+00
7.067994797733486934e+00
5.639973759659115515e+00
1.780635013455293736e+00
4.271595902375846521e+00
5.607676156529429967e+00
-1.462873768914219497e+00
3.052904130310905906e+00
7.164843668443793057e+00
-8.117331843626102161e-02
2.958936095625378293e+00
1.060525114192093810e+01
1.948935260454313534e+00
-3.808664072648186405e+00
8.823435651032038862e+00
4.045608065798051101e+00
-3.063698502482372188e+00
1.002884539446667667e+01
-4.048397709607319817e-01
-3.999098389443508150e+00
1.252453575346905446e+01
1.665129606788078753e+00
-6.888619429469013955e-01
8.113805475261663958e+00
4.007763823601905528e+00
5.661155174102535881e+00
5.913892664731835724e-01
-1.873458781854233923e-01
6.880011902163459148e+00
1.399000714562277370e+00
2.297094866384187917e+00
8.074078204560589000e+00
1.693849095996792897e+00
-2.827761992400283031e+00
1.014885157766663148e+01
8.026257812629131294e+00
-8.081431937870878102e+00
1.112085673005729980e+01
1.135693290838240621e+01
-1.092423844996319104e+01
6.448528898297739786e+00
4.993569729015831626e+00
-4.508552465590705438e+00
1.264412726257955377e+01
9.360843747579648877e+00
2.822125748045742455e+00
1.377746335713578629e+00
7.999900290606643871e+00
1.236205099011944064e+01
-7.127993890110048802e+00
2.138579661770520612e+00
1.293358106478703640e+01
2.191891518806849515e+00
9.451703681540024604e+00
8.283287740189232196e+00
1.186642199460458436e+01
1.221544885264900948e+01
4.899815006297761677e+00
1.946724575320537198e+01
1.960863770317171184e+00
-1.851654773117344721e+00
3.008635969809931510e+01
1.262924333405324617e+01
7.008044774210904215e+00
2.811094866766534395e+01
1.679408690462033960e+01
1.772488970205357006e+01
3.292397997957822753e+01
1.979681059443910129e+01
8.214860991774314058e+00
3.075787322713591720e+01
3.480534661179522260e+01
2.035254766465811826e+01
3.282415790718640380e+01
3.236028336413029649e+01
3.596083403932769329e+01
4.206433448598717462e+01
2.518217250086668457e+01
3.720060383372791790e+01
2.827498636196700232e+01
2.125809549271354015e+01
5.233974785089736770e+01
2.536812038596321983e+01
2.128483464989963636e+01
5.678166483840711010e+01
3.937930088438965015e+01
2.505055055563804700e+01
2.687218890263012838e+01
4.379940354920312018e+01
3.958893687837345965e+01
1.143757367296121075e+01
3.656548994431210531e+01
3.590399573197505134e+01
2.868820145959271173e+01
4.112069276801403106e+01
3.160945196005163549e+00
2.426453812343221372e+01
4.649251195350372257e+01
6.060218148309344244e+00
1.781676218670925493e+01
1.992017134918776833e+01
2.425561999482881959e+01
3.777038085199524886e+01
-8.907943785889257393e-01
6.563583808878617809e+00
2.316974311163300726e+01
1.062186609928080472e+01
2.706567176039201428e+01
2.007319102968561353e+01
-1.368354816665437568e+00
5.412286897773457284e+00
2.774768430024366239e+01
2.142092414377061615e+01
-7.407531354796245138e-01
1.703768801002402355e+01
1.104377195059563022e+01
1.206189877424047552e+01
3.920909260860835843e+01
2.518532687141852300e+00
1.424289690251471452e+00
3.409061545870739707e+01
1.742503173804205119e+01
1.123133310241652083e+01
8.352453204891887140e+00
3.006527590334523126e+01
4.125240976024452522e+01
3.606177649978890010e+00
2.470301200273597786e+01
4.062098664792544866e+01
1.351783534090342087e+01
2.475226133997918865e+01
3.142076712796780669e+01
2.585524429160631144e+01
2.204371458172630227e+01
3.752997434168850788e+01
5.593071507734590853e+01
1.300219235998060974e+01
1.495798029920447902e+01
6.345012141764333791e+01
3.188723841842725903e+01
1.310949847913784438e+01
4.339495720477427199e+01
3.845693337098327902e+01
3.110780343719955710e+01
3.145295186055046344e+01
2.360446153476820186e+01
4.097684279397036988e+01
4.086836543411590839e+01
1.548001693777640497e+01
3.032605997426522748e+01
3.276213719295133586e+01
3.081088890131598745e+01
5.770271841940033397e+01
1.543369485054660473e+01
-3.551682512479074738e+00
5.148977165388281207e+01
4.128923902767911613e+01
2.827213128354816618e+01
2.480289749376598607e+01
-2.357390132837572927e-01
3.917113096556298757e+01
5.162000074721397880e+01
1.354689127755688638e+01
1.873635442805032270e+01
3.132558978556248164e+01
4.616037769637964772e+01
5.284700588093227935e+01
2.192051151054960201e+01
7.116454720595479788e-01
2.286496770897008091e+01
5.268045323733391427e+01
4.844770610288999535e+01
4.487292328806707076e+01
4.459054968798772478e+01
4.018721062855646409e+01
5.110898215369842745e+01
3.534123779636354357e+01
3.624347837855042798e+01
4.825871330424928374e+01
2.917648185649959558e+01
6.612859923461432743e+01
7.259480518599319510e+01
3.554454629936889631e+01
6.809853602799746852e+01
6.255103849793701443e+01
4.340177873748965709e+01
5.588081613114525936e+01
5.365190905818092659e+01
8.366962394227286381e+01
4.427811292047261560e+01
1.201865017237436462e+01
9.914449777547712017e+01
9.055185118098259522e+01
4.507073171487670749e+01
6.061495074740258104e+01
4.690125211898497071e+01
7.348938454206064819e+01
7.112164160481799513e+01
3.239898363446594232e+01
6.861235179307857379e+01
7.016572947190594789e+01
6.564497919193516395e+01
8.057579172192924943e+01
3.672111936068511540e+01
4.278459186997766750e+01
7.183942805985569180e+01
6.341545089187050621e+01
6.847802480943387593e+01
4.304384408882233259e+01
4.438900470100193729e+01
7.405477180538676407e+01
5.335205612881924253e+01
4.860221365474663457e+01
4.042681906542841830e+01
4.579589371932807040e+01
8.228973540495421446e+01
4.972496246404215725e+01
3.427851436649103789e+01
4.294935908357374643e+01
2.759916393123403111e+01
7.043442210687713612e+01
6.029700727173013064e+01
1.761522680368408444e+01
5.335233490604876039e+01
5.416016352810800782e+01
4.611981245042220934e+01
4.448650187286249746e+01
2.083758699848987916e+01
4.232862487930022866e+01
4.421351910582936995e+01
3.153060079702184737e+01
4.875764141160463083e+01
4.738207408839582513e+01
4.272606809998637090e+01
2.828198291308350676e+01
3.994747344601397998e+01
5.256658899018790265e+01
3.322240727152470186e+01
3.997208324485814757e+01
1.883288939365589343e+01
2.611328790547210232e+01
6.845833069760278988e+01
3.670187812161098151e+01
4.050439418425833793e+01
4.957393703431154108e+01
1.019874682304332403e+01
6.136525761568478998e+01
4.776586702460141964e+01
1.603642667115946097e+01
2.606600701514965479e+01
3.710018890058560004e+01
5.636184859743104880e+01
5.733523614314890438e+01
3.134068729115812957e+01
5.289821604084816187e+01
5.405098036438107556e+01
1.795940128814060088e+01
3.544270196612484547e+00
3.180961674199905276e-01
