4.505529625589791642e+00
8.378450588499246621e-01
1.416960555892370577e+00
3.015080476108747742e+00
1.377139067111105231e+00
4.725960441183803873e+00
3.914917990878532539e+00
4.367409044692845299e+00
-4.420702436518135492e-02
3.860023672204859757e-01
3.249280498382498994e+00
3.871377872738282822e+00
5.082882253533631989e+00
3.616683895197089882e+00
9.882274095733422081e-01
-6.109144551823358915e-01
3.176004626496825356e+00
3.002506209031796214e+00
1.078131012407514300e+00
5.045727326827875281e+00
2.239046427731727462e+00
3.759871104882647863e+00
2.731348077370598926e-01
5.603032625425425017e+00
1.803455380647872808e+00
1.728814015691382711e+00
5.989916955034371604e+00
4.227675722921590662e+00
3.145947257512883954e+00
3.201451031460713637e+00
-1.175310619176968885e+00
3.293344742338853770e+00
1.615980751227546808e+00
4.087417924678957704e+00
4.150293594247559170e+00
2.461070098434189113e+00
2.643286627428694802e-01
3.130274984977405417e+00
-1.227936317312509351e-01
7.559863195504755495e+00
4.072553619998823926e+00
1.252816044092473491e-01
2.911601683481668701e+00
2.481989114611120151e+00
2.333315202758712736e+00
3.266178094579394564e+00
2.972972092484997830e+00
6.204910246729007817e+00
3.023543996858848892e+00
7.271647586071369740e-02
1.503655915325669223e+00
3.953493485238760208e+00
2.588309210846848174e+00
6.707058927648416713e+00
1.029378925077522933e+00
3.269260336840907666e+00
3.345048082983844928e+00
-1.679364024007199419e+00
5.380782214011912146e-01
5.624129139171927250e+00
6.004395344051231653e+00
-8.538046107392268658e-01
3.224839844045566117e+00
4.111160152845251936e+00
4.931640938624473947e+00
3.589655726101943056e+00
2.077550330059407258e-01
3.154899211383399127e+00
2.294767893278470083e+00
5.172025438453679236e+00
3.759521057338610639e+00
-8.254976124341530941e-01
5.462214014914846816e-01
6.636836304510484119e+00
3.903582761200342421e+00
3.143612202878186768e+00
5.156400689643170665e+00
-6.684224333000385876e-01
5.774213953545237032e+00
9.465857097531372721e-01
1.491743465579623562e+00
4.064065373195234976e+00
3.272413544463202317e+00
2.119838373183652980e+00
3.221699664142685382e+00
3.265833128305738686e+00
2.214504914954798842e+00
5.528738380762448834e+00
-2.223167605535062985e-01
2.578657163452041878e+00
5.407550165846168433e+00
5.039037154819465236e+00
3.824842657274412083e+00
-3.138466633995124599e+00
3.492878171733705628e+00
2.721466210236603178e+00
2.679967218697455245e+00
3.169432718130039017e+00
6.593978152879691912e+00
3.032456180509231825e+00
-1.607659404483305465e+00
5.848103206499729367e+00
2.808860094227113802e+00
3.383257626412333074e+00
3.242041168000183049e+00
1.212437549922387614e+00
4.819754928750247913e+00
2.713682451689687802e+00
-6.665332108450889859e-01
2.477162467375506605e+00
2.715433077570581499e+00
4.645995861860415133e+00
4.521210239065212022e+00
3.474147543554408912e+00
-9.858267051797232616e-01
1.429178317926273145e+00
-2.932003252056408771e-01
2.482132377548398328e+00
3.670547511992167333e+00
5.631496593134429629e-01
4.352104236742601273e+00
-1.244620683580923010e-01
1.061812085921115534e+00
4.472394150603442142e+00
-2.327747831372446896e+00
4.081953760454334557e+00
3.246847314241020577e+00
5.139220903163081999e+00
-2.827381207298032439e+00
1.409921887801988127e+00
3.608860484963194004e+00
2.670811876376811167e+00
4.337096059748082766e+00
1.974465656169448913e+00
3.969788080543649400e+00
-6.191681493953408166e-01
8.252104261142555464e-01
1.943440036352679812e+00
2.082024498298574500e+00
1.674049837103054550e+00
2.577884323464063154e+00
4.122193954540853689e+00
-9.717958886866345791e-01
4.147898359826720505e-01
2.464612960313929513e+00
5.324085578894089288e+00
6.640718065964611228e+00
1.745552282148053747e-01
2.937187695571640056e+00
7.170993281577486833e-01
1.090720953983470798e+00
2.032078805737532967e+00
2.488342220127834903e+00
2.867747025185450660e+00
7.018747930933951551e+00
1.096906934230400754e+00
3.475466334962843629e+00
4.343738711046624679e-01
6.024492623714618134e+00
5.778293740860498851e+00
7.939268201791658264e+00
2.709994323775582803e+00
6.036134079889667881e+00
5.311665581703390870e+00
8.438769404113385164e+00
6.936130728391173506e+00
2.872744954556893493e+00
1.068421940193828945e+01
9.672552786803654712e+00
1.053121551058823968e+01
1.119059028780346488e+01
4.411219749985257010e+00
1.129351226042146372e+01
1.551640046447404586e+01
2.172198398215045856e+01
1.216967488992784752e+01
1.939625933448045814e+01
1.991636516592549100e+01
1.964576305229610753e+01
1.650890577984171514e+01
1.684327797901493895e+01
2.553451798024272890e+01
1.309952931857448277e+01
2.745605671304909379e+01
2.658226511114698809e+01
1.710826186257364157e+01
1.430626877486178117e+01
2.651376305674985545e+01
2.557731328318488906e+01
1.724256799234813187e+01
2.019400097520356852e+01
2.247242516793145839e+01
2.486680880068831456e+01
1.976178655876161017e+01
1.655243379260991077e+01
2.169618602936692398e+01
1.978208006551383846e+01
3.185527909245986322e+01
1.603369635822195960e+01
1.241819141557714090e+01
1.945838399885505154e+01
2.131635798471183207e+01
7.612386554815725681e+00
1.273506690940241626e+01
1.144734351937293582e+01
1.805354575255394423e+01
9.089847951022104411e+00
7.559753106123302757e+00
8.990655526175553192e+00
1.269905862236720395e+01
1.453822471189491239e+01
9.698546453323059424e+00
5.525558237838515296e+00
1.011001912687543580e+01
7.253404221741302393e+00
1.136114254991219319e+01
1.493560184622410603e+01
9.635274550020106687e+00
-7.876191492236462643e+00
8.364777505009177716e+00
1.215713536110768800e+01
9.959395478835727289e+00
2.310637199407726161e+00
1.088384530149322948e+01
1.732069188458248377e+01
8.615410837178746561e+00
1.228581238147266497e+01
1.521024240775927971e+01
4.127672564035366420e+00
1.248827124630596153e+01
1.198260473137615811e+01
1.796655880075387302e+01
1.030751082728242807e+01
2.222082714334184672e+01
1.530813220468887081e+01
2.133321032441193754e+00
1.995976717251224741e+01
2.188131811681698480e+01
1.997177775924597753e+01
1.842140708029140939e+01
2.075589489247569119e+01
3.078578025783832572e+01
1.148213398169841071e+01
2.490063581065755471e+01
1.639409397131327495e+01
2.120745029337720311e+01
1.148078680808758456e+01
3.805250114634906566e+01
2.600607543508538555e+01
1.144342608187935717e+01
2.271942359041199921e+01
7.621415212556791552e+00
2.644962407742366040e+01
2.075423529715716597e+01
1.727545901453695620e+01
3.279478878792364327e+01
6.922514220436750243e+00
1.806447095465167152e+01
1.261889095187680176e+01
2.687252730849497695e+01
1.481467223140914413e+01
2.315199521018699969e+01
1.490194403793753253e+01
2.544036511743505713e+01
1.942042434199412781e+01
8.644234832807578428e+00
1.486049685646739071e+01
1.044087145900320657e+01
2.141707637681247789e+01
2.506525866179820738e+01
9.900120205126738071e+00
1.352343805053054027e+01
2.295291584373264016e+01
2.612632052486792489e+01
1.696621956442551848e+01
2.819257311142051137e+01
2.025983205167877799e+01
1.782219769630300377e+01
1.962836061833012380e+01
3.570742604101845075e+01
2.766382367715637969e+01
3.418700288919963981e+01
2.466143140188251692e+01
2.953518709174608148e+01
2.909157581915339463e+01
1.318053783222391928e+01
4.130918782003398348e+01
3.334733165763116602e+01
3.589618363148367308e+01
3.530262051703099502e+01
3.047165920400351169e+01
4.520997742770683914e+01
2.901040252353261550e+01
2.819873913535785093e+01
3.820469102809476425e+01
5.782052692639462066e+01
4.229679086251441333e+01
4.333737359942130496e+01
2.470933604734457489e+01
2.099425705345872828e+01
4.848107220820432417e+01
3.131690076801747580e+01
4.029309871400185727e+01
3.954573017908644061e+01
4.051654760471892303e+01
4.559803263949795848e+01
2.327863457899115573e+01
4.883141462526791088e+01
3.971953943490109395e+01
3.583631002429939372e+01
4.152265612587871857e+01
4.224345885844824977e+01
3.344179872049016922e+01
3.354793695081059468e+01
3.062341399769161399e+01
3.217902314172894762e+01
3.326749675838127729e+01
3.079815587212357997e+01
2.969423252754373621e+01
3.711962519239280311e+01
2.326783327074899788e+01
3.750789294142121122e+01
2.748510959762066008e+01
4.491288863756390981e+01
3.257112845715190019e+01
1.995740442664987668e+01
2.650623577883150972e+01
3.087401854845937876e+01
2.786969405778430442e+01
3.213323279904899010e+01
1.916242877971110659e+01
2.489560077083491052e+01
2.375457702642300006e+01
2.752827751804279899e+01
1.735766153361078068e+01
2.932985768226172496e+01
2.806294371132502974e+01
2.780862686318486965e+01
2.073059060586160385e+01
3.026881072761572611e+01
2.074934768239030447e+01
2.267664672629562617e+01
2.162540778351545612e+01
3.039655592132699269e+01
2.795037569396511046e+01
2.602137095547624668e+01
2.074276866456221313e+01
1.669412040466360025e+01
1.188607390150400178e+01
2.265172146350755966e+01
3.321024725795292909e+01
3.017511328132474091e+01
2.804455911514330424e+01
2.335038609653100039e+01
1.798918056052922410e+01
2.657399439293181942e+01
2.283128424731243911e+01
2.657614426453638146e+01
2.543989345602279428e+01
2.620180495441422153e+01
2.871648346294945142e+01
2.628631450962299709e+01
2.580755796301718874e+01
2.409502956176541844e+01
1.508452715245241826e+01
