2.429281908911778021e-03
2.714537086515214984e-02
1.632418898491271864e-01
3.599419861487795913e-01
6.050324821092145644e-01
8.938944273731573853e-01
1.228429801603581062e+00
1.606766017101336930e+00
2.026001125469737207e+00
2.482913414215527137e+00
2.964441992769982992e+00
3.398687197136929239e+00
3.764882080620163052e+00
4.097284584113305428e+00
4.399483275714609398e+00
4.668609222543539161e+00
4.900559823848096741e+00
5.092363177178675926e+00
5.242280457139576022e+00
5.349856728115089055e+00
5.415842452232284110e+00
5.441904719735308760e+00
5.430348349367654315e+00
5.384099985371675778e+00
5.306794192259842724e+00
5.202773015045082161e+00
5.077002180051201741e+00
4.934940523325555439e+00
4.782386010498234974e+00
4.625307839532102783e+00
4.469669803037396250e+00
4.321248945363635130e+00
4.185453778023831894e+00
4.067147836427351670e+00
3.970485942847207461e+00
3.898770870787282128e+00
3.854337322095842566e+00
3.838468906201190300e+00
3.851352462173541547e+00
3.892072615172485150e+00
3.958647883444655680e+00
4.048107966117624024e+00
4.156610100770868677e+00
4.279590662283543345e+00
4.411946569601855828e+00
4.548239659569166093e+00
4.682916048676678322e+00
4.810531691489144279e+00
4.925974900949039892e+00
5.024676547973944807e+00
5.102799016258162901e+00
5.157395745513836616e+00
5.186534326772551218e+00
5.189377573390727250e+00
5.166218721730228225e+00
5.118468843382280475e+00
5.048596593292716150e+00
4.960022485691062855e+00
4.856971890206202680e+00
4.744292783459838070e+00
4.627245891980478198e+00
4.511276145443465779e+00
4.401775263221217926e+00
4.303845776564152459e+00
4.222076816510326402e+00
4.160341567031675680e+00
4.121625407766522642e+00
4.107892485052503595e+00
4.119996806923506227e+00
4.157642027125452167e+00
4.219391948716515905e+00
4.302731533294513078e+00
4.404175947214258535e+00
4.519423012737513901e+00
4.643542458276242790e+00
4.771193668565825163e+00
4.896862301796280903e+00
5.015105230011048576e+00
5.120792816490617128e+00
5.209337593633586394e+00
5.276898949205421907e+00
5.320554447502032325e+00
5.338429863023876010e+00
5.329781825702916365e+00
5.295029089202910377e+00
5.235730744005324233e+00
5.154512101726293594e+00
5.054941367985264833e+00
4.941362489374979461e+00
4.818691601479302200e+00
4.692186224607612921e+00
4.567197670886788963e+00
4.448917977072910368e+00
4.342133019033352248e+00
4.250993276189823256e+00
4.178813001071914002e+00
4.127907338207877253e+00
4.099475278464809413e+00
4.093534301033111333e+00
4.108910234665154704e+00
4.143283365513353189e+00
4.193289243264083588e+00
4.254670106813190245e+00
4.322470481097063555e+00
4.391268397279968205e+00
4.455431957468397819e+00
4.509389684851401903e+00
4.547902333359679972e+00
4.566323617627567444e+00
4.560837679560067137e+00
4.528662021872769117e+00
4.468206075936501875e+00
4.379177471482861961e+00
4.262630358074095405e+00
4.120952693552863089e+00
3.957792150094263661e+00
3.777923072387238790e+00
3.587059629949714612e+00
3.391622813980336382e+00
3.198471123629860191e+00
3.014606565345281375e+00
2.846868867933709080e+00
2.701631532788495882e+00
2.584513455523633763e+00
2.500119360778588540e+00
2.451821202121359899e+00
2.441591036422635419e+00
2.469893754442503475e+00
2.535645526444278985e+00
2.636241011509626642e+00
2.767649403538005703e+00
2.924576375583756160e+00
3.100686069623229457e+00
3.288874590070542503e+00
3.481584116231475790e+00
3.671144856700744974e+00
3.850130713450795827e+00
4.011713767759704119e+00
4.150002580762365056e+00
4.260349826962914754e+00
4.339615929797063565e+00
4.386377096923678387e+00
4.401068386374443975e+00
4.386055077550270909e+00
4.345628559598719853e+00
4.285926056943080376e+00
4.214776653031182541e+00
4.141479112441223798e+00
4.076519806459026007e+00
4.031241496565837856e+00
4.017475718146400254e+00
4.047152947823411395e+00
4.131905571155372492e+00
4.282678859052681197e+00
4.509364705805969820e+00
4.820471802510494008e+00
5.222844268071470175e+00
5.721438612443173533e+00
6.319166361754222194e+00
7.016806848392977969e+00
7.812991689007308338e+00
8.704259474050013878e+00
9.685176308501123543e+00
1.074851520327012189e+01
1.188548503725212058e+01
1.308599799063240532e+01
1.433896306864388848e+01
1.563259264415508731e+01
1.695470887212323419e+01
1.829303736523825208e+01
1.963547663561577394e+01
2.097033344276140454e+01
2.228651625961366989e+01
2.357368147238294043e+01
2.482232954684760173e+01
2.602385109467580193e+01
2.717052542543948590e+01
2.825547664308664153e+01
2.927259451830765968e+01
3.021642913357871407e+01
3.108206956847826063e+01
3.186501760583135479e+01
3.256106755803996577e+01
3.316620283018890092e+01
3.367651877414120065e+01
3.408817979634524420e+01
3.439741663823906492e+01
3.460056735153568752e+01
3.469416285909726838e+01
3.467505525607280248e+01
3.454058430259312473e+01
3.428877502578563963e+01
3.391855711591259848e+01
3.342999498697354710e+01
3.282451607549094774e+01
3.210512424820642963e+01
3.127658512840090665e+01
3.034557074972880031e+01
2.932075219266603128e+01
2.821283070754185474e+01
2.703450020575280988e+01
2.580033680675145646e+01
2.452661424024109849e+01
2.323104718146257497e+01
2.193246789288477316e+01
2.065044470479896077e+01
1.940485374059974077e+01
1.821541774083402743e+01
1.710122774154761416e+01
1.608026461834607090e+01
1.516893804727873452e+01
1.438166021828999952e+01
1.373047066174921049e+01
1.322472684342566929e+01
1.287087281207115197e+01
1.267229524181049882e+01
1.262927282161840026e+01
1.273902125132411278e+01
1.299583226875570219e+01
1.339130132543488472e+01
1.391463491931207841e+01
1.455302534622720323e+01
1.529207789651350069e+01
1.611627342736392166e+01
1.700944788553315590e+01
1.795526980631653657e+01
1.893769710502781578e+01
1.994139559980213505e+01
2.095210361460842208e+01
2.195692962728307762e+01
2.294457313416755539e+01
2.390546255694819777e+01
2.483180795263375273e+01
2.571757032337399096e+01
2.655835327134255408e+01
2.735122641927649312e+01
2.809449324402518755e+01
2.878741859185059226e+01
2.942993302973788872e+01
3.002233223882559443e+01
3.056498981418991789e+01
3.105810108069611530e+01
3.150147389119299390e+01
3.189437990697540570e+01
3.223547667707360631e+01
3.252280707411439664e+01
3.275387848152903558e+01
3.292581975333325772e+01
3.303560959088513016e+01
3.308036581258400588e+01
3.305768123869470543e+01
3.296598876558697810e+01
3.280493582870142433e+01
3.257574698607822228e+01
3.228155288957704983e+01
3.192766449966967812e+01
3.152177304471821628e+01
3.107405888071946620e+01
3.059719597831458415e+01
3.010624311132803399e+01
2.961841776662651426e+01
2.915275412782843389e+01
2.872965197108918645e+01
2.837032870224751591e+01
2.809619181103624541e+01
2.792815347864853237e+01
2.788591272844677604e+01
2.798723316508851156e+01
2.824724585358880802e+01
2.867780714298654843e+01
2.928694018868543125e+01
3.007838657927503689e+01
3.105129089161737710e+01
3.220003630251573412e+01
3.351424374909210968e+01
3.497894077184582073e+01
3.657489935050881513e+01
3.827913503660587935e+01
4.006555279672090819e+01
4.190571850807787513e+01
4.376972928382247829e+01
4.562715101649088467e+01
4.744798794604699310e+01
4.920364686843989688e+01
5.086785793108970921e+01
5.241751487971427537e+01
5.383340012628750060e+01
5.510076403217155416e+01
5.620973320820620245e+01
5.715552922685838411e+01
5.793848666715417295e+01
5.856386757206259830e+01
5.904147785746202004e+01
5.938509961868476239e+01
5.961176127618514187e+01
5.974087473699185580e+01
5.979327489891281289e+01
5.979020160465262990e+01
5.975226732984220490e+01
5.969845529229441183e+01
5.964519220101566077e+01
5.960553750132378070e+01
5.958852677529220188e+01
5.959870106202528461e+01
5.963584648203333671e+01
5.969495996355568934e+01
5.976644741226282065e+01
5.983655071935982050e+01
5.988798997544787284e+01
5.990079756943723766e+01
5.985331191892013436e+01
5.972329079354095427e+01
5.948909790929170072e+01
5.913091198749803112e+01
5.863190501710819547e+01
5.797933618263977706e+01
5.716550988499360386e+01
5.618855045853403851e+01
5.505295245367646828e+01
5.376987350059883397e+01
5.235714650820714411e+01
5.083899892537269949e+01
4.924547858128860156e+01
4.761159775968373253e+01
4.597621913746207412e+01
4.438071850692320197e+01
4.286746932225091200e+01
4.147820271014355598e+01
4.025230344420538131e+01
3.922510731438651987e+01
3.842626802171263023e+01
3.787826165007418666e+01
3.759509292504050393e+01
3.758125852708922565e+01
3.783100909387472655e+01
3.832793972418895123e+01
3.904494049719829007e+01
3.994454873479794799e+01
4.097973859782257477e+01
4.209515542821395684e+01
4.322875828401717513e+01
4.431373456558200985e+01
4.528028359538010506e+01
4.605664215655392013e+01
4.656953681118286426e+01
4.674795560247630988e+01
4.653002920105341644e+01
4.586805472493928448e+01
4.473135336025590902e+01
4.310777567797243393e+01
4.100448999388498805e+01
3.842594485694961293e+01
3.524725108248387073e+01
3.081108836363600645e+01
2.614766845938644479e+01
2.158554458187042258e+01
1.727940351275528030e+01
1.327359256061787285e+01
9.635875147578989441e+00
6.415748520927066600e+00
3.638178733752889915e+00
1.395546620757126544e+00
2.626983946078931820e-01
3.379868316548977764e-02
