5.036754240517509196e-01
4.087766755882507930e+00
1.842359868459527306e+01
-9.743468760057885092e+00
7.611749136430342233e+00
6.887992082346269029e+00
-1.942409916961987282e+00
5.025858543562985226e+00
7.261051146155732106e+00
6.208104760566426350e+00
7.274811734710441513e+00
-4.645962909920356765e+00
1.133287185352085480e+01
1.862863042267285163e+00
-6.805008234766909414e-01
9.228697854126933109e+00
1.137960648213791615e+00
7.224175913904291590e+00
2.124722021676865857e+00
4.844860665923801157e+00
1.090309007271024555e+01
-2.844516438801492964e+00
9.630029643698364339e+00
4.343041346418323734e+00
-5.655388746174267567e+00
1.634807644179922903e+01
4.497468247362965688e-01
2.449133254283165861e+00
1.111428788377947718e+01
-2.148809403841137833e+00
9.399063044150860691e+00
7.924750116906532860e+00
-1.332363433620160409e+00
6.937307980663391049e+00
-4.428929067403410968e+00
8.956782918003877825e+00
1.166251577540072581e+01
-9.518801795598402782e-01
4.882499018781523148e+00
1.352212970697814987e+00
2.710671670374077191e+00
1.288375123225688412e+01
1.127254775538825804e+00
1.799768843831594411e+00
8.454330392296830254e+00
5.369938375887834070e+00
2.654262174367345128e+00
9.997629806022558796e-01
1.042583508345431831e+01
8.782442745487250235e+00
-4.766468783238575480e-02
-1.685683605380623451e+00
1.040653744936391689e+01
6.673932570413566800e+00
-3.540961137078286303e+00
4.387531269868356176e+00
1.410665519714711280e+01
1.397255870192071203e-01
6.293069191270555862e+00
1.376080509828243592e+00
1.617597835737916157e-01
1.417734122679418185e+01
5.649891741710161064e+00
7.018691207954549371e-01
2.167175680301905327e+00
-2.659163129984811746e+00
1.544899080450247908e+01
8.974945925012251635e+00
-1.060315603907376847e+01
1.126656324958841005e+01
8.875199599392180616e+00
8.346399765779864310e+00
7.099050127665179843e+00
-3.996713899380238466e+00
3.202643016931098430e+00
1.031025331229999331e+01
-1.207293557592245659e+00
7.586544158988895781e+00
2.693601030898799653e+00
6.547362340797246105e+00
9.994575623599368797e+00
1.159902492401310603e+00
1.983627827044941894e+00
1.101993997498192357e+01
4.798187492232986351e+00
-6.009720818664993303e+00
7.405833819869371837e+00
9.368691999959628092e+00
4.012283441076649915e+00
6.845736594655781104e+00
1.480188236726982520e+00
-3.054387060240240093e-01
1.655888904795269312e+01
-2.233302730362046074e+00
6.072395510414903441e+00
7.458891769146106299e+00
-2.742970469425312530e+00
8.614500196570444857e+00
6.654148947977229334e+00
-2.043778960590838523e+00
1.196416292686236282e+01
2.006449063240405728e+00
2.646089443642333894e+00
1.071012626045411231e+01
1.081847471682564343e-01
3.348852474284589764e+00
6.584513439191998607e+00
7.461646207611952519e+00
-6.660064172581756647e-01
7.701749393745124905e+00
4.900296562037140369e+00
3.542831985258669825e-01
2.345350852592623880e+00
6.084286834735488370e+00
-3.149729004888226935e+00
7.381061490666496638e+00
4.823987645599494556e+00
4.266325464557632507e+00
6.229685456942997135e-01
4.676343134427647819e+00
5.996025013109917978e+00
1.364275086249641999e+00
4.812923627239727331e+00
-2.788616413790319992e+00
7.381566439005169400e-01
6.977455074138822155e+00
1.846718180415638511e+00
3.978659856068079037e+00
8.537104812598037995e+00
-8.618430230781330970e-01
1.448078837227088478e+01
-4.197154511104145058e+00
-2.317004362980489507e+00
8.187798367578137615e+00
-4.470141675458092489e-01
-2.292226988084093975e-01
1.321126485749934965e+01
3.592779843099777048e-01
-1.469085865786069256e+00
1.136333449963097131e+01
6.937794939937340644e+00
-7.087796618625494816e+00
8.732744504242319294e+00
9.117643310074223351e+00
-1.175299049141920094e+01
1.089930543745659364e+01
6.549661784245630614e-01
9.483047712465246804e-01
1.353066873597616038e+01
6.014599302561672189e+00
3.849988393916312646e+00
5.719228891860075770e+00
-3.034446661945927382e+00
1.632480370822046822e+01
-4.785334406013243225e+00
-1.301231517149927353e+00
1.573258396551924854e+01
7.062753328985047929e+00
4.859402022514497155e+00
8.179249922298030384e+00
1.654148487489098329e+01
5.572870437610562888e+00
3.490491313093617265e+00
2.203890370526195497e+01
1.455464740119559064e+00
-2.824510961017765887e+00
3.701894914532523728e+01
7.304228339936414294e+00
1.066196901987053458e+01
2.641742048631166639e+01
1.542118133426906468e+01
1.669503877053761798e+01
3.255344585756099463e+01
1.695751579050821078e+01
1.408802510800084384e+01
2.995605111456396941e+01
3.388987559261704519e+01
2.408904041963800680e+01
3.166809954272757466e+01
2.798261865006402971e+01
3.810047022225050739e+01
4.328894750018157112e+01
1.654933056273594261e+01
4.575572066500265578e+01
2.874870761898521465e+01
1.763499680613073650e+01
5.654106582223133159e+01
2.846808050560988335e+01
1.190407060279448359e+01
6.233339237054808279e+01
3.776102508379064204e+01
2.199296028077457166e+01
2.744233021987079368e+01
4.805295321457369795e+01
3.685583438197642892e+01
1.359073109740399765e+01
3.936218192488009038e+01
3.125256032505210158e+01
2.977212084460069974e+01
4.037384849814053922e+01
1.319482392164352591e+00
2.581670381101916334e+01
4.679831133906987617e+01
3.221507344539087825e+00
2.620505499457190268e+01
1.409482993932168426e+01
2.582389600043667244e+01
3.893238575217171871e+01
-3.953168755309197646e+00
3.756027848446733763e+00
2.953795422144188620e+01
6.504528386314348154e+00
2.509676850343059584e+01
2.627409908608562361e+01
-1.190292952302550944e+00
-2.234694391320973805e-01
3.388000208873376806e+01
1.943639116023889102e+01
-8.165077737743940745e+00
2.641001742636684924e+01
7.044716947301645327e+00
9.863615412514024072e+00
4.271133863618450732e+01
4.075861133654876234e+00
-1.939346174248475663e+00
3.778105545562498691e+01
1.437052517631635595e+01
1.114655812303054816e+01
7.618338057067254532e+00
3.268636255259893630e+01
3.780668729826285812e+01
6.947758585632452188e+00
2.297049033308071486e+01
4.041342026354588768e+01
1.838900552294978041e+01
1.828847892476738934e+01
3.275448450225808017e+01
2.976908385948487279e+01
1.631569634794796286e+01
3.918168367573813526e+01
6.140410427043290298e+01
4.747406156960283674e+00
1.908889681028473007e+01
6.564169137753293626e+01
2.985415996207283484e+01
9.041550679308855365e+00
5.113337977932524581e+01
3.368028630143568591e+01
2.864150337359178167e+01
3.861581635177821425e+01
1.956500997991085455e+01
3.721154171976128566e+01
4.845700577367091455e+01
1.045291204959891296e+01
3.003723911832852167e+01
3.687611454500941477e+01
2.671563230599656436e+01
6.044735426706124315e+01
1.399964104042266833e+01
-2.367387220453940344e+00
4.983396039791597332e+01
4.242537571967717014e+01
2.594035590703067840e+01
2.671844618492303169e+01
1.174338861502137954e+00
3.685754649149311746e+01
5.204619919276488815e+01
1.874572676193126597e+01
9.639566536470823621e+00
3.737189397803949475e+01
4.752996407978910298e+01
4.353145134655470372e+01
2.899253344421166645e+01
2.233481545836674353e+00
1.823375950757988306e+01
5.570536717210008248e+01
5.140828465535467728e+01
3.971719709135542331e+01
4.533186900214497683e+01
4.371406769087577260e+01
4.662456990037818372e+01
3.173597661577090534e+01
4.594612796356373963e+01
4.138868745815128136e+01
3.222982403517181638e+01
6.925641661339955135e+01
6.736574153515029195e+01
3.857649417222070554e+01
6.745303763426363730e+01
5.909841538613537892e+01
4.604570162766900410e+01
5.309562419399426858e+01
5.573050546638503278e+01
8.688472955074333015e+01
4.259465921200907701e+01
1.170768743851064286e+01
9.949263662575982892e+01
9.266552481610884229e+01
3.703668361894207095e+01
6.636941707997215190e+01
4.639995357328856329e+01
6.687027162190958052e+01
8.126372439278873117e+01
3.258138835261177491e+01
6.073106061847828840e+01
7.918221434270736836e+01
6.178552811492620833e+01
7.634902518186586917e+01
3.920321907166696462e+01
4.278390392275533571e+01
6.935822617075527319e+01
6.457547803949202603e+01
7.531140509651268644e+01
3.747106500657581307e+01
4.611361775062604096e+01
7.705903105759320226e+01
4.629096525834717113e+01
5.114639426413314283e+01
4.015672214973954368e+01
4.151497663277575612e+01
8.977850804659351525e+01
4.520032530801646686e+01
3.791057466392206265e+01
4.603298208750413778e+01
2.208707582898616906e+01
7.192774713286107158e+01
5.996695382982370859e+01
1.475095013371547203e+01
5.195732364438444506e+01
5.889204239573543020e+01
4.584444452235288026e+01
4.063216199367271031e+01
3.020369837067434560e+01
3.980101278786759877e+01
3.568887701355389908e+01
4.185780371492496243e+01
4.027576069112132728e+01
4.514242578369892556e+01
5.011829635436882313e+01
2.487432837621834025e+01
4.011741507000054696e+01
5.623602261725836371e+01
3.456888624374354180e+01
3.667045029754902430e+01
1.794105596466504338e+01
2.712641217855968989e+01
6.366680159415682283e+01
3.916250047557270619e+01
4.344381939844355145e+01
4.440750038228530627e+01
1.931997406379822024e+01
5.523236671838748890e+01
5.171926750820603758e+01
1.644083240694255466e+01
1.840218400377004571e+01
3.998570961012053004e+01
5.861393539765874294e+01
5.148989962023237865e+01
3.696964763901351603e+01
5.452783726291980315e+01
5.145192917373050534e+01
2.024512294590558881e+01
4.024764584112323185e+00
4.667335485584603316e-01
