3.364657350088482879e+00
1.577882088169535901e+00
1.703873786823193681e+00
2.089295611727255420e+00
2.703409020798951623e+00
3.914299405809396060e+00
2.583207944850820503e+00
5.948824133380435697e+00
6.586053311137279875e-02
-1.210596737736270301e+00
4.622962350741097737e+00
4.041129500867787883e+00
3.936364725552052857e+00
4.371100312396227316e+00
1.057577942516683134e+00
-3.152720330572185703e-01
2.801010421691309205e+00
2.934383044753511527e+00
1.807817299536143674e+00
4.252092386150714276e+00
2.229793948153723004e+00
4.057897644111510438e+00
-2.360256539605887771e-01
5.576998191712398523e+00
2.480102463113496469e+00
1.081741507073578967e+00
6.097223176263117494e+00
4.659014826286072442e+00
2.618360755898355041e+00
3.192302473260623330e+00
1.223526953850324617e-01
2.269548264168529617e+00
1.428607249490122522e+00
5.355582060292110036e+00
2.354075843698170356e+00
3.010423063780846675e+00
1.675215216651177341e+00
1.131951886453464784e+00
-1.612484569279890589e-01
9.518743562830996652e+00
2.412063736964820571e+00
-2.964209210989476873e-02
4.282396476387341444e+00
1.412399895842291642e+00
2.589493688147506134e+00
3.854776856782165861e+00
2.806698733295275083e+00
6.182257527278625098e+00
2.671001232493646516e+00
-1.160159215670105437e-01
1.871906476335639447e+00
4.448646041956054731e+00
1.662236145004419630e+00
6.699430084693941190e+00
1.540624137096920698e+00
3.076708669531786455e+00
2.947356543626518111e+00
-1.311610153303012671e+00
7.786402708398957317e-01
5.638661648824559336e+00
5.374653833145424109e+00
2.716443279527828714e-01
3.125206190287802333e+00
2.389727670891099720e+00
6.533573938991055208e+00
3.574428622219254947e+00
-9.720263801185405894e-01
4.446363900703116379e+00
2.111715311455498512e+00
3.654436447253886389e+00
5.273799575756914493e+00
-1.003983415798408663e+00
-5.090907513469612455e-01
8.121292623506475294e+00
3.507266929715446402e+00
2.416627589562218237e+00
6.153985265301263219e+00
-1.027480425858741997e+00
5.051966582132335404e+00
1.958191319956469778e+00
1.331472850037387357e+00
2.929204083942270831e+00
4.911304918151865095e+00
1.801888075026044422e+00
1.803858013159032492e+00
4.197812728555823547e+00
2.637057250795189933e+00
4.726820566478970420e+00
3.399591683455597257e-01
2.553427636998977235e+00
5.547602054004983962e+00
4.425649769271565503e+00
3.709876184432764123e+00
-1.877784429821643730e+00
2.523980099186916792e+00
2.511259775585948706e+00
3.400089405177276980e+00
2.864222475996945239e+00
6.565040813354016791e+00
3.375480087732711798e+00
-2.639968775016568348e+00
6.528408741810596716e+00
3.506564378348719924e+00
2.095887561126831944e+00
3.924089805976066270e+00
1.802820936501133620e+00
3.183734658917039884e+00
3.269339902574071033e+00
8.444062873130062652e-01
9.656447251967907874e-01
2.524028069485363179e+00
6.308802598749447377e+00
2.863535996377900794e+00
3.811507417251383867e+00
2.534014719109159985e-01
-7.042781168264547476e-02
-1.626162026604854038e-01
3.690241901216063880e+00
2.475014412332327218e+00
9.162611304104267829e-01
4.395915784756551759e+00
-6.551842483071548262e-01
1.664627797335183956e+00
4.350889437075688093e+00
-2.307084925233151562e+00
4.165775533169946421e+00
3.363183676260014465e+00
4.693615737654040387e+00
-2.655902012015537217e+00
1.787573817100658324e+00
3.753889815020278853e+00
1.987459814156265825e+00
4.375215114588713483e+00
2.767104513847637559e+00
3.113773713115334463e+00
-1.264410729133403910e+00
2.238305599398602741e+00
1.682345588991013052e+00
7.540854117969678638e-01
3.188090443353228221e+00
2.929041364860667684e+00
2.381760041551721496e+00
3.996057670763365488e-01
1.867263265766631875e-01
1.788980784196391394e+00
6.822810404973182585e+00
5.885924724390029894e+00
-9.235762328860358528e-01
4.521639829560304413e+00
-4.047449865298473060e-01
6.155326534263634297e-01
3.590843574656467307e+00
1.681084219609294106e+00
2.181892114205961075e+00
8.121377619822297333e+00
1.264500388539149034e+00
2.376742417858858758e+00
1.359719078068141407e+00
5.946906207502181907e+00
5.318224760783738070e+00
8.654745737088264335e+00
2.803720533510734025e+00
5.261539214850248669e+00
5.090648931234925456e+00
8.666896414648412872e+00
7.305192008775992285e+00
2.439113480655073385e+00
1.055433908291988132e+01
1.041140325992022397e+01
9.918558976811644001e+00
1.101239381116275418e+01
5.555228307817539957e+00
1.027982511831999801e+01
1.592331315329801100e+01
2.221036316927977694e+01
1.123963224737673272e+01
2.022134147672626980e+01
2.013491539733580993e+01
1.760724433051195703e+01
1.789399822253988859e+01
1.762949907477840839e+01
2.363948467016949806e+01
1.389899895467473456e+01
2.858111137340918617e+01
2.508723111976667397e+01
1.702360098427289969e+01
1.602396312996730643e+01
2.526667498082115060e+01
2.583982150772838438e+01
1.795086350045156465e+01
1.914756138651151218e+01
2.288753523097615528e+01
2.528392147732120065e+01
1.865495227726146155e+01
1.714160781389461974e+01
2.189637612748823514e+01
1.903553917466662071e+01
3.241026867112008603e+01
1.615605311610660877e+01
1.196629990561765133e+01
1.966055496583209816e+01
2.130106735846132793e+01
8.313041119607682106e+00
1.231209126008216259e+01
1.133438223968696335e+01
1.843163483369366773e+01
8.388376674310581649e+00
7.459153687671199684e+00
1.033507804872029467e+01
1.152257581105100037e+01
1.385953970070238839e+01
1.118877321509168610e+01
5.013612826725193372e+00
9.136714438403499727e+00
8.463844758671259072e+00
1.141131825433718383e+01
1.363322433548938939e+01
1.142333638496172910e+01
-8.318147773709640092e+00
7.525787380650831082e+00
1.320080448450238642e+01
8.956261373896072797e+00
2.101263963627591380e+00
1.274878837760857841e+01
1.585750379915724118e+01
7.857161622070963247e+00
1.398244789118951736e+01
1.441138368066029507e+01
3.295965053987877091e+00
1.377333683813189147e+01
1.177660203112434445e+01
1.752554504634552046e+01
1.060896562943255184e+01
2.266166007658933523e+01
1.481870379553201467e+01
1.962378617110620782e+00
2.003112640083440610e+01
2.215803456683323347e+01
1.977732892214487848e+01
1.859347770941147715e+01
2.078008371122135856e+01
3.029427802333381692e+01
1.157907928897554939e+01
2.526292648425176068e+01
1.598896640565866534e+01
2.137205352834079264e+01
1.237340290647861174e+01
3.655296268594761244e+01
2.684132136669580504e+01
1.188888867689416351e+01
2.130618289232163320e+01
8.746805721449099735e+00
2.687636541228634712e+01
1.892751923519344004e+01
1.880779054203143019e+01
3.343486273899853956e+01
4.794220827136634000e+00
1.886188498278580283e+01
1.371822141693009733e+01
2.538959639085894437e+01
1.544633127591914779e+01
2.386902255367443360e+01
1.387724106456604822e+01
2.534824187941698881e+01
2.011555844610100507e+01
8.094529118125736389e+00
1.547022634016079401e+01
1.028876494601315983e+01
2.064709722521356383e+01
2.591778949408354649e+01
1.024183727598084204e+01
1.251598069737735486e+01
2.317939549346791495e+01
2.656337688650159734e+01
1.669149270198507296e+01
2.829462074719711495e+01
1.992270652848311840e+01
1.857527126486457547e+01
1.851314073013252326e+01
3.570192372195241148e+01
2.911932042429589629e+01
3.335238502052812493e+01
2.401815981762044672e+01
3.087554453820228773e+01
2.826067326977176464e+01
1.280946102358079308e+01
4.265266140587371524e+01
3.254584912728153512e+01
3.518280977948145960e+01
3.680160087819906778e+01
2.962480863134437215e+01
4.455944127585493675e+01
3.012202105489302184e+01
2.749776938013077299e+01
3.765511514828547490e+01
5.948165335088737038e+01
4.122065537586252759e+01
4.305245445277012095e+01
2.616521767308288560e+01
1.974890851646905787e+01
4.800435089829481683e+01
3.313571986697446192e+01
3.955573022083998325e+01
3.870720655725312298e+01
4.157832533050457613e+01
4.504125225234103880e+01
2.306125035944857160e+01
4.857482337717601695e+01
4.040360982337105611e+01
3.569833606668287729e+01
4.102786849785785961e+01
4.263236289810294011e+01
3.394763798544565958e+01
3.300604568734333810e+01
3.061692097927858214e+01
3.233818187022481538e+01
3.323219887979974629e+01
3.128016866006095142e+01
2.974164649935739035e+01
3.600106016728314984e+01
2.397271536510389467e+01
3.753558573782734697e+01
2.632850391405873225e+01
4.613641764414251867e+01
3.306618889247739901e+01
1.790566193564977482e+01
2.798887446423022496e+01
3.161275864443712535e+01
2.609462567953309176e+01
3.318027878502219608e+01
1.978412459708212978e+01
2.336272660322592643e+01
2.497875574670039356e+01
2.811951072550760244e+01
1.550134665706032067e+01
3.007988016307618295e+01
2.810597812960226349e+01
2.746811340240030930e+01
2.097256282176001818e+01
3.055653665548224041e+01
2.004717292561594633e+01
2.318607725272050857e+01
2.177197167497166674e+01
2.993298715401043353e+01
2.849782733884335784e+01
2.627054258532970721e+01
2.007492591933467452e+01
1.704780583706729757e+01
1.210266194232051795e+01
2.254131745107386564e+01
3.237826131799307916e+01
3.040218446558153076e+01
2.898518844406695649e+01
2.234059846464448995e+01
1.758784632510298351e+01
2.827078417306652725e+01
2.160725602137312862e+01
2.602204073351659019e+01
2.705684540226544499e+01
2.562696414738385897e+01
2.829485260003136204e+01
2.740913371667845411e+01
2.474992918702583111e+01
2.382283601494891201e+01
1.654101069404506319e+01
