5.047611132042586490e-01
4.099346722017480182e+00
1.848188443178137064e+01
-9.688372569902735876e+00
7.472837721752875417e+00
7.175554360063749471e+00
-2.422194340485789521e+00
5.672778473951855638e+00
6.484177320772986697e+00
6.875097602937377594e+00
7.090477182745154039e+00
-4.976968922533793638e+00
1.189226194009784265e+01
1.208120716110816950e+00
1.590370320683536232e-01
8.126583732920053649e+00
2.583193181270386329e+00
5.333877379516212436e+00
4.401775380227475054e+00
2.275675598977822123e+00
1.388401228842764468e+01
-6.315519751062090847e+00
1.337669956156363504e+01
5.771043066884233852e-01
-2.005649756457357213e+00
1.298206073184511133e+01
3.368198882860355958e+00
-4.783848470923190987e-02
1.327907073979316088e+01
-3.949306287860163245e+00
1.078339788307354041e+01
7.038398886296612034e+00
-1.167693532897748465e+00
7.655568568335766599e+00
-5.948412117733930415e+00
1.114999277292917235e+01
8.774713254089240522e+00
2.667195352000604203e+00
6.599724675097422555e-01
5.923023190711513841e+00
-1.914517035365364883e+00
1.737187958451488257e+01
-3.289136918147913313e+00
6.312772438563962751e+00
3.859355069838350527e+00
9.798706273093152674e+00
-1.313594900327238912e+00
4.365837683015608484e+00
7.676308862905788288e+00
1.088273796659731296e+01
-1.389057444353591908e+00
-1.206610198624082475e+00
1.075257011160978848e+01
5.649809365443539733e+00
-2.026529929805532149e+00
2.548374684560203551e+00
1.625424503098419393e+01
-2.377087271933758572e+00
9.171753668604775811e+00
-1.828059090418070909e+00
3.662496960837754223e+00
1.051927686902741854e+01
9.166139613820227794e+00
-2.475012481788474439e+00
5.012723494546338365e+00
-5.158361704164375894e+00
1.756477032591238796e+01
7.232844059576507334e+00
-9.265827317648994921e+00
1.031822987906964073e+01
9.649722282765807790e+00
7.531443122353564057e+00
7.807889837090521645e+00
-4.298561621589946036e+00
3.072428848105711374e+00
1.073007541448399849e+01
-1.743562588221944321e+00
8.012017635067369525e+00
2.465375868432691853e+00
6.705561522317890599e+00
9.863115298965510647e+00
1.070686593055556912e+00
2.348461791320989533e+00
1.061301119239359458e+01
5.097255152445907100e+00
-6.157257915543883797e+00
7.331338722156479193e+00
9.602019228812732621e+00
3.790208634534818266e+00
7.034989700779457067e+00
1.182390117794751783e+00
1.654280482537840991e-01
1.584781651000584546e+01
-1.052112967939488719e+00
4.350010612588992132e+00
9.553400003714438427e+00
-5.119325529457235291e+00
1.128842584009156091e+01
3.726305630803745217e+00
1.008736651091857617e+00
8.915923820629707564e+00
4.891573519926199154e+00
2.867218535453508466e-02
1.323542861541858251e+01
-2.516513301544449632e+00
5.937183232653806542e+00
4.354923239593015083e+00
9.077186754520347733e+00
-1.597839523364737335e+00
7.993817904533699448e+00
5.188724620374169483e+00
-5.249378227194805291e-01
3.913160629855801709e+00
3.876680133048896693e+00
-5.263457352943445855e-01
4.526308013861630286e+00
7.864029130983944071e+00
9.454079525514784699e-01
4.293181304179470636e+00
7.101918120827068748e-01
1.013943033505022484e+01
-2.775760997053244417e+00
8.747649244793818113e+00
-6.320550588708496065e+00
3.761723092070273999e+00
4.453190246264092877e+00
3.871680793799760156e+00
2.418765492018611241e+00
9.654552230165718285e+00
-1.473262297709958091e+00
1.461543395892906005e+01
-4.010624516616712931e+00
-2.764790633821666344e+00
9.080214010801796576e+00
-1.961789073681935225e+00
1.821050002379063892e+00
1.083057138645158624e+01
2.799306025029142830e+00
-3.714482950342945511e+00
1.344918803545892594e+01
4.825032624347107557e+00
-4.972202791719117165e+00
6.818840863250120954e+00
1.080965058535864642e+01
-1.338979022907244065e+01
1.252972163603108946e+01
-9.738485084239387746e-01
2.544878288832680635e+00
1.218718979524417811e+01
6.958262222604204794e+00
3.155905267628334787e+00
6.375671069005550251e+00
-3.697509457995232562e+00
1.705557952287709966e+01
-5.738336994644489764e+00
-1.880138989747148770e-01
1.463312636123207611e+01
8.144926992593712001e+00
3.796803938563095393e+00
9.136601401488892549e+00
1.571387969302993248e+01
6.279638201775019191e+00
2.999479244379568144e+00
2.228522545482936934e+01
1.230759546446337893e+00
-2.526771202189788124e+00
3.690652194148776744e+01
6.943827082116584393e+00
1.163422690925444414e+01
2.483446962662625168e+01
1.747121659159521201e+01
1.435625430452744489e+01
3.518193484565754403e+01
1.390291426064683833e+01
1.748874709517512116e+01
2.646622541049901756e+01
3.735729242862242216e+01
2.059701795159066151e+01
3.527707558059979220e+01
2.422447132396846570e+01
4.189064765347755781e+01
3.972416859349108620e+01
1.962113009729038993e+01
4.329865906086316585e+01
3.055135110900211259e+01
1.652204643736688183e+01
5.698173961750310212e+01
2.865658286738695537e+01
1.112577458615097648e+01
6.370502464541188914e+01
3.575998921036493527e+01
2.458121762758004891e+01
2.435364818668958264e+01
5.162993343948157587e+01
3.272691994206088850e+01
1.826534720829514313e+01
3.432635649989323667e+01
3.635291335159494963e+01
2.493489213625652567e+01
4.476861395325554582e+01
-2.751501123927594605e+00
2.970558774325543894e+01
4.321542180871922767e+01
6.275626795162186689e+00
2.374376079366350112e+01
1.600265264812727040e+01
2.446062867920011996e+01
3.974380339761449932e+01
-4.090642230153250125e+00
2.982627731394027482e+00
3.120910187384204448e+01
4.260318302557283054e+00
2.767423018030903492e+01
2.341470461969291961e+01
1.873195976888643699e+00
-3.422769174856853613e+00
3.727913794792085866e+01
1.584523815513222722e+01
-4.536887424299454352e+00
2.279581988929241021e+01
1.063255438396389607e+01
6.480212972908651281e+00
4.575527478491591182e+01
1.345220967336942852e+00
3.883365190541768763e-01
3.606972334695029048e+01
1.549280849502714297e+01
1.035508915988557455e+01
8.230968698191114541e+00
3.222004087000624395e+01
3.809338475440238625e+01
7.047606599813563300e+00
2.232635238988499538e+01
4.142611317914177960e+01
1.725360542301110556e+01
1.957291684927411524e+01
3.120489421239577865e+01
3.150853198153547652e+01
1.455408729523728084e+01
4.081403158294421019e+01
6.002666125250986795e+01
5.954758560373245579e+00
1.777997519161685247e+01
6.716528056197851981e+01
2.824831274376959556e+01
1.058599978292774679e+01
4.969619144662188859e+01
3.495978610611018667e+01
2.756193918835601409e+01
3.953319363466456338e+01
1.877980167431110914e+01
3.788092186179282095e+01
4.784816553161877550e+01
1.104756319999755831e+01
2.942426312287967249e+01
3.753734771066004328e+01
2.600486241288002276e+01
6.111242569531109581e+01
1.357331518540980042e+01
-2.293989534388208629e+00
5.002130201585571001e+01
4.222485786989602019e+01
2.598440749249133930e+01
2.674703007696368928e+01
1.232155446211940175e+00
3.665233209106418855e+01
5.236801736280813913e+01
1.839040505081186083e+01
1.003552384644258844e+01
3.676055464650924876e+01
4.852401721519526490e+01
4.227167378067586156e+01
3.020554759287135482e+01
1.184485909230036604e+00
1.918941647526023786e+01
5.475394404592179853e+01
5.249759385110134247e+01
3.840437932579174429e+01
4.678009186218058346e+01
4.223884075022657214e+01
4.816431286172627324e+01
3.012936809198543031e+01
4.744509158604527954e+01
4.005734988918674588e+01
3.345076264181834347e+01
6.823734954616178072e+01
6.811446984132341242e+01
3.796582751536515588e+01
6.806615392533818465e+01
5.849661564386585155e+01
4.657730037766882702e+01
5.274567731013084426e+01
5.561634665158790369e+01
8.756327783861003411e+01
4.161695062400153944e+01
1.281253556802368720e+01
9.817241580517901411e+01
9.427487685521633409e+01
3.519848188241636677e+01
6.834998827345565076e+01
4.438996480478332529e+01
6.879454618356211881e+01
7.926074148992123014e+01
3.493808266469307711e+01
5.810351925715040267e+01
8.177782696105049354e+01
5.941748972124208450e+01
7.841301265225727946e+01
3.748827019345726796e+01
4.417275913536730769e+01
6.823071664324021413e+01
6.537049203276519904e+01
7.490672561080415903e+01
3.758589378310747975e+01
4.625430186169307945e+01
7.660270773680016987e+01
4.709234926821351763e+01
4.999224590222434728e+01
4.172915423374201538e+01
3.944562498504337356e+01
9.224572644858520221e+01
4.255937249081561191e+01
4.050643503381126465e+01
4.362948776495824887e+01
2.435000626612269414e+01
6.967063374038104939e+01
6.224155074241611629e+01
1.258871630761982097e+01
5.382772194051164405e+01
5.732135847243076654e+01
4.723595752245412882e+01
3.939221155682201925e+01
3.111819031285686066e+01
3.946423263918410385e+01
3.540984537287512524e+01
4.258435533023332908e+01
3.933298315037762904e+01
4.609997009710949811e+01
4.913170075981402363e+01
2.603382703023697786e+01
3.876632865361750646e+01
5.765909962058349691e+01
3.313274777016159334e+01
3.817489633303340213e+01
1.641529885995867133e+01
2.858583400950324460e+01
6.227636895295679409e+01
4.037380023086750214e+01
4.257289457750844264e+01
4.493217526645305071e+01
1.905617005173353462e+01
5.529756414620585758e+01
5.172024959694029889e+01
1.659273809022455737e+01
1.814017367935030478e+01
4.008555031545314051e+01
5.872134891704854454e+01
5.130962103753930847e+01
3.714694878124774391e+01
5.440545273828570316e+01
5.149245153113029971e+01
2.022172465346706005e+01
4.021671010075820618e+00
4.652489175780912811e-01
