5.059261628335258720e-01
4.103416206874448413e+00
1.848826162842967236e+01
-9.858643959371910626e+00
7.791761987957663393e+00
6.662021559470386656e+00
-1.706324645488769276e+00
4.800353940044992385e+00
7.437941141058363570e+00
6.067702803624414720e+00
7.479505724994547577e+00
-4.959966318350142345e+00
1.170084094763819849e+01
1.495327053410301366e+00
-3.238083859482722149e-01
8.892182569460130637e+00
1.442282809086526951e+00
6.936747473625806570e+00
2.371825882699305499e+00
4.693083542250389151e+00
1.098728411492817081e+01
-2.927196427327312556e+00
9.715045797105398506e+00
4.286740888951457329e+00
-5.645035224994273904e+00
1.641393692699820406e+01
2.566559924976847262e-01
2.764291683996644267e+00
1.072708040537300178e+01
-1.708074469389999184e+00
8.925134812600870049e+00
8.397312152461738677e+00
-1.808282578528125573e+00
7.439188645506527031e+00
-4.937741360475189190e+00
9.432367752002866368e+00
1.120953039763522341e+01
-4.815867924271894362e-01
4.395969263886938094e+00
1.818149665820817606e+00
2.327565019582758854e+00
1.311575773643506437e+01
1.056232305343850264e+00
1.765422852985560231e+00
8.538066633586852916e+00
5.235952822047880595e+00
2.873440078689752930e+00
6.906080421502155398e-01
1.080029962590550774e+01
8.364901082900955132e+00
4.142010899839368987e-01
-2.218639551444210323e+00
1.102763258205206398e+01
5.976996824861345203e+00
-2.819239798907487327e+00
3.714216457486038792e+00
1.469802709714429056e+01
-3.728500481852198845e-01
6.729334875734298116e+00
1.006121243248506714e+00
4.892304793850906774e-01
1.388388315019311214e+01
5.871304336093767340e+00
5.836646620959028420e-01
2.195250488526971466e+00
-2.592844774156217724e+00
1.527324647812207026e+01
9.256939787351631921e+00
-1.100212947016722254e+01
1.178661275076858850e+01
8.293219914703865214e+00
8.892848458664030176e+00
6.604806322915762529e+00
-3.489458852392173238e+00
2.656100878363387707e+00
1.089323681139184963e+01
-1.816476636380676801e+00
8.168476757958114121e+00
2.179327412342031423e+00
7.015796856270207549e+00
9.549951776086368582e+00
1.522535312033607147e+00
1.765527434234338555e+00
1.112104671555205115e+01
4.781768969280983050e+00
-6.059024548528791243e+00
7.472318295326303428e+00
9.294460775820292397e+00
4.143219878697827596e+00
6.619512421295901561e+00
1.788855100581057789e+00
-6.915229346393708676e-01
1.703540845787417268e+01
-2.747236684044517929e+00
6.576523150164773845e+00
6.945538076390699089e+00
-2.221670001484055135e+00
8.119247970210397014e+00
7.099920023285449133e+00
-2.450671927547529272e+00
1.235085911349614385e+01
1.615689651803093208e+00
3.083259004869308484e+00
1.026515446143960730e+01
4.612739984427592921e-01
3.123898314136853038e+00
6.705170276293779708e+00
7.403615442955463699e+00
-6.562726072113971298e-01
7.748703827887277740e+00
4.787370502532678707e+00
5.424031808978317937e-01
2.121002053009592103e+00
6.313256071435334071e+00
-3.417513641947777181e+00
7.736279750028778324e+00
4.349305950899563733e+00
4.837220406551211660e+00
4.343561582601171422e-03
5.308057313057950921e+00
5.391861983586841767e+00
1.930931961638426841e+00
4.273773356308481652e+00
-2.265462133607333506e+00
2.223892288409147489e-01
7.467718684178985100e+00
1.386524536508282557e+00
4.392774271147928289e+00
8.197891773055012266e+00
-5.893328797178013501e-01
1.429398431669630121e+01
-4.154564294291115623e+00
-2.175323902440334134e+00
7.891112502102705761e+00
-7.207167937966660332e-02
-6.520916640746228232e-01
1.367280070284846616e+01
-1.588786606563769577e-01
-8.310571752454934957e-01
1.061050186583353394e+01
7.739336919896064870e+00
-7.905771838124546314e+00
9.590089648263052879e+00
8.216708362144739652e+00
-1.087336332457948807e+01
1.008795695327834352e+01
1.353431944143361321e+00
4.181680909994091588e-01
1.392490911774315698e+01
5.698203412570147286e+00
4.084222720304348186e+00
5.605767551941644555e+00
-3.055222999918052906e+00
1.648350062645398850e+01
-5.133580082762629893e+00
-7.600607505448737644e-01
1.505294110361277937e+01
7.876394973255915311e+00
3.920460318549710443e+00
9.198798340196605139e+00
1.548134382031409295e+01
6.644048656731404101e+00
2.455465477373627525e+00
2.298328189918117914e+01
5.645852758993586962e-01
-1.930729040658792695e+00
3.616609556157316518e+01
8.044677666482044742e+00
1.009531230744849850e+01
2.676719427626458625e+01
1.528931199424632226e+01
1.663902555895826296e+01
3.277823309336356061e+01
1.652257181292226207e+01
1.474023156434896542e+01
2.916115071277516080e+01
3.477067821797810154e+01
2.314586666015480532e+01
3.267975996798832483e+01
2.688162017697244011e+01
3.928962999641635179e+01
4.204540518173416785e+01
1.776679485366087619e+01
4.462983055879577421e+01
2.975001505925998302e+01
1.679784011466220051e+01
5.719466173546496179e+01
2.800574503599662179e+01
1.217632376681866901e+01
6.224993518695918482e+01
3.764071400188778682e+01
2.229851609106414045e+01
2.698351397377612670e+01
4.866034686088848815e+01
3.608149637740567783e+01
1.455807938305446037e+01
3.821584724491490448e+01
3.252381620213103020e+01
2.847008685064777822e+01
4.160658756292598071e+01
1.677860189201864916e-01
2.691267847821802306e+01
4.578442218660142515e+01
4.097844973197417140e+00
2.549994368152774271e+01
1.462853252048470942e+01
2.546029670841339154e+01
3.914000819287051058e+01
-3.999373788118647965e+00
3.561132368831738670e+00
3.002034688325444733e+01
5.785685528964560120e+00
2.598784711545141590e+01
2.525070495568176554e+01
-8.464915508343529016e-02
-1.355517701710209355e+00
3.503301800056723181e+01
1.826420143767222726e+01
-7.030253288908655307e+00
2.534129790882807498e+01
8.048038907779572426e+00
8.969775035387831608e+00
4.345011808483665305e+01
3.494304446802668274e+00
-1.536914744149237233e+00
3.763791243948926990e+01
1.421779445313386248e+01
1.153859761154403962e+01
7.044029162743079553e+00
3.339819529308264379e+01
3.700473224555649665e+01
7.850860097824670092e+00
2.192713093328799445e+01
4.156323858649692227e+01
1.722242600571308202e+01
1.943492233690258431e+01
3.161512743114049329e+01
3.087435384371975289e+01
1.530013360045167303e+01
4.004898923539554545e+01
6.076405915277369729e+01
5.120178553669985533e+00
1.894109868162167487e+01
6.562118669255528403e+01
3.003609889760362250e+01
8.682869663161813634e+00
5.166219190579452203e+01
3.298384876414937139e+01
2.950951222599113066e+01
3.760416966076631695e+01
2.068243894116632831e+01
3.601856346988273572e+01
4.968751676455195820e+01
9.232020483163278612e+00
3.119208489265919937e+01
3.584305941457951405e+01
2.757454498495890860e+01
5.979143130260126782e+01
1.447974068161903105e+01
-2.715793606926476755e+00
5.005436902972799373e+01
4.238498642660974980e+01
2.574048729513196321e+01
2.715893195367156210e+01
5.277625610445533244e-01
3.767510346061244064e+01
5.108932769216293934e+01
1.983669509535898712e+01
8.428179480117782063e+00
3.863257360626888470e+01
4.632544294228580384e+01
4.462709080299405429e+01
2.797705202740013419e+01
3.183060937077510921e+00
1.736712901345500981e+01
5.647387863188033919e+01
5.079206712455481920e+01
4.011714194965581015e+01
4.516223843771332014e+01
4.366921202846454975e+01
4.689279759181201968e+01
3.123307554318891732e+01
4.663276696721735703e+01
4.055760782665433339e+01
3.320408773695336180e+01
6.819637313406248325e+01
6.844134134997194963e+01
3.749580004847367576e+01
6.855571032617211813e+01
5.798007854601395650e+01
4.715924024077466470e+01
5.201235287911040928e+01
5.668506298520532738e+01
8.615529998822131574e+01
4.312110458986806805e+01
1.134717664271659565e+01
9.966841211398850930e+01
9.269795301190346493e+01
3.680222317723477232e+01
6.678350831081721140e+01
4.583809738315843418e+01
6.751164814026125782e+01
8.055450156264251405e+01
3.343175088788220251e+01
5.972912657960244331e+01
8.027454355863460478e+01
6.066647874451098943e+01
7.744026094687382056e+01
3.819037273754024397e+01
4.368132296278542981e+01
6.856884293425466126e+01
6.524352476828107683e+01
7.480133502700493864e+01
3.783838268197587240e+01
4.587594756393286843e+01
7.716147673887816438e+01
4.631992464282698307e+01
5.099258205697049817e+01
4.044100563595920761e+01
4.105750103333442524e+01
9.041677086947387920e+01
4.443409843436159434e+01
3.873893734874895500e+01
4.521814474227945624e+01
2.286037730842449989e+01
7.117904861766638192e+01
6.070410877075317302e+01
1.403445827675040114e+01
5.259773243819930855e+01
5.835182308043532373e+01
4.631659633111792829e+01
4.020591785084861414e+01
3.056705689121771385e+01
3.956761150610573452e+01
3.574969106545663067e+01
4.196375475219028317e+01
4.003624719122447573e+01
4.543571743328774915e+01
4.981136378928402308e+01
2.521353750215887857e+01
3.974098530212587121e+01
5.663309167999566540e+01
3.416717700098241295e+01
3.709288109462924155e+01
1.750664220438156349e+01
2.754280748574110405e+01
6.324969523074461364e+01
3.956618333817316824e+01
4.310691624719881077e+01
4.465493333327263770e+01
1.916704532642721759e+01
5.529327303334794408e+01
5.172402545181520139e+01
1.645265959049114102e+01
1.833520452118937172e+01
4.003980511407104359e+01
5.860451290230246002e+01
5.147109164511208945e+01
3.701104285113667203e+01
5.448119530125183019e+01
5.148824797767275641e+01
2.021885830164256603e+01
4.019842402009810023e+00
4.650344140209570765e-01
