5.133219478870544306e-01
4.166847802923673072e+00
1.880161897303429086e+01
-9.793735793718694183e+00
8.122133756687430761e+00
5.419304290125414703e+00
7.068468777721875762e-01
1.220977324381084195e+00
1.119104398516235044e+01
3.359770502379945789e+00
9.292455838181242100e+00
-7.371560840799611825e+00
1.496393136085967512e+01
-1.816944138889670990e+00
3.016271044155462988e+00
5.649485354528438030e+00
4.377837620221276538e+00
3.998834028096611704e+00
5.397920301742400895e+00
2.303791783776324209e+00
1.205156340984492580e+01
-3.268669967834128887e+00
9.821723742793910361e+00
4.615797008285452918e+00
-5.849156723376588651e+00
1.600559739191431419e+01
8.790788663039801332e-01
2.557499720820938904e+00
1.021540471820899931e+01
-4.895053023671078751e-01
7.116318952336492920e+00
1.011486513742949711e+01
-3.184393304260063395e+00
9.298128932689211368e+00
-7.487949171942617888e+00
1.200511623394639926e+01
9.211793733459682443e+00
1.097221107864883916e+00
2.277063761185961432e+00
5.359747722723746222e+00
-2.820239944035872970e+00
1.893113017209896398e+01
-4.332639348681600389e+00
6.735922640405311412e+00
3.529494236664326934e+00
1.058691530637705647e+01
-2.582301988174694252e+00
5.602822061701037804e+00
6.509109479029755896e+00
1.251372661454163548e+01
-3.936210344143622475e+00
1.991364969380057026e+00
7.553571627295194268e+00
8.345058014222134446e+00
-3.568576234277599735e+00
2.766432036199161448e+00
1.688926803085764305e+01
-3.573961781307707142e+00
1.059973850102366555e+01
-2.934350657927428774e+00
4.420861188661227459e+00
9.227593758490352016e+00
1.144462714126686365e+01
-5.058463436090741006e+00
7.609914086034827996e+00
-8.061840891278485799e+00
2.078874877922293152e+01
3.706980565966848218e+00
-5.730005594130316737e+00
7.981060137885402916e+00
9.704546358834797104e+00
8.890021024638079084e+00
6.726434910468940487e+00
-3.733278787742640770e+00
2.566433665159085997e+00
1.135634050455595379e+01
-2.789439751837864190e+00
9.468839125593440542e+00
1.289409925489800601e+00
7.468265937656820341e+00
8.494185959585355050e+00
3.200729729351149189e+00
6.926552324389612103e-01
1.113656626999627974e+01
5.754814832017593140e+00
-8.249804470517705823e+00
1.065446670279755104e+01
5.981650866565266789e+00
7.165471826287892476e+00
3.830268624651270937e+00
3.858269556008886436e+00
-1.943584540762917312e+00
1.825145029691447363e+01
-3.875949578992954336e+00
6.810274310148733079e+00
7.750743371006817206e+00
-3.559955529876590141e+00
9.916496126989603255e+00
4.367456240402834311e+00
1.617653644924325951e+00
6.399011262911525222e+00
9.263868241210182930e+00
-4.679341408864301499e+00
1.694218490001939514e+01
-5.236568836942237404e+00
8.456851954324399401e+00
1.678957340598039583e+00
1.158237871043337641e+01
-3.544153575325398542e+00
9.146882004379339293e+00
4.393259999711164987e+00
4.127935546781502651e-01
3.349908449637168939e+00
3.219329988595199143e+00
1.886682079087405928e+00
5.446121672231686306e-01
1.259464839303609551e+01
-3.787946047724926935e+00
8.493750421118217986e+00
-2.718449192884006216e+00
1.246998244517789978e+01
-3.968701710262447335e+00
9.475884766045901131e+00
-6.713543255014030819e+00
3.508001522025341323e+00
5.477043183548971683e+00
1.918889830997434931e+00
5.309076548388096839e+00
5.900265365441458520e+00
3.198690122671980163e+00
8.376284067400826316e+00
3.964055517464493583e+00
-1.079016065199778218e+01
1.564175271255398414e+01
-6.876381190830126222e+00
5.372488289164760289e+00
8.106872038071902153e+00
5.039784274684335763e+00
-5.177926166015071274e+00
1.330690628954896049e+01
6.369567752988489318e+00
-6.702400417414432710e+00
9.050462880080907269e+00
7.009341591801068638e+00
-7.874915191396550718e+00
5.553385866194930465e+00
6.854561552010670411e+00
-5.032018888527928446e+00
1.838224972546856151e+01
2.122649427042272219e+00
7.006393131237816263e+00
4.136257577324708556e+00
-2.857533857776660025e+00
1.666042415089067674e+01
-5.865242615474794086e+00
9.418816568045882409e-01
1.246948886666930534e+01
1.104946565946415227e+01
-2.590974081669457363e-02
1.391516583636493642e+01
1.040227701125868975e+01
1.236888041502564661e+01
-3.268802226956454504e+00
2.684853322263978725e+01
-6.889136803626341177e-01
-2.738803075519885333e+00
3.822547026620052435e+01
4.853737790395643792e+00
1.456886797911901255e+01
2.089291950760278027e+01
2.277364607551404418e+01
8.431619908836948341e+00
4.093611608359629628e+01
7.796690515081853512e+00
2.460078755047812393e+01
1.842172924066454343e+01
4.521736028030964150e+01
1.418764823094825189e+01
3.945886675896170459e+01
2.261482588993233733e+01
4.137686838854756388e+01
4.218168628420540500e+01
1.526892270391461537e+01
4.891321416238158548e+01
2.403962526555013923e+01
2.372649722670654882e+01
4.902186762683647459e+01
3.753740628029474635e+01
1.581553031942496634e+00
7.356637308256466667e+01
2.604350493203224559e+01
3.407305248360518846e+01
1.554645064978291913e+01
5.819105912271409409e+01
2.928374229938204820e+01
1.872418544272166585e+01
3.612442367239273722e+01
3.339355013977126418e+01
2.857348797373509797e+01
4.012177335943358969e+01
3.485246364484777981e+00
2.252747397934026807e+01
5.016109791720754885e+01
-7.662538647734434827e-01
3.138874439678015804e+01
7.969760921717703894e+00
3.232818032806602560e+01
3.321737987913009249e+01
-2.133435316956603933e-01
2.160873566338999296e+00
3.001898535442322924e+01
6.755288036303493726e+00
2.354667631055632881e+01
2.851387774405059261e+01
-3.280098094771229711e+00
1.783532112917317836e+00
3.200947826171048405e+01
2.096808013479282806e+01
-9.501985569032370904e+00
2.772760987517061793e+01
6.492983405859376056e+00
9.023341408018007215e+00
4.457287628204958452e+01
5.338912609286978750e-01
4.491976362205210904e+00
2.876719494958587831e+01
2.474517957057333462e+01
3.433899554146969124e-01
1.836317070745156244e+01
2.237123522977636725e+01
4.793577306964411378e+01
-3.125704733137403490e+00
3.173016334609733491e+01
3.365592447392840825e+01
2.394056412124084687e+01
1.353927193404346241e+01
3.597405077654602223e+01
2.921446447626376042e+01
1.347815452954203508e+01
4.564244950961193581e+01
5.207047239005941464e+01
1.556441597595341619e+01
7.120052119117390887e+00
7.880431305454590074e+01
1.625159126222628458e+01
2.224170894496990414e+01
3.866453963753516376e+01
4.550748005422467912e+01
1.745792007275247570e+01
4.902586346235245429e+01
1.035748254088577092e+01
4.445364528534017978e+01
4.342379018391369527e+01
1.312707621397206204e+01
3.020911438526135129e+01
3.384564462578670430e+01
3.185706883954004098e+01
5.443742982165488087e+01
1.982914885709898201e+01
-7.671396732985217071e+00
5.495945289993512262e+01
3.724200860537352042e+01
3.037428385339213932e+01
2.373423233467934068e+01
3.032851757347093002e+00
3.573334427831406401e+01
5.235243154834613222e+01
1.985604979399915138e+01
6.162941910401954715e+00
4.372091178980664949e+01
3.932606779099908323e+01
5.177325715204491985e+01
2.127870923049785290e+01
9.496870576578082535e+00
1.203636075062681954e+01
6.024388127884562749e+01
4.871231206397666114e+01
4.037881528195492820e+01
4.665543172615766565e+01
4.105010960818375310e+01
5.065203970405826084e+01
2.521604025079712486e+01
5.517242937927577628e+01
3.007637100547774267e+01
4.572562420198369182e+01
5.354769662097882588e+01
8.419193365545119434e+01
2.202151110946888934e+01
8.295382945164682553e+01
4.545442355329925732e+01
5.745896263873448362e+01
4.309484878622870241e+01
6.438458196424885216e+01
8.072599875734205455e+01
4.600555876371146269e+01
1.020186808667023826e+01
9.935004002562304493e+01
9.516373484152251194e+01
3.174703607720178056e+01
7.464046307111054546e+01
3.540764761094804669e+01
7.875009729769088551e+01
7.022116874294044919e+01
4.274742933689611846e+01
5.114322064344357699e+01
8.764816114988973084e+01
5.512257097165569064e+01
8.135604266848454813e+01
3.561673711450146840e+01
4.515956723157160013e+01
6.775277832800225042e+01
6.488325152975740195e+01
7.715069146250833398e+01
3.362803768927061299e+01
5.130270706759485932e+01
7.099221236569306370e+01
5.285443314803303139e+01
4.515569529312137576e+01
4.445354105067379891e+01
3.940735359082399469e+01
8.952630557439563574e+01
4.716456387661229854e+01
3.483285446612686798e+01
5.054601182831793693e+01
1.580390189520722721e+01
7.980674331221429441e+01
5.109605204787281707e+01
2.447811910138071667e+01
4.094356424409951956e+01
7.151207810625270156e+01
3.180275789418233856e+01
5.443200564055135260e+01
1.848592592122907874e+01
4.913028534718074525e+01
2.846537838650056784e+01
4.715420818170861139e+01
3.701678920447095322e+01
4.623325170455611755e+01
5.110188032209132558e+01
2.227518512465007916e+01
4.339151641736861365e+01
5.197996587146700165e+01
4.094620479764250121e+01
2.834202823574460339e+01
2.750098879197228641e+01
1.686710921705443411e+01
7.398012647534670805e+01
2.971722453354241011e+01
5.136821275673163001e+01
3.811610162581409611e+01
2.346428496910966999e+01
5.286570238193243654e+01
5.379243814378036603e+01
1.453671157122998636e+01
1.944509560162423867e+01
3.972413243776875191e+01
5.870985539425220878e+01
5.148424961710922076e+01
3.651533555724364533e+01
5.527845590673128839e+01
5.029073827160308241e+01
2.137284642559271575e+01
4.255541826535964134e+00
5.364366823097335146e-01
