5.624198028547419126e-01
4.532863662250988135e+00
2.032032188236629722e+01
-1.201633457023780949e+01
9.143111330850587137e+00
6.428570308483529061e+00
-2.296460502889635436e+00
5.145999563158753176e+00
7.561765485905427298e+00
6.735700836634452848e+00
5.295775028533593165e+00
-2.402249118622858504e+00
9.760195841166074970e+00
3.278566813201942765e+00
-2.363656875586208628e+00
1.143073771105406777e+01
-1.989511656079238078e+00
1.080403325706889817e+01
-1.002537341113687752e+00
7.583675409309761584e+00
8.213471349577815772e+00
-9.844443516621150803e-01
9.112020359807452508e+00
4.470114592771988526e+00
-6.006159224741524305e+00
1.657773232550264453e+01
4.625040138898449671e-01
2.359678787824946777e+00
1.112535984995243865e+01
-1.448564693248901136e+00
7.437718972099522929e+00
1.017023465934896009e+01
-2.731996203090730102e+00
8.337587475746374821e+00
-7.450216436678551268e+00
1.416212517508980895e+01
4.783698504328073753e+00
6.714428605832818420e+00
-2.888237691702487897e+00
9.510543883465983228e+00
-6.770835058011619445e+00
2.327766222891719039e+01
-8.591655540936519841e+00
1.012627328486916767e+01
1.115989246656050371e+00
1.239739398534280390e+01
-4.259617369754622018e+00
7.322827909018836401e+00
5.563992924502360715e+00
1.168550226879079013e+01
-1.330086981824688985e+00
-2.012161674506318221e+00
1.265903058728878072e+01
2.838703491069945350e+00
1.339781167795280226e+00
-1.105115431098403489e+00
1.998081010840067862e+01
-6.087169762049837729e+00
1.270632041851471605e+01
-4.656824114251960189e+00
5.078447707136362510e+00
9.840512712514492222e+00
1.050927864737314010e+01
-4.322334613556965799e+00
6.249995291438937173e+00
-4.922441903879168024e+00
1.574700376876290342e+01
9.710623181344566035e+00
-1.113762242110508360e+01
1.140120852642629856e+01
7.886412784827340872e+00
1.039112087002416551e+01
5.578603022757761210e+00
-3.825217018272820457e+00
4.228354337614100622e+00
8.684999363662370797e+00
9.735599064865441132e-02
6.889623592075549752e+00
3.665282615805849797e+00
4.169640717542542951e+00
1.321596285639888180e+01
-1.985647083497996013e+00
5.492168202029629853e+00
7.250768809884938548e+00
8.143361750061604454e+00
-8.731032372755707982e+00
9.366457472937469220e+00
8.524092785296227603e+00
3.519115843490020712e+00
8.248008261114605943e+00
-1.045584989635288675e+00
3.678016093632874295e+00
1.244619306544424298e+01
1.271466157225636273e+00
2.234589579205250143e+00
1.261034345253748157e+01
-9.265223107971591432e+00
1.566429255071737181e+01
-5.744233669172687379e-02
3.536922944256796431e+00
7.156735776991896003e+00
7.301220733100114657e+00
-2.470811815061028316e+00
1.411895639798223101e+01
-1.337259627850381882e+00
3.741872938190288433e+00
5.977016188389741913e+00
8.644669538345720383e+00
-2.017272025488512366e+00
8.154105765481645562e+00
5.951821387770935168e+00
-1.191228988622823337e+00
3.867573986213177495e+00
4.336663267751458939e+00
-1.111033617136898632e+00
5.078967422437902890e+00
6.930835654165081294e+00
2.555626938139923698e+00
1.908146470328218047e+00
3.688842676404258558e+00
7.038263042563121630e+00
4.083226536306148180e-01
6.207603494926654086e+00
-5.211318276458093202e+00
3.619380613696547844e+00
4.429376744259127641e+00
3.245143042681664980e+00
3.685063742999264313e+00
8.686959342382619909e+00
-1.565701708952849991e+00
1.549572597838241172e+01
-4.198533545953274881e+00
-3.382752701592654621e+00
9.038820673763012792e+00
-6.534758966563884997e-01
-4.582275423033794759e-01
1.283142161687583460e+01
2.459630019054505290e+00
-4.939645003492749709e+00
1.460758825760275670e+01
5.275476491807538970e+00
-6.350244072827020858e+00
8.152753322859283003e+00
9.064765162807157495e+00
-1.099612323652851842e+01
9.231079362756302586e+00
3.460694246974307386e+00
-2.424679808383800150e+00
1.682045364486435091e+01
2.689313553852934024e+00
8.073988300135976459e+00
8.065679472075868439e-01
2.138834215360239099e+00
1.021425774519240193e+01
1.826732905625239045e+00
-7.093380326461137919e+00
2.002272721571771896e+01
4.329842826433797143e+00
6.390809886565638642e+00
7.341956925460338290e+00
1.734378970613554927e+01
5.422365223091665243e+00
1.960661719439004136e+00
2.409329938562903095e+01
3.232443274063417915e-01
-2.586488602337802423e+00
3.683872748781382711e+01
8.209087713930337316e+00
9.163604647958669247e+00
2.746408154300674553e+01
1.662557993627073571e+01
1.266909728974468052e+01
3.794505995102520757e+01
1.090233354404890420e+01
2.114546120239321070e+01
2.172949039101747104e+01
4.300024430262386232e+01
1.497992622204730395e+01
3.986703369307526401e+01
2.137994013738819277e+01
4.329800240855978188e+01
3.897517909614430209e+01
1.951546395897666741e+01
4.456496827406389372e+01
2.784344165094447021e+01
2.135314796195038411e+01
4.942392471102441931e+01
3.922659016647447316e+01
-1.872631765889972710e+00
7.807086867714063771e+01
2.087476028472688583e+01
3.975516747153601216e+01
8.571312081512393988e+00
6.729316522225499853e+01
1.869834028202268428e+01
2.990205708900120740e+01
2.482537441868963057e+01
4.491427334658808945e+01
1.648908778590181257e+01
5.223325580575855298e+01
-7.295612016988711090e+00
3.047370967326948943e+01
4.486088155826810464e+01
3.729397444479126911e+00
2.669883290731884884e+01
1.282818866245383482e+01
2.789475932777087763e+01
3.661387907861538338e+01
-2.955357226684089511e+00
5.182895401785753364e+00
2.618198086814388503e+01
1.083060798220215482e+01
1.965569853107656684e+01
3.311331137199133678e+01
-9.386641725861460728e+00
9.936564159924961004e+00
2.139369220186233633e+01
3.358708077892040933e+01
-2.320506628862010601e+01
4.173805534994326649e+01
-7.417633950403506482e+00
2.240514909930440623e+01
3.179178542452303446e+01
1.351244050618775461e+01
-8.663933000653372574e+00
4.110967456085077032e+01
1.362425226815978263e+01
1.042113323241810008e+01
9.031497532171291809e+00
3.094771275475634553e+01
4.067321430295481832e+01
1.813774647233837634e+00
2.941827668912267768e+01
3.508378185179348208e+01
2.137515238542444251e+01
1.756110598640751519e+01
3.113433797991661223e+01
3.422314244808097783e+01
8.364906144544212552e+00
5.156536488580060507e+01
4.461386141448428333e+01
2.423209915201708853e+01
-1.596680087395969672e+00
8.742609368015688176e+01
6.719719979405637034e+00
3.330193167245307961e+01
2.609495200378049518e+01
5.897376675268139223e+01
4.263570648002875885e+00
6.099143492553326951e+01
-9.410327357260966918e-02
5.344175401410682014e+01
3.589524245451359974e+01
1.953781023483778156e+01
2.434794174561097080e+01
3.905776744987569771e+01
2.760210012734455631e+01
5.798850978063322259e+01
1.653840234787742247e+01
-4.345293708494127216e+00
5.175507702610065763e+01
3.965071429086216170e+01
2.906761875293446806e+01
2.494895015143229244e+01
3.289999752884753548e-02
4.141375940494213381e+01
4.468142632580325824e+01
2.837982483042957682e+01
-2.467998481901714669e+00
5.272513126727444188e+01
2.915409426421468098e+01
6.284277226180044096e+01
1.057520335960857949e+01
1.907469817205312168e+01
3.024127146499121288e+00
6.971897554738937686e+01
3.842849376758076119e+01
5.105693413133797520e+01
3.682757662870071869e+01
4.891462827798804369e+01
4.452334186753947876e+01
3.019110655943470078e+01
5.110767634103400781e+01
3.359784445028937938e+01
4.216372491727065608e+01
5.750166826274826803e+01
7.992136091796581354e+01
2.692871321863612621e+01
7.707104650775237076e+01
5.206280192170293475e+01
5.017280446338230604e+01
5.071461633592616636e+01
5.714204835347820932e+01
8.788451123728233938e+01
3.752494319438498138e+01
2.107788337749152419e+01
8.675372611081473906e+01
1.081096150436574277e+02
1.931982372488072031e+01
8.608910881212901245e+01
2.430831343971196290e+01
9.006332585595055207e+01
5.965417121406922973e+01
5.143583118377434715e+01
4.408889846240815302e+01
9.459550284933627040e+01
4.736718181589362331e+01
8.965147228910090860e+01
2.752002869535570539e+01
5.177998054559535746e+01
6.283391349489168221e+01
6.928625897996832350e+01
7.250250276687894768e+01
3.862839260016735210e+01
4.595500944059865134e+01
7.710236221294094605e+01
4.574834254735985439e+01
5.306794677455476261e+01
3.551674768769694168e+01
4.899087232880033582e+01
8.005912300927452918e+01
5.623039067293795767e+01
2.659246020594742177e+01
5.796917365472221917e+01
8.485401981675645189e+00
8.803386163267994391e+01
4.178954689016568835e+01
3.350400182300593599e+01
3.324983170713210257e+01
7.758827805136820643e+01
2.695518152047259974e+01
5.899578551575488916e+01
1.441214825300097679e+01
5.186336824687109015e+01
2.720740008422042777e+01
4.803923977734923056e+01
3.484649591049690542e+01
4.989974836916973544e+01
4.687670010367893525e+01
2.571186702290532011e+01
4.150692532660061573e+01
5.335274575926197116e+01
3.906018741393069860e+01
3.088811574902793211e+01
2.453131317520222865e+01
1.992918064540166512e+01
7.057100174405174187e+01
3.363019651496147588e+01
4.692662942697222661e+01
4.266127418789066184e+01
1.992168255560956425e+01
5.519645439235758744e+01
5.264022662317285040e+01
1.449951044311928072e+01
1.984061507582210737e+01
3.986565369232030065e+01
5.764120954192897983e+01
5.277965865176312121e+01
3.590726015564771245e+01
5.494102578936902148e+01
5.161135261386021256e+01
2.021899824428102477e+01
4.012493601915670283e+00
4.627773876387218932e-01
