5.641550906778259877e-01
4.530393705296289930e+00
2.025648704400353495e+01
-1.255461583259935843e+01
1.005270319769988063e+01
7.292494365218121999e+00
-4.899911421913277110e+00
7.494508222060957792e+00
5.586333463339239636e+00
9.051326183784080825e+00
3.509002396349040875e+00
-1.335068348444709230e+00
8.132427018786916761e+00
5.051775109714230716e+00
-3.074023870734648334e+00
1.205880838909446595e+01
-3.448453016847300656e+00
1.189138975613335703e+01
-1.175457623245929062e+00
7.759102352325434993e+00
8.429763936979432160e+00
-2.617064121859522530e+00
1.130667872862802525e+01
2.735856082120760924e+00
-4.444905971839901326e+00
1.547653418241296919e+01
4.133486640439703041e-01
2.765662048055514521e+00
1.132740329025456383e+01
-1.521978899184761591e+00
6.645659773634539746e+00
1.116153956519513279e+01
-3.415786837505811135e+00
8.948012691527965856e+00
-8.163922931207533651e+00
1.535485203258742182e+01
2.591117039606630090e+00
9.513255701086707816e+00
-5.083902264090281342e+00
1.049793715012577167e+01
-6.947580736124661982e+00
2.318208851350909327e+01
-8.312727484737987282e+00
9.370207902868115113e+00
2.372689402022177596e+00
1.110703285616724045e+01
-3.189533846037234888e+00
6.457719272703380753e+00
6.131486334783087244e+00
1.114529925682304601e+01
-1.888734914412943944e-01
-3.567231805328538563e+00
1.384584476744461057e+01
1.949338661152222985e+00
2.018400281078134295e+00
-6.189729972345232589e-01
1.821947180988619408e+01
-4.343536867397119750e+00
1.128280602040938874e+01
-2.865306323009618072e+00
3.352837774156688599e+00
1.093423730406343886e+01
9.391619439024317728e+00
-3.381977068044822232e+00
6.518567752181697372e+00
-5.392912794815051925e+00
1.486841358781240352e+01
1.087979284317815143e+01
-1.110353679045246977e+01
1.069757784031374115e+01
9.022553977431629235e+00
8.207688261188001988e+00
7.760872195349977076e+00
-4.975937053181967329e+00
5.643696520445658393e+00
6.564824322922160782e+00
1.074608120233107922e+00
7.405325765034962870e+00
3.166557932374447049e+00
4.713951183495268538e+00
1.206679104987931339e+01
-1.406735256177394700e+00
5.652068167412446442e+00
7.956312099425868034e+00
6.634660032185244916e+00
-7.568214668790798072e+00
7.893225484573038742e+00
1.086866850636453385e+01
1.819594017412387466e+00
8.705666856714298518e+00
-1.492397900587520976e+00
3.971889919822454651e+00
1.332439337159749115e+01
-2.310756973299716854e-01
3.715884875936225296e+00
1.077969471936244972e+01
-7.613849568109565702e+00
1.528802396940212738e+01
-1.198823419012597924e-01
2.550122659382008550e+00
8.750270011711094753e+00
6.062010552431228660e+00
-1.601952808121276606e+00
1.368936585507102066e+01
-1.518437485591051184e+00
4.157619239808184375e+00
5.431900240713456895e+00
1.006199192310915080e+01
-4.479359146296783223e+00
1.064397222170181223e+01
4.250958705557787987e+00
-3.274176883563555407e-01
3.511774180792957001e+00
4.536824166857076790e+00
-1.254913142110361868e+00
5.233012416320008242e+00
6.733094713717250102e+00
2.567010482288617723e+00
2.308022774591206527e+00
2.967240022982985614e+00
8.047296154102088650e+00
-1.200006883055405815e+00
8.181685106832192744e+00
-6.941020541598984295e+00
5.387253256512252619e+00
2.566014200940495371e+00
4.029731033943340535e+00
4.420557053502812472e+00
7.569954442075545131e+00
-7.239540045921604161e-01
1.461435527572884752e+01
-3.616670809088879501e+00
-3.639069231125878545e+00
1.019143027123907785e+01
-2.516996291534196573e+00
5.551721164249272533e-01
1.229745725077728480e+01
3.949585800577796402e+00
-6.817177282092721669e+00
1.570208054258203312e+01
4.639387633832995128e+00
-6.457016877591737369e+00
9.964955580059374540e+00
6.815512701257117278e+00
-9.843849950866363940e+00
8.144585047953285084e+00
5.215022563847163006e+00
-3.549146023950799034e+00
1.717118348052525434e+01
1.781802816918569121e+00
9.061101913473674330e+00
6.758092964473481068e-01
2.534909532766869589e+00
9.243008185528649889e+00
1.896594626236469239e+00
-6.274557339980813886e+00
1.927308240532155992e+01
5.852309504030831278e+00
3.476382749478521994e+00
9.833920255307830871e+00
1.629069612245986320e+01
6.200823325922219631e+00
1.272781576590611863e+00
2.411847275760930387e+01
3.058424219656981080e-01
-2.372257679225077354e+00
3.747105074823008408e+01
6.971538009234697242e+00
9.523334573130810554e+00
2.762455054705755231e+01
1.744509152122002504e+01
1.090366327280738901e+01
4.006237660124027400e+01
8.586953026417926793e+00
2.296789956133324750e+01
2.109258982278025840e+01
4.295246019901893675e+01
1.502341799799257771e+01
3.940332654057888817e+01
2.263221388048703275e+01
4.182061328387992205e+01
4.024767576127259616e+01
1.847329107916050717e+01
4.540463199235045266e+01
2.710038132476793038e+01
2.215403199268039813e+01
4.833512092095439527e+01
4.066540948195834204e+01
-3.331407396335118065e+00
7.904368122255337425e+01
2.068701642000706897e+01
3.905945126199914341e+01
1.017844540636367334e+01
6.542311709474566328e+01
2.006444903187386331e+01
2.853370176764522981e+01
2.673774065188551319e+01
4.331101355822329424e+01
1.706692700685684372e+01
5.213521073231432013e+01
-7.266025884396881906e+00
3.053681254570894765e+01
4.542129397637530275e+01
2.565934945791402466e+00
2.672370435164911839e+01
1.435507938629523039e+01
2.633306593446044630e+01
3.796083351480247359e+01
-4.935416421832931277e+00
7.219955800776848065e+00
2.480447052697761734e+01
1.226108998631563374e+01
1.849929983065958794e+01
3.264302284079195715e+01
-8.170436894511141190e+00
9.513624965290460977e+00
2.179022494318880732e+01
3.257898670847786349e+01
-2.273816505509464392e+01
4.165446038755992220e+01
-6.131797664083588728e+00
2.039970096604644212e+01
3.326857706205679222e+01
1.190005289888634543e+01
-6.834397072363207926e+00
4.044811372667578553e+01
1.343885823782013844e+01
1.020390449971162816e+01
8.653463607353629072e+00
3.302370407600367486e+01
3.841542733160079592e+01
3.065849677226393233e+00
2.845033319640975478e+01
3.579462947790376148e+01
2.118716051663140121e+01
1.840806758643670094e+01
2.926271897259051258e+01
3.547428081732384442e+01
8.245638789779567546e+00
5.181810703416163477e+01
4.421655195690415496e+01
2.378801159157551481e+01
-4.367642316236484135e-01
8.579318796482390042e+01
9.115777415733456124e+00
3.081312107267161338e+01
2.751939720226020114e+01
5.840212871585296739e+01
4.761904902379040294e+00
6.071268019791136084e+01
-1.654269611653687022e-01
5.338612706540149588e+01
3.613311361510155706e+01
1.956351073854572675e+01
2.384510177464387226e+01
3.995909476065737920e+01
2.639003817341409786e+01
5.946864764553178873e+01
1.478018324736757805e+01
-2.344098788779564568e+00
4.979716549795136160e+01
4.112454018716505288e+01
2.863228485716961202e+01
2.405249030087938422e+01
1.433581173436297984e+00
4.066340156805239303e+01
4.499520399089970368e+01
2.762257634921837024e+01
-1.362033272634424197e+00
5.164840568471709759e+01
3.041041743023252408e+01
6.167188537251862357e+01
1.131884994243491782e+01
1.781808237338200485e+01
5.159597093015014124e+00
6.831362690840350638e+01
3.822667268294777898e+01
5.187251692808879966e+01
3.566638587124213444e+01
5.088591431448629976e+01
4.270730998229188913e+01
3.115408567522217353e+01
4.991805896926435082e+01
3.507100447687554379e+01
4.162052954984975628e+01
5.767972645478755567e+01
7.894946403028602333e+01
2.770998146812623375e+01
7.720382484863782224e+01
5.233466637238606722e+01
4.952084377603454612e+01
5.007463261586729431e+01
5.887647471397402654e+01
8.605921398353837048e+01
3.993102243983651789e+01
1.841401019158092822e+01
8.793064816087900226e+01
1.080419336709624787e+02
2.011396027124334651e+01
8.518453223493449400e+01
2.399417405565596795e+01
9.073284737238887487e+01
5.929968302242985345e+01
5.208551689667746132e+01
4.356258513376927510e+01
9.443316718234773077e+01
4.677415442315357552e+01
9.193428293069932522e+01
2.514420758764784480e+01
5.326285236253514199e+01
6.154438543961644115e+01
7.018654434216360016e+01
7.263928241115411311e+01
3.802564726032584019e+01
4.662392882243062076e+01
7.573743871121004645e+01
4.761151506112982190e+01
5.174435266740655237e+01
3.645616600820772391e+01
4.784106000530282898e+01
8.108026613471217559e+01
5.542600190255776482e+01
2.781746036638622854e+01
5.617414792007649993e+01
1.018043921462210299e+01
8.705317654364230862e+01
4.184316577841548934e+01
3.435872384809473346e+01
3.194721843757795554e+01
7.884593714683580856e+01
2.574174945405970050e+01
6.037299085411839883e+01
1.282821700869561177e+01
5.305299396206095253e+01
2.717911172359995220e+01
4.729287282530296466e+01
3.523595401161012575e+01
5.014750873688448962e+01
4.661585208342633990e+01
2.564793987289086985e+01
4.217464671593612024e+01
5.156250486615929418e+01
4.138345172287728957e+01
2.896339741507862797e+01
2.666464300898027062e+01
1.704442282631577754e+01
7.310261995386346712e+01
3.217080260452063811e+01
4.804225873914029421e+01
4.193202508511760840e+01
1.961872855650693381e+01
5.549605422767748308e+01
5.321106038308008834e+01
1.407270112190041544e+01
1.988683370217989221e+01
3.934229531118840839e+01
5.790474424418518140e+01
5.385235559542770289e+01
3.484800185462187727e+01
5.474108354112784980e+01
5.192010510749825869e+01
2.025998515603792427e+01
4.022394800662145720e+00
4.607178753373725177e-01
