4.732328794958198803e-01
3.923639072935922734e+00
1.792148820337239101e+01
-6.576855166925494878e+00
3.610940442778828974e+00
1.025028699845675817e+01
-3.807469410062795934e+00
5.826392257868281632e+00
4.929492712608649185e+00
1.169452792172968891e+01
7.696422097116966121e-01
-1.758158876936386505e-01
8.189818969968136741e+00
5.552286555932229639e+00
-4.742242284320745682e+00
1.347635543822315540e+01
-2.767264781546987518e+00
9.448653744134524857e+00
1.485672591680891719e+00
5.644914228614746676e+00
9.255214527772716693e+00
-1.472527562551141589e+00
8.347311519554796888e+00
6.270080187066986888e+00
-6.963973439821317335e+00
1.639127498358754664e+01
4.302791466122959374e-01
3.713135608339312110e+00
8.181055811374569942e+00
2.207564202524009644e+00
4.544786505442511171e+00
1.211141534517919638e+01
-5.939168279858691335e+00
1.441467043370623102e+01
-1.446978167769173496e+01
1.904538969663362025e+01
3.263367909673689837e+00
6.244332486973084073e+00
-3.265237041966756681e+00
1.196958002845606472e+01
-9.530475999662989750e+00
2.398292207583275726e+01
-7.386443306144720111e+00
9.032090864752921888e+00
9.408945487555446796e-01
1.335425863365060195e+01
-4.416896936135167095e+00
5.556839477234952085e+00
8.092888599685487350e+00
1.050828421254450440e+01
-2.030080388691020143e+00
6.408275198463497802e-02
9.333937511053909120e+00
6.931895940837396353e+00
-2.456361868267811222e+00
2.131846118539620694e+00
1.683019157230745932e+01
-2.818106084931122801e+00
8.850479396637309648e+00
9.262855118148394240e-03
1.202274521861541157e+00
1.176892422480570666e+01
8.700147506552484700e+00
-7.513632927068125689e-01
1.987919713593602200e+00
-2.355870138132365454e+00
1.617677491089293440e+01
6.555527265565075368e+00
-7.564962043033191641e+00
1.049501404620275302e+01
6.610275475359388864e+00
1.040630479796903352e+01
7.540554981172659765e+00
-5.442086848388821174e+00
3.926145564879875760e+00
1.067587475175696810e+01
-2.460099117633526511e+00
8.344459196100022069e+00
3.932957596783360099e+00
4.676739281497925838e+00
9.719433588005616187e+00
3.146740860845836707e+00
3.537544302163833088e-01
1.225413740882079772e+01
3.711110328741826780e+00
-5.599003756172917790e+00
7.174100896963877538e+00
1.052210571229781522e+01
2.170980681456516681e+00
8.949287141429278947e+00
-1.559070200020952202e+00
2.995261124905342243e+00
1.430625014048172794e+01
2.221012584654632471e-01
1.742904480234863662e+00
1.276639838373299263e+01
-7.011727066544194642e+00
1.143768309466274857e+01
4.204373835443392160e+00
1.525372172700836026e+00
5.789166991935888795e+00
9.682030812097217165e+00
-3.290523978964855267e+00
1.412137370490719768e+01
-2.905711453559316482e+00
7.823475975363010981e+00
1.168103842467442588e+00
1.194239661987679391e+01
-3.003795341283079789e+00
8.227482445604884731e+00
4.094474527037100131e+00
2.532252045569338694e+00
3.254547784521394371e-01
6.304420764055262971e+00
-1.098264936423509530e+00
3.807646597174321190e+00
8.834140909819117482e+00
1.279529112469356411e-01
4.997827288601507156e+00
-1.267135592467100169e-02
1.048530594287918305e+01
-3.003188573081266632e+00
9.814456409018458061e+00
-7.652403016321785323e+00
4.488411949938335255e+00
4.233354801169090464e+00
4.077843340182266019e+00
1.509533423942801988e+00
1.132770152988051038e+01
-2.640411411524012486e+00
1.308272593734648481e+01
8.960220769416826769e-03
-5.863251331484715223e+00
9.728070642239520893e+00
-1.363473423664115947e+00
1.387198579756604433e+00
1.026528835669923545e+01
3.700445403373816777e+00
-2.955170548258033492e+00
9.790920151225687817e+00
9.293791170161261661e+00
-7.718916418899830489e+00
9.376327119570914803e+00
6.178676754188609621e+00
-6.359928744025801883e+00
3.320255897054008365e+00
9.411384190911938674e+00
-7.419249966424871445e+00
2.113864558049436937e+01
-2.243896580236256710e+00
1.279324181645430514e+01
-2.082203433897236167e+00
4.122795691497360693e+00
8.904780928806152573e+00
1.605964307237865984e+00
-6.045279617987453946e+00
1.976179058395679533e+01
3.053455635122165557e+00
8.332009346404159800e+00
5.566852144268160885e+00
1.781029862120571039e+01
6.840283895940050485e+00
1.560709965542824706e+00
2.125560030455137195e+01
4.861668879932017795e+00
-6.593414314503511342e+00
4.002122374269766425e+01
3.990621911912795028e+00
1.588886767673819378e+01
1.823251025051119356e+01
2.616784460528346656e+01
6.228032059836767331e+00
4.169702054168465821e+01
6.741585212872378108e+00
2.709752757600012529e+01
1.479430484990381345e+01
4.899721169403606069e+01
1.072427932165473230e+01
4.287670793157253968e+01
1.844872064820834368e+01
4.678701416965282078e+01
3.632459047693848220e+01
2.073702647563554891e+01
4.398687814714621425e+01
2.826365839293104187e+01
2.025660699020241751e+01
5.181650468868522807e+01
3.512920951031711780e+01
3.873276107229923326e+00
7.163098448259901829e+01
2.691270891499447515e+01
3.493022893138820706e+01
1.363800536282910514e+01
5.984324532428587418e+01
2.789882979363662230e+01
2.070181120838725874e+01
3.281380039681613425e+01
3.785561714700243385e+01
2.448442387188253377e+01
4.226525624016072413e+01
2.991325850350150528e+00
2.346618098062310054e+01
4.790199774118512011e+01
1.499355341244327011e+00
3.026867337931301805e+01
7.723686344558652550e+00
3.334492352078472521e+01
3.274487119442778749e+01
-8.133422345682417287e-01
2.618370922944917467e+00
3.090558746644475363e+01
5.445828995451281074e+00
2.390748648899214146e+01
2.906952020034019313e+01
-4.735508630485179005e+00
4.270420424899776357e+00
2.913754992969762370e+01
2.378589577165162439e+01
-1.264989006498056057e+01
3.128713792976174091e+01
2.928941991913553533e+00
1.312589415709517837e+01
3.949563483387677820e+01
5.224619023725650457e+00
1.120846068708220677e+00
3.181349296947586680e+01
2.108730491343944635e+01
4.293252088586325677e+00
1.497016037564937463e+01
2.422911442774919522e+01
4.827610754325151277e+01
-4.416390749740183530e+00
3.178171929059609369e+01
3.465124141449011574e+01
2.386163478719324260e+01
1.202942345588523132e+01
3.812529200103204374e+01
2.757766289628473899e+01
1.396658825504680834e+01
4.593917395030332074e+01
5.241014291553120330e+01
1.407535271683432754e+01
8.275511780016074681e+00
7.921238682563499367e+01
1.464902715342285866e+01
2.424387085588392665e+01
3.668651927499097809e+01
4.722729060622641128e+01
1.598737220091972588e+01
5.050624812194078572e+01
8.922038936633054362e+00
4.568948028883506396e+01
4.223630653959732228e+01
1.402262489656363975e+01
3.021450588174364071e+01
3.296787332823703309e+01
3.285554961652859163e+01
5.384160661686346572e+01
2.043076764765764608e+01
-9.368324395438369478e+00
5.845124013410976005e+01
3.289653076809828747e+01
3.367225287542275680e+01
2.203402310926764329e+01
4.291710736422544414e+00
3.370536554143524910e+01
5.521375068304056555e+01
1.731647711047215665e+01
6.984485322062489843e+00
4.452881829422486959e+01
3.873251581922027498e+01
5.114926122221294946e+01
2.193114379489857413e+01
1.012471154006482621e+01
1.003466595647465986e+01
6.304101883098991976e+01
4.606702601403821262e+01
4.203029648042389965e+01
4.561393235147666303e+01
4.250206669848119390e+01
4.908961018692952649e+01
2.613954273751219759e+01
5.445177892383200913e+01
3.083933170986931671e+01
4.557837007149407782e+01
5.309942566582481760e+01
8.435426004180119719e+01
2.232454896585529269e+01
8.261439067096695510e+01
4.572381052081483688e+01
5.785161715799250004e+01
4.168316694038925618e+01
6.517109076322464034e+01
8.218167351287318922e+01
4.320708960465187687e+01
1.251181461834821107e+01
9.774813096877072383e+01
9.698518456160419987e+01
2.890404930973526376e+01
7.908806473673676862e+01
3.021573698272786856e+01
8.264924837634477228e+01
6.768734144146569065e+01
4.593058896614785880e+01
4.628423505860688891e+01
9.318072956421731590e+01
5.015329794351928427e+01
8.525579909670236134e+01
3.288488091074427189e+01
4.757971261196055934e+01
6.479682764910269555e+01
6.771790674002160415e+01
7.517110563593627148e+01
3.510199001462181911e+01
4.983656510102309056e+01
7.234863234721427716e+01
5.158584170700604687e+01
4.684838491190998155e+01
4.243526145969685359e+01
4.125688805892468025e+01
8.811544394828972315e+01
4.799160904526997484e+01
3.386637606031571579e+01
5.283086708271697773e+01
1.206026827961123615e+01
8.377702729509766755e+01
4.818886375288089141e+01
2.658006203343549601e+01
3.841352855868008476e+01
7.528922935658522420e+01
2.740043868500121249e+01
5.759407965181966205e+01
1.716862535927467448e+01
4.993843980447972797e+01
2.676157437634256908e+01
4.990109234322032705e+01
3.446894566437880059e+01
4.720802867183775930e+01
5.193904543839568788e+01
2.090501970692794131e+01
4.400518228422773603e+01
5.151262267545932616e+01
4.218410981648336389e+01
2.653949333094679019e+01
2.953119954817104897e+01
1.491086546560797110e+01
7.543880708113120193e+01
2.883841615593658858e+01
5.226921932267740090e+01
3.692755928590854353e+01
2.451280519426746807e+01
5.156005264003191257e+01
5.547968900710615969e+01
1.381454536997858007e+01
1.866165174487716172e+01
4.080308197848522411e+01
5.851723665520968609e+01
5.091002231310653769e+01
3.726219024858627193e+01
5.494091224275365448e+01
4.966721987825327744e+01
2.195767976740773619e+01
4.386097578736467106e+00
5.736247322954357575e-01
