7.465432873354291843e-01
6.009873433102145057e+00
2.674176499913496130e+01
-1.769031227754545910e+01
5.379236772371840836e+00
9.929811821297427343e+00
-9.450177861491648734e-01
8.384445929218372839e+00
-1.791426329834804321e-01
1.035171568160931876e+01
2.874102396481093891e+00
3.311814085838088673e+00
8.528265924995629632e+00
-2.569588201504170999e-01
-4.380304837257144257e+00
1.614498010812545203e+01
-9.591790799611471519e-01
9.111154665229141969e+00
-3.638404568192373567e+00
7.695170005288799686e+00
1.302078701376546022e+01
-4.458446758790231890e+00
1.258042752808413312e+01
-2.401522785632828949e+00
-1.875633722828665917e+00
1.742381386488776940e+01
9.562899125778614451e-01
6.638841485251383290e-01
8.295170664346883882e+00
4.253126013965595753e+00
4.118046015968830353e+00
1.180315107250375384e+01
-4.257879839316290216e+00
8.936804007622463075e+00
-9.020669576439932058e+00
1.821388245267171158e+01
1.095110448528139546e+00
7.993591374028634178e+00
-3.257489325524502100e+00
1.065814772348787187e+01
-7.936546100293570660e+00
2.176876684821459662e+01
-3.252332903847922729e+00
3.828387605594807397e+00
5.368565897682971766e+00
9.241586570357487318e+00
-1.519250635616074430e+00
6.756491386359709139e+00
5.317220190458414208e+00
1.092329704521445422e+01
-2.833203458363389160e+00
1.589174976402772277e+00
1.266624607413966253e+01
9.995666197277253140e-01
-1.527422182229538850e+00
3.554680693672317204e+00
1.870292070573157872e+01
-3.594496120850608101e+00
6.976211894866239049e+00
-2.231565286667361647e+00
4.720587877665969323e+00
1.295602287500689798e+01
1.121779852422095125e+01
-1.199326662757400541e+01
1.075554485766885549e+01
-3.935043364951759770e+00
1.875564429242473707e+01
4.166062791068529059e+00
-1.114355740194433686e+01
1.166089081489455737e+01
1.115881116992721367e+01
1.142082671180033060e+01
2.441147932968088519e+00
-7.591727421884743698e+00
8.504861931510523831e+00
1.291470018375938977e+01
-4.720408283879598876e+00
6.575257185455986253e+00
3.035041047475921516e-01
1.075878614828510749e+01
1.200637350448269380e+01
-1.436798674405423970e+00
1.354397965474650967e+00
6.612423527391978695e+00
1.442791981105369103e+01
-1.031532653749346551e+01
7.465325872388447692e+00
4.887119337068533298e+00
7.483955358759219578e+00
9.853625846337585870e+00
-1.155105451134735395e+00
8.335092101979257873e-01
1.272919871268788228e+01
9.192117419332208605e-01
6.542856554742932929e+00
1.056073849441272827e+01
-1.322980139817177836e+01
1.803578645213206499e+01
6.021999024895396957e-01
6.192812354710536482e+00
2.622816259559384022e+00
9.989946594194627494e+00
-4.202919756444422283e+00
1.485860754323024224e+01
8.293845455418531465e-01
4.605119551290139945e-01
6.159540898954977806e+00
9.541938230206277183e+00
-6.976979662059421550e-01
6.388570289125464541e+00
6.720971502874554915e+00
-6.578897284968270309e-01
3.585116442412714655e+00
2.463183702044647205e+00
1.222267413153632631e+00
3.723884198936444179e+00
7.310552342787316249e+00
3.243745451019122150e+00
-3.183046481149798268e-01
6.326602359596973812e+00
6.023529041324044542e+00
3.057160144916217348e+00
1.717451618636307131e+00
-5.423003039983526286e+00
7.106265794880132880e+00
3.709360689895545349e+00
2.972743286964939724e+00
1.158878958877529453e+00
1.057354101504978416e+01
-6.887741041176583812e-01
1.750630323561512469e+01
-6.725052747468703629e+00
-6.406718042976065064e+00
1.001078657682287165e+01
4.862001478694878642e+00
-3.311219685193234064e+00
1.003244524773929847e+01
3.260627883083114575e+00
-4.315047067994894014e+00
1.932647006819848912e+01
1.243264150936803425e+00
-6.877054291393981167e+00
4.035368883993599276e+00
1.541338443863675778e+01
-9.228682748169717343e+00
4.417728440165873849e+00
2.558094073699462179e+00
-1.993818559354873177e+00
2.198833481243502774e+01
8.518525182638383431e-01
6.697497260595804747e+00
-3.263375399792141085e+00
5.684009690242257662e+00
1.199535729759233327e+01
3.756545692551142679e+00
-1.403726784543916928e+01
2.156250657951797223e+01
7.983897999848219129e+00
6.802410028642223772e+00
7.218274084248887057e+00
1.126487297539060961e+01
1.035313607412819081e+01
-8.994714602759299460e-01
3.045570025932282121e+01
-4.965153993480782901e+00
-3.984126448237890639e+00
3.878323961963534572e+01
1.104440487513549485e+01
8.492878105939276168e+00
2.372529790548481543e+01
1.858209165140033292e+01
1.107774235974491006e+01
4.177355502085920591e+01
7.716389963120753315e+00
2.385990166578176286e+01
1.604524381617017781e+01
5.038621279870093161e+01
1.145987541605809312e+01
4.010043294302897721e+01
2.102738942775268427e+01
4.216655246201440121e+01
4.252826642482402519e+01
1.393440483399190555e+01
5.121062118953244635e+01
2.225334904894577903e+01
2.583769893433996145e+01
4.581243694937852240e+01
4.214373507976015532e+01
-4.777971808806412923e+00
8.086377728771478246e+01
1.966694728866394826e+01
3.793819821885185206e+01
9.930717840038624900e+00
6.743335636879170636e+01
2.318950177930008749e+01
2.103660629719992770e+01
3.240198742530267850e+01
3.815463321848083922e+01
2.426486348627068423e+01
4.732609241350805718e+01
-6.459010701737224025e+00
2.806641025165720293e+01
4.620923959873991294e+01
1.029664850487685968e+01
1.922049223597389300e+01
1.492895956741039321e+01
2.406157487694546049e+01
4.462020387027061474e+01
-8.316018641769336028e+00
9.309360610140032577e+00
1.744794415219428174e+01
1.733491769608772159e+01
1.972864529088371910e+01
3.581171817595282647e+01
-1.366384009412458056e+01
4.975050631396524814e+00
3.131883457404633120e+01
2.772656143229214365e+01
-1.600509591741541371e+01
2.959465211071852764e+01
3.861098202684709602e-01
1.903673740288713745e+01
3.884350558737322245e+01
8.984335593606900261e+00
-1.236763416431617379e+01
4.296212236645323657e+01
1.656236670947347989e+01
1.326577176201462294e+01
3.964821912570049012e-01
3.667719594523784110e+01
3.418355460496664477e+01
1.359070396892379406e+01
2.012213506527083950e+01
4.083465056881762933e+01
1.227784136336720167e+01
2.494551124842631040e+01
3.342849296998577557e+01
2.828331692006312892e+01
1.186641012759638514e+01
4.526477118243494857e+01
5.473211392050152568e+01
1.624377642259896248e+01
5.638972195104813956e+00
7.804306524209032148e+01
1.371478429920515651e+01
2.973716022000970227e+01
3.140682774639248009e+01
5.274805453402822764e+01
5.824089816838952771e+00
6.385497585260663556e+01
-4.497571348781747247e+00
6.031667630359955012e+01
2.577654719120993931e+01
3.131482102545092161e+01
1.205173363809259968e+01
5.034223101855825888e+01
1.956962237523379855e+01
6.222448135222138177e+01
1.527217247368328401e+01
-4.606030863187243085e+00
5.274668271734308433e+01
3.582093900946700415e+01
3.672593312440436364e+01
1.727379185452230814e+01
5.923851852397484130e+00
3.321774678181407836e+01
5.622196810568294012e+01
1.783243411097577535e+01
7.064796025783462774e+00
4.339464782341497084e+01
3.270949548486490954e+01
6.558107010567984219e+01
8.024802683653225799e+00
2.327156092417718725e+01
-8.808658350765082190e+00
8.362876802866759363e+01
2.959325760276423978e+01
5.997570005347547806e+01
2.598359515622842508e+01
5.454409489417023593e+01
4.121381135581525257e+01
3.725216973672495158e+01
4.733133396035956508e+01
3.005922562217394045e+01
4.424800207298389410e+01
5.709757264212412764e+01
8.928516602259551860e+01
1.198354362974419374e+01
8.781739652232444371e+01
4.039239148038380023e+01
6.491452517868306415e+01
4.256862535026701977e+01
5.950777596476294207e+01
8.334104724277561616e+01
3.852016576871947962e+01
3.026497928054619990e+01
7.788727424704892144e+01
1.111928260424614763e+02
1.193822391842622288e+01
9.744238440598059015e+01
1.660664932284272766e+01
9.878690532036974048e+01
4.656366949808382572e+01
6.046961772688915460e+01
4.092096858051714037e+01
1.001955947591538774e+02
4.295985445650017454e+01
8.351122117283593127e+01
3.822390017860818290e+01
4.258296541411936431e+01
7.495947137511436154e+01
5.524371613321915930e+01
8.225915177391925681e+01
3.171483034212431207e+01
5.402330698135541098e+01
7.250843360770227264e+01
4.477838914412887306e+01
5.271097636949510701e+01
3.695737640270362334e+01
5.201280342962615322e+01
7.322811534733007477e+01
6.460318291461362605e+01
1.625450586297548128e+01
7.074603114765825751e+01
-4.464343867368070207e+00
1.000802618181682533e+02
3.062363240676407727e+01
4.016569210616894736e+01
3.272906462511112835e+01
7.360731887783951777e+01
3.303145180640991185e+01
5.347386790528315004e+01
2.111681519383395766e+01
4.269348862059144523e+01
3.568528274700718583e+01
4.182052368944864185e+01
4.075523637857065040e+01
4.304478050298329350e+01
5.219547989602437355e+01
2.129948794398062262e+01
4.619191953936524442e+01
5.502708872701455789e+01
3.003586820274232849e+01
4.034471213162514402e+01
1.378582601711082489e+01
3.639648535916155225e+01
5.307875236271348740e+01
4.545810912667143810e+01
3.653546138132728771e+01
5.357211053410050283e+01
1.550092967528041754e+01
5.710482843825604249e+01
4.620579200860849056e+01
1.864666202863374522e+01
2.154671243057733321e+01
4.087680654663994062e+01
5.278446375691842718e+01
5.132283844633841596e+01
4.156104707411904542e+01
5.462988945087246151e+01
5.148527600683928540e+01
1.831741390578643447e+01
3.616710318425048420e+00
3.712027809363592223e-01
