6.565821812720246120e-01
5.299653284802670505e+00
2.365832547323260471e+01
-1.488230497676800823e+01
5.123350857182444429e+00
7.410342035392747384e+00
2.686661300489572302e+00
3.358243256211452810e+00
7.641687596253699866e+00
1.453306193617052600e+00
9.951952797124191008e+00
-6.996588753974422037e-01
1.009627950367247173e+01
-6.509417089238485055e-01
-3.835171502238795327e+00
1.461271251703660568e+01
-1.076693139092033125e-02
9.926721459051901064e+00
-4.789582105541822621e+00
8.622781091532200293e+00
1.079890239587177803e+01
4.874012095827744417e-01
5.705630407569192819e+00
4.560321096717288469e+00
-7.580566472535783085e+00
2.023224059522821605e+01
1.242963272589554080e+00
-1.500737495756403916e+00
1.212759587174551257e+01
-1.304299044370810234e+00
1.016696445126133597e+01
7.492853924845130464e+00
-1.945390704537895310e+00
6.885904598148362865e+00
-6.697253822293378178e+00
1.574334221094056119e+01
3.603854385979360586e+00
5.804310180115447970e+00
-1.555046461704202354e+00
9.544599642728071487e+00
-7.904055230660293141e+00
2.480342512328267546e+01
-1.029448572698070308e+01
1.226633851028972799e+01
-1.616395529055717262e+00
1.402717296317047158e+01
-4.644262805762727986e+00
8.359280267163541112e+00
5.574410021964625983e+00
8.940508833350982343e+00
9.417797163757988255e-01
-2.716667257200932273e+00
1.507644626231432206e+01
3.282246570910896111e-01
-1.447836324209546000e-01
-8.688752310263225809e-03
2.342440102837526439e+01
-8.354520244241211202e+00
1.174711548341146461e+01
-6.001785275310291823e+00
6.698970007812360627e+00
1.293750941170200797e+01
8.258614210054817661e+00
-5.785917800006512124e+00
3.233227485532686796e+00
2.285126211910503802e+00
1.396487148684047419e+01
8.342533665764452877e+00
-1.347071858891866292e+01
1.170395457887461177e+01
1.211351279268048309e+01
1.052219290327574441e+01
2.673581046997180799e+00
-7.051116394509592489e+00
8.220252549365515193e+00
1.056102282670972770e+01
4.684267320563346715e-01
1.125567561277580175e+00
5.476069404836984233e+00
4.931875031227606954e+00
1.788493082527246614e+01
-5.452965107617557372e+00
2.019190531251432663e+00
9.497775247912642271e+00
8.573748155141169391e+00
-4.106744078978786128e+00
3.353118776838616366e+00
8.004835430296399323e+00
4.020873637584312377e+00
1.295803483668087885e+01
-2.964297505990701964e+00
2.042086942775974023e+00
1.082852334403928118e+01
3.233125981026045537e+00
4.209025035033578277e+00
1.192021164840168090e+01
-1.159179863644575015e+01
1.342898994438651528e+01
6.639706537275319675e+00
-3.633249642566713788e-01
9.740842348117373817e+00
3.322455024437442006e+00
-5.439652070425755603e-01
1.460234187936635486e+01
-1.032414206628338160e+00
3.374064303780149654e+00
3.364483595769106827e+00
1.199696810319737672e+01
-3.269243559862909709e+00
9.488604021574255754e+00
3.861841006070599214e+00
1.101073372237544756e+00
9.910724064362179675e-01
7.434960915269651416e+00
-4.778054241226254995e+00
8.293923618733986203e+00
5.960883414892101051e+00
1.447960947115087382e+00
3.923968125219543968e+00
9.200389065150554879e-01
1.165749755226406847e+01
-3.572979568498621639e+00
8.411972166408194340e+00
-9.625062822527132411e+00
7.945938676292884750e+00
4.658229024881895164e+00
2.332588119463429699e+00
1.469291260508998498e+00
1.042056126390891357e+01
-5.815641896728895865e-01
1.620032055833748430e+01
-4.248673901054321966e+00
-9.677598199416131308e+00
1.481367017458292601e+01
-1.964514336372566561e+00
3.952742652917685895e+00
5.329914066627436497e+00
5.163723243051753897e+00
-4.344808053002049419e+00
1.693587173615643593e+01
5.754482351494649706e+00
-1.262575820066493471e+01
1.007810954879776943e+01
1.036036533471973797e+01
-6.574346553895601630e+00
4.057661280475666210e+00
3.711811072300739145e+00
-5.073289217833207410e+00
2.487418271687559468e+01
-8.853990218751892627e-01
7.473751503605472024e+00
-3.216318731130171304e+00
4.357773071588239233e+00
1.509419989429800601e+01
-1.678767199199898918e+00
-5.702922295575118206e+00
1.310307304745047574e+01
1.315189002033841881e+01
4.730236808235238399e+00
7.502447398545593060e+00
1.236985462569621674e+01
7.617679279791663483e+00
2.690894702313079812e+00
2.704666630691891882e+01
-1.784688007602809323e+00
-6.044428145249290729e+00
4.014337112130156271e+01
8.249980781069686131e+00
1.296190537001550247e+01
1.901852941705998745e+01
2.237960681157227683e+01
7.815085202698604405e+00
4.404180144543952480e+01
8.466561744770988440e+00
1.983053250343834506e+01
2.263278034284750362e+01
4.260215288320031135e+01
1.809669191712633918e+01
3.578803021416443642e+01
2.356134371963905849e+01
4.003820332599266862e+01
4.365879724338406476e+01
1.517481965633254504e+01
4.902587433321968291e+01
2.356015419812304401e+01
2.574784031484727365e+01
4.577592005242009776e+01
4.047434269254411987e+01
-4.858811682611751115e-01
7.421511633218136694e+01
2.636655873951800544e+01
3.297119976713504741e+01
1.398231158714588673e+01
6.440426091862340741e+01
2.360754058893385121e+01
2.421706643078540111e+01
2.668523462376711208e+01
4.431252451999780817e+01
1.867561256106026235e+01
5.128977518969574589e+01
-8.819957604856270450e+00
3.023220952297247877e+01
4.431085587911482548e+01
1.142193352480290969e+01
1.815538093228311567e+01
1.714621546579513733e+01
2.158988809363142991e+01
4.469921686180187237e+01
-5.667770541822660491e+00
4.687211038114114103e+00
2.368553659617566254e+01
1.064260832885876873e+01
2.604048782447070209e+01
3.012005308165946715e+01
-9.349430763693829860e+00
4.209616882130094773e+00
2.785016743960170515e+01
3.221904619432058325e+01
-1.921876883763879107e+01
3.197413011937916494e+01
-1.844083121151845361e+00
2.160039496692912664e+01
3.573252038524711338e+01
1.240191065370413348e+01
-1.522862841464645811e+01
4.589441639657303540e+01
1.190828228832014091e+01
1.789858465833270174e+01
-1.122195185830900943e+00
3.451830718549253163e+01
3.890321122791233677e+01
7.341492091264543163e+00
2.712954347658183707e+01
3.450528564313457736e+01
1.737437559019473099e+01
2.112393590810473754e+01
3.459777228820784956e+01
2.956440191564711384e+01
1.042934983137611660e+01
4.570729106724773771e+01
5.428325185859144852e+01
1.768227284366853880e+01
3.909253331910914842e+00
8.014607051392469828e+01
1.029095075451776431e+01
3.455166757421585544e+01
2.506544703658125428e+01
5.983159428123116896e+01
4.913519372573668664e-01
6.516434944516386452e+01
-2.238291923471330325e+00
5.692947132553793921e+01
2.985300548915681063e+01
2.588615492271069840e+01
1.808410374929255227e+01
4.503763367715394850e+01
2.291350920720021023e+01
6.108526463727522327e+01
1.524397591020039933e+01
-5.467901400375744458e+00
5.556060638057849133e+01
3.312505072077095036e+01
3.738531948011986117e+01
1.833734824942990826e+01
3.644084189542765806e+00
3.712060497418025307e+01
5.015721743399986821e+01
2.513943615482798677e+01
-1.220191456930130869e-01
4.909221749998942386e+01
3.029192983867234190e+01
6.491335450246023697e+01
1.013237663337888250e+01
2.029812301465475954e+01
-4.665582507819770797e+00
7.910835847872213833e+01
3.246638229077611015e+01
5.856344436968650768e+01
2.777969586231260735e+01
5.167799904487133489e+01
4.536227439337540090e+01
3.241757937326130445e+01
5.122717564232817722e+01
2.826053460315899812e+01
4.455804304576505359e+01
5.758599283044154760e+01
8.602160664522997990e+01
1.905939503634236587e+01
7.937243945438750359e+01
4.757072060579599793e+01
6.028613800027061842e+01
4.457156784112618197e+01
5.932172216349207616e+01
8.322387731247690112e+01
3.855464702506927921e+01
2.872312332658538025e+01
8.039058796015487474e+01
1.098490890378275822e+02
1.255230372308180264e+01
9.557601821980944123e+01
2.068954300468667284e+01
9.313636271213673012e+01
5.306730363841754183e+01
5.437579574681383576e+01
4.464468653361999628e+01
9.869084203104324615e+01
4.255325754869459587e+01
8.700497344551014578e+01
3.188833693246073864e+01
4.932977678190654558e+01
7.001630729796781338e+01
5.883175379492451640e+01
7.925419664287406363e+01
3.370787445301138519e+01
5.257512637727912619e+01
7.351631934872787610e+01
4.438371119093858397e+01
5.344632291028810300e+01
3.531946414830748182e+01
5.304874582380319481e+01
7.574127508665374364e+01
5.844620187078452744e+01
2.345797087289609451e+01
6.385293331273724959e+01
1.442078692710035526e+00
9.548884831691738384e+01
3.371435724440938486e+01
3.927081607867188495e+01
3.069523623285729386e+01
7.852982800169418454e+01
2.791937480269428562e+01
5.639158150574586870e+01
1.943204540437226413e+01
4.455201273549003815e+01
3.321727019830162675e+01
4.457340584698263797e+01
3.775841690908968928e+01
4.643067773576589019e+01
4.917315450963506862e+01
2.372270422924725963e+01
4.547207878609791720e+01
5.212144293743490664e+01
3.613852304733774901e+01
3.294716274081954310e+01
2.112740565374636859e+01
2.898372004007343961e+01
5.999075629476528349e+01
4.112618162158510415e+01
3.815699290270254096e+01
5.367100916213026807e+01
1.480809982763618393e+01
5.669086491893255442e+01
4.801999506980299515e+01
1.690388878080768720e+01
2.142460071578758374e+01
4.205157916494872694e+01
5.240405970059651253e+01
5.199002725884046328e+01
3.971889174445501425e+01
5.647027446639534531e+01
5.137472152471228526e+01
1.622193724791488023e+01
3.135118347444860287e+00
2.644331706644464930e-01
