7.400167217156062849e-01
5.966128988581995252e+00
2.656803320535177804e+01
-1.729315248442572894e+01
4.838622599865009200e+00
1.057410331659725600e+01
-1.591506226095568355e+00
8.930264160226700554e+00
-6.053539568227368495e-01
1.063993129930720549e+01
2.754841683573917788e+00
3.294715558775782149e+00
8.577258581469235921e+00
-3.108650822243885781e-01
-4.271668686443982565e+00
1.599296619492444194e+01
-7.575680534388791187e-01
8.814201141572944209e+00
-3.253405496853382761e+00
7.253049739855218725e+00
1.348575070898387196e+01
-4.864181717111359937e+00
1.279018644049947540e+01
-2.352856623396827995e+00
-2.116507031268904271e+00
1.780024397370020495e+01
4.869006639795152580e-01
1.154847366743886106e+00
7.831248035517544892e+00
4.640143040392080920e+00
3.864815532114666663e+00
1.192464886420359171e+01
-4.330626914311191733e+00
9.032339381260134914e+00
-9.111418344180497897e+00
1.824327194532194341e+01
1.173197970343867524e+00
7.765902164225046533e+00
-2.897683800250483888e+00
1.020439695807866265e+01
-7.405251599615765734e+00
2.121758824560899370e+01
-2.793861149672697053e+00
3.558763200400040905e+00
5.424221862999849542e+00
9.386174920591583870e+00
-1.820234558247811885e+00
7.125959365826464165e+00
4.932939999791506658e+00
1.129576680609103967e+01
-3.135920967259119507e+00
1.817622330094201821e+00
1.243986558194020731e+01
1.262586906329367320e+00
-1.791234564892956627e+00
3.772315262757685250e+00
1.856788140214625216e+01
-3.603759568589221640e+00
7.150940058003492084e+00
-2.540291197882366347e+00
5.184485938920066594e+00
1.234866559699444366e+01
1.182487361765488743e+01
-1.245496275456554081e+01
1.102845448878879964e+01
-4.029513208219621667e+00
1.869264960036818835e+01
4.318283747602048805e+00
-1.133034146081428695e+01
1.191158033103013381e+01
1.087133291343566377e+01
1.166502564619063875e+01
2.209008258951703052e+00
-7.293391563674036959e+00
8.137146820088673849e+00
1.330469688843583498e+01
-5.091065881535719484e+00
6.846602811280361855e+00
2.364914706381137932e-01
1.062782083600819583e+01
1.229834933024053711e+01
-1.905498988119573633e+00
1.925566332457278040e+00
6.080686864510652434e+00
1.484596829211689162e+01
-1.061693829696617186e+01
7.642897141570503372e+00
4.837494616390566549e+00
7.467031969741043440e+00
9.914833959230952232e+00
-1.272442933390277364e+00
9.525898518151008076e-01
1.260141346019687880e+01
1.150328431676891139e+00
6.159197980298421804e+00
1.104874880247573010e+01
-1.372967740889539101e+01
1.848052774379622321e+01
2.938099830960179681e-01
6.323350858216752357e+00
2.649969229098560586e+00
9.769233960938043637e+00
-3.790123889791736644e+00
1.435978231288813056e+01
1.296424885376747937e+00
9.567296652201692786e-02
6.426344679371513102e+00
9.349082274141965243e+00
-5.357763893969320623e-01
6.233223803660312257e+00
6.826549774336192478e+00
-7.180262501812472165e-01
3.601264198565465868e+00
2.552642441604970003e+00
9.883350734002709359e-01
4.114379968335346582e+00
6.802886388373688753e+00
3.794697538177911778e+00
-8.211109816436407138e-01
6.695760226078491861e+00
5.806833586157953420e+00
3.074999481123239509e+00
1.914561880123105908e+00
-5.732805916642219835e+00
7.442847265578635074e+00
3.396063706423014583e+00
3.245645610123221392e+00
9.058841625140143794e-01
1.083595161187648515e+01
-9.731770726683734996e-01
1.775515543508549143e+01
-6.942047165138077958e+00
-6.176736799474017658e+00
9.851106309632395863e+00
4.858801508548914683e+00
-3.107828657822345075e+00
9.629178771527294955e+00
3.798385172611947080e+00
-4.872186009997517608e+00
1.978672211195202024e+01
8.799370649631113039e-01
-6.613741364147713853e+00
3.957481408189782002e+00
1.533416905854558543e+01
-9.074266010231461621e+00
4.226265931527906083e+00
2.751137746094587389e+00
-2.171199417370517359e+00
2.217560403795783941e+01
5.773088631598921605e-01
7.046124063891734401e+00
-3.619652159599163088e+00
6.073526608494320911e+00
1.162512097424866653e+01
3.980989545760469817e+00
-1.406253228652673570e+01
2.139030672139644551e+01
8.322934460793419476e+00
6.341480391575204045e+00
7.697434858229470045e+00
1.083185151043573846e+01
1.074730887341639196e+01
-1.168623086527860400e+00
3.055430266907260162e+01
-4.975871140369637402e+00
-3.987381822991869829e+00
3.877454005292640460e+01
1.103692876528692857e+01
8.553265246627759666e+00
2.355156598990222250e+01
1.889606338955898579e+01
1.070417578372167888e+01
4.219015363325011947e+01
7.248450004864966267e+00
2.429450418782887056e+01
1.573943249694067248e+01
5.048778678538546671e+01
1.157381905779731923e+01
3.981169357579280188e+01
2.140658513196511237e+01
4.179653156649318646e+01
4.288133380954796792e+01
1.362102425534700068e+01
5.144009217376013510e+01
2.207559557901830516e+01
2.599399461040262693e+01
4.565374546514088649e+01
4.230273543681174431e+01
-4.895731065246549107e+00
8.089007557349953004e+01
1.978433147066369457e+01
3.769332266120929376e+01
1.029723435849114033e+01
6.693616505649202963e+01
2.372214160686893081e+01
2.057437118280086352e+01
3.271336670819501080e+01
3.804459397343276805e+01
2.420439859083632328e+01
4.748468712346912213e+01
-6.653403855919038712e+00
2.830970802098721961e+01
4.592744194846549277e+01
1.053598903495814376e+01
1.901769076513541989e+01
1.513579767248562113e+01
2.383002162409153257e+01
4.491263028185483819e+01
-8.647815495064977043e+00
9.579283569259727571e+00
1.735098027965879908e+01
1.725855296969310615e+01
1.993600209808161239e+01
3.544751847602496042e+01
-1.319090444145319374e+01
4.495966448115520819e+00
3.175236029400327098e+01
2.740191010766994495e+01
-1.584537418567885503e+01
2.957754025423899336e+01
3.486052800817858177e-01
1.910300262538065041e+01
3.872205594510659665e+01
9.103099030782010104e+00
-1.246822744452301990e+01
4.312643214723865981e+01
1.630350586955651693e+01
1.360820800771938899e+01
-1.389511915348902449e-02
3.709515409338394676e+01
3.387156690872981812e+01
1.374230283519754359e+01
2.009245467470432800e+01
4.071187469568843653e+01
1.259489171868143664e+01
2.451692533488655812e+01
3.386411152861089136e+01
2.791087941931312244e+01
1.212291252588832435e+01
4.512266532813706021e+01
5.483711568889930987e+01
1.611816227659671696e+01
5.734598192516624948e+00
7.800582105466992289e+01
1.372941025164758599e+01
2.976862261819095679e+01
3.128061012907035732e+01
5.299068226480720512e+01
5.451850379662379176e+00
6.433011884798848712e+01
-4.977248721818410715e+00
6.068564704716975911e+01
2.555372847796027358e+01
3.138908299920078449e+01
1.214961558836069422e+01
5.010824634431956071e+01
1.986339926750664731e+01
6.192522184648112926e+01
1.553042455192379734e+01
-4.810769622658335187e+00
5.293382705663723442e+01
3.561755628976262500e+01
3.693299765713072702e+01
1.708099245439870373e+01
6.118770755395225969e+00
3.304488400388112268e+01
5.630272874255063442e+01
1.789723702775285830e+01
6.809984393118519996e+00
4.382091420559552120e+01
3.222747357849635108e+01
6.601244543202483328e+01
7.673688154822223773e+00
2.353452386628195825e+01
-8.944317756670422170e+00
8.362535813274516272e+01
2.969990291070413946e+01
5.979546365471084357e+01
2.616821334156110979e+01
5.442390758322723343e+01
4.132078750610902773e+01
3.707322030625368114e+01
4.758782750848350673e+01
2.975694561985197950e+01
4.458615034159983992e+01
5.676075280635716780e+01
8.953526661192168490e+01
1.185309096669628914e+01
8.780603160306498012e+01
4.060436571016860796e+01
6.454585484526346306e+01
4.297651171808093551e+01
5.911367200616086137e+01
8.370334749411985342e+01
3.824883443218745072e+01
3.039918565115898730e+01
7.783545728217023907e+01
1.112117629274405175e+02
1.194562817424932888e+01
9.746057245304575645e+01
1.657994161815417300e+01
9.871555992453959050e+01
4.676508842291005408e+01
6.019044119086965594e+01
4.125138645146949301e+01
9.979476231257106633e+01
4.337745187932618052e+01
8.316854833552086745e+01
3.845014366877674661e+01
4.255092268258555777e+01
7.477004891345197279e+01
5.554178094574348989e+01
8.195776739981546655e+01
3.199957703242948170e+01
5.374734988593043283e+01
7.273902726920280770e+01
4.460275424432657587e+01
5.287221298539123637e+01
3.682004027102345844e+01
5.214768509854638268e+01
7.306237050850026549e+01
6.473124235096746304e+01
1.624581491620840623e+01
7.060716671076052364e+01
-4.195751922520743804e+00
9.969416735519230599e+01
3.109548279624656786e+01
3.971105236745641776e+01
3.310076350961315228e+01
7.336987047776563031e+01
3.309006617536007155e+01
5.353818221798491805e+01
2.099343294293337436e+01
4.285088586079858430e+01
3.550149394423608840e+01
4.201166368712959098e+01
4.059363866191380765e+01
4.319831654695249767e+01
5.202495203051843475e+01
2.151979818895492258e+01
4.588701311574097019e+01
5.532526599787160393e+01
2.985563642188667899e+01
4.036437461628765533e+01
1.393135419827549981e+01
3.611191543709723817e+01
5.348125537189633150e+01
4.498682516529128605e+01
3.703535185679869102e+01
5.310318207091306419e+01
1.582404339636019586e+01
5.691943114471848020e+01
4.633312036105955656e+01
1.854738378073476568e+01
2.164411910262486316e+01
4.077083816810350925e+01
5.289110679267462700e+01
5.126004350331099602e+01
4.156786578410471122e+01
5.465767997833150105e+01
5.137622510357434891e+01
1.844607767606806803e+01
3.643928245614267869e+00
3.789492077498815559e-01
