4.529745988677509605e-03
5.041621485062258712e-02
3.018943025261517921e-01
6.545387070130805895e-01
1.077512761567461563e+00
1.554114865179898608e+00
2.079825558691961174e+00
2.643081809151211381e+00
3.231066667670929871e+00
3.831552399557382582e+00
4.415613983443884116e+00
4.847501534317056660e+00
5.095163094542045634e+00
5.234992126425286330e+00
5.287579356439484179e+00
5.263875880574256705e+00
5.174514074955235188e+00
5.033412560608920394e+00
4.856915195921868822e+00
4.662762524014405940e+00
4.468786744601986882e+00
4.291227263735984288e+00
4.143274013159237157e+00
4.034489848361688225e+00
3.970750853409609427e+00
3.954270120383302167e+00
3.983716667055914318e+00
4.054503407244844482e+00
4.159268682227571290e+00
4.288526896272436773e+00
4.431440560531378026e+00
4.576654142050673002e+00
4.713126518115425156e+00
4.830903933993284660e+00
4.921785091967851855e+00
4.979839828046666028e+00
5.001752672042649728e+00
4.986973842190713491e+00
4.937672957540312879e+00
4.858503998457919693e+00
4.756202640595947884e+00
4.639048028999466666e+00
4.516229576157673620e+00
4.397164934117911983e+00
4.290817618784646292e+00
4.205061782132563764e+00
4.146137461006637714e+00
4.118232599626985291e+00
4.123218752491844441e+00
4.160556287763721883e+00
4.227372902265392973e+00
4.318707157489979132e+00
4.427897378708901321e+00
4.547086394547466881e+00
4.667804890314835475e+00
4.781591109566887710e+00
4.880602583470685651e+00
4.958176609044976146e+00
5.009300235468526985e+00
5.030957248432946116e+00
5.022328579811385474e+00
4.984833079651920684e+00
4.922006931738790669e+00
4.839231381911310415e+00
4.743329090574871287e+00
4.642058583395384908e+00
4.543543328391819180e+00
4.455676432901206852e+00
4.385543529948460417e+00
4.338905010575870413e+00
4.319774463521521390e+00
4.330123311957509991e+00
4.369732671911366495e+00
4.436203025519116494e+00
4.525121132066872498e+00
4.630372469058532836e+00
4.744577179482731388e+00
4.859618718916230762e+00
4.967227760217224564e+00
5.059579889497600291e+00
5.129864499929521315e+00
5.172784144980699494e+00
5.184948329126069844e+00
5.165132973120192261e+00
5.114386097146424781e+00
5.035970980267354236e+00
4.935149440796250175e+00
4.818819152636807601e+00
4.695029285200327251e+00
4.572407505603689692e+00
4.459537896190913564e+00
4.364333153683621624e+00
4.293445267550669797e+00
4.251756647078591023e+00
4.241988511454627186e+00
4.264455608997375080e+00
4.316986504450640361e+00
4.395017426700942309e+00
4.491855764576304644e+00
4.599097546828314620e+00
4.707172450340274317e+00
4.805980794465405381e+00
4.885580234468137384e+00
4.936875943550536050e+00
4.952267262431308659e+00
4.926206179738307434e+00
4.855628450793648021e+00
4.740226323056170976e+00
4.582542182958442289e+00
4.387874288354593588e+00
4.163998313557284447e+00
3.920720866076714550e+00
3.669292594325671786e+00
3.421718211845966806e+00
3.190008046905072003e+00
2.985420076168980863e+00
2.817742501397027866e+00
2.694664679452592360e+00
2.621278744183382248e+00
2.599745907813281409e+00
2.629150739727966979e+00
2.705554393564509219e+00
2.822244606091527164e+00
2.970167201145420321e+00
3.138511678703787666e+00
3.315413075838685497e+00
3.488724362774507259e+00
3.646808732193702607e+00
3.779299602488995546e+00
3.877778110796251454e+00
3.936323210073532142e+00
3.951897868449039564e+00
3.924545753404665493e+00
3.857385450803329174e+00
3.756402876890949649e+00
3.630056178422887747e+00
3.488720161650568752e+00
3.344008278000719425e+00
3.208018667808137270e+00
3.092556131923001050e+00
3.008383777498606193e+00
2.964556314048538255e+00
2.967881648627097579e+00
3.022548874750972114e+00
3.129949518596372826e+00
3.288705733238963980e+00
3.494904889663339453e+00
3.742525654258001211e+00
4.024027135598085891e+00
4.331060949556131412e+00
4.655256902152748566e+00
4.989027069737490550e+00
5.326330801831663742e+00
5.663344778112329614e+00
5.998987656358089282e+00
6.335257737218409346e+00
6.677353893387405925e+00
7.033564013184768982e+00
7.414920486972909508e+00
7.834637820626070948e+00
8.307362266312381394e+00
8.848276429485125050e+00
9.472112259796329425e+00
1.019213294481032506e+01
1.101914749455225184e+01
1.196062097627533127e+01
1.301993844402700518e+01
1.419587188705851055e+01
1.548228752757594329e+01
1.686811628350252334e+01
1.833759409855517220e+01
1.987076216413174379e+01
2.144420089331967105e+01
2.303195690803283924e+01
2.460661022089326266e+01
2.614042002930458253e+01
2.760648267246469700e+01
2.897983466247893602e+01
3.023843734223307322e+01
3.136398741858346284e+01
3.234250887598268775e+01
3.316469586340853937e+01
3.382599214831802215e+01
3.432640959847509521e+01
3.467010477902434218e+01
3.486474804424626939e+01
3.492073245274313820e+01
3.485027958590204378e+01
3.466650525716418940e+01
3.438250977270605802e+01
3.401055473251744132e+01
3.356138152404778197e+01
3.304371611694453037e+01
3.246399122474881693e+01
3.182630126885260324e+01
3.113258891592101207e+01
3.038304539008452920e+01
2.957669141137427005e+01
2.871209253061291378e+01
2.778815271859131286e+01
2.680492401468400843e+01
2.576436828074073304e+01
2.467100978589527926e+01
2.353242431306534854e+01
2.235952128339788203e+01
2.116658933254314690e+01
1.997109191680747742e+01
1.879321679569595460e+01
1.765520046295395673e+01
1.658046460689658730e+01
1.559261537070425696e+01
1.471436659965946703e+01
1.396645466291610305e+01
1.336661434485710842e+01
1.292868253714330251e+01
1.266188916292501787e+01
1.257038337294316044e+01
1.265302829388373773e+01
1.290348044174623077e+01
1.331055146914044052e+01
1.385883142547985614e+01
1.452953541944565075e+01
1.530152066286625434e+01
1.615240937575234881e+01
1.705974575648681579e+01
1.800211270617728943e+01
1.896013646397909369e+01
1.991731464921895522e+01
2.086061497481072280e+01
2.178080734892737169e+01
2.267251021458208982e+01
2.353395159262600700e+01
2.436646508024289304e+01
2.517375967320565167e+01
2.596101844595767361e+01
2.673389370687636202e+01
2.749747434067390373e+01
2.825530403941583302e+01
2.900852672693780221e+01
2.975522777617183223e+01
3.049002704145971521e+01
3.120396304949497690e+01
3.188468797233403151e+01
3.251697152474332597e+01
3.308349010610714913e+01
3.356585681093486073e+01
3.394582977790619083e+01
3.420662200590533075e+01
3.433422627456876342e+01
3.431866489910855478e+01
3.415507609828693347e+01
3.384455674462829933e+01
3.339469478677445125e+01
3.281974290090702340e+01
3.214040682890035328e+01
3.138324602300523836e+01
3.057970909463075415e+01
2.976485053816245596e+01
2.897579668101464634e+01
2.825004634598175102e+01
2.762370408334238547e+01
2.712975013800188862e+01
2.679645104338103323e+01
2.664600778319406160e+01
2.669352517436302463e+01
2.694636725854054049e+01
2.740394018212267824e+01
2.805791773933644606e+01
2.889289711238544101e+01
2.988744514194594970e+01
3.101547047415348501e+01
3.224783581254789055e+01
3.355410868338766761e+01
3.490433970371050520e+01
3.627075502504639104e+01
3.762925465938351266e+01
3.896062054836028210e+01
4.025135681276443478e+01
4.149410848733019463e+01
4.268763271182380237e+01
4.383632604803876376e+01
4.494934139761342351e+01
4.603935594454434010e+01
4.712107576676056908e+01
4.820958159589051206e+01
4.931863232303103217e+01
5.045904733999629599e+01
5.163728524541771492e+01
5.285432493074249294e+01
5.410493621522946484e+01
5.537740213768215369e+01
5.665372528160346377e+01
5.791031799173153161e+01
5.911914313513711505e+01
6.024924035733725702e+01
6.126854471665613744e+01
6.214588208694782168e+01
6.285301041335520011e+01
6.336656896497864722e+01
6.366979980708748599e+01
6.375391689335179990e+01
6.361901794245661534e+01
6.327446152842768612e+01
6.273866498117386925e+01
6.203831574252318859e+01
6.120702743225140097e+01
6.028350956953446627e+01
5.930935418755016997e+01
5.832657114997413572e+01
5.737502481551339173e+01
5.648993623431570654e+01
5.569961628880963644e+01
5.502358573625175353e+01
5.447121826912784570e+01
5.404101345076674789e+01
5.372056929955264337e+01
5.348728151642507100e+01
5.330975042372420347e+01
5.314983042281608050e+01
5.296521309655481957e+01
5.271239681534333954e+01
5.234986542912668739e+01
5.184127848734091515e+01
5.115846698050054897e+01
5.028403268181988039e+01
4.921336585224374716e+01
4.795592469709644945e+01
4.653565926703971911e+01
4.499051068099765160e+01
4.337097116497962190e+01
4.173774822378112503e+01
4.015863326187624693e+01
3.870472620319782919e+01
3.744620763351159809e+01
3.644787616255900531e+01
3.576468850283408329e+01
3.543756940375111242e+01
3.548978878300646755e+01
3.592419426527042248e+01
3.672152968640281046e+01
3.783997611116897986e+01
3.921586883158602888e+01
4.076511619013392362e+01
4.238447354161130676e+01
4.395291522181835120e+01
4.533854233778916409e+01
4.641065569083647091e+01
4.704981854192394763e+01
4.715520960579993215e+01
4.665016030830145866e+01
4.548655156310564251e+01
4.361922558992302612e+01
4.084406047510707793e+01
3.627546542305885424e+01
3.122449091987068570e+01
2.611676264301390304e+01
2.116373789176931552e+01
1.644050965276554521e+01
1.205637507518982154e+01
8.099531719523398010e+00
4.627189057541994721e+00
1.783195546374996665e+00
3.361906332785933316e-01
4.334900431692783468e-02
