4.247700109732300833e-01
3.247314448572085954e+00
1.553699077953460694e+01
3.381448465812112403e+01
2.770595133867872661e+01
3.197024853053755322e+01
4.616440331939270436e+01
2.419930093671080940e+01
2.555626780086483407e+01
4.084634042987330815e+01
3.462811963328400111e+01
2.884219931414672899e+01
2.977917483101539275e+01
2.815198364283978094e+01
3.824810548157422829e+01
1.710824200205640366e+01
3.781790232002826713e+01
4.484628974959596093e+01
2.796589064293878124e+01
2.492455988507171583e+01
3.581488885083785334e+01
3.692027213506462147e+01
1.696140621076716215e+01
3.375529834139358343e+01
4.690608420621904173e+01
8.647666767102391461e+00
5.887487908936044079e+01
1.950445923535910708e+01
2.858519432814009775e+01
3.792557697020428265e+01
3.649685672356822863e+01
1.813633511592286496e+01
2.655781139714306249e+01
1.945392572681959820e+01
6.983929490049399647e+01
1.028550407428829239e+01
4.074489900528558195e+01
3.836690065055423560e+01
2.057795474608143849e+01
4.095007387400475807e+01
2.215857819682794982e+01
2.797608136659027167e+01
3.851885483504064212e+01
2.723319377235671013e+01
4.576912149180819256e+01
2.912805227026283461e+01
2.413208858449407757e+01
5.709709277448136788e+01
2.306913738332358221e+01
1.568157310444204633e+01
2.786808939076126634e+01
4.223849943605956270e+01
2.293850835786125941e+01
3.542699779791234249e+01
4.716871055092930476e+01
3.052689064017253884e+01
3.517561663765586388e+01
4.400678694709387884e+01
1.871266217309519031e-01
4.068659061052727566e+01
2.731450651013117437e+01
3.220505181543773432e+01
2.859893227921221026e+01
3.705022207923983757e+01
3.723432503525791049e+01
6.077366513928345881e+01
9.930313243903535536e+00
3.695988221759778014e+01
1.586237184939198919e+01
3.341377978579662056e+01
2.114678591841346034e+01
4.823467112244940580e+01
2.570718117663824387e+01
4.589959778747490304e+01
3.407806697509997917e+01
4.057816650476030418e+01
2.060784217118546380e+01
3.681229483651831202e+01
1.108626470189762614e+01
3.301699582647118092e+01
4.566070330527544030e+01
3.384569225879087639e+01
1.962144591750897149e+01
4.293840938577427124e+01
4.046797463290713637e+01
2.896611367977497409e+01
2.283148890662748798e+01
4.029942397338751903e+01
2.258126336480675533e+01
4.217368797417583437e+01
3.455258414462932137e+01
2.590998508013925772e+01
3.275826523997911721e+01
4.117223304369461090e+01
2.857202548668434972e+01
3.673699442663534853e+01
2.814666247382864483e+01
4.763734577052412078e+01
3.641899072614490507e+01
6.980226704024287798e+00
4.757083962308964686e+01
3.247701547462379779e+01
4.528680667273345506e+01
2.007641721010784153e+01
3.899470179895008215e+01
3.737329364438647161e+01
4.570550385950701155e+01
3.276473688899916681e+01
3.700217811660851197e+01
8.199471753313677169e+00
5.261246679570994900e+01
4.839538106574237020e+01
2.176235977159645785e+01
4.644739899628714141e+01
1.905187468634660775e+01
5.597938258738783901e+01
4.420083624871663375e+01
5.519656285906202697e+01
-4.801981505984544540e+00
6.174670171821865949e+01
3.938579513711816560e+01
4.638738038185661594e+01
3.112065372403020902e+01
6.296928083809372367e+01
2.845190793536846741e+01
7.271176379155683378e+01
2.739666060572380246e+01
5.669023843426187881e+01
5.392330203324715399e+01
3.009732623780188732e+01
6.346086078781923590e+01
4.414239803801527984e+01
4.385929281096755972e+01
6.633764980561657865e+01
6.945926879147353361e+01
4.210213567653670452e+01
5.279873531875195170e+01
4.750809902128320772e+01
4.833081874220496132e+01
4.063343771094397994e+01
6.973702132629887274e+01
4.205925803171890465e+01
5.599432192277900810e+01
6.798951952304275892e+01
4.388854728086369050e+01
5.175429663064332431e+01
3.994874722999487204e+01
7.338182077461273423e+01
4.241711390749136967e+01
5.618308953225702140e+01
5.556988045747618088e+01
5.831335387588074326e+01
5.604605009824449979e+01
6.396194866153471281e+01
2.209475992125054944e+01
8.168685697175719440e+01
2.520121482651028444e+01
7.192018075587274950e+01
3.744521106498343244e+01
4.038360400612584300e+01
8.169315832105387187e+01
7.375374006497179380e+01
3.061229523203300218e+01
6.982929040933522913e+01
1.231587962417845894e+01
8.369900685642915050e+01
6.034349852447301288e+01
4.769747497558763882e+01
2.551841995463642476e+01
6.324712447262448478e+01
7.194483164834893785e+01
7.653278421879984705e+01
1.370465088997859482e+01
6.793636151106025522e+01
4.666318041467580713e+01
8.181712125366776434e+01
2.814375566275920448e+01
5.536641361584504040e+01
2.558529387231280339e+01
7.534150314394814529e+01
5.874153507255763884e+01
6.735351875684257550e+01
2.920651707458202040e+01
8.436564105506859335e+01
5.134439736381852981e+01
4.509122408346940603e+01
2.996909093052419948e+01
5.910145657632407534e+01
4.941352659931842339e+01
6.142490019425445524e+01
5.837501735245301404e+01
4.878430269158010191e+01
1.026301254407521526e+02
2.087445441147555414e+01
7.045854529961927426e+01
4.831452833664753399e+01
4.830886817346178219e+01
3.876190165640883833e+01
7.005466194456846551e+01
1.407005654215997481e+01
1.089758768034582772e+02
3.964588875893438313e+01
9.349023943110601920e+01
3.522218785829627308e+01
4.723125044801928851e+01
5.089423498006009794e+01
7.221287450707467315e+01
4.188324153837845643e+01
2.920321770267162620e+01
7.191427079423291957e+01
9.417534988029738940e+01
4.433733822151407367e+01
7.829767225773170480e+01
4.502997349889022871e+01
2.719085915455265123e+01
8.744181231881466942e+01
3.385085869071509279e+01
6.006636340219809256e+01
4.773667152950041270e+01
5.944049125359659769e+01
9.946344045689029656e+01
5.392424216998224296e+01
4.031599613478756083e+01
8.465849389046320539e+01
3.972172411370814160e+01
6.916872717071430543e+01
3.874490198861940371e+01
7.017753242405150615e+01
5.521873790893700118e+01
7.468556271451993211e+01
7.421539033642488903e+01
6.875409492796499933e+01
4.241225912391067965e+01
5.855792261575879110e+01
7.569084918758238700e+01
5.948877030373913044e+01
4.200817394903535984e+01
7.153763719016728828e+01
7.371310505524654388e+01
6.789054436631312228e+01
8.939319743362700876e+01
1.840047046683794818e+01
8.429116341759795716e+01
6.631324534566627449e+01
5.009835386127982559e+01
8.861638896949308730e+01
4.548866327441860591e+01
6.267390751638458113e+01
7.858741019260416749e+01
6.832420003199459302e+01
5.220940916090614792e+01
9.483666550187140842e+01
4.866080176200586749e+01
8.012016534753264807e+01
5.401360858438668799e+01
8.802097527976789593e+01
4.598132600363025091e+01
8.310163758457993310e+01
3.723072085619128302e+01
5.719559185857387718e+01
9.290217552469925977e+01
6.994021539882579930e+01
7.452739958342806403e+01
7.777755613340332275e+01
5.221399063635526261e+01
7.929729558907371256e+01
6.584757999317753274e+01
2.589693557679844460e+01
7.050319548265912317e+01
1.104666834767103580e+02
5.607411256087755902e+01
8.123370084708805905e+01
5.197956367348671591e+01
8.881157680229094353e+01
5.869422479407843696e+01
6.025581149185283891e+01
4.378721968282020072e+01
9.381867302219816906e+01
4.581248090152538310e+01
8.211541431495166421e+01
8.943632476341886672e+01
6.117523371530144516e+01
6.184960691515483688e+01
5.398045030918116538e+01
9.996859624086785345e+01
3.815339052733212810e+01
6.727065932078004096e+01
6.549220775143746209e+01
9.882444183096488644e+01
5.311093294559711353e+01
7.540985937695245411e+01
6.236476590765361294e+01
6.375124142376773761e+01
6.485898005021964252e+01
5.172895385038938798e+01
8.738649821663184980e+01
5.294033469136488179e+01
7.781907145998695796e+01
5.584763876036162600e+01
1.132522699731671310e+02
3.247634439117966565e+01
9.797429591996110787e+01
3.878309032319283745e+01
7.336912718955039736e+01
8.022130114991608707e+01
4.503258568108616089e+01
6.540215481512220208e+01
8.691093302905531459e+01
6.625765104279462037e+01
6.503489782116639617e+01
7.639934907933330521e+01
5.105204222184479335e+01
9.593760255515663005e+01
6.149334648114221125e+01
7.258498301534245911e+01
5.263197730564501597e+01
5.676485219213297739e+01
9.222696386293954163e+01
6.924002945067316261e+01
7.973491740786944604e+01
3.072897231353387681e+01
1.160962511475150762e+02
3.610646583075080684e+01
9.145567789120320867e+01
5.376964338343202598e+01
8.481471487620655125e+01
4.455103319613181867e+01
1.007523050212306117e+02
3.779980960359559816e+01
1.015709536476421277e+02
3.982944924940795062e+01
8.361353317335084512e+01
6.820758922123424384e+01
7.096378299010922319e+01
8.964126534022707915e+01
6.441427178823825273e+01
5.866862518750809841e+01
7.914233633535346257e+01
7.679863981111436999e+01
7.502239068819802981e+01
7.364153073325417154e+01
5.296196688944211672e+01
6.383004554200365277e+01
8.222263071724334793e+01
7.610104642415755904e+01
7.040191929881521560e+01
7.788108882071986727e+01
6.130077098736431651e+01
8.792939021735234917e+01
8.189611627839391872e+01
3.637440563117802128e+01
8.776986203089953165e+01
3.880795850376339473e+01
9.635879608216194470e+01
9.262685750937714602e+01
5.071862992154791527e+01
6.598457145583709860e+01
1.131461749232056491e+02
4.881526195796683965e+01
1.011325208401807316e+02
3.513353657478315029e+01
8.481436779979044616e+01
1.713866620328060719e+01
1.937499505627751084e+00
