7.554855398911478837e+00
-5.894540612010324310e+00
1.107977383543664374e+00
4.447288466508886096e+00
1.310425041810800550e+00
6.317259663399939384e+00
4.806018191083715863e+00
2.205731137884711313e+00
4.994242712941455054e+00
-4.766615324512903484e+00
5.183470507435123942e+00
3.282791158685011368e+00
5.720312781778419620e+00
5.428009984043761449e+00
2.824301051260414974e-01
-5.474828094582259164e-01
7.841543350963441350e-01
8.744137486148583216e-01
1.337071122273956636e+00
5.990095093839618912e+00
4.121289403169899224e+00
4.600709353572819182e+00
-9.374696440292842325e-01
6.686771635614823239e+00
1.905917762498923196e+00
-9.062819787188232112e-01
7.753232830668626008e+00
5.214344853053304973e+00
3.994490013086244407e+00
3.356375434728160467e+00
-4.141213724026044929e+00
5.270662075966492388e+00
-1.555232023284605525e+00
2.053378557483835021e+00
6.957631546436050307e+00
4.173409114883995130e+00
1.064437499782913132e+00
3.313736050479652473e+00
-3.123520650658574649e+00
1.128609216300863416e+01
-7.065427284150406217e-01
2.744015145333069228e+00
4.818668891717103442e+00
2.207173411375648708e+00
2.689791655416382987e+00
-3.935720975881225048e-01
5.905395030730885786e+00
3.988656129862839350e+00
-3.449379662359634002e-01
3.601320406220361647e+00
2.767081239485701172e+00
4.410265061483996440e+00
4.483882484298268523e+00
1.948838618144202783e+00
2.890491831193439332e+00
2.366571341870234324e+00
3.758103297598124115e+00
8.747171814790056787e-01
-1.482922349676851770e-01
5.828944179941844439e+00
3.411996149756231667e+00
1.896195930050526002e-01
2.581724248934538668e+00
2.866838942345938168e+00
5.879285618021970805e+00
4.823977209983010717e+00
1.150189727264905315e-01
6.622529282711989929e+00
-2.634029264596130293e+00
3.480399473779080211e+00
8.030070293708597262e+00
-2.633764562123178887e+00
1.989484058722146731e+00
6.695355379053933298e+00
4.034339346737353615e+00
1.651292992716551833e+00
4.052795463410944876e+00
-8.346275673564451658e-02
8.658829663054515180e+00
-2.325684196772145995e+00
2.322662018912877713e+00
4.373383752219639931e+00
6.316982498271691782e+00
-1.723267547316113646e+00
9.549822088882399251e-01
8.286098870021364249e+00
8.371750445294727783e-01
4.312569441807543313e+00
1.268182167950725692e+00
2.289116356272499875e+00
4.684504764673468991e+00
3.095922950075253421e+00
6.140100833018585114e+00
1.030447670251835923e+00
-1.041710931310113164e+00
1.356073362228787715e+00
4.652621297544347279e+00
2.655712938799148937e+00
6.560258109474196964e+00
2.233515391085476587e+00
5.068469185184216741e-01
5.969104190888518957e+00
-3.051640339327693630e-01
5.603704968764049887e+00
1.749576694270454924e+00
1.761017056072246234e+00
3.585457332324424318e+00
7.230085225456486242e+00
1.947378293177529640e-01
9.651958541455576412e-01
-1.572032078856439474e+00
7.118177585195778256e+00
-5.844007383203980721e-03
9.266433935088159046e+00
-1.292158092761425348e+00
1.102726364543401560e+00
-1.128759443473049684e-01
-2.465290719454663326e-01
4.497832662332689857e+00
-1.910459880872590555e+00
6.844152430942455290e+00
7.032392067322238427e-01
5.930897675603822528e+00
1.794542720590462048e+00
-8.709206084409764070e-01
-7.863800829713625262e-01
2.527630022632674223e+00
7.178062350733975805e-01
6.079756529343841365e+00
1.574755592584745401e+00
1.944373035772309244e+00
2.367500323333552537e+00
2.939123012219971631e+00
-8.388546625995398909e-01
2.655878842520324135e+00
3.437129041470570634e+00
4.234046423732086950e+00
3.970932762582105813e+00
2.908077328291978070e-01
1.847652953329520509e+00
7.423716321416612418e-02
-1.637376241863281567e+00
-5.928723323654503385e-01
6.205207554698386474e+00
5.820423982178432709e+00
1.644062273867958668e+00
7.273439020593391646e+00
-1.083900170660821338e+00
-3.880466545568869385e+00
2.958920389509177795e+00
5.296092265555532030e+00
7.053179170748398619e+00
9.295068853858485802e-01
4.781968387491551731e+00
3.441405852866216364e+00
6.876054102636237619e-01
-4.091594271952667228e+00
5.468207986691110634e+00
5.380629274161339737e+00
1.319132484970949371e+01
3.179719442920881711e+00
3.934841506005914979e+00
3.910995438837486127e+00
-2.719672334722584850e+00
1.375961714649576706e+01
9.982717235394586552e+00
7.872085906587460435e+00
8.293145335285172948e+00
1.248404600790016694e+01
5.927779965635408210e+00
1.012095184007783111e+01
2.078920638938116516e-01
1.628683942059944556e+01
1.149980573368007519e+01
2.857167557194986784e+01
1.117269586658952818e+01
1.735274897170040731e+01
1.778564663204442198e+01
1.539680098966215027e+01
2.071536236137610842e+01
1.850153985292212511e+01
2.976601751321596012e+01
1.264678790833219146e+01
2.644878578020941973e+01
2.527209146260491934e+01
1.448104184333788069e+01
1.496147520944291109e+01
2.742921418161997593e+01
2.367347920495495472e+01
1.766242854373041737e+01
2.639441963868911145e+01
1.492829714191425161e+01
2.390272970550153175e+01
2.307219868429656628e+01
1.526163361117917283e+01
2.273424985420101763e+01
2.311511944441674871e+01
3.307899905562310039e+01
1.075974374476673212e+01
1.506552430063151782e+01
1.766379052202966449e+01
2.420003820975469822e+01
4.254072006069340439e+00
1.476693265958994772e+01
5.392903972677688174e+00
2.694787589758054480e+01
9.868627014747710646e-01
7.229533197814649093e+00
1.868522434874011751e+01
6.384816287855619166e+00
1.558624301281186852e+01
1.078743923019376183e+01
6.473705648376405719e+00
5.098054764011168416e+00
1.065903344970457489e+01
1.271553883107835325e+01
1.772697870773972895e+01
4.318900449201444225e+00
-5.086911268605757819e+00
1.728705368920559593e+00
1.441756723122693806e+01
9.895858350620033050e+00
1.586468886299922332e+00
2.056737649285017966e+01
1.219673729619659142e+01
8.896652858820738530e+00
8.678707172107875678e+00
1.522097171339303046e+01
3.981546596880728206e+00
1.371758997839441818e+01
1.580420317277514464e+01
2.083278348587115758e+01
5.841178798918053694e+00
2.108188984088091189e+01
1.284921826091919783e+01
-5.511969140059589378e+00
3.008959611700641545e+01
2.206426720367396399e+01
2.284387326139333396e+01
2.092520937970604678e+01
1.826673325395971403e+01
2.205151202130968358e+01
1.128103495494805841e+01
3.003817861705615400e+01
1.570529256030398280e+01
2.520139490813174632e+01
1.461968791707353788e+01
3.704432022533888613e+01
1.881610624051932490e+01
1.179228686987622332e+01
1.269661578778013045e+01
1.985830872895961718e+01
3.074755126730497068e+01
1.582593280394043767e+01
2.703129162769509364e+01
2.648686951909530762e+01
-3.183120477194737674e+00
1.758084039962369616e+01
1.964198014831678307e+01
2.671912033190698565e+01
1.805071580842592027e+01
2.496888600197808117e+01
1.815186657368161249e+01
1.462746745182063890e+01
1.793354953589813050e+01
6.128208408087571613e+00
1.936172829778298521e+01
1.973285365603630126e+01
1.477721019041943684e+01
3.400057139246242599e+01
1.832687685398368460e+00
7.522247468209076970e+00
2.088411874177143090e+01
3.103488595127265270e+01
1.921679499731841290e+01
3.142423438927699308e+01
1.953066823687669995e+01
2.209455749126059843e+01
1.130770759486205890e+01
3.064689702175157748e+01
3.340307905303819069e+01
3.019311025200152798e+01
3.478975723289188693e+01
2.870262028965342438e+01
2.851316542253366038e+01
7.763193233652777359e+00
4.174373333397122110e+01
2.936334130835507850e+01
3.649514033777315092e+01
3.986381583534061690e+01
3.398002917362266828e+01
4.335556931740080699e+01
2.880454638046432692e+01
2.806689728357200053e+01
3.259614627371824724e+01
6.327612370705120526e+01
3.791813711655301233e+01
4.810617960057492581e+01
3.150551273884838110e+01
9.799944975168836336e+00
4.885566101942725226e+01
3.566678301928637040e+01
3.645843702251981000e+01
3.588969542706308147e+01
4.599749373827413734e+01
4.784460926680395687e+01
2.267274062368860754e+01
4.270103983253839885e+01
4.782514919552034627e+01
3.379305046285024616e+01
3.996716876912405780e+01
4.369796479751905594e+01
3.043976385722979572e+01
4.257321217809553815e+01
1.649533090532842294e+01
3.729761299390644069e+01
3.734116882555996852e+01
2.974665912435151327e+01
2.378685465657194342e+01
4.171351899869267754e+01
2.213554109039051454e+01
3.827586586889825782e+01
2.138825882040696058e+01
5.462967903491503563e+01
3.528709772281742829e+01
1.457413346561070711e+01
3.053661409703194707e+01
2.352706816559652481e+01
3.152001269586806487e+01
2.505340701792203717e+01
2.467837949467623559e+01
2.686589116056674342e+01
2.580254139787249201e+01
2.288460452594533479e+01
1.865732876643677685e+01
2.464939966116955006e+01
2.817808785912079372e+01
2.951219971729646829e+01
2.461275709580323579e+01
3.596234881823572493e+01
1.976898681315051931e+01
2.145775866847281677e+01
1.521102586020298197e+01
2.500879689973590203e+01
3.262619056604595613e+01
2.816884671256414663e+01
2.160956044581034163e+01
1.978179897837137347e+01
1.182270961858805336e+01
1.791440958555034868e+01
2.773087609369795103e+01
2.861754430036713259e+01
3.801211249670507897e+01
2.062522805012413585e+01
2.459207076353484211e+01
3.222148918513887850e+01
1.463696177233015661e+01
2.282004137628452156e+01
1.350127464228065755e+01
3.938931791091690826e+01
2.747735082867525591e+01
2.727043299068016680e+01
2.835952732272642862e+01
2.861030972226530267e+01
3.903018423590618458e+00
