1.231895595158245804e+01
2.640624327883053013e+01
2.173505877504507922e+01
2.977328511384055076e+01
2.695614894584561938e+01
1.226543101833103400e+01
1.906070555940799238e+01
1.550905190110846910e+01
2.398937452601857245e+01
1.323532607179518727e+01
2.915210403220591928e+01
2.539727730906410486e+01
-4.708714221714145332e+00
2.349280613925566996e+01
1.736529946036104732e+01
2.018744756306519150e+01
2.466201424919170648e+01
2.417128956103180570e+01
2.134797651319205514e+01
2.182522643887233471e+01
2.732440894022349198e+01
1.761998717410688187e+01
5.747086734675622033e+00
2.605144834286970834e+01
1.902119113474491030e+01
2.199406591582644666e+01
2.123986126646970618e+01
1.588805885208263291e+01
1.065937978579099799e+01
2.305509138359533239e+01
1.449677416779523753e+01
2.185941912021936773e+01
2.834119337489527624e+01
2.150849312678199610e+01
2.159168993437830153e+01
1.523835231753681008e+01
1.837713825538547141e+01
2.437284538918425980e+01
1.266023335828296226e+01
2.573443283204306908e+01
2.296242255780138919e+01
1.776708789750964712e+01
1.801011161646782455e+01
1.311256542717396734e+01
2.083690572265649266e+01
2.582810835298631247e+01
1.546542174663106728e+01
2.373985995776159541e+01
2.589171853255282585e+01
1.617555139944892417e+01
2.503926202547183877e+01
1.780841983834936215e+01
2.072817802105493357e+01
6.550469158821758064e+00
3.286745954991442886e+01
1.822504194132693200e+01
1.426792910321099761e+01
2.880606811066328987e+01
1.708797291035368104e+01
1.518187896824435335e+01
2.033416418634135425e+01
1.490371605527294463e+01
2.671181618065631724e+01
2.096789983168029892e+01
2.151406396126224863e+01
1.808075944473390706e+01
1.823260580673952447e+01
2.271400785071285000e+01
1.815498283479689690e+01
1.867544348610060112e+01
2.492821716236192842e+01
1.479557096224118773e+01
2.901015634908126017e+01
1.638912461986852520e+01
2.205526022583042334e+01
1.568150946151458314e+01
1.879863572016256157e+01
1.752149320680111089e+01
1.771111843211823356e+01
2.464140417377027603e+01
2.208313596563694148e+01
1.533038454016413432e+01
2.725254380484976835e+01
2.276294849875741377e+01
2.097952520077842919e+01
6.583352550044051732e+00
1.990676609541375086e+01
3.197664108133378846e+01
1.529480548803795514e+01
1.920555810838108002e+01
2.208998232641371118e+01
2.622609076185233690e+01
1.240219935502440052e+01
2.041266814494481352e+01
1.960045227194249406e+01
2.186313424496538715e+01
1.878254648312675101e+01
2.321577590869840790e+01
2.781636757888763256e+01
2.235042829415603904e+01
1.804234730440613532e+01
1.832843455786925091e+01
2.398853439769516882e+01
2.399964368266809345e+01
1.699512760672646650e+01
2.496330643480678546e+01
2.104892794043280091e+01
1.180986746454879466e+01
2.354345038298606241e+01
2.364689701456860504e+01
2.078519371942077854e+01
2.562128641031218379e+01
2.230263536118221168e+01
2.966191489353498056e+01
2.686654438104364928e+01
1.606219898033772253e+01
2.624714307931047941e+01
1.875883524842934236e+01
3.084742642048552952e+01
2.382755175490388666e+01
3.136299485191489111e+01
1.456386183194561568e+01
2.636162804262433923e+01
2.100239974062542814e+01
2.249258523529934806e+01
3.307660378334899320e+01
3.967833678397084896e+01
2.756567113515024303e+01
3.655686040264014736e+01
2.504898711125130717e+01
3.676372379943396140e+01
4.110610538835497607e+01
2.565227143968235168e+01
3.490882258169273200e+01
3.124056565764465887e+01
3.085035189652595733e+01
2.752764062374879828e+01
3.579970696112478379e+01
2.740897951219843165e+01
2.323527495007943244e+01
3.404316056459595785e+01
4.090811604118940892e+01
3.590676782937332945e+01
3.410779348336604500e+01
3.278541717978476555e+01
3.999268696199951734e+01
2.638663826930462619e+01
3.375657381122447731e+01
3.216428004065585355e+01
3.162189970559484564e+01
3.532219300056842570e+01
3.444397235970664894e+01
3.740548364450344820e+01
2.019687952073957860e+01
3.504136083704797500e+01
2.740180994898684119e+01
3.956790117455248179e+01
3.827337815102588081e+01
4.250611039733286134e+01
2.506153537132703235e+01
3.669252441503552120e+01
2.525030831277415899e+01
2.382218348423439025e+01
4.827899726544460179e+01
4.296938240604790593e+01
1.009799059777163777e+01
5.007259404539584580e+01
2.010476428925129611e+01
3.843944136857812310e+01
3.308524785322219941e+01
3.551514492121001609e+01
2.465069975922575196e+01
4.318757987505925655e+01
3.761986054890415687e+01
3.432142551836105326e+01
1.909562631206867422e+01
4.092551369232246827e+01
3.656990273213085629e+01
4.409316134563586331e+01
3.266596111259312352e+01
1.367031876820591307e+01
3.737384714761147819e+01
2.434856313231436786e+01
2.859203412735652705e+01
3.479434931169852518e+01
4.277800210900572608e+01
3.768591128207077645e+01
4.402975685186266475e+01
2.430947938202832859e+01
3.337411038224634297e+01
2.483544238936735837e+01
3.923606589951764789e+01
4.674342583631612769e+01
2.818498708387940965e+01
3.609219475691996593e+01
4.038771775252120477e+01
1.304402150995280607e+01
3.830765486066862735e+01
3.588851241787827462e+01
3.788712472360417394e+01
3.028070397545151948e+01
4.374055821550074086e+01
3.338079234262733763e+01
3.165317782051459261e+01
3.145423446577812499e+01
3.657603084557869266e+01
3.538511442460205103e+01
4.926609934423319714e+01
2.808324064479462834e+01
4.377179604571950478e+01
3.937730353365338232e+01
1.095150149448275023e+01
3.706219943403391426e+01
3.979710288839212495e+01
3.670776717555524726e+01
2.966788384430570957e+01
4.956179501845387847e+01
3.560792709530799982e+01
3.019112046369049196e+01
2.553188290239298297e+01
5.145104066956842814e+01
3.902028101859389153e+01
3.205583136964037294e+01
4.540055002084744729e+01
3.165282900662344545e+01
4.091670815006474271e+01
3.467070461702351736e+01
3.278123578151809170e+01
3.714040376006339272e+01
3.484548798349085530e+01
4.673209373012952028e+01
4.279434488240790557e+01
4.226656874775789419e+01
2.391930318690929980e+01
4.075348563288741843e+01
4.380205439412407031e+01
3.601099479985948904e+01
5.316203419725640344e+01
3.802752216438798882e+01
2.956991874587200186e+01
5.212650772593570281e+01
3.323784011295473562e+01
3.286280127912296933e+01
3.291887000830732291e+01
3.437956153871055420e+01
5.372477255256938378e+01
4.648463563604222060e+01
3.918765438896544850e+01
4.047811336653381886e+01
4.398605760619117433e+01
3.370733057706004843e+01
4.096517404427974895e+01
4.751156742483296114e+01
4.137849796988468398e+01
4.860011333802218303e+01
5.258532653729994166e+01
3.871242428067750296e+01
2.465020541681959187e+01
3.573822547287903006e+01
4.782552800915386371e+01
4.872210208598858827e+01
2.265289074141210790e+01
4.272805558096052891e+01
4.808318776693975138e+01
5.273344351811991970e+01
2.899572532800773672e+01
6.120110407565765342e+01
3.237953362575017024e+01
4.462802233913306793e+01
4.829569199795970036e+01
3.709262044366045075e+01
5.880091849745361543e+01
2.967254439509067865e+01
3.700889349406764239e+01
4.219355481860521451e+01
4.013257476988931671e+01
2.868573291345261467e+01
3.757644261718120049e+01
5.423698080250815678e+01
4.719700172596741794e+01
5.414548779299398973e+01
3.887557353958583661e+01
3.642555503846116949e+01
4.294053623481519111e+01
4.832695865757282405e+01
3.664579664158456751e+01
4.365737174974661627e+01
4.620283474426480552e+01
3.783582468032351898e+01
4.172887710001376149e+01
3.965943948860601154e+01
4.228608209321601663e+01
2.472303160824974810e+01
5.444123614124998056e+01
4.766365159445354038e+01
4.907194554619559312e+01
3.625592100870631640e+01
3.384789028597278815e+01
4.988835719143576597e+01
4.717797326992716478e+01
3.178098913250379809e+01
3.979770313355918887e+01
5.470686190964802620e+01
3.773060566776297264e+01
5.090224079831423865e+01
3.182341787380187981e+01
4.742181875992776696e+01
3.391271435426405390e+01
4.390827119537932077e+01
4.631911007860889384e+01
5.381041617137316990e+01
2.861558189205550562e+01
3.610183080335288253e+01
4.067958681729917458e+01
4.780177814987335694e+01
4.725944486490324437e+01
5.263868994656231592e+01
3.768006950715968628e+01
5.064702681355413461e+01
3.555883106502408708e+01
3.930872641096532050e+01
4.844060604786132984e+01
3.980347528498121790e+01
3.934815303585212121e+01
4.580006382283504962e+01
4.690046540634141081e+01
3.493171770829946610e+01
4.190684660355873348e+01
4.907166355540113045e+01
3.906798870137286883e+01
4.825593474927720195e+01
4.280601337822385943e+01
5.463273599806394287e+01
3.077431874854320526e+01
4.070637569480931717e+01
4.572979103065257789e+01
4.395851344087265034e+01
5.654561005245398064e+01
4.339402196338062367e+01
3.881234291317191776e+01
4.337535451942031273e+01
5.546856975207371931e+01
4.133635109847762834e+01
4.751158662282101375e+01
3.564685315427684031e+01
3.539872654912344530e+01
5.216919469194003511e+01
3.786506380839642105e+01
5.444024853969420263e+01
2.980463682954206206e+01
5.164709857721916819e+01
4.357198648529802654e+01
5.638545245635933867e+01
4.052159419384733496e+01
4.234990256909395612e+01
3.575739777016763554e+01
5.533826924596972674e+01
6.065541481388259371e+01
2.679946699128427312e+01
3.989842540632757562e+01
5.389182970302648101e+01
3.908423504946772198e+01
5.604587226267776856e+01
4.620662650398551108e+01
3.578276527878718838e+01
