7.635178315631341306e-02
1.763637879242097473e+00
9.425804683334620293e+00
3.624386120893080232e+01
3.844386491497157721e+01
1.705066404504986011e+01
4.616002405937724973e+01
3.971858002615862659e+01
1.400753394846322486e+01
3.996967012022921040e+01
3.918832219733089062e+01
2.467122034568285471e+01
3.113504893554410557e+01
3.421755507888360626e+01
2.894779347465475183e+01
2.318904071355435548e+01
3.263829663867770137e+01
5.308882355957992871e+01
2.252981173950237093e+01
2.359970919482330487e+01
3.679134323941635643e+01
3.512793102809177981e+01
2.916124664912730680e+01
1.221773583581164146e+01
6.677062175904234209e+01
5.736988556415874019e-01
5.254897589335729435e+01
3.501457972008753217e+01
1.624350348372018615e+01
3.948346477679509547e+01
3.366927539494025012e+01
3.508149798455659152e+01
3.922155585419319745e+00
2.861800056386675806e+01
8.246769640757719344e+01
-1.245744899097338276e+01
5.544459243456739017e+01
3.974771550247489671e+01
1.169309168256929610e+01
3.880400526564383767e+01
3.928872972000247188e+01
1.272870836148235796e+01
3.627407441472280425e+01
4.299807579208484754e+01
3.510107175754522757e+01
2.582534010178025596e+01
3.337625888679633590e+01
5.433384673576833279e+01
1.200226337108054686e+01
3.470813474135231047e+01
1.495174841589104986e+01
4.209663798440499960e+01
2.935573231371849801e+01
3.280161414098490980e+01
4.837037893900639318e+01
2.484056818819051671e+01
4.407383560114077881e+01
3.195983182947846757e+01
1.507481908964522432e+01
2.985033222427701105e+01
2.654411343218488994e+01
4.316638013809838270e+01
1.410355330946392627e+01
5.184129993508629752e+01
2.869042815002300273e+01
5.917582969820706040e+01
9.963098525493176538e+00
4.672442501960911443e+01
7.966401708846173157e+00
2.555289703636172050e+01
4.062547244025839177e+01
3.128879129639624779e+01
3.108532298578840170e+01
5.585651718423003587e+01
1.917258665035877740e+01
3.913454274273004074e+01
3.771454588347515369e+01
2.806068002116424864e+01
5.893864833044961671e-01
4.841618667285543154e+01
4.044587843014629414e+01
2.753848147123619583e+01
3.152791742723767143e+01
4.043851907814798352e+01
2.244624582450754957e+01
5.084467795129273071e+01
2.071889767114293335e+01
2.544966568443358668e+01
3.629099593347943653e+01
3.582185997557207457e+01
3.692774493151974013e+01
2.549072336799660476e+01
3.829448842435611056e+01
2.822332035918135773e+01
3.358158205440668809e+01
4.902560542269815613e+01
9.383379353365546294e+00
6.228950377494231816e+01
2.650744686657425220e+01
9.060053503811442255e+00
5.649393615525556811e+01
2.304670125474744324e+01
4.653276862121798985e+01
1.927199832709324667e+01
4.534932792646631583e+01
2.843808370747592917e+01
5.488820926348640228e+01
2.807573054770351106e+01
2.859389782587237505e+01
2.580764393017068770e+01
4.576361388076790604e+01
3.711314196613184180e+01
3.541598873438890394e+01
4.481608697775992312e+01
7.546298992288179797e+00
7.230357465924173255e+01
3.656462233712369425e+01
4.825333817561064365e+01
3.939425891476576069e+00
6.841882682515098679e+01
2.261335534134165215e+01
5.131379167752315595e+01
4.718352243163058546e+01
3.599010733314584343e+01
4.912865699762530625e+01
6.969869377301874636e+01
1.664393063843519371e+01
6.612493521492437765e+01
5.495981575996466972e+01
2.744102067129961497e+01
5.411342209743121145e+01
6.412778972559073054e+01
2.609315814383437626e+01
7.156555161531667864e+01
7.737339465757587220e+01
2.860004215967706642e+01
6.230601754186306351e+01
4.747822363202043050e+01
4.367946480204894044e+01
4.014489568239989126e+01
7.741907787205515490e+01
3.246671775125425796e+01
6.254841693511649225e+01
6.694242190309296348e+01
3.930346502120877972e+01
5.619990651343348276e+01
4.439802497305531404e+01
6.382688646130520027e+01
4.201750636890326263e+01
7.183024339344807174e+01
3.353465621254462548e+01
7.494084270118761992e+01
5.313183903505972694e+01
5.342468848960486127e+01
3.259895603066268421e+01
8.412479735877774090e+01
1.942356211322693937e+01
6.231533162230194733e+01
6.062079744430550221e+01
2.016057582428227946e+01
8.780057385275958381e+01
8.386497306250987549e+01
1.283109432427904295e+01
7.742902378069629776e+01
2.107143106820375422e+01
7.717539099338861774e+01
4.959719165362273685e+01
6.515399211739240570e+01
1.548946786600195757e+01
6.341085646260080466e+01
8.016285894755449704e+01
6.734524225667368569e+01
1.125919519421076664e+01
7.999565565042013304e+01
4.371501924979202158e+01
6.994891150018401049e+01
4.216645965296967091e+01
4.530955221401439559e+01
3.103066357841639444e+01
7.897063087361001976e+01
5.107925823184685044e+01
6.615736751991033771e+01
3.719915157803140460e+01
8.416296249734574531e+01
4.156185038014500321e+01
5.733981906597531264e+01
1.772482848738982142e+01
6.441305838758974289e+01
5.829985506334145384e+01
5.012794466880554012e+01
5.593182532091473291e+01
5.964481856675554639e+01
9.962355044974054863e+01
1.276969943976158639e+01
8.375428144621534443e+01
3.649957500008155620e+01
4.731620714761803725e+01
5.312285557956862192e+01
6.173332555941194499e+01
4.934970656727575289e+00
1.227354379330391083e+02
3.706784921339383487e+01
8.520969683327714961e+01
4.592608560384253735e+01
4.239029076295502563e+01
4.309964508351308865e+01
8.471308383118871177e+01
4.256808951738043589e+01
1.369066415486571131e+01
8.706077325623505203e+01
9.003674960040520148e+01
3.999665619851965204e+01
8.466125150763970453e+01
4.195170461491530034e+01
2.369807134868514709e+01
9.037225811157819066e+01
4.176622533549598160e+01
4.374334721783066726e+01
6.152607684878996963e+01
5.575913076584475192e+01
9.382578729016292129e+01
6.339021079936026126e+01
3.385791945675838122e+01
8.298125076793509436e+01
4.417922934021083137e+01
7.249802016872510535e+01
2.573317302718110966e+01
8.432170780289322920e+01
5.012765231535856714e+01
7.061727617094956599e+01
7.960104966466931842e+01
6.931799526718650384e+01
3.390052813286444433e+01
6.510878154563857834e+01
8.475720948437482605e+01
3.506883664282523227e+01
6.587555029013186925e+01
6.202858435569675777e+01
7.223639405531420721e+01
7.107165264761097490e+01
8.832645554068528781e+01
1.796336268232067823e+01
7.722218454188161729e+01
8.933742135046213662e+01
1.972141735522932748e+01
1.069539955981179560e+02
4.600553773406932123e+01
5.397715816867557947e+01
8.778878646223142823e+01
6.035062682706889348e+01
5.670114902110285726e+01
8.735501076271414433e+01
6.630792033531012919e+01
6.067870907540026337e+01
6.204458744338850806e+01
9.029391199621399267e+01
4.221484289176341775e+01
8.788997156619058160e+01
3.334008733725254103e+01
5.616666923523305854e+01
8.826707935683606365e+01
8.984392479212752392e+01
4.941065580128798018e+01
9.428416072313903840e+01
4.585041791812664513e+01
7.738530245226898785e+01
7.626272973258575405e+01
1.559302287709999746e+01
7.670624813574956136e+01
9.399732920447875983e+01
8.697225723542301523e+01
5.390022603855750560e+01
6.160274960906481567e+01
9.556951651986526031e+01
4.098631287710907145e+01
8.147271413342411961e+01
3.124782237958458708e+01
1.002366967903358699e+02
2.932013254090557197e+01
1.053533723071610950e+02
7.758968364884715641e+01
5.698867253376786124e+01
7.468294054367744650e+01
3.833472318168013970e+01
1.125515977184873293e+02
3.412952731627308367e+01
7.195057239022139584e+01
4.858214077612167614e+01
1.185611701148713593e+02
4.343513794707449449e+01
7.556071831430038799e+01
6.915605013897133801e+01
4.979730365363759859e+01
8.128626931318143534e+01
3.878353144143873266e+01
1.019323071610786968e+02
3.282208297115658979e+01
9.422146820646186427e+01
5.000973294163724603e+01
1.078001426618957481e+02
5.080620985159085023e+01
7.053860026539530281e+01
6.305851560318594551e+01
6.076365204634812045e+01
8.729196292269064372e+01
3.648854274399310782e+01
7.180572858054470942e+01
8.812879635662409328e+01
5.322040232910183022e+01
8.901343286926679355e+01
5.195859204747153370e+01
6.441327097398004753e+01
9.405751771606389866e+01
6.404845572662628683e+01
6.236312764015329435e+01
6.259005942756898122e+01
5.815495384058750972e+01
7.567876395015410651e+01
9.365424109548240494e+01
5.850956986247911829e+01
4.400832775080273507e+01
1.080393295453171731e+02
4.606857535959527894e+01
8.029932933339782153e+01
5.475254860733994633e+01
1.005456219268039035e+02
1.811836993069908175e+01
1.267489573839164336e+02
1.747677187132120835e+01
1.146209243486977840e+02
3.571594607312144376e+01
8.274275091798998005e+01
7.193170008680360183e+01
6.010247558935626699e+01
1.068191335965151723e+02
4.749815369514786312e+01
7.326878537037177352e+01
6.503583607450221393e+01
8.508416610131648383e+01
7.724738851292471509e+01
6.995065090953642084e+01
5.204071547245381879e+01
6.303949379164976818e+01
8.903790045376341311e+01
6.286307379032743370e+01
9.149126538650949669e+01
5.454472473271564326e+01
7.244475406458238353e+01
9.030071116999737058e+01
8.098750873496541658e+01
3.454263241091963721e+01
7.977167539309087374e+01
5.908205523165069195e+01
6.956780930048540768e+01
1.194830709484695035e+02
3.573862133412575304e+01
6.034789915323053577e+01
1.271356422562994055e+02
4.296285993327961705e+01
1.054240356500826579e+02
2.244391814642876426e+01
9.695681504566256592e+01
1.995122854311371441e+01
2.300908364978995202e+00
