5.856025498068200275e-01
4.898015954796428595e+00
2.230695999793436712e+01
-8.274430927079638565e+00
-3.869471804275860904e+00
1.927807671976218273e+01
-9.993999008756654590e+00
1.186314563221836593e+01
-1.343120798598378851e+00
1.718070784361142955e+01
-5.076544287085038576e-01
-3.533861713647215019e+00
1.732386774464050916e+01
-7.413645667483413249e+00
2.939458090581863470e+00
1.060913340812367878e+01
-5.527490462151707362e-02
6.504785965890906851e+00
3.911414640588598779e+00
6.176506721386759935e+00
7.239562662299187323e+00
1.190962589820032003e+00
5.910890142520578650e+00
5.850802824370676447e+00
-7.656323857788481568e+00
2.028605969710599055e+01
-5.071329234489175164e+00
8.336949052632853352e+00
8.412358379706233791e+00
-1.337132388754611600e+00
1.090979632876959471e+01
2.160234495187886239e+00
4.782200499346313194e+00
4.203487332813161892e+00
-6.390958513848480571e+00
1.359395204122739464e+01
4.147020143899680100e+00
1.188611502842793932e+01
-1.019413401674170139e+01
1.883354543454721153e+01
-1.714970216008849491e+01
2.750596037632839952e+01
-4.874208842721864166e+00
3.850878226006678062e+00
5.164516628100308537e+00
7.691180927696047220e+00
3.344240597945103755e+00
9.993551888236912317e-01
1.219945420318170903e+01
4.587038609444210380e+00
-3.872428649364688114e-01
2.549923405477484639e+00
8.999930091052165793e+00
4.755837392475996239e+00
-3.940915681336740750e+00
6.487200003497868295e+00
1.403748221612476677e+01
2.735309878073460155e+00
2.573798058976461522e+00
-2.058751561033699051e+00
8.699232554253661931e+00
5.818488576761418507e+00
1.568927394811202447e+01
-1.278370467552355549e+01
1.374324269632453444e+01
-1.047637341737031313e+01
2.466391052618277868e+01
2.803272094073759657e+00
-1.400170588998543586e+01
1.834566253661492752e+01
3.184850227903078146e+00
1.452509305247855131e+01
9.886205152197610202e-01
-1.486862312722657675e+00
1.995261543073499455e+00
1.400099946965422326e+01
-1.983289883752732852e+00
3.072829756923459943e+00
6.293879679528537885e+00
4.116534793238548318e+00
1.516197224863054061e+01
-5.632483384540997839e+00
7.481076998896108776e+00
5.930574924619349986e+00
1.055775532893188462e+01
-9.349301983981808561e+00
8.010314657640581260e+00
9.809256647578889599e+00
-1.147600678641169658e-01
1.474620304540468751e+01
-5.065634698769364341e+00
1.254421793800293061e+00
1.786496781361842423e+01
-1.012286467895025410e+00
1.379667016723157502e+00
1.231280708654843714e+01
-5.508221367056743034e+00
1.025894535484521874e+01
1.866512302242482990e+00
8.680328484883377271e+00
-2.831361615457783198e+00
1.389087509672583032e+01
1.077245484884146398e+00
6.014816778589807456e+00
9.134827200880545339e-01
6.553925768380099548e+00
5.726195402992611427e+00
4.582533925173710720e+00
2.981127132960668558e+00
5.289502721142837594e+00
2.420500775682209671e+00
9.892804192597818513e+00
-4.485611470117633282e+00
2.606964915248075609e+00
2.157393175020825726e+00
5.927820559930068178e+00
7.947312200980625185e+00
-1.229441056289646061e+00
2.987727701588201334e+00
3.090144986338042798e+00
1.130064141993106830e+01
-1.292138378181180824e+00
3.600703556927379978e+00
-5.905973658771154433e+00
4.017724687552884255e+00
9.971291962320762536e+00
2.233916681988239006e+00
-6.148540624835146851e+00
1.579481164201898480e+01
3.916458062433977538e+00
6.631358988969808799e+00
1.422678269751379343e+00
-6.262238112428994086e+00
4.017861801763999097e+00
6.293016665710073454e+00
6.448747856774105003e+00
-9.587450169868108052e-01
6.599486440902622153e-01
1.264632468849794478e+01
1.949671150556187005e+00
5.023813614580891596e+00
2.160050629226252461e+00
-4.453029537837927876e+00
1.226319065702644906e+01
1.472867971989513247e+00
7.139406994568364695e-01
-6.566502417391223645e+00
1.157153535950479295e+01
1.755403725243249369e+01
-8.552880187900134601e+00
1.864653636290859851e+01
-4.455585972012284124e+00
-4.760820270583312919e+00
2.431712281907557838e+01
-2.472927678234105642e+00
-1.362459995950006686e+01
2.384615435874782463e+01
7.717762702824226828e+00
4.167218554984511769e+00
5.983190584101762965e+00
1.947692927853464440e+01
-1.872617152501761861e+00
1.252876761279609852e+01
1.833902341551535997e+01
-4.259727846447265431e-01
3.905042227417112599e+00
2.691694081229670843e+01
1.690216050768425404e+01
7.190000120285955809e+00
2.607013321167587350e+01
8.386199629359024854e+00
3.105339341233277040e+01
2.336675472830994948e+01
7.815363996365848998e+00
4.195347296421451233e+01
1.384782011749306596e+00
5.005676659139673745e+01
1.609326878337724764e+01
4.568953776675653700e+01
-2.053365059056211805e+00
7.258786909921029462e+01
2.851586082589852822e+01
-6.167375348619927866e-01
7.724563902385935421e+01
1.152902702665021195e+01
2.187615941430484767e+01
4.508519342895040438e+01
5.791439178445637737e+01
-3.193708954621351737e+01
1.009565157279141090e+02
2.437043012374219941e+01
1.320232547358911113e+01
3.033950105320950286e+01
6.600409059451791904e+01
1.883566702019956551e+01
1.635099551128503492e+01
4.672004163188100279e+01
1.992618293735975854e+01
3.370053233689400685e+01
5.461163088694198109e+01
-2.319695358812260366e+01
4.032700308714480997e+01
4.241331449540508203e+01
1.386156073555266133e+01
1.355004151598835449e+01
2.304817404357889998e+01
1.173136722943150190e+01
5.137026791552840876e+01
8.082042419902473185e-01
-1.371654090268335580e+01
4.117316113824433899e+01
6.097838979473169552e+00
1.579453071952675636e+01
4.953274661817503954e+01
-2.210457706444172032e+01
1.375143871574016075e+00
3.080812878678059619e+01
4.566110617885558298e+01
-4.408246865078827170e+01
4.454444478219303960e+01
1.517268313736478902e+01
-1.651761090844469848e+01
7.054699348381679158e+01
2.838974396593040073e+00
-2.539528527655942725e+01
4.774367012323262571e+01
2.928844885700005207e+01
-9.574188833128488563e-01
-7.760143740337730911e+00
7.098604609169277069e+01
-2.097853291996396141e+00
2.715920432290645792e+01
3.319154890745276987e+01
2.425783116961177655e+01
9.278052164303449700e+00
4.188132392342715349e+01
2.397075447948934368e+01
1.285050611905402995e+01
4.630410232528135595e+01
1.499922819751604131e+01
6.861554190996957914e+01
1.462876451016427559e+01
9.178981309644068887e+00
6.796835350572595758e+01
1.874451797908835715e+01
4.186874333028223560e+01
-4.589653698015996319e+00
1.019261956438357117e+02
-3.594003691414253865e+01
8.671797355075345592e+01
-4.611600134688337072e+00
4.410348743238640878e+01
4.888558507207675063e+01
6.637438839702505256e+00
3.926352046719928524e+01
1.280677660676348317e+01
6.067290795068415576e+01
3.559940396304465793e+01
1.513604747071137702e+01
2.424267851683091024e+01
1.350656558173316135e+01
6.225747811167693868e+01
2.916550391050509816e+01
2.249538806888821441e+01
-1.784508493057370515e+01
6.750753352333512680e+01
3.511053641489047550e+01
1.170611128667687417e+01
3.619438337019575869e+01
1.700119838236600600e+01
3.927667739636125077e+01
6.687327149935416060e+01
2.619007199217373127e+01
-2.320722138671841250e+01
3.741243698690725950e+01
6.760686762539677375e+01
8.890252597067672014e+00
1.015141909044361626e+02
-7.470781655770458940e+00
7.160339239227178609e+01
2.426202881201104589e+01
6.883081954564462990e+01
1.147192328651317972e+01
4.091548248238765240e+01
6.811239901311122935e+01
1.105968237109223473e+01
1.349096032582578459e+02
-1.092826530373070781e+01
8.992882177680708367e+01
4.284256901307937682e+01
6.712726233486213800e+01
4.138088318017693723e+01
4.920855788433239297e+01
1.016387266783225414e+02
1.811855445060957592e+01
4.500866939428517099e+01
7.869458052250128333e+01
1.007170504651704732e+02
1.994125546405895832e+01
1.001856982892013974e+02
4.222493380012680930e+00
1.104244021058848517e+02
4.533689864148249882e+01
4.314821297008911216e+01
6.699693625002760200e+01
8.599560531329245805e+01
4.230665667738141877e+01
8.932487274261463028e+01
3.952845972888832904e+01
3.463607664254814011e+01
7.320047460255581484e+01
7.916931730613731588e+01
4.088017647234882190e+01
6.082735276047453254e+01
6.102467664392325020e+01
4.018965961503246120e+01
7.654227265950571280e+01
4.069286515096117540e+01
3.548890170398804855e+01
4.554550702062039846e+01
9.319466764243613000e+01
4.771734879003469132e+01
4.327655544135009080e+00
1.108510561114005952e+02
-4.254378012382475305e+01
1.122487808575816643e+02
4.592109218806194093e+01
2.057307071924552844e+01
3.508963587042027399e+01
8.381629030739598818e+01
2.815616844914521266e+01
4.132597400263959031e+01
3.856349734089093317e+01
3.834252620845705195e+01
2.589266972496127295e+01
5.486008222285736480e+01
4.120880575010039593e+01
2.611328440138878904e+01
7.121414926245941501e+01
1.170545330531449579e+01
4.280822894418793823e+01
6.541803511366093460e+01
1.759873125141069039e+01
5.311246928373634546e+01
5.028668256719973861e+00
4.333549315903650268e+01
4.717133178794446735e+01
4.876865163523417834e+01
3.516672830870017208e+01
4.783072947364661331e+01
3.031966717701075709e+01
4.023444532528552031e+01
5.106222086986266362e+01
3.233251334677159150e+01
4.982919823062513132e+00
4.392080026156138217e+01
6.661390895015152580e+01
3.172107837062584323e+01
4.701235577809168831e+01
6.522742194440402841e+01
4.241933501846719423e+01
1.418701702321701141e+01
2.570794523880633342e+00
2.650771136002516570e-01
