-1.939587382410763183e+01
1.220403640859465355e+01
2.017318329989793213e+01
1.857871650987128831e+01
1.894606920569487229e+01
2.156907663347093163e+01
3.673790084617151308e+01
6.104031579691630682e+00
3.794804234158451806e+01
1.622398532473782495e+01
2.343603359254473872e+01
4.086275594250817988e+01
2.793591499468631056e+00
3.172080103254040040e+01
2.253881229172662870e+01
-9.483300636960219521e+00
9.903193705089446297e+00
2.275064736116962294e+01
1.103376227949155286e+01
1.267454000385200175e+01
3.737113547168213046e+01
3.445425847705647016e+01
-2.851603215445932094e+00
3.890570139149708240e+01
2.248491946886624149e+01
1.710509363663413396e+01
3.533339099397580441e+01
2.390701060283644352e+01
1.809207469452226746e+01
2.670402448757926095e+01
-1.186222660137161000e+01
6.303654491475814581e+00
2.700354258592515677e+01
1.284570957932442958e+01
1.052977761103123377e+01
2.647814854444069610e+01
3.359036591305753916e+01
1.742319048845567409e+01
2.333550735453439984e+01
3.009497258421886556e+01
1.965665123336691522e+01
2.927030069606438900e+01
2.692204841206403998e+01
1.904126268816057177e+01
2.310738058228766079e+01
3.650068278601639626e+00
-6.880303666911173899e-01
2.212815602065070664e+01
1.941797383356105300e+01
3.108568282793580106e+00
3.739579264149097781e+01
3.075292744276113410e+01
1.630086045071290357e+01
1.406606620926018714e+01
3.843086762010635482e+01
1.711717140382666358e+01
2.226505398258851187e+01
3.871503445853654313e+01
2.108321143153850841e+01
1.617209810367225487e+01
2.924374437585831377e+00
-1.261663627290505740e+00
2.421980711913983697e+01
1.685495879227703142e+01
7.206563970631552074e+00
3.083230327273768623e+01
2.845180262519617997e+01
2.164087001134749499e+01
2.173937720046804145e+01
2.555855589098117875e+01
2.642534598338154339e+01
1.880570882452248682e+01
3.965032158709380639e+01
1.844135518714709576e+01
2.162936072945014487e+01
3.520939750757221542e+00
3.395436662716823317e+00
1.347386773120745929e+01
1.566125076340016165e+01
1.071881375423954275e+01
3.389815372303917229e+01
2.259977900127929828e+01
3.019061728943505685e+01
2.200978136273614538e+01
2.903421255475410234e+01
1.083093963935770176e+01
1.997760387902427581e+01
4.268017905467674211e+01
1.584819130350593674e+01
1.691675365856315238e+01
1.569132616068816510e+01
1.229695566275434437e+01
6.287014051373381207e+00
1.964063657595644941e+01
8.340415349314532989e+00
3.100565077871891617e+01
2.311228335487562191e+01
3.048661111102393306e+01
2.284262413209756204e+01
3.110549214857435274e+01
2.489333588795671304e+01
1.506432840853906185e+01
3.374473590122760669e+01
2.384578125522746817e+01
1.217638838315192018e+01
2.488062501822814099e+01
9.055886946287289518e+00
3.458616435151681934e+00
2.289501705772802609e+01
1.756724232798941543e+01
2.546846586714113769e+01
2.720704259806704428e+01
3.375586444575903755e+01
2.121268275305973461e+01
3.551298823066078825e+01
2.507984905942867471e+01
2.074880479523308452e+01
2.637203486801684349e+01
3.088619749896752253e+01
1.585283258667671369e+01
3.802990054356328642e+01
4.682746949317354357e+00
1.599216064652935643e+01
1.922329680897722426e+01
2.379669697053389399e+01
3.190112321116819771e+01
3.880370673806102388e+01
4.251746026386123134e+01
2.600241641080826938e+01
3.249183371059956471e+01
4.726387689707678419e+01
3.481441044786498651e+01
2.997826179153156545e+01
3.583182972722710247e+01
1.989097199631830648e+01
4.427871945777331320e+01
1.978382906482891102e+01
2.389658878311322354e+01
2.352033482560602096e+01
3.322843604908203474e+01
2.641846838159280253e+01
3.782344699758311179e+01
5.318424110719726627e+01
2.330010113010167672e+01
3.777337469028781669e+01
5.112297281176124386e+01
2.084606334794022331e+01
3.396821447158612273e+01
3.415546446342889908e+01
1.743393384279034564e+01
5.476762247471513234e+01
2.895962702896933294e+01
2.448745023034376445e+01
1.387603879487036096e+01
5.366501750040423246e+01
1.383514124547388846e+01
3.438854199281682611e+01
5.636457240781432176e+01
3.349791233951978597e+01
2.638685073969223893e+01
4.753691656601766624e+01
2.183119807865181983e+01
1.963606838079709149e+01
5.084005922316821113e+01
2.742119598120273949e+01
3.384040006380346455e+01
4.730354787365857305e+01
6.487762442438588906e+00
3.027467872559376971e+01
5.871241985015243614e+01
1.766507672898472237e+01
1.732196396719831810e+01
6.046413064594992193e+01
3.229001566444817684e+01
3.106101840121988289e+01
2.878585744603053698e+01
4.056056674270337936e+01
2.836648453878246201e+01
4.607814630732310945e+01
1.808699211083550296e+01
3.904605019600530369e+01
3.820101731910516918e+01
1.002849758326401641e+01
2.009448339679714834e+01
6.438039318310508463e+01
2.322105507327076523e+01
2.804697553424448131e+01
5.898767063677622957e+01
2.397072124602664189e+01
2.512566201594431448e+01
3.264859520004470284e+01
4.222881118509209841e+01
3.553608810055956724e+01
2.807082087047848518e+01
2.525910283470807371e+01
6.414031861578963856e+01
1.862905615037017526e+01
2.304863309518496450e+01
2.920756664549843507e+01
6.748261000583120506e+01
1.201432045391889680e+01
3.168674534322851954e+01
4.484073126339363569e+01
3.673274912732262720e+01
1.851294613771297648e+01
4.200105184272929648e+01
4.133476857396485826e+01
3.651532573467655141e+01
2.442629199295340570e+01
3.925809592061365549e+01
5.828675100640757023e+01
2.235637641669821818e+01
2.069473073260797236e+01
3.718021077061294477e+01
6.223659595318969195e+01
1.545428310721493581e+01
3.526398872839246934e+01
4.283124542061054996e+01
4.006564359155490251e+01
8.958576110969289630e+00
5.421497272451378535e+01
4.688149059021526455e+01
1.937068700276458344e+01
3.735800252042992753e+01
3.509704883314985580e+01
5.255721931906636968e+01
5.234401311319463446e+01
1.562003784375119331e+01
4.027351252058880249e+01
5.296343325537268498e+01
3.844831565537967322e+01
2.690063693703247338e+01
4.497102731297560751e+01
3.695436347618420569e+01
2.230274696985804539e+01
4.385687907385963058e+01
4.427597599479573631e+01
4.196725120091349481e+01
2.578235164272015112e+01
4.108175442332619554e+01
5.553191934732377888e+01
5.654647248218250866e+01
1.608313486820816962e+01
4.234437460789264662e+01
4.318724343096514673e+01
5.190164938227294300e+01
3.021753616109892349e+01
3.747711803435363009e+01
5.427806417556054441e+01
2.589087473527896321e+01
3.118727765180880951e+01
4.792863585301923735e+01
3.877149807845324858e+01
2.631608167975370449e+01
6.651137872900196157e+01
4.859887106199451523e+01
6.571334442822688970e+01
1.044618222888742665e+01
5.054680385524402197e+01
4.723446898932524363e+01
5.241737104048313256e+01
7.734175516999349576e+00
3.697297801477890289e+01
5.990907604467694370e+01
3.737411750304683977e+01
2.416011733109894166e+01
6.525252886993065715e+01
2.645430008927290544e+01
2.917341546757681670e+01
6.937951027275491356e+01
2.825298503062641942e+01
8.639129594692030878e+01
2.107284617677053618e+01
5.493345729180149561e+01
3.383298621010119689e+01
4.719651564245081232e+01
1.706844149850110171e+01
2.828952195686631654e+01
6.151207394311592225e+01
3.670970554859292179e+01
4.732246837585696397e+01
3.876241989445764347e+01
3.309399680932138210e+01
3.006305137638069880e+01
6.847551499742141345e+01
2.659478536310201946e+01
6.812633690254259022e+01
4.652600500719905341e+01
5.575736102617950252e+01
2.841109157671934682e+01
4.733824587268111372e+01
3.573639539763944128e+01
1.246599786962162248e+01
5.524342433381634265e+01
4.356110925812620138e+01
4.061438886079592692e+01
3.127372662220028232e+01
3.247944010376439650e+01
4.238513789524409958e+01
6.238609171431934186e+01
2.432890030235579815e+01
5.766623061456905930e+01
6.676535299591465389e+01
5.247371457172403098e+01
3.579641253728910755e+01
3.754010450947637167e+01
4.705206982707892394e+01
1.925071640971072284e+01
3.735069016272236553e+01
4.919808043881413084e+01
4.406893473737829936e+01
1.870142705483644008e+01
3.591289247392439421e+01
4.042835779400137852e+01
5.519691091398762950e+01
4.536244449805836609e+01
6.156291076308311006e+01
6.294502835790287065e+01
5.984168626758968657e+01
2.131479845760670244e+01
4.139832278721167569e+01
5.432728080594052500e+01
2.330163974496907642e+01
2.577227001285314500e+01
5.519660607590354573e+01
3.621226598615167092e+01
2.065900284819398536e+01
4.221266131176815861e+01
5.646725246644876250e+01
3.769421577784200394e+01
5.320342135896382274e+01
4.227476382854944603e+01
9.261139290227984588e+01
3.352610399268698416e+01
2.878924959741926060e+01
4.390816514629744205e+01
5.497145285122577008e+01
3.878684047968002346e+01
2.433714688255722436e+01
5.323881374138216671e+01
3.206380126857152391e+01
3.795749112849681950e+01
4.171535868157488380e+01
6.125990999671655857e+01
2.676626846977983476e+01
4.645926944141199755e+01
4.376864281932817136e+01
8.590108470584567613e+01
5.159894963073925567e+01
2.023894055674956860e+01
4.706428943751827632e+01
5.749145605261077918e+01
3.798484087857733726e+01
1.846472332161018315e+01
5.951286470778713777e+01
2.413637739792194026e+01
3.610470985329596516e+01
6.097768945450319222e+01
4.414612609265580545e+01
2.670453696695666679e+01
6.853566394373390835e+01
2.622149302363381906e+01
1.096394514033588763e+02
4.014057548410367815e+01
2.737838997872374236e+01
