2.346305087168014225e+00
4.779282296893417659e+00
7.225202244794294515e+00
9.617632752495081760e+00
1.190071287403327993e+01
1.403143910161767316e+01
1.598087278762465147e+01
1.773426707664090785e+01
1.929019533400490261e+01
2.065883454678167652e+01
2.185961122657299072e+01
2.291845052370693381e+01
2.386488013780191153e+01
2.472922977473380257e+01
2.554013681003637970e+01
2.397621837783880139e+01
2.235170601477211960e+01
2.078700564441340148e+01
1.938425512217324354e+01
1.822210826933683592e+01
1.735269924092718341e+01
1.680085922871405657e+01
1.656547061465072090e+01
1.662267756562079768e+01
1.693053988073292615e+01
1.743462821305366717e+01
1.807401879734383954e+01
1.878715512305235436e+01
1.951709875010295647e+01
2.021578394771605858e+01
2.084701034169045997e+01
2.135320869631429730e+01
2.169315818646282779e+01
2.184440902600760381e+01
2.180392308387653344e+01
2.158697519318247515e+01
2.122450857946149227e+01
2.075926531451541024e+01
2.024110616396571061e+01
1.972198631263100310e+01
1.925106094920493405e+01
1.887035855374565685e+01
1.861138498899701688e+01
1.849291663575721856e+01
1.852011686511225719e+01
1.868497955147746836e+01
1.896797871984902173e+01
1.933997544175487704e+01
1.976491700307965260e+01
2.020308602288017497e+01
2.061461209304253828e+01
2.096293839567140438e+01
2.121794250461978848e+01
2.135844367933618670e+01
2.137388553074800512e+01
2.126505795210001537e+01
2.104380892235781531e+01
2.073178735771974956e+01
2.035834437139309827e+01
1.995779424621461473e+01
1.956629139398600614e+01
1.921861059991993059e+01
1.894512220588483586e+01
1.876921353387482583e+01
1.870536520990600238e+01
1.875803215877806807e+01
1.892140893379218625e+01
1.918008357724731283e+01
1.951050959187470824e+01
1.988315792500129930e+01
2.026515560058718535e+01
2.062317920882837541e+01
2.092635290823655225e+01
2.114890329405243108e+01
2.127234705973097206e+01
2.128702970798516603e+01
2.119289096859574784e+01
2.099940009786108064e+01
2.072467605792015988e+01
2.039387704367318577e+01
2.003700507454766822e+01
1.968631933178790305e+01
1.937358274320929397e+01
1.912737765120701638e+01
1.897071758106008232e+01
1.891915419672382015e+01
1.897953412334048551e+01
1.914950340916304938e+01
1.941779296828867984e+01
1.976525192841821976e+01
2.016653303879248682e+01
2.059228042974513784e+01
2.101162950215952563e+01
2.139480483211085726e+01
2.171559653438350779e+01
2.195350877668825262e+01
2.209540471637629722e+01
2.213651722250780551e+01
2.208075032187073461e+01
2.194025749346338472e+01
2.173434443584249820e+01
2.148780048548231747e+01
2.122880969770097082e+01
2.098662582992066916e+01
2.078921241754989069e+01
2.066104856141841850e+01
2.062128322810488257e+01
2.068238755669115747e+01
2.084940893812751739e+01
2.111987659508638870e+01
2.148435082432915522e+01
2.192755201022024281e+01
2.242995583660260195e+01
2.296970207541397002e+01
2.352463921206285136e+01
2.407431803652282909e+01
2.460175483171627064e+01
2.509480811652883503e+01
2.554704986215131868e+01
2.595805933135678956e+01
2.633312094594996111e+01
2.668236211866404872e+01
2.701941795488784237e+01
2.735975263371236821e+01
2.771879833986135822e+01
2.811008911447295233e+01
2.854356748816698897e+01
2.902422622990607337e+01
2.955121737584472896e+01
3.011751856721816267e+01
3.071019635185272989e+01
3.131125194363052699e+01
3.189898177991785033e+01
3.244973778019448929e+01
3.293993471008310081e+01
3.334812785344821862e+01
3.365697549600795924e+01
3.385490838199414299e+01
3.393735174814882782e+01
3.390738281204473026e+01
3.377575452321352856e+01
3.356027085959765088e+01
3.328455526093770089e+01
3.297630704228602383e+01
3.266518617056914309e+01
3.238050060311457656e+01
3.214888945997396519e+01
3.199219787064868825e+01
3.192572505585805942e+01
3.195699718482093132e+01
3.208517326147382676e+01
3.230113937091015686e+01
3.258828854348440274e+01
3.292392522194030136e+01
3.328117984647470706e+01
3.363127502056337192e+01
3.394595392152407243e+01
3.419986679377709038e+01
3.437271387456976157e+01
3.445096283766670808e+01
3.442899420932424448e+01
3.430957627351007488e+01
3.410362769688248363e+01
3.382928666245410199e+01
3.351036454256928465e+01
3.317431498989891736e+01
3.284989122253643501e+01
3.256469158173705836e+01
3.234280373397223940e+01
3.220275020163172286e+01
3.215591280219071990e+01
3.220557311209498152e+01
3.234665363434503149e+01
3.256618436826184393e+01
3.284445705877362798e+01
3.315676988281047244e+01
3.347561383784143629e+01
3.377311310190889060e+01
3.402350856272386892e+01
3.420546865003591819e+01
3.430402510566483443e+01
3.431196235737273526e+01
3.423053518488005409e+01
3.406944653520608313e+01
3.384608083385913346e+01
3.358405254493620617e+01
3.331118953438561903e+01
3.305712081586234774e+01
3.285067413341501918e+01
3.271730736139458173e+01
3.267679713944598063e+01
3.274138838749802005e+01
3.291457088206187365e+01
3.319059696572944063e+01
3.355479202913456049e+01
3.398464189116678824e+01
3.445157433182799167e+01
3.492329152267009107e+01
3.536646118184704335e+01
3.574954124422738033e+01
3.604549865841330103e+01
3.623418900065170334e+01
3.630418961843010806e+01
3.625392297242805029e+01
3.609196517901186496e+01
3.583650265546896208e+01
3.551397156694197577e+01
3.515698441262299667e+01
3.480170963930396510e+01
3.448491833197864054e+01
3.424094258718425721e+01
3.409880035993577962e+01
3.407973032327620189e+01
3.419534832941435099e+01
3.444658691091727576e+01
3.482351497099070770e+01
3.530606167955295405e+01
3.586559271044776409e+01
3.646721470847852231e+01
3.707262139944452173e+01
3.764324742025488746e+01
3.814346788871683458e+01
3.854357550290337286e+01
3.882228328722622024e+01
3.896853881723097146e+01
3.898249187143053263e+01
3.887552740841505994e+01
3.866935377295504850e+01
3.839421558430794335e+01
3.808637515153998976e+01
3.778506916633180168e+01
3.752919342705025230e+01
3.735399341002322160e+01
3.728804031759469950e+01
3.735075043288372143e+01
3.755066182508810613e+01
3.788462017659747971e+01
3.833794983930680189e+01
3.888560344764615451e+01
3.949420045660313860e+01
4.012478885273401374e+01
4.073610151265098267e+01
4.128803469907679613e+01
4.174505489562962168e+01
4.207924361283742343e+01
4.227271790251771222e+01
4.231921495962558311e+01
4.222469830395481694e+01
4.200692494620792417e+01
4.169400083766448262e+01
4.132203838409800767e+01
4.093210751651073309e+01
4.056673405982618164e+01
4.026624046815773283e+01
4.006524065573508864e+01
3.998959094853963592e+01
4.005406363148611604e+01
4.026095088589562465e+01
4.059972981255049973e+01
4.104783004694559168e+01
4.157245162926923854e+01
4.213329021427519194e+01
4.268594714180899530e+01
4.318574025019868401e+01
4.359159308608847994e+01
4.386966891849256456e+01
4.399643303619069457e+01
4.396087114840857879e+01
4.376565994429980577e+01
4.342717254702832719e+01
4.297429962798378256e+01
4.244616816055781783e+01
4.188893562979663443e+01
4.135191973503189189e+01
4.088338501236927414e+01
4.052634279879637802e+01
4.031472614426109402e+01
4.027027570950655644e+01
4.040041801567257096e+01
4.069733778246278177e+01
4.113834783685671681e+01
4.168755119153587430e+01
4.229867940149915029e+01
4.291888851561031260e+01
4.349320767115194286e+01
4.396927323400199583e+01
4.430194908853819413e+01
4.445743456756970602e+01
4.441649621226802225e+01
4.417652587803718944e+01
4.375222077334073845e+01
4.317479360524629328e+01
4.248974407664810116e+01
4.175334641029824212e+01
4.102812095917803958e+01
4.037765070676393009e+01
3.986116738989477426e+01
3.952836125968958214e+01
3.941486014117140968e+01
3.953877756999161619e+01
3.989864959130122202e+01
4.047297137591407790e+01
4.122141659630237598e+01
4.208768467400381041e+01
4.300378463142184415e+01
4.389544045659800275e+01
4.468820187415136758e+01
4.531377480334236196e+01
4.571605382041807530e+01
4.585631753933048316e+01
4.571710575756104333e+01
4.530439956837373217e+01
4.464786414658132685e+01
4.379907690103451046e+01
4.282783711069647836e+01
4.181682185892699977e+01
4.085500212717951030e+01
4.003034895781164693e+01
3.942243207610897571e+01
3.909553542851835317e+01
3.909288323877103721e+01
3.943248845775368494e+01
4.010500931766091526e+01
4.107252048770334341e+01
4.226981765207447950e+01
4.360831121209256622e+01
4.498232914041778230e+01
4.627741629522323308e+01
4.738000951294452534e+01
4.818770500293101833e+01
4.861923414179249647e+01
4.862323786620646615e+01
4.818498431043217067e+01
4.733030784535454671e+01
4.612625173444993010e+01
4.467815602091879867e+01
4.312322627160826016e+01
4.155324850735853204e+01
4.008020756908261006e+01
3.882888464017238306e+01
3.792737899124377066e+01
3.749616469459076740e+01
3.763647937008557420e+01
3.841897267063952626e+01
3.987360147523069998e+01
4.198173638792086848e+01
4.467133661985280213e+01
4.781586154238602404e+01
5.123732847307816485e+01
5.471361572668376994e+01
5.798977128136936443e+01
5.608796883221299368e+01
5.403379214180345969e+01
5.176752469005285207e+01
4.922891337939233125e+01
4.636227086073043324e+01
4.312193584706066929e+01
3.947768485903993252e+01
3.541965232441265954e+01
3.096231400444985837e+01
2.614712415603164430e+01
2.104346936355622333e+01
1.574770803062907198e+01
1.038019740744329056e+01
5.080360320811386998e+00
