5.008800474169582406e-01
4.068041862382887786e+00
1.790006066650702721e+01
-1.313066420670456402e+01
-8.316351324020065050e+00
1.775665458009844855e+01
-8.955292857347926017e+00
1.601640304073306353e+01
3.689230568195691617e+00
1.956304027570152471e+01
2.772456446558081211e+00
-6.804391848500046969e+00
1.256320113659176840e+01
-1.155866545453374883e+01
-3.073043995838321552e-01
1.126058264280739962e+01
1.791042292215073495e+00
1.219397500751739116e+01
6.333322049605346393e+00
9.350323567931940971e+00
7.386042171489973995e+00
-3.960865107067118807e+00
2.692334368324897031e+00
1.432928892149764044e+00
-7.953676116335223867e+00
2.119407406236253877e+01
-1.121471835536464567e+00
1.243814488210595925e+01
1.033392668740510700e+01
1.045401066904221299e+00
7.332502066408755681e+00
-1.306763581516082517e+00
9.453670667868842026e-01
2.012483853015858415e+00
-5.542452986091567446e+00
1.561452954722687103e+01
8.357868760128983610e+00
1.445141038838658432e+01
-8.075286179284073995e+00
1.773915776831018931e+01
-2.031907660128324267e+01
2.396566739553239955e+01
-7.641497413345346601e+00
3.439851221079075039e+00
6.773060688501176152e+00
1.047208717891396468e+01
6.430324309540818462e+00
3.766659564359139623e+00
1.127812654698374217e+01
3.534490975224907849e+00
-4.021271855199199941e+00
-2.877667600065145770e-01
7.978491538180317200e+00
4.892963971137867851e+00
-8.609727597681102740e-01
7.576085890737553008e+00
1.868118296076414353e+01
1.849667031439503173e+00
1.674294070706979332e+00
-2.997231975122783609e+00
3.887133697017263856e+00
6.335548053418691872e+00
1.332294153948348736e+01
-9.381897370571682160e+00
1.423876484993062874e+01
-7.638386565652058202e+00
2.770220631132597333e+01
-1.380122424284699001e+00
-1.115468346064005267e+01
1.287510214005151177e+01
3.183433631812596865e+00
1.343499621648451381e+01
4.866707079137069236e-01
2.536166465036563178e+00
-4.186570028341551897e-02
2.063814745603018252e+01
-6.377845170381848838e+00
4.225042591249756896e+00
5.790666018593875641e+00
-5.276662112983192543e-01
1.859140017893809826e+01
-1.055971220458275361e+01
1.286467871822409492e+01
3.907040177967890493e+00
1.355004142822718016e+01
-7.469490261679396781e+00
3.117819943767191848e+00
1.483368808931915517e+01
-6.742572398960231084e+00
1.824606845998730620e+01
-7.595916913215583044e+00
1.005032452577481195e+00
2.162155151167478806e+01
-4.625795406454102476e+00
7.745913301397676420e+00
6.590885253040755565e+00
-2.457510009709359622e+00
8.875411926698468790e+00
-1.573368555318057638e-01
1.242362690048106444e+01
-8.542717330882068083e+00
1.956876678506949219e+01
-2.263334784820475676e+00
8.381525756146011474e+00
1.141103165394884655e+00
3.663442982942573423e+00
9.614804484974492027e+00
8.196309476820129447e-02
7.734282111834700046e+00
1.839546712143309559e+00
2.832785406432390740e+00
1.183122021004421143e+01
-7.579582779518383440e+00
5.842814194225560698e+00
-1.308310504922783890e+00
8.426648560458671611e+00
6.872604202106342264e+00
5.437778038980090045e-02
4.407214845131066205e+00
-2.150018816615342221e-01
1.397708469034378886e+01
-3.601818142935103051e+00
3.691771343222901347e+00
-6.340267610129914466e+00
3.936338855984345741e+00
1.079193100301180053e+01
3.147307233746289956e+00
-4.149296604293006396e+00
1.426937322577690992e+01
3.720031670367551335e+00
6.062282814041489942e+00
3.103405935375886937e-01
-7.885500744149445573e+00
5.409422756549032485e+00
5.652498223252804266e+00
8.498790479333914405e+00
1.584451370904178091e+00
-5.312620630258440002e-01
1.376023342372682379e+01
-1.396552905513583465e+00
6.091686574720663216e+00
-1.564952782864448944e+00
-3.978351123392418032e+00
1.402386120048035600e+01
-4.022613349514481129e-02
7.590677946475314464e+00
-9.868626428964310193e+00
1.492234008853149163e+01
1.433143831089311071e+01
-1.081360553503617616e+01
1.952079638912753623e+01
-1.077358540823097677e+01
1.823883615357973387e+00
2.000902201365433086e+01
4.386868279364408707e+00
-1.257273521326237287e+01
2.203723853029175928e+01
1.232971053134526684e+01
-5.660597279628079903e+00
1.115351958282932188e+01
1.149179103377375633e+01
5.324678244720181253e-01
1.493252082320609375e+01
1.655546074981338478e+01
1.013401269070804922e+01
-3.748566883728442711e+00
3.526479335444492591e+01
9.327023458833938463e+00
4.756846203335173939e+00
2.749887326721241720e+01
-7.401618931899051068e-01
4.126552433595350777e+01
1.711605396338432783e+01
1.843371774186878298e+01
4.082158347188406822e+01
7.804098547959279486e-01
5.522755269185628180e+01
2.479920090710172165e+00
5.304140476591588538e+01
-1.298244833101235329e+01
7.688044140768930390e+01
3.117658309562639474e+01
-1.253005547657815910e+00
8.858011008183321167e+01
2.890442647041969959e+00
3.187185027121524072e+01
3.470001984579334930e+01
5.579474210225352948e+01
-3.171710671802038917e+01
9.185281805350413720e+01
3.572268292364797304e+01
7.655497840501575446e+00
4.184022368038196760e+01
6.456596618246699393e+01
1.908245996867412941e+01
1.968173104599396694e+01
3.330264464940219682e+01
2.561824660636101214e+01
2.287722568030929438e+01
5.963976183215050497e+01
-1.991670924737853454e+01
4.109340264341983584e+01
5.276559215098955491e+01
7.350875087693923504e+00
2.067803075336152929e+01
1.352821551255086518e+01
8.513592093228606217e+00
4.979697553303756763e+01
-5.727596828749573099e+00
-3.842388852439615032e+00
3.879073497132716142e+01
1.565980561098827906e+01
1.659299228500210077e+01
4.869195158130009560e+01
-2.105639179346717427e+01
-9.182607469688912616e+00
3.136476588842330315e+01
3.861743894582316017e+01
-4.035896956069013441e+01
4.920814710663817237e+01
1.717026617764821594e+01
-7.931935496591982826e+00
6.764927687526342481e+01
4.178847344879933701e+00
-3.088304425356729865e+01
4.124381708620532550e+01
2.704309163705039865e+01
-3.872226267461924554e+00
-1.372134908218302751e+00
7.374435700497483026e+01
3.584975696385033217e+00
3.156029490495520307e+01
2.984305167780780366e+01
2.362827886348977202e+01
2.027975822294138197e+00
3.619041537015453258e+01
2.320224738132982267e+01
1.307288468413336879e+01
5.343163517427114328e+01
1.803503984966733498e+01
7.471384085878462145e+01
1.579896683246795241e+01
4.070868706378647062e+00
6.733933963362271413e+01
7.986424567324925228e+00
4.074194790696297019e+01
-4.612866754490702270e+00
1.042344389918735743e+02
-2.688200858588349718e+01
8.727213280703514897e+01
3.546048381122930415e+00
3.826183026157421097e+01
4.674526578028634560e+01
2.049642583490914216e+00
2.861417077127200059e+01
1.845816201607419771e+01
5.624258804097236464e+01
4.628618564019073744e+01
1.859593251234493394e+01
2.738098682067728618e+01
1.882737498624876338e+01
5.122610166240082208e+01
3.240529753369940380e+01
8.384721133283090211e+00
-1.686075650065860287e+01
6.878924787780830741e+01
3.444604547897399272e+01
2.657859641059155109e+01
3.129066086148100112e+01
2.864371403822925899e+01
3.139639327940872704e+01
6.304646444258624882e+01
2.366434983702003692e+01
-3.657664121899271237e+01
4.764496486241546336e+01
5.926313284555417482e+01
2.334965933822827822e+01
1.042523743787679535e+02
-6.512677991866890004e+00
8.008649693171804529e+01
8.495314804808220543e+00
7.459235783180839974e+01
-4.277269503896643954e+00
4.384085532504505522e+01
6.947702864075938578e+01
9.533458741824288651e+00
1.530091840041993976e+02
-1.973856627441816514e+01
1.041286212530190625e+02
3.292304991658954094e+01
6.232232029889943448e+01
4.005628177409381863e+01
3.530513921276845224e+01
1.138427958416856427e+02
8.260992082534329484e+00
6.174417569075573908e+01
7.996961860043232662e+01
1.014949340814860506e+02
2.869116703898789922e+01
8.232355057188100034e+01
1.096025155976919052e+01
9.456743709588633351e+01
4.952739240553065514e+01
4.417734988784386729e+01
6.655149766155278712e+01
1.034849519971058953e+02
3.327808010526478455e+01
1.034348623678677512e+02
2.802150901302583819e+01
3.043607802563937526e+01
7.133897534261319606e+01
6.705207348393751943e+01
5.235567960651395225e+01
5.256800461537479663e+01
7.699443075752625987e+01
4.078577859650284410e+01
7.865054976851770618e+01
4.600594058463394020e+01
1.981764300680906388e+01
5.056119330295911851e+01
7.911113592060226551e+01
5.218810265646336433e+01
5.229017522188107669e+00
1.124751219549426366e+02
-2.897792467326542720e+01
1.072590433502181355e+02
5.568964500141044738e+01
9.908414028120128947e+00
3.197265936827982102e+01
7.984406592588949536e+01
2.021419270189953821e+01
4.936081951619813424e+01
3.489221412313301585e+01
5.007682243475525041e+01
2.806894229960299114e+01
5.760366136564356054e+01
4.133879585595902029e+01
1.647620983206524414e+01
7.096262954535578160e+01
2.476977454405736800e+00
4.552292691923422296e+01
6.718106235313889840e+01
2.102385944430666598e+01
6.142818304224653758e+01
6.390635205754395365e+00
4.516658341148158939e+01
4.127576034790802595e+01
4.458652986539037499e+01
2.983038183132650900e+01
4.503651344423207803e+01
3.284119427999088714e+01
4.342559824406874469e+01
5.578565197943856191e+01
3.869578109861251392e+01
5.409359537305070909e+00
4.111542067700045777e+01
6.302533142456589133e+01
2.488391841026831841e+01
4.513133169043243242e+01
6.385604338019339821e+01
4.606620097139798276e+01
1.970179402477361563e+01
3.793520161603721963e+00
5.049831492705231240e-01
