9.821565899729000487e-03
1.081135234323499505e-01
6.398167500841356325e-01
1.322150591455815150e+00
2.051963041787410624e+00
2.767659978685967470e+00
3.446150613287788822e+00
4.060274326403650491e+00
4.593308069630690937e+00
5.042322259682398666e+00
5.378491408292603637e+00
5.353495307891073196e+00
4.982256157171103261e+00
4.526189743110039743e+00
4.099701508586876209e+00
3.771876686131229839e+00
3.583127838527050635e+00
3.551625575528225554e+00
3.672856163258119366e+00
3.922069071649849636e+00
4.258401583334808116e+00
4.629318596895840798e+00
4.976950627998109056e+00
5.247664871034490197e+00
5.401529988772566071e+00
5.418448504933598642e+00
5.300360706014171974e+00
5.069803089041527322e+00
4.765443553782984232e+00
4.435463345993534645e+00
4.129867085602433541e+00
3.892878430135306544e+00
3.756513856339033897e+00
3.736243690857647515e+00
3.829340183708598744e+00
4.016089495188364111e+00
4.263584425490755336e+00
4.531412004408074345e+00
4.778273806280037839e+00
4.968464731452640670e+00
5.077197133059835998e+00
5.093974644217045267e+00
5.023554495967145428e+00
4.884433195422266394e+00
4.705185251933709623e+00
4.519316723468412178e+00
4.359513801692246560e+00
4.252239164900275981e+00
4.213546861982299774e+00
4.246766369147062292e+00
4.342386320463197613e+00
4.480101685164603609e+00
4.632634753861736066e+00
4.770656910553523034e+00
4.867969337468054825e+00
4.906071970841161090e+00
4.877363774920778994e+00
4.786453330315107557e+00
4.649377017656819433e+00
4.490870081196574048e+00
4.340156720094745957e+00
4.225967178347294961e+00
4.171613946788337302e+00
4.190946368690186219e+00
4.285856168586263948e+00
4.445750356059837927e+00
4.649084760864417909e+00
4.866713910343517746e+00
5.066515888863903250e+00
5.218542254480460940e+00
5.299856573153442163e+00
5.298274386234341549e+00
5.214394225740998756e+00
5.061584865684412016e+00
4.863923732409435097e+00
4.652412053259578961e+00
4.460070614601394645e+00
4.316701152437278033e+00
4.244153316540764109e+00
4.252857053439106139e+00
4.340178051536511816e+00
4.490862068903550330e+00
4.679499347969502843e+00
4.874616557902804459e+00
5.043742660954277923e+00
5.158638559982551719e+00
5.199853384375017207e+00
5.159877107343556979e+00
5.044382755914941896e+00
4.871356030800557235e+00
4.668247042456043161e+00
4.467594315401535177e+00
4.301814910346093868e+00
4.197987657256309291e+00
4.173457956072945230e+00
4.232962287009049085e+00
4.367729394984554148e+00
4.556701633496667014e+00
4.769684196400159948e+00
4.971925416971767930e+00
5.129406375594465217e+00
5.214008334071493778e+00
5.207749149463541727e+00
5.105430795495858654e+00
4.915294941414591001e+00
4.657601196268063681e+00
4.361372188164019725e+00
4.059838429620032052e+00
3.785317926416763346e+00
3.564348765730801283e+00
3.413844652388769774e+00
3.338871884364708720e+00
3.332379676147735115e+00
3.376897375155333947e+00
3.447893519254376926e+00
3.518224312723143843e+00
3.562926035104223121e+00
3.563554906346896090e+00
3.511356989028453945e+00
3.408746723074948637e+00
3.268853618639445457e+00
3.113216663787521377e+00
2.968012953577408020e+00
2.859450811621641275e+00
2.809098349470223965e+00
2.829932776661075344e+00
2.923781110916847226e+00
3.080597510292045982e+00
3.279722616728107276e+00
3.492944680002235014e+00
3.688883853869056928e+00
3.837998780474458194e+00
3.917405140698607902e+00
3.914717838085069790e+00
3.830279235771992585e+00
3.677391768671488315e+00
3.480493459916226051e+00
3.271547818026240506e+00
3.085211294542335558e+00
2.953544272861945430e+00
2.901111857524590221e+00
2.941264588591087303e+00
3.074204697648357687e+00
3.287159610105558460e+00
3.556646382549152996e+00
3.852473062729949493e+00
4.142840356949395009e+00
4.399725750715874462e+00
4.603682524905954310e+00
4.747276986351783634e+00
4.836604955763373681e+00
4.890638642256914359e+00
4.938507656121202238e+00
5.015155853452338164e+00
5.156083592284157469e+00
5.392038303742435090e+00
5.744528770249432092e+00
6.222906602728917491e+00
6.823502139355861473e+00
7.530961977694718534e+00
8.321566490361082202e+00
9.167968368815294866e+00
1.004454365377658043e+01
1.093242755134556532e+01
1.182334068610016864e+01
1.272149483410402659e+01
1.364317356102069212e+01
1.461396489421185585e+01
1.566401924982753613e+01
1.682205174428112215e+01
1.810904591313435574e+01
1.953270412905283848e+01
2.108361030620556065e+01
2.273383114867334243e+01
2.443831750111535328e+01
2.613903250307561521e+01
2.777129600307509349e+01
2.927146481785326415e+01
3.058482660033452660e+01
3.167251304841870763e+01
3.251635173236596899e+01
3.312086173941289502e+01
3.351201594148828633e+01
3.373287968671780135e+01
3.383671758469355950e+01
3.387856155989736351e+01
3.390649032362530590e+01
3.395394003518577364e+01
3.403423377724521970e+01
3.413820029966463210e+01
3.423529608225562981e+01
3.427811728700827132e+01
3.420966985660639637e+01
3.397233687674958702e+01
3.351720967575909071e+01
3.281237697863486602e+01
3.184890828903165527e+01
3.064360412198643857e+01
2.923806701889690629e+01
2.769420078300426269e+01
2.608678653360426125e+01
2.449422957763948006e+01
2.298885143259497710e+01
2.162817231196341083e+01
2.044847883421594759e+01
1.946162175599721067e+01
1.865549239707027951e+01
1.799806041737374684e+01
1.744430735558974277e+01
1.694494520317734754e+01
1.645553699686480442e+01
1.594458004397127837e+01
1.539928144269254062e+01
1.482812421360452326e+01
1.425983331376763097e+01
1.373892404904761655e+01
1.331856064690587793e+01
1.305188359164863776e+01
1.298321188577484797e+01
1.314055036482821492e+01
1.353062739597121045e+01
1.413728583971966124e+01
1.492351282040902127e+01
1.583680640938017703e+01
1.681703332001236362e+01
1.780551869910799212e+01
1.875389466911805414e+01
1.963125510562346321e+01
2.042841979571211652e+01
2.115856370588462454e+01
2.185404676184846551e+01
2.255989524277164904e+01
2.332493951211852945e+01
2.419201468861847104e+01
2.518881415847883432e+01
2.632091745564658325e+01
2.756820041477819672e+01
2.888532215008858373e+01
3.020634833658536067e+01
3.145291211474476967e+01
3.254473671086736886e+01
3.341094056649723143e+01
3.400038352803294828e+01
3.428942169031686404e+01
3.428580677023102652e+01
3.402804029060561675e+01
3.358018687871859953e+01
3.302285780164647377e+01
3.244168478658309596e+01
3.191501798982039872e+01
3.150273241855378714e+01
3.123788604662660973e+01
3.112255736767556868e+01
3.112856051527728596e+01
3.120298716045824250e+01
3.127777117892184577e+01
3.128183208601530296e+01
3.115392815986709252e+01
3.085420972746463519e+01
3.037263362065730377e+01
2.973285951495023127e+01
2.899093046508235361e+01
2.822884052030972057e+01
2.754388880675068663e+01
2.703538768472256848e+01
2.679072650335993444e+01
2.687292108522890288e+01
2.731157801045278788e+01
2.809869878013205025e+01
2.919001645375186271e+01
3.051170755523060052e+01
3.197148601717922034e+01
3.347239448141227314e+01
3.492717144779214777e+01
3.627096235180005124e+01
3.747038038298179430e+01
3.852747625611447546e+01
3.947796280503414579e+01
4.038393999032395243e+01
4.132223896462733137e+01
4.237021254694329286e+01
4.359122981133509711e+01
4.502221240840378869e+01
4.666526152857095866e+01
4.848480655171515252e+01
5.041085129903908779e+01
5.234793220215546228e+01
5.418848447575754079e+01
5.582858324186890542e+01
5.718360515309530001e+01
5.820131485879807087e+01
5.887023368764579345e+01
5.922184748025797063e+01
5.932615344338415753e+01
5.928108869499627787e+01
5.919736364348970170e+01
5.918098568880657240e+01
5.931617807432385803e+01
5.965140132793283811e+01
6.019076066773843081e+01
6.089228879760255353e+01
6.167354577410418415e+01
6.242383465520806851e+01
6.302127064848541949e+01
6.335213104313821475e+01
6.332948675330596444e+01
6.290815041286838039e+01
6.209347709437660257e+01
6.094245546847466954e+01
5.955669885722129919e+01
5.806821088764396421e+01
5.661996377081000986e+01
5.534420372693087842e+01
5.434184254969250105e+01
5.366622485675330267e+01
5.331397301939318822e+01
5.322458237225205124e+01
5.328911520610616748e+01
5.336692049640278412e+01
5.330800572241617630e+01
5.297771402416517361e+01
5.227987678867881272e+01
5.117471041302896140e+01
4.968841107744082564e+01
4.791258648243130125e+01
4.599318176185850859e+01
4.411018501059913888e+01
4.245089089452970654e+01
4.118062831798277301e+01
4.041543665322201662e+01
4.020109324383351890e+01
4.050213125138523651e+01
4.120311496914934679e+01
4.212262186491653893e+01
4.303837156437015921e+01
4.372010826373000469e+01
4.396561016861062399e+01
4.363473187238223261e+01
4.267649469399363937e+01
4.114485711146371472e+01
3.919997915158739943e+01
3.709322757884930155e+01
3.513500253409575436e+01
3.364552180250461078e+01
3.289510585930614894e+01
3.306243625948143006e+01
3.421818436078240921e+01
3.631338097098254991e+01
3.917373124245882821e+01
4.250596766835948159e+01
4.592013014635337242e+01
4.890301150664922858e+01
5.050121039334497652e+01
4.819230139717328143e+01
4.433613564467061252e+01
3.956705554015711357e+01
3.416178141498932774e+01
2.818603461677257727e+01
2.186288447049832939e+01
1.545143126246474985e+01
9.211601685178044008e+00
3.646283141432304031e+00
6.934791295244858711e-01
9.055281770018172582e-02
