6.638767003985339248e-03
7.365415732466337739e-02
4.395077305017685010e-01
9.395528769537195846e-01
1.518336223688855569e+00
2.140714722851263296e+00
2.789640585468164957e+00
3.438899826894092016e+00
4.063455491665400210e+00
4.643731053594827962e+00
5.141410240725986291e+00
5.368767036485886379e+00
5.302923534611474921e+00
5.088962250332319748e+00
4.792316692702670800e+00
4.464779180895614097e+00
4.154140953162533734e+00
3.904862328752897849e+00
3.752502188236781500e+00
3.719120279820946617e+00
3.810118011417618966e+00
4.012721540775262774e+00
4.297026060311448958e+00
4.620312585091929769e+00
4.933608303717175403e+00
5.189057526714822899e+00
5.347101664079365158e+00
5.382508517357328159e+00
5.288354669370179728e+00
5.077298606918848378e+00
4.779878208522767125e+00
4.440032943901571549e+00
4.108497588482682872e+00
3.835063573918824353e+00
3.660902501542860676e+00
3.612161576516498052e+00
3.695862900113459304e+00
3.898787867528588080e+00
4.189556325492612920e+00
4.523593426740180057e+00
4.850201548854385258e+00
5.120601663111832735e+00
5.295640058192457644e+00
5.351903374323738305e+00
5.285241989629676063e+00
5.111127793557233900e+00
4.861797260823648159e+00
4.580666964363231841e+00
4.314965659858899905e+00
4.107826613101963176e+00
3.991173701690323483e+00
3.980598190934231617e+00
4.073081940954082825e+00
4.247934569695712703e+00
4.470760041605075230e+00
4.699747167723993257e+00
4.893178727739688760e+00
5.016845038866308393e+00
5.050066749795483645e+00
4.989275971958625711e+00
4.848532849987043925e+00
4.656892328624962829e+00
4.453089643072339676e+00
4.278486063667666706e+00
4.169525400129876047e+00
4.151041755326461136e+00
4.231613186697341433e+00
4.401798793417281530e+00
4.635590102554836278e+00
4.894839948083769876e+00
5.135903064020170383e+00
5.317325872402704157e+00
5.407229233244611244e+00
5.389072678285297791e+00
5.264765482017309317e+00
5.054551459967732363e+00
4.793660357510925785e+00
4.526289880773091134e+00
4.297958029144441028e+00
4.147560822276058268e+00
4.100532414059125941e+00
4.164320448936018160e+00
4.326990168201240827e+00
4.559225212466256671e+00
4.819396528938026947e+00
5.060828119861499275e+00
5.239995568780494217e+00
5.324220535089753348e+00
5.297503531115965281e+00
5.163455899741585142e+00
4.944795323955408328e+00
4.679469871150056193e+00
4.414068327673150272e+00
4.195655061956647280e+00
4.063450747005013852e+00
4.041815192954672398e+00
4.135767968333545319e+00
4.329844065903841965e+00
4.590501766565296293e+00
4.871679510113494871e+00
5.122546914082095171e+00
5.296109309413784771e+00
5.357173602956436298e+00
5.288293188278346157e+00
5.092662247371477768e+00
4.793463498474111795e+00
4.429794523557474051e+00
4.049896886501893611e+00
3.702883615629313674e+00
3.430420923639541542e+00
3.259823107182137747e+00
3.199764699817214897e+00
3.239346145396771792e+00
3.350651362442624404e+00
3.494313681460845533e+00
3.627071325917142985e+00
3.709940279278663766e+00
3.715524265643025625e+00
3.633138373574247737e+00
3.470817096349267494e+00
3.253839322093969866e+00
3.020032016462900870e+00
2.812698514343278333e+00
2.672451591009209704e+00
2.629437285104309741e+00
2.697374759658341947e+00
2.870519764971808829e+00
3.124140007013306075e+00
3.418461808827545134e+00
3.705420938871517578e+00
3.937038705559192220e+00
4.073939930547619603e+00
4.092488319517258333e+00
3.989246451283805506e+00
3.781932812187563719e+00
3.506665706459257237e+00
3.211944371757776473e+00
2.950403594340343272e+00
2.769784322096224827e+00
2.704715248884367984e+00
2.770769808700106474e+00
2.961870435516911204e+00
3.251525167737562061e+00
3.597703719025695523e+00
3.950511093133977969e+00
4.261312601511891174e+00
4.491695800470165700e+00
4.620672173922548254e+00
4.648823644974190650e+00
4.598634730338439169e+00
4.510926844486085940e+00
4.438007648756669532e+00
4.434741396995161899e+00
4.549129183258597386e+00
4.814090475122590362e+00
5.241938182888610243e+00
5.822571088097499903e+00
6.525750273302433513e+00
7.307095192053881583e+00
8.116759474304561905e+00
8.909247339062179805e+00
9.652599541002825134e+00
1.033525777504015508e+01
1.096929841298624453e+01
1.158934691852103427e+01
1.224723705604074198e+01
1.300323333798869818e+01
1.391525854663096773e+01
1.502794961745576252e+01
1.636343484474768317e+01
1.791546719522213493e+01
1.964800346396171093e+01
2.149857839935616255e+01
2.338601288573998360e+01
2.522125500490509253e+01
2.691961043534258735e+01
2.841236891656868480e+01
2.965592109379048935e+01
3.063687163466279273e+01
3.137232081565573338e+01
3.190529445513735851e+01
3.229611320750341008e+01
3.261116819679765655e+01
3.291099541610351764e+01
3.323964416377324227e+01
3.361709864498838130e+01
3.403597880321277813e+01
3.446300954834568131e+01
3.484493462508729777e+01
3.511780263154415849e+01
3.521799636258117516e+01
3.509310667823385899e+01
3.471081203246728819e+01
3.406430048878276295e+01
3.317339349462268672e+01
3.208128848904345887e+01
3.084759661703671441e+01
2.953897958457315198e+01
2.821907765872484930e+01
2.693950402925751675e+01
2.573344874427531792e+01
2.461293367951223487e+01
2.357008138291336508e+01
2.258202857927061302e+01
2.161846138083192415e+01
2.065029034484461334e+01
1.965779999507222442e+01
1.863672966448971380e+01
1.760114558955817543e+01
1.658257263483499599e+01
1.562555570308496833e+01
1.478048733678420845e+01
1.409504773506720454e+01
1.360586377589811491e+01
1.333195759653391832e+01
1.327122979494101251e+01
1.340066698229568232e+01
1.368027966214773095e+01
1.406008905186540758e+01
1.448891606343012484e+01
1.492338574937020645e+01
1.533550876419844933e+01
1.571744816958974944e+01
1.608258133700522308e+01
1.646263248889695774e+01
1.690136117746440192e+01
1.744591702253461918e+01
1.813739765131368742e+01
1.900229706058653534e+01
2.004637759439615508e+01
2.125206763357624951e+01
2.257985656494213345e+01
2.397344269750370316e+01
2.536771835027697009e+01
2.669817135098572081e+01
2.791003556490716875e+01
2.896557976948766111e+01
2.984827383142829760e+01
3.056314973633796583e+01
3.113337646901801392e+01
3.159376312365370509e+01
3.198246576338476643e+01
3.233249659435907120e+01
3.266465869565580249e+01
3.298325053590082945e+01
3.327535279675598190e+01
3.351382388505788157e+01
3.366341768479546914e+01
3.368883134273389146e+01
3.356310720329413755e+01
3.327472606322106685e+01
3.283195862922675445e+01
3.226354920873989585e+01
3.161549836199927199e+01
3.094446130197117384e+01
3.030894509046093077e+01
2.975994215374843677e+01
2.933278964375773867e+01
2.904185797513869005e+01
2.887917449967681094e+01
2.881736581865758495e+01
2.881648509640345068e+01
2.883353041510680370e+01
2.883290158576580353e+01
2.879579707579905445e+01
2.872667577539068873e+01
2.865538907029117865e+01
2.863434913939075699e+01
2.873100727595079462e+01
2.901680764633248799e+01
2.955449139694425753e+01
3.038601584734660577e+01
3.152334052758465432e+01
3.294390419316213325e+01
3.459183847601281769e+01
3.638496458316562610e+01
3.822657410141913914e+01
4.002009231303891568e+01
4.168413151752907453e+01
4.316528065143955928e+01
4.444628990221826825e+01
4.554805460132900663e+01
4.652486139179401192e+01
4.745355098891665335e+01
4.841836551566451874e+01
4.949408131192289773e+01
5.073042117163947751e+01
5.214060798433870758e+01
5.369627113815385400e+01
5.532984745438476892e+01
5.694430788855334669e+01
5.842871670120196370e+01
5.967702809493550831e+01
6.060685110657620811e+01
6.117480179264447315e+01
6.138555140075711591e+01
6.129270321470054483e+01
6.099102457395142096e+01
6.060108836334925542e+01
6.024877252228603197e+01
6.004307411040394271e+01
6.005612358084243141e+01
6.030903875925734070e+01
6.076635664213601018e+01
6.134036125139101614e+01
6.190492053892215552e+01
6.231674626488331370e+01
6.244059834989700164e+01
6.217412618109656108e+01
6.146794011099978405e+01
6.033718062678221372e+01
5.886220959986849266e+01
5.717787377075751465e+01
5.545278152145442618e+01
5.386184668901629635e+01
5.255666327437864283e+01
5.163883417926332697e+01
5.114105942412169270e+01
5.101961693725350244e+01
5.116001423026568773e+01
5.139534997722011411e+01
5.153467697698033589e+01
5.139679402817342435e+01
5.084375315193391742e+01
4.980817568554653008e+01
4.830929463012856218e+01
4.645437821283968560e+01
4.442458182838752379e+01
4.244694626942433047e+01
4.075676896414324801e+01
3.955648110362969305e+01
3.897809872957509469e+01
3.905604940146257320e+01
3.971566357448198659e+01
4.078005999674521576e+01
4.199505581093937678e+01
4.306883596195091712e+01
4.372084735462209437e+01
4.373266134942492300e+01
4.299254888178769818e+01
4.152566075505448850e+01
3.950284987290201855e+01
3.722228920087296444e+01
3.506023796457149899e+01
3.339744777012542443e+01
3.255947888491956377e+01
3.278233826179161525e+01
3.417742201561218707e+01
3.669987548040796810e+01
4.013201475371029403e+01
4.409086009639939618e+01
4.798781051716425594e+01
5.066100051752060551e+01
4.906775347981709245e+01
4.580558413021958586e+01
4.151089122602196113e+01
3.641746183990835561e+01
3.052638797930969972e+01
2.403964677258856852e+01
1.722794764104478915e+01
1.039242487581331176e+01
4.144118750628020820e+00
7.900155949802983857e-01
1.035146804416121197e-01
