1.379733641829291625e-02
1.506307534149389782e-01
8.837087677273773867e-01
1.759650649540351441e+00
2.609663982525091797e+00
3.345702942772244892e+00
3.954533588185946691e+00
4.430646739239252341e+00
4.790893948015623849e+00
5.070767903551348432e+00
5.260742211516851619e+00
5.034451141726488999e+00
4.455687710086291276e+00
3.924044818301482440e+00
3.584081821397296252e+00
3.480810311060592355e+00
3.595579842223028511e+00
3.872265941189059202e+00
4.234557923409047575e+00
4.604499075293214894e+00
4.916540926835336833e+00
5.123155795659874556e+00
5.197505535167019630e+00
5.138678752943198091e+00
4.973379357913860765e+00
4.749208144242088814e+00
4.522069892283867354e+00
4.342123401637528524e+00
4.242276328109518602e+00
4.231925331569293292e+00
4.297011607443093517e+00
4.405752780383011213e+00
4.518113692731043685e+00
4.596517536568619278e+00
4.615343498203400507e+00
4.567164660407813770e+00
4.464403223102717533e+00
4.336085213909637304e+00
4.220488147745799168e+00
4.155432888684737591e+00
4.168533989881563429e+00
4.269744067941256382e+00
4.447995587462109768e+00
4.672786120657185904e+00
4.900402568905271039e+00
5.083406431200890196e+00
5.181248452757077239e+00
5.169610952661283676e+00
5.046345301452612730e+00
4.832618509390719019e+00
4.568941393439549969e+00
4.306887836580058249e+00
4.098278813460473735e+00
3.984181743272769083e+00
3.986135657950156563e+00
4.101539980793853069e+00
4.304241703848817657e+00
4.550220225768775606e+00
4.787150614940062887e+00
4.965770827381349228e+00
5.050575175385230153e+00
5.027494932579910980e+00
4.906878560516884313e+00
4.721107413296207866e+00
4.517355007045190440e+00
4.347063036440321326e+00
4.254432077451482108e+00
4.266449897738969987e+00
4.386654788433680174e+00
4.594024622334782038e+00
4.847268850867918033e+00
5.093622105634522335e+00
5.280250984157458305e+00
5.365805459086404383e+00
5.329600662312477866e+00
5.176415215787472768e+00
4.935831888836262671e+00
4.656222687302572716e+00
4.394639293610483222e+00
4.204760147875384213e+00
4.125474139217641500e+00
4.172554208451773050e+00
4.335218441402928669e+00
4.578332080528809911e+00
4.849795890974548662e+00
5.091554511480626211e+00
5.251882087895413775e+00
5.296328521811189738e+00
5.214996612028081735e+00
5.024605913491065223e+00
4.764913756674353351e+00
4.490267577436377167e+00
4.258096980082708427e+00
4.116797524541481401e+00
4.095574670565959252e+00
4.198383176720112075e+00
4.403210457900446961e+00
4.666805038957990703e+00
4.933791431823144613e+00
5.148189823267908416e+00
5.264869516176927888e+00
5.258510843829239612e+00
5.128216651579668550e+00
4.896874330212564352e+00
4.605511512141893249e+00
4.303963827736865255e+00
4.039949040764440724e+00
3.848952919617513846e+00
3.747115416408489885e+00
3.728613782537828936e+00
3.768028138772844482e+00
3.827069288070267916e+00
3.864091741315480277e+00
3.844216066148224531e+00
3.747772686425612676e+00
3.575175098022898457e+00
3.347143075547608593e+00
3.100243389391616144e+00
2.878763637936565090e+00
2.724751714841063155e+00
2.668459021923088148e+00
2.721331416795034208e+00
2.873120678107833115e+00
3.093769303252156266e+00
3.339658074910431207e+00
3.562835768249446922e+00
3.721189181870721452e+00
3.787305968788358790e+00
3.754077688477551966e+00
3.635819855676084789e+00
3.464686618776329219e+00
3.283206703157483641e+00
3.134630271752291808e+00
3.053260613694289916e+00
3.056941674153197397e+00
3.143382686182866870e+00
3.291133736080852579e+00
3.464974954587623390e+00
3.624482859869930795e+00
3.733815033860477861e+00
3.770472445224323899e+00
3.731022856501104101e+00
3.632451033179446398e+00
3.508790751291140708e+00
3.403768604332972014e+00
3.361108079067855137e+00
3.414695259687440032e+00
3.580866226045705147e+00
3.854622200269381072e+00
4.210708570132109863e+00
4.609399705597777341e+00
5.005757469736924037e+00
5.360320558092856125e+00
5.648821286434108302e+00
5.868704394687306980e+00
6.040907067880792347e+00
6.206404311767279580e+00
6.418199187086671031e+00
6.730480097353528812e+00
7.187339487327935039e+00
7.813591127389369895e+00
8.609793883699934369e+00
9.552673572310474981e+00
1.060092748013878250e+01
1.170516427049792618e+01
1.281975268859899408e+01
1.391385298133596748e+01
1.497901048554094494e+01
1.603139441471961391e+01
1.710792568476830411e+01
1.825690912648028785e+01
1.952506743743204964e+01
2.094377796934505653e+01
2.251762567812668081e+01
2.421801746752507967e+01
2.598361309007133357e+01
2.772791226877490800e+01
2.935279207395986134e+01
3.076544502711431051e+01
3.189532467585788211e+01
3.270755938640333937e+01
3.320989960869278690e+01
3.345151170350335690e+01
3.351357481242899894e+01
3.349333789564214214e+01
3.348469362161117147e+01
3.355912205022680439e+01
3.375086943713997556e+01
3.404943774477513330e+01
3.440101930991014001e+01
3.471870906775924226e+01
3.489953454072444572e+01
3.484493516916771938e+01
3.448059513237743801e+01
3.377164537454231663e+01
3.273018426559205807e+01
3.141363262976617676e+01
2.991431410631027532e+01
2.834244562440050075e+01
2.680606025295185546e+01
2.539198571644206481e+01
2.415174090200754975e+01
2.309514593806893501e+01
2.219279553134412453e+01
2.138666953810989568e+01
2.060644717250837843e+01
1.978791367629664677e+01
1.888944916957484921e+01
1.790305063601306657e+01
1.685755715422821766e+01
1.581346071711776524e+01
1.485051980365862789e+01
1.405095385734859192e+01
1.348194707514156399e+01
1.318132485944878241e+01
1.314955812562099879e+01
1.334985460271384383e+01
1.371631717186356880e+01
1.416837568868790953e+01
1.462831847635473537e+01
1.503806537323675840e+01
1.537148696287008320e+01
1.563955041818484126e+01
1.588714890192240681e+01
1.618230368958293042e+01
1.660011350408046837e+01
1.720499181632865415e+01
1.803512035087479148e+01
1.909256631475675192e+01
2.034126368807532614e+01
2.171331719440588515e+01
2.312223475535267170e+01
2.448014155106952927e+01
2.571512456312522943e+01
2.678480829507442706e+01
2.768308964043355047e+01
2.843848722616481339e+01
2.910445432215016126e+01
2.974384454136105305e+01
3.041109175543597942e+01
3.113625351491809568e+01
3.191472424291510990e+01
3.270520939400461202e+01
3.343671951847480273e+01
3.402329179872179310e+01
3.438333180911401854e+01
3.445930334695018615e+01
3.423325760854179123e+01
3.373446348388611682e+01
3.303703531138557281e+01
3.224761463506813897e+01
3.148538440576550812e+01
3.085848735741937077e+01
3.044187551372175093e+01
3.026149835089983142e+01
3.028853568957912756e+01
3.044532733255796586e+01
3.062216706195765425e+01
3.070174188177288599e+01
3.058622992266876750e+01
3.022132383298041702e+01
2.961191220070912422e+01
2.882576403016728150e+01
2.798400569900113766e+01
2.723995383013926386e+01
2.675038506100823810e+01
2.664503915280813828e+01
2.700067838283953137e+01
2.782522238559587890e+01
2.905548371206608493e+01
3.056924321899685992e+01
3.220940191759747506e+01
3.381536160238947986e+01
3.525517893348116161e+01
3.645176809072036406e+01
3.739757875134306175e+01
3.815453043477088357e+01
3.883906189297255906e+01
3.959531256121361054e+01
4.056202045242314114e+01
4.184013964393350449e+01
4.346812841666965710e+01
4.541032252532178859e+01
4.756109049630426000e+01
4.976413066515014094e+01
5.184301662872344707e+01
5.363662684600917174e+01
5.503194777843998509e+01
5.598718621175172672e+01
5.654009632351379366e+01
5.679952350369310921e+01
5.692174378517579925e+01
5.707647408775590492e+01
5.740972995991302241e+01
5.801150071783095541e+01
5.889529861270911226e+01
5.999418458856627723e+01
6.117437936958135936e+01
6.226377022979656317e+01
6.308933654213954156e+01
6.351546311936315448e+01
6.347476014883572049e+01
6.298447456539074807e+01
6.214458187979619908e+01
6.111757237451845981e+01
6.009395997508443799e+01
5.925077544451655598e+01
5.871203499377266155e+01
5.851998558127979067e+01
5.862380864559968074e+01
5.888882207301659832e+01
5.912480427899673430e+01
5.912781209591388176e+01
5.872670604713891152e+01
5.782425467840380406e+01
5.642351547632740960e+01
5.463307658785430476e+01
5.264913370982382190e+01
5.071736857831196943e+01
4.908212844915902906e+01
4.793348426828529085e+01
4.736365462259547598e+01
4.734274920705788503e+01
4.772004375944598564e+01
4.825175332677942208e+01
4.865056714508377667e+01
4.864723741671924984e+01
4.805139018897622805e+01
4.679824965273806470e+01
4.497040003580107737e+01
4.278865181770586901e+01
4.057251964036565539e+01
3.867734293326814310e+01
3.742018351122216302e+01
3.700918210227850835e+01
3.749081997347663275e+01
3.872724621647692089e+01
4.041164598265254426e+01
4.212267653715471738e+01
4.341005785824545882e+01
4.389503563311258461e+01
4.336336905051204127e+01
4.182445605684327461e+01
3.951166146732690265e+01
3.682011715626728687e+01
3.424664506110933360e+01
3.234784533368871706e+01
3.165958006566968308e+01
3.258561668852560445e+01
3.528660412845722050e+01
3.960237958058082341e+01
4.492872843072733957e+01
4.968048892076224377e+01
4.948666664246133706e+01
4.757574646924143025e+01
4.458336091318888350e+01
4.058510573868241522e+01
3.533032613746190265e+01
2.886642135848186896e+01
2.140332923694591116e+01
1.328766382197493101e+01
5.393837273503303997e+00
1.034013867424495636e+00
1.366094419201392407e-01
