4.617152503104999250e-01
8.938773880386502446e-01
1.325300836032833773e+00
1.767627230082387424e+00
2.201292354322347489e+00
2.582375338373972262e+00
2.864171204197369480e+00
3.020054793109415048e+00
3.055446984197971005e+00
3.004509692909447693e+00
2.916050318964964916e+00
2.837681681388518395e+00
2.805670949678056747e+00
2.842363597851621737e+00
2.957942049868889534e+00
2.690186244007910066e+00
2.506485239539179677e+00
2.354514671385695479e+00
2.217910853930252557e+00
2.130513363794018566e+00
2.151797615127702290e+00
2.322164555693591481e+00
2.627864970054909932e+00
2.997329000491254725e+00
3.330107470308760309e+00
3.540237520848488639e+00
3.589333655733799144e+00
3.493614059560504082e+00
3.306055897626746454e+00
3.088393803996333453e+00
2.889863300396264822e+00
2.752788909766649805e+00
2.685399154406550970e+00
2.652184538840005157e+00
2.593011169944739791e+00
2.462586143607535138e+00
2.266629063897306118e+00
2.070664579330647737e+00
1.972829229021517694e+00
2.053938670973221914e+00
2.332371888302260388e+00
2.749014545452858282e+00
3.190203036361715760e+00
3.535366311672796691e+00
3.703865644172418481e+00
3.678906839588267363e+00
3.501665951520474440e+00
3.252453422783768033e+00
3.019270443561506312e+00
2.863709500174966394e+00
2.797458971985754328e+00
2.780907484197046475e+00
2.746786778679710217e+00
2.639327105376753302e+00
2.449807309701880875e+00
2.229213168723810590e+00
2.069515370577313718e+00
2.061543069318922505e+00
2.250217240456139134e+00
2.609456140862990381e+00
3.048519775300059464e+00
3.445366827124811238e+00
3.690263167336291339e+00
3.722663241747043550e+00
3.549015108851909961e+00
3.236973845507823189e+00
2.889639575628669910e+00
2.609744551134980828e+00
2.466661570138737325e+00
2.477688500802647464e+00
2.609384265404288250e+00
2.796671047577650171e+00
2.970390312733524052e+00
3.081396189220015458e+00
3.112375960549007115e+00
3.075518792811179569e+00
3.000827990874531004e+00
2.922598018757097016e+00
2.869498682248968091e+00
2.859682929475381385e+00
2.899319911196336808e+00
2.982416131178285745e+00
3.091173672348650925e+00
3.197770501403045973e+00
3.268917756027681421e+00
3.273545656209868149e+00
3.192211259764515141e+00
3.025372702898767141e+00
2.797302961019857648e+00
2.553346077798746450e+00
2.350208366730316190e+00
2.241440446327842118e+00
2.262338626056317636e+00
2.419204784230643224e+00
2.686621696951256855e+00
3.013489554873100662e+00
3.335373658859404511e+00
3.588829766386979259e+00
3.723652928656231431e+00
3.710978095136175270e+00
3.547380048609992897e+00
3.256100792836788216e+00
2.885803436101705088e+00
2.505678138482284378e+00
2.194924248182059223e+00
2.025852379411189119e+00
2.043045200031813113e+00
2.244694739767883807e+00
2.574181575404501654e+00
2.928428413922514739e+00
3.184300014712603488e+00
3.236976888052327528e+00
3.037843954766636934e+00
2.617200693397681022e+00
2.080839783598733117e+00
1.578600261669247606e+00
1.254151527674345790e+00
1.193852206815665618e+00
1.394475427526761235e+00
1.763384114451888030e+00
2.152397576004728030e+00
2.413042849301255899e+00
2.451904068987726948e+00
2.264397543983089012e+00
1.933893993596124128e+00
1.597148736463323671e+00
1.390540801715536734e+00
1.398924932020614076e+00
1.626972766156074890e+00
2.002777699008736256e+00
2.409813346317121852e+00
2.732096764100532482e+00
2.893358076514537913e+00
2.875513403567071080e+00
2.712225887076823660e+00
2.464658156577538062e+00
2.193392341516540167e+00
1.940030775259162343e+00
1.724992560944671016e+00
1.558462316394455094e+00
1.454404985986294641e+00
1.436629534194079572e+00
1.531370864243294827e+00
1.749658694933943437e+00
2.069961146381119388e+00
2.433098670176344847e+00
2.756043176847837284e+00
2.961433860060057821e+00
3.010443770935796515e+00
2.923019635404681793e+00
2.773905052189329812e+00
2.663676381318616837e+00
2.676284372073184592e+00
2.842217831487517721e+00
3.125204816727646939e+00
3.440273419882688977e+00
3.696343087233202152e+00
3.844171554815276615e+00
3.906611272743503172e+00
3.975155359323739646e+00
4.171966938506189493e+00
4.593176580149288313e+00
5.259346997941603874e+00
6.097446292332350026e+00
6.965501748156700756e+00
7.711861000133048982e+00
8.244321037748127523e+00
8.578161943194778871e+00
8.839729713263219324e+00
9.220828983038696691e+00
9.900856113933032887e+00
1.096870132246728247e+01
1.237800006341064218e+01
1.395620650529733453e+01
1.546557196294628511e+01
1.669201924366045020e+01
1.752570036824028676e+01
1.800007764481087946e+01
1.827344733932745768e+01
1.856064747738054166e+01
1.904312154292274073e+01
1.979398108508414111e+01
2.074789129477132832e+01
2.172671461031204743e+01
2.250910175958755488e+01
2.291515602446427025e+01
2.287267333125537405e+01
2.244051923271461035e+01
2.178293070865784031e+01
2.110790102688350700e+01
2.059539579377403840e+01
2.034246519190680402e+01
2.034291767251531269e+01
2.050403251276380701e+01
2.068861444596341670e+01
2.076313296530202734e+01
2.063389054736325434e+01
2.026131536286729329e+01
1.965308111978931649e+01
1.884495204751419095e+01
1.788097775235944198e+01
1.680176165788372344e+01
1.564336662029051794e+01
1.444342810425045442e+01
1.324796123639380063e+01
1.211307413287743806e+01
1.109928877982121520e+01
1.026026690705581323e+01
9.630411710569340755e+00
9.216115946750106147e+00
8.993717664495489927e+00
8.914705680546143540e+00
8.916603555251720437e+00
8.936846490364718676e+00
8.926702323036867170e+00
8.862375734452726306e+00
8.750585866392338374e+00
8.626356085964401288e+00
8.542071293691080314e+00
8.549372694722277899e+00
8.678694552814643970e+00
8.923811750392498965e+00
9.238918168577521683e+00
9.552411998323222520e+00
9.795217963155220531e+00
9.934410987160438467e+00
9.998420318629062109e+00
1.008097734158221392e+01
1.031793229840818071e+01
1.084195839034509490e+01
1.173055638292617431e+01
1.296778205100643788e+01
1.443672381331369436e+01
1.594851934113811076e+01
1.729891615780841363e+01
1.833143074577368381e+01
1.898265268325058130e+01
1.929226683460459313e+01
1.937523003361297924e+01
1.936971688362605803e+01
1.938449888031705015e+01
1.946851963284832010e+01
1.961384049767984550e+01
1.978630589202225920e+01
1.996440519400628943e+01
2.016289847996088369e+01
2.042613014584204123e+01
2.079279801349515466e+01
2.125097256569314297e+01
2.171043274604765116e+01
2.201377180428039182e+01
2.198977066934857305e+01
2.153022352990528532e+01
2.065572191734702656e+01
1.953563082301029041e+01
1.844458927479196575e+01
1.766588002067321028e+01
1.737846395266862842e+01
1.757645511673812777e+01
1.806022231971487813e+01
1.850973340487302110e+01
1.861494157059891563e+01
1.821086369463965937e+01
1.735940548831643682e+01
1.633969655106182373e+01
1.554621695716064878e+01
1.533356658802943429e+01
1.587107178853653622e+01
1.706835335666460551e+01
1.860454887905926569e+01
2.005074458888815059e+01
2.103579956275556029e+01
2.138740461304185203e+01
2.119116983173900337e+01
2.074605214851468205e+01
2.043869570054118512e+01
2.059248452690046705e+01
2.135473099221543336e+01
2.266489273497467849e+01
2.430854309117218293e+01
2.602431789505429194e+01
2.761110676385765927e+01
2.898814964874519617e+01
3.018722925981679950e+01
3.129027598710615266e+01
3.235116403254308182e+01
3.334570013254379717e+01
3.417694530875141368e+01
3.473264477037552211e+01
3.496276644426990288e+01
3.493262331332795156e+01
3.481789724381791729e+01
3.483767108362162901e+01
3.515571379922902651e+01
3.580067510170708545e+01
3.664881699735013143e+01
3.748158756422146354e+01
3.809140788832376501e+01
3.838327619501966126e+01
3.842071852004595200e+01
3.839161671044312385e+01
3.850873788141368692e+01
3.889204345785249473e+01
3.948988138046860996e+01
4.007967372304953102e+01
4.035340585698495630e+01
4.005463376431612232e+01
3.910839739387353120e+01
3.768442759222900662e+01
3.614949831324094731e+01
3.491931056834467739e+01
3.427574205404236807e+01
3.423971780298822409e+01
3.456683686918017173e+01
3.487196145313752282e+01
3.482197320174117294e+01
3.429922316091695933e+01
3.345239956836985584e+01
3.260958882069872544e+01
3.209943582048468613e+01
3.207302730021716997e+01
3.241756462915746795e+01
3.280508456309149778e+01
3.278389257596925432e+01
3.196666770094803667e+01
3.023699265935189473e+01
2.786539146367075759e+01
2.545329922387474397e+01
2.370343432972209641e+01
2.310971854676073534e+01
2.371674535881567536e+01
2.508038406782504381e+01
2.646867196246888554e+01
2.721892130175797675e+01
2.707743425630461331e+01
2.634364819067139507e+01
2.572968918665057458e+01
2.541874195758132871e+01
2.554666499889087561e+01
2.607190138202609830e+01
2.669460086071087446e+01
2.690117077225912823e+01
2.615878486767606148e+01
2.420127010062146056e+01
2.127616458602979677e+01
1.820798366426232917e+01
1.619579613694713771e+01
1.638404089350822090e+01
1.936815477477309244e+01
2.485570109462355859e+01
3.165956818593888045e+01
3.036701369723284927e+01
2.896296704726506022e+01
2.751106452351435294e+01
2.614183152923789777e+01
2.504734668348245563e+01
2.442539992722403852e+01
2.437596029276923204e+01
2.478573612470821885e+01
2.525988415582254731e+01
2.515635937322456073e+01
2.374268218771343797e+01
2.043910937351310153e+01
1.506207557119686058e+01
7.964580809722368926e+00
