3.302431740477864697e-01
7.134940678307690742e-01
1.151839368663831520e+00
1.647055940136717300e+00
2.200584304425142523e+00
2.813504805908894291e+00
3.486516759404918453e+00
4.219920855671203341e+00
5.013605062604492346e+00
5.867034223149934391e+00
6.779243510826723274e+00
7.748835861451889073e+00
8.773983455634223105e+00
9.852433281476182358e+00
1.098151676122172837e+01
1.182792020586038362e+01
1.266694908196637570e+01
1.349445406602523434e+01
1.430648119788291517e+01
1.509931646533318705e+01
1.586952732839808533e+01
1.661400063600047616e+01
1.732997643595293980e+01
1.801507723447932818e+01
1.866733232305328727e+01
1.928519685730841360e+01
1.986756544420271453e+01
2.041378006847760318e+01
2.092363226667853127e+01
2.139735953548605352e+01
2.183563603973444600e+01
2.223803282231591538e+01
2.260429910717134305e+01
2.293435174071561633e+01
2.322826427731720145e+01
2.348625598917623947e+01
2.370868106765302130e+01
2.389601826469087698e+01
2.404886119985356530e+01
2.416790953113611096e+01
2.425396115667637886e+01
2.430790558041362104e+01
2.433071853828510456e+01
2.432345794344403345e+01
2.428726116996492479e+01
2.422334365534225142e+01
2.413299876354453133e+01
2.401759176551103536e+01
2.387855388771047416e+01
2.371737640823162963e+01
2.353560477837653053e+01
2.333483274780921590e+01
2.311669647292048069e+01
2.288286859109794236e+01
2.263505224790833381e+01
2.237497506963535798e+01
2.210438307997445406e+01
2.182503456674605147e+01
2.153869391201052252e+01
2.124712540670216399e+01
2.095208707858450481e+01
2.065532456971071085e+01
2.035856510639358774e+01
2.006351157811230479e+01
1.977183674261539892e+01
1.948517757508934523e+01
1.920512977962617995e+01
1.893324248133809817e+01
1.867101311732822921e+01
1.841988254434482997e+01
1.818123038034102734e+01
1.795637059635394195e+01
1.774654737414087791e+01
1.755293124389867643e+01
1.737661551518705849e+01
1.721861301291703228e+01
1.707985312899351271e+01
1.696117919895904436e+01
1.686334621180724014e+01
1.678701885990722076e+01
1.673276993471064245e+01
1.670107907261277091e+01
1.669233185401687436e+01
1.670681925731613759e+01
1.674473746816623532e+01
1.680618804308280545e+01
1.689117842506603751e+01
1.699962280763734057e+01
1.713134334237272327e+01
1.728607168374086100e+01
1.746345086380433287e+01
1.766303748812350349e+01
1.788430424302015354e+01
1.812664270321323912e+01
1.838936642774051222e+01
1.867171433102798872e+01
1.897285431497124364e+01
1.929188714694890550e+01
1.962785056780727899e+01
1.997972361303391864e+01
2.034643112958501732e+01
2.072684847014540566e+01
2.111980634598645779e+01
2.152409581904603186e+01
2.193847341338953782e+01
2.236166632582217773e+01
2.279237771511261812e+01
2.322929204905759093e+01
2.367108048846575485e+01
2.411640628706963696e+01
2.456393018638471304e+01
2.501231578462580529e+01
2.546023485896247607e+01
2.590637262064535307e+01
2.634943288286390128e+01
2.678814312160226052e+01
2.722125941023924156e+01
2.764757120919361455e+01
2.806590599253971163e+01
2.847513369421165308e+01
2.887417095717373883e+01
2.926198516975466646e+01
2.963759827422630266e+01
3.000009033364140976e+01
3.034860284393631247e+01
3.068234177933991447e+01
3.100058036021250985e+01
3.130266153355918135e+01
3.158800015761961788e+01
3.185608488312369957e+01
3.210647972501809022e+01
3.233882531970333218e+01
3.255283986407626173e+01
3.274831973393565931e+01
3.292513978058345003e+01
3.308325330572593259e+01
3.322269171605346827e+01
3.334356386013905649e+01
3.344605505154903113e+01
3.353042578329206691e+01
3.359701013994472873e+01
3.364621391497648517e+01
3.367851244195032479e+01
3.369444814939227939e+01
3.369462785020003537e+01
3.367971977749392920e+01
3.365045037979682974e+01
3.360760088936217471e+01
3.355200367834516584e+01
3.348453841832886013e+01
3.340612805947208130e+01
3.331773464623500303e+01
3.322035498725995240e+01
3.311501619753656911e+01
3.300277113145860142e+01
3.288469372578587979e+01
3.276187427185226397e+01
3.263541463661386643e+01
3.250642345230541252e+01
3.237601129456839999e+01
3.224528586893111992e+01
3.211534722545911080e+01
3.198728302125297418e+01
3.186216385025197084e+01
3.174103865950546322e+01
3.162493027070253504e+01
3.151483102530269065e+01
3.141169857109130703e+01
3.131645180739412382e+01
3.122996700552467786e+01
3.115307412031578593e+01
3.108655330779770765e+01
3.103113166323888095e+01
3.098748019286058408e+01
3.095621103158079990e+01
3.093787491813530011e+01
3.093295893787374951e+01
3.094188454243437647e+01
3.096500585437269137e+01
3.100260826365627764e+01
3.105490732174829205e+01
3.112204793778899159e+01
3.120410388015246639e+01
3.130107758540988527e+01
3.141290027547763941e+01
3.153943238246855785e+01
3.168046427950913113e+01
3.183571731453344711e+01
3.200484514282479154e+01
3.218743535285214108e+01
3.238301137874383073e+01
3.259103469156437427e+01
3.281090726041030337e+01
3.304197427322934288e+01
3.328352710619132182e+01
3.353480652940877604e+01
3.379500613582165158e+01
3.406327597912721927e+01
3.433872640576019819e+01
3.462043206510822557e+01
3.490743608139118948e+01
3.519875436994149709e+01
3.549338007999669031e+01
3.579028814556370719e+01
3.608843992543052792e+01
3.638678791299561510e+01
3.668428049625418197e+01
3.697986674802703533e+01
3.727250122634465868e+01
3.756114876480314990e+01
3.784478923269559658e+01
3.812242224478729469e+01
3.839307180075026338e+01
3.865579083449745923e+01
3.890966565396332300e+01
3.915382025225877527e+01
3.938742047159024651e+01
3.960967800186587340e+01
3.981985419652013292e+01
4.001726368876782658e+01
4.020127779224429077e+01
4.037132767080289852e+01
4.052690726311553959e+01
4.066757594865696035e+01
4.079296094264489625e+01
4.090275940855042336e+01
4.099674027788428532e+01
4.107474576809984512e+01
4.113669259062927352e+01
4.118257284227773596e+01
4.121245457444441485e+01
4.122648203590307503e+01
4.122487558616501246e+01
4.120793127775100828e+01
4.117602010701376969e+01
4.112958693447492919e+01
4.106914907696255312e+01
4.099529457515419750e+01
4.090868014143962483e+01
4.081002879431240871e+01
4.070012718677620001e+01
4.057982263750202634e+01
4.045001987469593985e+01
4.031167750382539339e+01
4.016580421150153768e+01
4.001345471892233263e+01
3.985572549934012443e+01
3.969375027502520936e+01
3.952869531014840021e+01
3.936175451689820193e+01
3.919414439297682407e+01
3.902709880938262188e+01
3.886186366807839221e+01
3.869969144976661823e+01
3.854183567253708276e+01
3.838954528262095067e+01
3.824405899887337057e+01
3.810659963291457331e+01
3.797836840708384898e+01
3.786053929250166306e+01
3.775425338959269084e+01
3.766061337339276349e+01
3.758067802585034656e+01
3.751545687713424115e+01
3.746590497767549977e+01
3.743291782230600973e+01
3.741732644740542924e+01
3.741989272143892720e+01
3.744130484865716824e+01
3.748217310504326605e+01
3.754302582482917217e+01
3.762430565506875979e+01
3.772636609485114434e+01
3.784946833476686123e+01
3.799377841120551125e+01
3.815936468897150036e+01
3.834619568455437388e+01
3.855413824119238342e+01
3.878295606562021192e+01
3.903230863510416526e+01
3.930175048204329613e+01
3.959073086205750513e+01
3.989859381009941330e+01
4.022457858771707606e+01
4.056782052316666665e+01
4.092735224462949617e+01
4.130210530533481972e+01
4.169091219793220660e+01
4.209250875400434921e+01
4.250553692317062371e+01
4.292854792481531945e+01
4.336000576409031737e+01
4.379829110250871338e+01
4.424170547217001115e+01
4.468847582146128161e+01
4.513675937874454291e+01
4.558464881913691613e+01
4.603017771808325875e+01
4.647132627407944483e+01
4.690602728170404134e+01
4.733217233511558675e+01
4.774761824143951827e+01
4.815019362305022810e+01
4.853770568769519400e+01
4.890794714573483049e+01
4.925870325450275544e+01
4.958775897092229457e+01
4.989290619503098867e+01
5.017195108893626099e+01
5.042272140858554508e+01
5.064307379822101751e+01
5.083090101079790202e+01
5.098413903153100080e+01
5.110077409564924267e+01
5.117884960492276036e+01
5.121647296014919704e+01
5.121182233811860840e+01
5.116315345124040448e+01
5.106880633565873495e+01
5.092721221901398110e+01
5.073690052178300647e+01
5.049650604617576732e+01
5.020477640377055195e+01
4.986056897604545668e+01
4.946285029451055237e+01
4.901069795382299787e+01
4.850330510289121833e+01
4.793998748949530153e+01
4.732019296469184866e+01
4.664351328555381571e+01
4.590969798991149275e+01
4.511867005595765079e+01
4.427054300403033693e+01
4.336563904867738017e+01
4.240450786720860776e+01
4.138794551720339854e+01
4.031701301056708076e+01
3.919070822235491391e+01
3.800876447545721248e+01
3.677166679517721803e+01
3.548065836915370852e+01
3.413773709915911070e+01
3.274564226623803620e+01
3.130783146534787420e+01
2.982844809820796783e+01
2.831227984157191102e+01
2.676470863078517581e+01
2.519165281353748398e+01
2.359950223454054807e+01
2.199504710696416510e+01
2.038540160951437130e+01
1.826574808679784567e+01
1.624639151616891652e+01
1.433148297884543965e+01
1.252443819372090950e+01
1.082792383596361141e+01
9.243850793232084584e+00
7.773374375428589111e+00
6.416901416375403677e+00
5.174104129261542617e+00
4.043940503132771980e+00
3.024680956021171596e+00
2.113940892426461993e+00
1.308718749612558963e+00
6.054390593477527727e-01
