1.455485765896055890e-02
1.567907269229150136e-01
9.078752571031447616e-01
1.708472967873319925e+00
2.422673061903009462e+00
3.122980987782391971e+00
3.941982371641906902e+00
4.825873855877957475e+00
5.520181957158174946e+00
5.744342115988156472e+00
5.395726875487796725e+00
4.408389675655473461e+00
3.396684503126211840e+00
3.158395196126437376e+00
3.654510058170729270e+00
4.276849883498534233e+00
4.409317484286764177e+00
3.981121322990632816e+00
3.545490948869027381e+00
3.792875452181295515e+00
4.885340081635957787e+00
6.195340693237703533e+00
6.727700180701155830e+00
5.926049792057355603e+00
4.201473337423265342e+00
2.704942434696342435e+00
2.476379024051851729e+00
3.638370702564065695e+00
5.295977927208954661e+00
6.239234303675103455e+00
5.884231090500314565e+00
4.688903182029853234e+00
3.715275670570941546e+00
3.718528901174837475e+00
4.530137399682335086e+00
5.243740863316947554e+00
5.030171454625260274e+00
3.881253269396354177e+00
2.652660287509386539e+00
2.374680689933004185e+00
3.411897377249712093e+00
5.164697391672979698e+00
6.538782243256026305e+00
6.773737088867958001e+00
5.953650218261381077e+00
4.825520428155540387e+00
4.139856649540419653e+00
4.094132885646259545e+00
4.314402961031295725e+00
4.315684473506759211e+00
3.984538672807603099e+00
3.657760366371373362e+00
3.766822011729652253e+00
4.405107486947767548e+00
5.216050343299900582e+00
5.685812803709644037e+00
5.558975270090280141e+00
5.007852767231410596e+00
4.433501188251062430e+00
4.112942123032844677e+00
4.022640840572607068e+00
3.973317401637961321e+00
3.885717558827724627e+00
3.912247962063064577e+00
4.275145699312502323e+00
4.981483870840829553e+00
5.709238422339221408e+00
6.007682600176186050e+00
5.659147086871775478e+00
4.884092643251126908e+00
4.194434698972510311e+00
4.004687445290512571e+00
4.324519605257557409e+00
4.788347653793598724e+00
4.987809571606220516e+00
4.816444919803972269e+00
4.534354154715394714e+00
4.509158037854555268e+00
4.867650563365558902e+00
5.361850525315418281e+00
5.562866935866447982e+00
5.217275510608985201e+00
4.470176279751834514e+00
3.776433613027151193e+00
3.576120220768580271e+00
3.988381414631270605e+00
4.746211513041538765e+00
5.398367300776730104e+00
5.611286550936742223e+00
5.355996675183853029e+00
4.874694511407969166e+00
4.484263932060696511e+00
4.368373049498047500e+00
4.488946318302391880e+00
4.651871221600150541e+00
4.665316805325100624e+00
4.483658419763408176e+00
4.246518949951380684e+00
4.185194708274710962e+00
4.449709748497326700e+00
4.969787558397933402e+00
5.459048611813294372e+00
5.586469320667712957e+00
5.213901798555564682e+00
4.524947938306252304e+00
3.925069449097206231e+00
3.759116510642054543e+00
4.049696218208920229e+00
4.469315397426244729e+00
4.588799491234728301e+00
4.217624206925166597e+00
3.559992454180529009e+00
3.048495697943388816e+00
2.984988953800632228e+00
3.290356823816515508e+00
3.582140367557188565e+00
3.518864158817911481e+00
3.111112375000589125e+00
2.718487443474882692e+00
2.724540762514896297e+00
3.174042117986136446e+00
3.703924622051657956e+00
3.846271592123144956e+00
3.445363901330841028e+00
2.814521392094395669e+00
2.478786801720872290e+00
2.720039439349026811e+00
3.329241913695057509e+00
3.795976466973777885e+00
3.773034360333092252e+00
3.395122876930066091e+00
3.149966710655148106e+00
3.404296128200196225e+00
4.016197216561568695e+00
4.410499609833434143e+00
4.084978926883789718e+00
3.109632853013478471e+00
2.152940273612650834e+00
1.966647495987197569e+00
2.747165774675665251e+00
3.931401385202289323e+00
4.633055368850089728e+00
4.372051535056490579e+00
3.477809115552923380e+00
2.808800951678268376e+00
3.014836002335892662e+00
3.971975904932210533e+00
4.884432417888863398e+00
4.978440082252005183e+00
4.196956024411659492e+00
3.290858263226732028e+00
3.211534674744014772e+00
4.308355076833921160e+00
6.008629682894199853e+00
7.256201036943169314e+00
7.349612509476724398e+00
6.491040259042029525e+00
5.606613986947894368e+00
5.606579569620061321e+00
6.702666382389074862e+00
8.322476800432294652e+00
9.644494330975499352e+00
1.027313680964394216e+01
1.049797521064700945e+01
1.096824540833699047e+01
1.210768083607740309e+01
1.377648057636855228e+01
1.543287131527944567e+01
1.660928440553630381e+01
1.728138530573826870e+01
1.784786652946218766e+01
1.879271885466176784e+01
2.034396594688152859e+01
2.238509290189087153e+01
2.461545668682111909e+01
2.675598475763818840e+01
2.862470749575709306e+01
3.009265164560092742e+01
3.105995437402166814e+01
3.153298332974474860e+01
3.171645951302926392e+01
3.196117785423421154e+01
3.253244543019459201e+01
3.337417404318423308e+01
3.411198035362015446e+01
3.435708270754778937e+01
3.408228045923309679e+01
3.372076604745544159e+01
3.383996368358351958e+01
3.462216183975638018e+01
3.560388495551159593e+01
3.595620452739249373e+01
3.513547097117547935e+01
3.337916409302746246e+01
3.159622005077937246e+01
3.068152105386325701e+01
3.078298149248451310e+01
3.113316852169185722e+01
3.062432170266732712e+01
2.869505238784013557e+01
2.581764122055183464e+01
2.317585148974854903e+01
2.177249832047191802e+01
2.167321223866356306e+01
2.198906171442537527e+01
2.160606211273927002e+01
2.006987708328895437e+01
1.791833048739782441e+01
1.621136678536730358e+01
1.565765251963180482e+01
1.604955087148922033e+01
1.645057935307370656e+01
1.596487168987181349e+01
1.446130490289511883e+01
1.268379695565423937e+01
1.168339308987362735e+01
1.203613467892228783e+01
1.344764299148339859e+01
1.501075024345634468e+01
1.587181416065507022e+01
1.578306601908730578e+01
1.516269795227126238e+01
1.469445935618180243e+01
1.482912148557387333e+01
1.555990023654449317e+01
1.657259577751208823e+01
1.757217259519122621e+01
1.849737898074916131e+01
1.948681747353820981e+01
2.068707570745737456e+01
2.209752087817738797e+01
2.356693165232006493e+01
2.490114583247126490e+01
2.596220894797928480e+01
2.669314197787200627e+01
2.710670903342565197e+01
2.730830081684790756e+01
2.754716899310287559e+01
2.819693332390126983e+01
2.957931305738518546e+01
3.168826735822116447e+01
3.402478380848223338e+01
3.574902154655357833e+01
3.614555842983411083e+01
3.512063919817646962e+01
3.334725923137943226e+01
3.187877597994669898e+01
3.145011210726837092e+01
3.197125477979242447e+01
3.262895651002439479e+01
3.256664676749520027e+01
3.163358288102856974e+01
3.058032043309412984e+01
3.047229912581177302e+01
3.172969030640159360e+01
3.357415135465956268e+01
3.442434227905415156e+01
3.305536307731649259e+01
2.967082790597254771e+01
2.599380269292580081e+01
2.417344014311188261e+01
2.524017717472410993e+01
2.828071707377549870e+01
3.103663610550936980e+01
3.155508135562011418e+01
2.965972629236307512e+01
2.708027751479980694e+01
2.608870945412948572e+01
2.768109036724294825e+01
3.075710089817076565e+01
3.300289738114804550e+01
3.282264743502056348e+01
3.077094626422750068e+01
2.926920599735769457e+01
3.073526225602899586e+01
3.556412145558380900e+01
4.159672513830284402e+01
4.559091164285531761e+01
4.562288268107870692e+01
4.256577802653077214e+01
3.946980252155849200e+01
3.929732827482943947e+01
4.275907553899953228e+01
4.791657221442211778e+01
5.181804293105194148e+01
5.283455012611465662e+01
5.183832605913145386e+01
5.132524238564941754e+01
5.324282716042895203e+01
5.730651805938615695e+01
6.116372393805048802e+01
6.226310291962588650e+01
5.992620729417756564e+01
5.597869551177045366e+01
5.345661546927332353e+01
5.440723191102365774e+01
5.846461378389010122e+01
6.322211384141329660e+01
6.602345202857304685e+01
6.576910117045909487e+01
6.343841131618365381e+01
6.109138661758771605e+01
6.025057227299134865e+01
6.091391704386623474e+01
6.183619576932470352e+01
6.170581293319630589e+01
6.023108618172053497e+01
5.833448935483674092e+01
5.739484023033230642e+01
5.816779618330769352e+01
6.017690803090975038e+01
6.196988651458377007e+01
6.202868078313790079e+01
5.972588369914509343e+01
5.573837601740819281e+01
5.168572775180165735e+01
4.921653539825842927e+01
4.907638440965121873e+01
5.070565702915745021e+01
5.261861805843238926e+01
5.334537077648354142e+01
5.234017134000723104e+01
5.024143196233024611e+01
4.828683657090338954e+01
4.730182897329807901e+01
4.704150947263207172e+01
4.644248523201542156e+01
4.463214915613379929e+01
4.188013077201609491e+01
3.963380639543422035e+01
3.947339402106327100e+01
4.174413991536479784e+01
4.500286241394186248e+01
4.686033941616837240e+01
4.568254521213049202e+01
4.183982188918800205e+01
3.747521858656660498e+01
3.493820729116958290e+01
3.511922777365624171e+01
3.700166250781265376e+01
3.874798549448593121e+01
3.936480630253925028e+01
3.947970876412355068e+01
4.046438383027658858e+01
4.260106274105011437e+01
4.432342020858123988e+01
4.343863879943180706e+01
3.908552047752742453e+01
3.290544754524066917e+01
2.846950676944695147e+01
2.924565575570473897e+01
3.621390231714315178e+01
4.575722267427126866e+01
4.610166573870472462e+01
4.453500669239057430e+01
4.348920048784245296e+01
4.376274657616663433e+01
4.407321573599181619e+01
4.245745537045318940e+01
3.676866501926665620e+01
2.582681981597986010e+01
1.124858161263815148e+01
2.202220167826700603e+00
2.999568501271926979e-01
