1.050145886745985392e-02
1.165180930735846276e-01
6.939389248200854565e-01
1.469826379805006633e+00
2.293269828469425065e+00
3.084666977096764295e+00
3.856123137363553166e+00
4.609153618939338948e+00
5.261373169594371291e+00
5.649868768714087608e+00
5.614945820877154326e+00
4.947941370802233507e+00
3.925264805151129632e+00
3.202642418644171318e+00
3.132260568908722842e+00
3.604931614644458993e+00
4.151310456163900042e+00
4.347042844605594425e+00
4.192318367031711013e+00
4.112019717247368256e+00
4.539578410990695367e+00
5.443245548099012510e+00
6.232785128337603453e+00
6.186726069608528888e+00
5.096002699090503185e+00
3.561866946896278474e+00
2.618821416311075900e+00
2.938137424781550600e+00
4.271438292590544528e+00
5.628496024770629269e+00
6.065757345422939650e+00
5.427932786459277459e+00
4.413387069242705074e+00
3.915594048401248362e+00
4.226119454048085977e+00
4.806973228613843574e+00
4.831490768889754150e+00
4.000399543492947352e+00
2.885980653149740061e+00
2.476325080825678260e+00
3.311372550142930749e+00
4.975971596430239785e+00
6.404777783945100111e+00
6.736638119033250938e+00
5.975089228209446546e+00
4.895220498041011226e+00
4.313895390335320101e+00
4.397031727235260590e+00
4.616991723212471754e+00
4.362099212208502053e+00
3.602859501734043235e+00
2.978873854166552704e+00
3.216002241587867960e+00
4.409746418154737668e+00
5.843941859773680747e+00
6.533757970444647789e+00
6.027496415671890873e+00
4.766268815156892380e+00
3.693463273879567854e+00
3.467916976889674707e+00
3.970845314443383511e+00
4.514783301735644017e+00
4.529568694761335834e+00
4.088848671273852098e+00
3.809740619405627804e+00
4.238351999107161205e+00
5.294185009208925763e+00
6.280707425575315916e+00
6.453433121700863140e+00
5.643616616211722281e+00
4.399581986913753795e+00
3.541549447399337858e+00
3.528778495341256427e+00
4.169621825110020552e+00
4.875350181261655536e+00
5.185160112578294900e+00
5.092710270765754998e+00
4.930029022363583202e+00
4.977038082659434259e+00
5.184925902085816496e+00
5.253855535560306933e+00
4.957362469087268408e+00
4.388599242373764753e+00
3.901302001884024317e+00
3.814553553146541098e+00
4.159191723937911256e+00
4.683411922846012487e+00
5.084565135473704700e+00
5.238343754242659855e+00
5.228222535258381320e+00
5.185531443310090083e+00
5.124981359905709688e+00
4.942509246095024622e+00
4.566045397331802036e+00
4.095112233171673388e+00
3.778006908581761358e+00
3.833772149155961095e+00
4.273474352915257235e+00
4.875875168516476954e+00
5.335422440751348638e+00
5.458240571596583379e+00
5.258020670545827890e+00
4.902663538866303128e+00
4.581336459933454286e+00
4.398833999398749306e+00
4.350469429587013437e+00
4.358262281652473646e+00
4.324984593264311172e+00
4.184339690353692021e+00
3.942519004580125497e+00
3.691921857182959954e+00
3.564235282113477066e+00
3.624164690871670480e+00
3.776365785706457867e+00
3.789536282588410021e+00
3.468187598379242509e+00
2.860225463488031306e+00
2.308029494018797312e+00
2.240273000100434508e+00
2.821769468938795544e+00
3.744709024531067243e+00
4.381482462486727236e+00
4.237537513949460433e+00
3.364316394735125559e+00
2.374389671098730670e+00
1.998696728420182422e+00
2.513298266150021831e+00
3.505739990747537504e+00
4.198414693389666219e+00
4.085476649909492330e+00
3.357920202253368291e+00
2.746158817377356787e+00
2.892263241225590420e+00
3.773417664565758667e+00
4.676282949217443807e+00
4.769479399119528118e+00
3.811622189228673463e+00
2.400512526968815674e+00
1.538123342664873716e+00
1.853211477079791170e+00
3.112216438721956635e+00
4.414193565896221472e+00
4.903109875241081106e+00
4.412529756698200245e+00
3.529897762833656305e+00
3.060088562370799181e+00
3.359756032819005700e+00
4.095844212357768299e+00
4.600245531713008873e+00
4.485501999971805986e+00
3.984325967495034870e+00
3.735403060043364309e+00
4.220152476173295142e+00
5.342731150305312759e+00
6.504352255844493946e+00
7.092239626570985500e+00
6.960986032120166200e+00
6.513966807103633627e+00
6.348677257204268010e+00
6.792255358877662630e+00
7.715406870467778511e+00
8.742662042167918202e+00
9.629026664022285686e+00
1.045296863161867762e+01
1.147192101975718614e+01
1.280562022657830212e+01
1.426333581318501587e+01
1.548593961808188446e+01
1.627528511216438645e+01
1.680684622298899811e+01
1.752469656988423097e+01
1.880275270240157326e+01
2.066324141770664369e+01
2.278796672307441540e+01
2.479485234041946740e+01
2.652191686572996687e+01
2.806970435728160851e+01
2.958742151837329359e+01
3.102878507336391323e+01
3.212831600903427898e+01
3.263523674768121197e+01
3.258903833627635294e+01
3.236603429982194768e+01
3.242681940568937193e+01
3.297045307648824775e+01
3.379714671721172436e+01
3.450198239595881233e+01
3.482544696690880670e+01
3.484404318791681021e+01
3.483242679299684852e+01
3.493685095379640870e+01
3.498287999079422406e+01
3.461977084005950900e+01
3.368067433846148617e+01
3.241124925417661728e+01
3.131483470819748405e+01
3.071316126039233652e+01
3.041212374926811535e+01
2.980870856427146975e+01
2.839613691246845661e+01
2.624639370367662394e+01
2.402615354897990230e+01
2.248680442317872874e+01
2.184183001593457618e+01
2.157916048971952705e+01
2.090377678455537236e+01
1.945171578650056077e+01
1.764888679329479615e+01
1.636804434877148395e+01
1.614792828678263348e+01
1.665138679646862485e+01
1.687162797979061679e+01
1.596265777938687513e+01
1.400797034614636516e+01
1.205178420681763285e+01
1.131886231802559628e+01
1.224216166735716627e+01
1.410345078137660479e+01
1.559501075258148717e+01
1.584306820947155892e+01
1.504936633964655002e+01
1.423668024027735335e+01
1.434445124350378542e+01
1.545881737207981743e+01
1.681995011725103950e+01
1.756292733547317653e+01
1.751948748248673127e+01
1.737823567302080718e+01
1.807952374930859207e+01
1.998848093446069996e+01
2.256338197655498590e+01
2.478365631619084652e+01
2.594169002732495954e+01
2.611941674057938556e+01
2.599163696068789875e+01
2.620536542327449681e+01
2.692184053161694379e+01
2.789069658094469872e+01
2.888920532961517651e+01
3.002285394819202580e+01
3.155917438959858146e+01
3.347066017194149623e+01
3.519443851788189903e+01
3.593830100914550485e+01
3.532788617526613706e+01
3.380861485511827169e+01
3.237760802444010011e+01
3.181323885837238663e+01
3.205960597313111293e+01
3.233643302455651281e+01
3.191736083306859229e+01
3.089428715566998918e+01
3.020122648289362743e+01
3.079355950389519947e+01
3.265174651880482060e+01
3.451525053342504634e+01
3.469834651081309573e+01
3.242301167361021896e+01
2.859712547706283914e+01
2.533245619711513896e+01
2.448077821621306072e+01
2.628086756861561568e+01
2.917622800206219580e+01
3.097872523403156109e+01
3.050408693798626913e+01
2.842429381165679203e+01
2.668043535491086260e+01
2.691661953634512372e+01
2.916050335627817347e+01
3.179130265473546402e+01
3.284044451003030218e+01
3.162785756403667037e+01
2.944985457832227382e+01
2.873129200107307213e+01
3.121919349615008343e+01
3.655358456580145088e+01
4.232329754619227202e+01
4.564616922452069758e+01
4.517837562262050000e+01
4.209820661208446069e+01
3.931575555637648023e+01
3.944195213031147063e+01
4.297531808230660033e+01
4.803293387077123100e+01
5.182736206943189927e+01
5.278629958823555768e+01
5.170818245354055165e+01
5.105670824407295783e+01
5.291862084322954729e+01
5.720864792326485571e+01
6.156376411899910295e+01
6.308893408069334185e+01
6.065821756566234058e+01
5.598005245981227063e+01
5.253051012651380347e+01
5.308712898109279621e+01
5.770048089179379502e+01
6.364187083164740955e+01
6.737256398151575354e+01
6.704582997438717484e+01
6.367213262850722799e+01
6.013784357858200025e+01
5.892301366761542880e+01
6.031423467775965719e+01
6.243752124981330809e+01
6.296340812991286384e+01
6.105230905743757575e+01
5.800355688895930228e+01
5.616473798041040055e+01
5.703031883560248616e+01
6.003141946576290167e+01
6.290768901324919682e+01
6.331397748909526513e+01
6.043475949222576560e+01
5.547563812911297987e+01
5.079490633252149934e+01
4.838816620276246994e+01
4.877142204439402207e+01
5.089626058105724837e+01
5.298484022403746252e+01
5.363949831749945929e+01
5.254186615057574983e+01
5.041419940394316512e+01
4.837870073101458246e+01
4.716369042701334280e+01
4.665317962777562855e+01
4.606117656062023258e+01
4.462581308860428209e+01
4.235003261537787012e+01
4.021112839141436268e+01
3.956963073857669855e+01
4.110076146485396009e+01
4.403612064896496747e+01
4.641032219301143158e+01
4.630237105924503282e+01
4.322997405332754539e+01
3.861366739803875703e+01
3.487506843104289089e+01
3.379339997371185689e+01
3.536086404596319710e+01
3.802114939373043967e+01
4.007181593544806475e+01
4.101434157571589623e+01
4.160830730298964397e+01
4.252595158087441263e+01
4.323168471148832026e+01
4.232860609526478157e+01
3.887809365006230422e+01
3.369023131522187953e+01
2.949310718967971212e+01
2.960999325131482962e+01
3.565000825024833375e+01
4.479745029615067864e+01
4.548176820885269933e+01
4.463201274771639504e+01
4.413677749353171009e+01
4.446457473292067419e+01
4.441207819008573665e+01
4.236961732093497091e+01
3.649373738416484514e+01
2.562647457628604997e+01
1.117853266394391554e+01
2.189267279643340558e+00
2.985671311228671465e-01
