1.520702867995186391e+00
2.694718261431266360e+00
3.386176122217261941e+00
3.645683033911605975e+00
3.602428324354230771e+00
3.375819020315527830e+00
3.053304900537302302e+00
2.699620875623224947e+00
2.356475033316250300e+00
2.042971475233760437e+00
1.788175084765986744e+00
1.679819398297238475e+00
1.860403191681933244e+00
2.430044954508478572e+00
3.318099805208288622e+00
2.732449488721299335e+00
2.480977772778081736e+00
2.548916958958598489e+00
2.755646404123329507e+00
2.955595292306369082e+00
3.098590854752629742e+00
3.156406424771486474e+00
3.084271799384601387e+00
2.899517257750384047e+00
2.756097744851245590e+00
2.852649205440230595e+00
3.210887084630430710e+00
3.567990769466319545e+00
3.564888997863055575e+00
3.102271382601773375e+00
2.506979323488613964e+00
2.011404042100821243e+00
1.876127985451184976e+00
2.113246422094002597e+00
2.438746383142198493e+00
2.551731295165649005e+00
2.455561447803704667e+00
2.454705329269394998e+00
2.802783388693653954e+00
3.376598981055859650e+00
3.751619321735680135e+00
3.628053382467767651e+00
3.158309011025600910e+00
2.805638029742927309e+00
2.860016833473843612e+00
3.123831395219328844e+00
3.124571341076421760e+00
2.583744494719020679e+00
1.771875128234288166e+00
1.345810550928878468e+00
1.764101776439606750e+00
2.830794316986026349e+00
3.831866764100533285e+00
4.154388052908754680e+00
3.793627673159415181e+00
3.264799049659882879e+00
3.038254683201645268e+00
3.089809252537612405e+00
3.014243682954895309e+00
2.548165715879307403e+00
1.923614724986289382e+00
1.667250034746674991e+00
2.057241439731966270e+00
2.795586600124539522e+00
3.253913897866982818e+00
3.070648847534713344e+00
2.508207072582419261e+00
2.207311857627044294e+00
2.575814107246948037e+00
3.410587797133046273e+00
4.108389163608042516e+00
4.231479247988150227e+00
3.861300925348409852e+00
3.422542054443774795e+00
3.209496863681146728e+00
3.122633553822873331e+00
2.862342064719106016e+00
2.332605355987985796e+00
1.805636158644708500e+00
1.673065774938306216e+00
2.052875456004991328e+00
2.665876319577305420e+00
3.103383258609233142e+00
3.201196957240540097e+00
3.141577663453085645e+00
3.205768365164875622e+00
3.460432667810007246e+00
3.703561868250514255e+00
3.697271786141931305e+00
3.414559580693602214e+00
3.041746016347587123e+00
2.766148489675364530e+00
2.606106426138382837e+00
2.463825938857882925e+00
2.309271283057816593e+00
2.255186054665613504e+00
2.423995478152483507e+00
2.765884023765260658e+00
3.058391917117340153e+00
3.113214100642208937e+00
2.968292093728153169e+00
2.843308298788582711e+00
2.897263252559120428e+00
3.057610119487764511e+00
3.120654777594395135e+00
3.015649738707874228e+00
2.922603524048218659e+00
3.079829524054704226e+00
3.469921151710643858e+00
3.741781675651519201e+00
3.500851326977232336e+00
2.700142217782802501e+00
1.724627816469523900e+00
1.057497894558419915e+00
8.551585502641895209e-01
8.691027250773066815e-01
7.966237489931831117e-01
6.802582534102933343e-01
9.046941481065589041e-01
1.758865800471721919e+00
3.012993562126571323e+00
3.986555832914075559e+00
4.097394070608738836e+00
3.373620529404701252e+00
2.416125381473749556e+00
1.836972622445191217e+00
1.726796683290543921e+00
1.675046948761141241e+00
1.300576572510830919e+00
7.258308482030370046e-01
4.896349827196747051e-01
9.819388016678133324e-01
1.990490400545263050e+00
2.845158248743726581e+00
3.032679973087613945e+00
2.665218437341934532e+00
2.328698191936249273e+00
2.467785725417032783e+00
2.934959166667724162e+00
3.158515516085643071e+00
2.749163574670031807e+00
1.920956114220096822e+00
1.300222829075315722e+00
1.323300006863779021e+00
1.833489642410664366e+00
2.269725666966598610e+00
2.233946149139030002e+00
1.857717712664654020e+00
1.621751254601807135e+00
1.850278718723918248e+00
2.411955069156479059e+00
2.909375786493080707e+00
3.118571313817416701e+00
3.199863168539391012e+00
3.474158776136176296e+00
4.030877806487757731e+00
4.599998894034170505e+00
4.821809228565607341e+00
4.621094042849267503e+00
4.293288662286037116e+00
4.226488029536782598e+00
4.560521411277485448e+00
5.123165624546073715e+00
5.666572928475453352e+00
6.116632582124598372e+00
6.575959245971749745e+00
7.129626145158900030e+00
7.726541118143377851e+00
8.295436837574275302e+00
8.945215583020454275e+00
9.965732589086018223e+00
1.155913853330474161e+01
1.356143389836385360e+01
1.547553912268624821e+01
1.683238845219527136e+01
1.754154820780369661e+01
1.788340923032756535e+01
1.816390604986619906e+01
1.841228087250757284e+01
1.845443668591439845e+01
1.827310599953228376e+01
1.822334063543871352e+01
1.879872276533922815e+01
2.013288310495964595e+01
2.175438229273571622e+01
2.290621629227796063e+01
2.317307251182587535e+01
2.281433142437703765e+01
2.246292358145013779e+01
2.248047405373873175e+01
2.261664726921906876e+01
2.232090659357837836e+01
2.138581797230255788e+01
2.024642581431573873e+01
1.959889060928794891e+01
1.970271186287283882e+01
2.007766531222603490e+01
1.992950066449411750e+01
1.890567930994221868e+01
1.743618162132930749e+01
1.631541262898748457e+01
1.593399667901782379e+01
1.591721465975264138e+01
1.551895901612153850e+01
1.436761321250907031e+01
1.281956575972907686e+01
1.158316591008457408e+01
1.101148696151544115e+01
1.078306346169070196e+01
1.028168463709925540e+01
9.273438344833692781e+00
8.183998456208499306e+00
7.690786316606932793e+00
8.037849578257938887e+00
8.758262488094390008e+00
9.082495896767026622e+00
8.638803783878948650e+00
7.779681476485850844e+00
7.246150360921494560e+00
7.514347132556756570e+00
8.435995342235749206e+00
9.457031657677612557e+00
1.013721123386929612e+01
1.045451335051186526e+01
1.065727597001056459e+01
1.089831443582171921e+01
1.106686104224801248e+01
1.097715619920721508e+01
1.067857726864164292e+01
1.053250812664574632e+01
1.095567503553567867e+01
1.207404567314215882e+01
1.361476212409017705e+01
1.512412142482610911e+01
1.629808667823630586e+01
1.714091122994647165e+01
1.786151223282077183e+01
1.865307714671844508e+01
1.955492283527500774e+01
2.046201598713919978e+01
2.120504852121051442e+01
2.161464177953920895e+01
2.156888479317483842e+01
2.106338394099032030e+01
2.028065568900636251e+01
1.956617156594068518e+01
1.926261252248891509e+01
1.949531083249791408e+01
2.008667036690303576e+01
2.068809401919018498e+01
2.102264779351249047e+01
2.102853052923846278e+01
2.079841432594759709e+01
2.041940514718471178e+01
1.990924050905204723e+01
1.931384757271455399e+01
1.882018931907108339e+01
1.868906717814903118e+01
1.900371088084800775e+01
1.947125316256031979e+01
1.953198236769596008e+01
1.876430499844374111e+01
1.726466983939118904e+01
1.565055834157294079e+01
1.464661084785704048e+01
1.459064425556186606e+01
1.527499068599517784e+01
1.623196644425787483e+01
1.716694898421536664e+01
1.812693891121603684e+01
1.927587105436975889e+01
2.054839925359172170e+01
2.157314414879167686e+01
2.197484474734518045e+01
2.176437094697987362e+01
2.141227905037069235e+01
2.149905505513084947e+01
2.225400367425644887e+01
2.341575495086099323e+01
2.454166601889286881e+01
2.545818030261925813e+01
2.640776888130667999e+01
2.774857126533537155e+01
2.950957365695812129e+01
3.125796065309669558e+01
3.243778453951873786e+01
3.287350789779998195e+01
3.295377075905911823e+01
3.330337627695314495e+01
3.423922444626948902e+01
3.551487986123630947e+01
3.658062508196930906e+01
3.709099989465647695e+01
3.716769721910645785e+01
3.719236181852889445e+01
3.737373798699069027e+01
3.754485574280242588e+01
3.739729158104454143e+01
3.690267871525519894e+01
3.646557022923321512e+01
3.661183286779477442e+01
3.749341072387572638e+01
3.870321959135473122e+01
3.960893100256733135e+01
3.989670910763197753e+01
3.978821183902678627e+01
3.971185026245912297e+01
3.977424274463856335e+01
3.960841440759262611e+01
3.874756018983429584e+01
3.715279861531755756e+01
3.536003236016716755e+01
3.407065272349717588e+01
3.355800478871996262e+01
3.346373446674459728e+01
3.319651150024235875e+01
3.255059916883892157e+01
3.192087311565715524e+01
3.187489619108327332e+01
3.250222212712254333e+01
3.323068394991960872e+01
3.335891413037269615e+01
3.280020286976046862e+01
3.201451412890483539e+01
3.142295798655724326e+01
3.088205507157224616e+01
2.976843911474412963e+01
2.765637469523023029e+01
2.496224953335897823e+01
2.287178251400713691e+01
2.247856841853028698e+01
2.382988384470207066e+01
2.576839898153743746e+01
2.681928330075045608e+01
2.642164148433002779e+01
2.541997180497961040e+01
2.533347560797248477e+01
2.585869799332624908e+01
2.630019827720407122e+01
2.619991622860777980e+01
2.573028308470340519e+01
2.544561012553718626e+01
2.557875749090424833e+01
2.556141729183387312e+01
2.434828996450193372e+01
2.143834860133002351e+01
1.776935271120353121e+01
1.558857135579724229e+01
1.714660016738589832e+01
2.306450378907062415e+01
3.162247193588425631e+01
2.966706874342213496e+01
2.770470129031934192e+01
2.617646702396043068e+01
2.532448367576995452e+01
2.503934484555218631e+01
2.499748551462559121e+01
2.497520530064223365e+01
2.503710279626961466e+01
2.536946028232372541e+01
2.583988631050961260e+01
2.566288182134525897e+01
2.355586704875253545e+01
1.842368714355490411e+01
1.016245973242837231e+01
