3.212885442434884609e-02
3.414094819884448961e-01
1.946587148318014826e+00
3.393294148281665645e+00
4.237709712019046115e+00
4.491603326325732226e+00
4.457257169886245762e+00
4.373882371698051941e+00
4.385679418036442456e+00
4.562928756512265593e+00
4.817065783208043683e+00
4.346523322373665899e+00
3.504105694606437726e+00
3.313022855310429282e+00
3.732953830490230995e+00
4.311269381925042943e+00
4.652757779717257236e+00
4.691061837071099028e+00
4.621931645338836603e+00
4.657239163943745375e+00
4.818457630771543876e+00
4.908315193613688621e+00
4.706311772637319812e+00
4.242700949939646193e+00
3.848221391391813739e+00
3.901638529110758924e+00
4.503527163583747495e+00
5.347946563694540245e+00
5.896357875846768515e+00
5.738261968234636079e+00
4.894257657554970109e+00
3.843223899900638507e+00
3.226068389467020570e+00
3.405043776979646886e+00
4.187781248371527987e+00
4.942619108519764382e+00
5.061741394589713394e+00
4.447253146725435258e+00
3.628536202486716267e+00
3.368354131513627614e+00
4.029354555598632537e+00
5.217407982941772104e+00
6.043642339069913660e+00
5.842973419923809253e+00
4.763661114908392946e+00
3.696591027800706364e+00
3.551660797849132134e+00
4.471437029270457941e+00
5.671621878890992008e+00
6.083335632535558979e+00
5.268318167295651833e+00
3.813305409765415099e+00
2.846320265278149630e+00
3.087257670301066348e+00
4.260511847663564389e+00
5.375578601059954664e+00
5.606640968090437660e+00
4.976108328933015024e+00
4.246381739238362485e+00
4.157941397080363366e+00
4.739447882491168329e+00
5.320744157891832415e+00
5.207317729716886667e+00
4.363068169972170729e+00
3.462758782744552732e+00
3.282508183156902071e+00
4.010447336357565895e+00
5.108401916315267854e+00
5.817748850409404149e+00
5.807481873850388610e+00
5.368901605940940236e+00
5.028578141479535191e+00
5.005577214574160827e+00
5.049432387482268858e+00
4.783645393489308617e+00
4.172841339847664699e+00
3.626838216397218151e+00
3.634430436212969795e+00
4.291095892474583451e+00
5.183366732966830703e+00
5.736865146155202488e+00
5.689324915240888458e+00
5.249602910097888042e+00
4.828003567725769329e+00
4.635593912353540347e+00
4.547069687540822969e+00
4.329630337324820388e+00
3.969336479909607807e+00
3.745265682484600234e+00
3.972966693300275409e+00
4.674994042493347379e+00
5.503641689577644769e+00
5.989460915268042029e+00
5.883193011330876132e+00
5.295502527738256582e+00
4.554416674724996561e+00
3.957155904708952843e+00
3.640993056003761108e+00
3.625061343728360530e+00
3.893992949241874335e+00
4.396651420308562486e+00
4.987175086212150887e+00
5.438696573801392375e+00
5.579525775417566003e+00
5.430073507775062147e+00
5.171508015574732831e+00
4.940250957575107904e+00
4.654726871768413154e+00
4.093193747898185464e+00
3.196615127942359358e+00
2.298264517638658244e+00
1.984361121891433877e+00
2.619152549577484557e+00
3.931638499942339049e+00
5.085738943560515146e+00
5.263007973064347311e+00
4.308828670635203473e+00
2.882319217356362095e+00
1.946990917420714950e+00
2.011614085698490761e+00
2.762364243390504903e+00
3.394680575422836188e+00
3.343686880581234533e+00
2.768968237968185253e+00
2.377555508164014952e+00
2.758181413911199531e+00
3.822422275168687822e+00
4.839021978755695841e+00
5.022709925202447856e+00
4.170952115436040053e+00
2.826537734653114420e+00
1.861213196285541382e+00
1.842762789351769959e+00
2.679256610170824615e+00
3.765122786880120920e+00
4.452003691948070774e+00
4.463741141436528892e+00
3.985854515321761493e+00
3.438387021831227131e+00
3.150048468966624160e+00
3.166287721211485717e+00
3.288477181301698415e+00
3.280034673738050355e+00
3.082294163167857981e+00
2.887653152999364981e+00
3.008399830450187995e+00
3.618245912361665262e+00
4.554729832599676342e+00
5.361432330352358555e+00
5.586441650023857619e+00
5.135001736555669716e+00
4.386104133851524089e+00
3.940190027237024051e+00
4.172211244579185241e+00
4.957623817151262990e+00
5.817017481258277556e+00
6.361982115553267647e+00
6.640131257189230141e+00
7.052691233317062824e+00
7.913119526200527609e+00
9.071470522217612853e+00
9.994024525036868667e+00
1.026435468254731909e+01
1.004731011225827331e+01
1.004979618484754944e+01
1.096091888492838429e+01
1.285355159151230531e+01
1.509859986611101768e+01
1.689143066158547057e+01
1.792549941603039443e+01
1.860496928345631318e+01
1.961339993065295673e+01
2.125553049770234537e+01
2.319489626719621356e+01
2.482303036542297647e+01
2.588587603469599685e+01
2.674702968698386130e+01
2.802375335588378391e+01
2.994567286773456516e+01
3.206158427103456887e+01
3.358814289113060880e+01
3.407706065828897124e+01
3.377439504300605222e+01
3.334907031245731446e+01
3.327761262932888542e+01
3.349009709925826428e+01
3.360037599386779306e+01
3.344684892636760054e+01
3.335534265516533736e+01
3.382098826605403730e+01
3.491137556396456887e+01
3.601209068712645944e+01
3.623377675937522469e+01
3.515426685506298554e+01
3.320920747039341592e+01
3.133908579471295397e+01
3.018939578494833498e+01
2.959172186945249905e+01
2.880555214509541173e+01
2.729343046130624018e+01
2.529693780142664750e+01
2.365790181431016492e+01
2.303138283303377065e+01
2.321427118262876377e+01
2.322799945735879490e+01
2.211895568906055942e+01
1.978886156774378335e+01
1.712768930962625191e+01
1.532502322751136781e+01
1.494130614994183048e+01
1.551191355876097866e+01
1.598683607275008001e+01
1.560482030974817569e+01
1.446732642512631095e+01
1.336982204455931900e+01
1.308194708149467900e+01
1.370023837063979499e+01
1.459374256223063604e+01
1.495145273353090332e+01
1.446096345456131971e+01
1.357229993276440183e+01
1.315342037994213520e+01
1.382138832700648123e+01
1.546828368276430332e+01
1.733643534867551850e+01
1.857736263554662770e+01
1.887038223633306444e+01
1.863897081749569296e+01
1.870846013789487472e+01
1.967121765366647779e+01
2.144828970414258151e+01
2.338317071766032029e+01
2.478236159196622523e+01
2.545796110227737330e+01
2.582840943045669846e+01
2.650785468134955636e+01
2.775387480667864892e+01
2.926342895069305072e+01
3.048920218563833018e+01
3.116877374096232955e+01
3.155877374496981957e+01
3.214588389706798921e+01
3.311638327017789152e+01
3.411734559453027060e+01
3.457163616321508925e+01
3.425523756901024797e+01
3.355168944587294533e+01
3.308710064802434658e+01
3.307536453226904172e+01
3.305061304816065615e+01
3.233846723581995519e+01
3.087519653914563023e+01
2.954169856945505757e+01
2.953774748800559991e+01
3.123091791956083441e+01
3.353431683765678173e+01
3.453671265724364758e+01
3.301993367381261635e+01
2.960488178481665145e+01
2.644315804775605372e+01
2.556795201643753401e+01
2.722771922228458052e+01
2.964572258156576723e+01
3.049147532890317791e+01
2.887387113070095168e+01
2.616225371437857206e+01
2.489135218472953071e+01
2.662532264887796174e+01
3.056150355193746648e+01
3.406391667586751737e+01
3.472611496593069091e+01
3.230905523590682549e+01
2.900963977016038342e+01
2.785945082224462865e+01
3.050561926451681316e+01
3.604207192887894706e+01
4.169255099696699318e+01
4.475699235515337904e+01
4.439014145259885424e+01
4.202238075706938503e+01
4.025246681852684816e+01
4.105567941498955520e+01
4.451485939317947071e+01
4.886513368535715784e+01
5.178162002206249781e+01
5.205421883233604063e+01
5.052245962303506133e+01
4.956694803038010377e+01
5.138966074009080387e+01
5.622240410994105986e+01
6.182284369081342135e+01
6.483718061300140789e+01
6.323391169994138039e+01
5.804111696897118833e+01
5.292760303340201489e+01
5.171421351751303774e+01
5.557466264874787498e+01
6.209672621454291175e+01
6.703913218160242593e+01
6.749799405179001610e+01
6.401234030974191569e+01
5.994051426460803356e+01
5.863988901226623796e+01
6.077286557834651859e+01
6.392964506818908887e+01
6.480455905929642313e+01
6.204357562490230293e+01
5.738355550939476046e+01
5.420569669870867813e+01
5.479306146181976089e+01
5.856853312500471986e+01
6.264206415551959140e+01
6.404305893236907821e+01
6.175853353147555680e+01
5.709790301227670284e+01
5.242185529877974659e+01
4.949676840692418267e+01
4.871441043647589453e+01
4.941863112077110287e+01
5.066976897118011181e+01
5.171784666341565639e+01
5.205772040630992592e+01
5.141733923879520063e+01
4.990169733383223161e+01
4.807120847725401092e+01
4.662420195651376531e+01
4.579255534539900196e+01
4.504598153168567620e+01
4.357551622478613496e+01
4.126281153115881750e+01
3.918419606812429379e+01
3.893906152966528822e+01
4.117802658544650285e+01
4.464035105708951079e+01
4.676960405058925829e+01
4.561076162189815619e+01
4.143750348564434205e+01
3.665896694144880996e+01
3.399331659062114142e+01
3.442477045287907345e+01
3.670363178476414845e+01
3.879351245279556792e+01
3.984625531816907795e+01
4.069012253670798174e+01
4.223781444466350621e+01
4.388859715750468382e+01
4.377787540403819122e+01
4.042390627400694569e+01
3.452225381940510118e+01
2.932239439707639050e+01
2.894472989196528800e+01
3.536653871415548878e+01
4.519693950197181920e+01
4.508539616435106012e+01
4.321775299211503807e+01
4.230282994567907195e+01
4.328806583849827661e+01
4.478737817806018029e+01
4.450082571399242681e+01
3.966705210250169955e+01
2.849897351316845828e+01
1.256919511752822594e+01
2.469467165395107688e+00
3.381681425376132366e-01
