2.190980649313805165e-02
2.368136068733052157e-01
1.375427373306321144e+00
2.618497425967252212e+00
3.686036985749979067e+00
4.394365346922255888e+00
4.690029650485703527e+00
4.636172746555699220e+00
4.464444323388049973e+00
4.459856242166160278e+00
4.702775811992887078e+00
4.581788897026889629e+00
4.051391098306551974e+00
3.612183887409660787e+00
3.435605424832581356e+00
3.627998092226409010e+00
4.128847618856957169e+00
4.680873433202001443e+00
4.995679779294111000e+00
4.991407666918216357e+00
4.841387521043658104e+00
4.759654379384943290e+00
4.752579007521485543e+00
4.626100726994772927e+00
4.263108626040825300e+00
3.874703331910653858e+00
3.900969900512577748e+00
4.572220657402078281e+00
5.546350425154227715e+00
6.059458482931295187e+00
5.563376916055730703e+00
4.295788565114924573e+00
3.192504731386165417e+00
3.120513201303829032e+00
4.083372367503432798e+00
5.158859775211323218e+00
5.299576049734962879e+00
4.308335360057391483e+00
3.078117523370795361e+00
2.823322588066558225e+00
3.966599333699282859e+00
5.701553369982965691e+00
6.661253648733691968e+00
6.110733636289594095e+00
4.588604513521764794e+00
3.417623728829009444e+00
3.533606168455992513e+00
4.692646331794058767e+00
5.750436315105656782e+00
5.720703004626981780e+00
4.633730707913336744e+00
3.445329183106362603e+00
3.139973102211058187e+00
3.880708794888438007e+00
4.950935478693262226e+00
5.464655479570973640e+00
5.140767892515923698e+00
4.452936177316647814e+00
4.099431254687242898e+00
4.350567412941943601e+00
4.870507514468288335e+00
5.106541608679092015e+00
4.817740141529601949e+00
4.252835401319679853e+00
3.876163155541404226e+00
3.957940713650294651e+00
4.405438329392598718e+00
4.922060557093692168e+00
5.274479002160768815e+00
5.412007117238879061e+00
5.391791796397961356e+00
5.259602349957093637e+00
5.027274328810585224e+00
4.732388263344544654e+00
4.466292788292215654e+00
4.317162254475547911e+00
4.298599773083789266e+00
4.359043249199240577e+00
4.463503085116972358e+00
4.640101924283731805e+00
4.919607015345645706e+00
5.232496773541278401e+00
5.401047890691200948e+00
5.272509457981167991e+00
4.873950153524848616e+00
4.419949132654040547e+00
4.144341503910895064e+00
4.116290836216885296e+00
4.228039168226986888e+00
4.361515760963152744e+00
4.540351427722149502e+00
4.879620826805819434e+00
5.371258958266148298e+00
5.753296612789575271e+00
5.661924058069804921e+00
4.976150538984058791e+00
4.024536555040569397e+00
3.403254520683596684e+00
3.513002175901716040e+00
4.218332928136257820e+00
4.957166646003575927e+00
5.224204428055491789e+00
4.996011114275530574e+00
4.707004955316627992e+00
4.798939581286977507e+00
5.265179675245431845e+00
5.617460616586045674e+00
5.311888338346521188e+00
4.251752353292985731e+00
2.922667196585597260e+00
2.050452042524263607e+00
2.080196357139437513e+00
2.893298991397481590e+00
3.940673687675228631e+00
4.629066392821435727e+00
4.653636610408475427e+00
4.091738588221704553e+00
3.283887125637630078e+00
2.630487236494625236e+00
2.401924049555420382e+00
2.610601514146267288e+00
3.000026190310791208e+00
3.204706751166082057e+00
3.033480028780277227e+00
2.675150811123354622e+00
2.602318960417877580e+00
3.167756499215628629e+00
4.201673262619587845e+00
5.010657807955101184e+00
4.882023271647487839e+00
3.722261399583085328e+00
2.253955897325572000e+00
1.518457953070437849e+00
2.046533664484890824e+00
3.405805338852189390e+00
4.548878315756282653e+00
4.684936108239510233e+00
3.914459145911227900e+00
3.067541614821283957e+00
2.908010772970377467e+00
3.444283098464063553e+00
3.978667380113043439e+00
3.828288845814096675e+00
3.021118953299151588e+00
2.303599654070387359e+00
2.454853255895687703e+00
3.556419006196554378e+00
4.898940129963033741e+00
5.601097273657590137e+00
5.357626850966004106e+00
4.640060773675526384e+00
4.209121962989137877e+00
4.432255572989477699e+00
5.038193168631204699e+00
5.486069887085997188e+00
5.543876886896494049e+00
5.512365823204269155e+00
5.910075480598230513e+00
6.954249256354311015e+00
8.335999924872632860e+00
9.477916332431368218e+00
1.001173418046408869e+01
1.004902833411415841e+01
1.005072261307809711e+01
1.046519895764625474e+01
1.145654497259435800e+01
1.289403219487595820e+01
1.452281863463580791e+01
1.613024922497278979e+01
1.760907771203966377e+01
1.894875706214735089e+01
2.021439832856816210e+01
2.151472283719200007e+01
2.293328285216792040e+01
2.445231179696520840e+01
2.595233273831383158e+01
2.732054511120148987e+01
2.857515057686083892e+01
2.985954441249327829e+01
3.127392041171986392e+01
3.269673214545765916e+01
3.379902052638205134e+01
3.428398932542598487e+01
3.414733597275830590e+01
3.370471416021481303e+01
3.334810428205576471e+01
3.326470795946509895e+01
3.338981378657000931e+01
3.361224258949689414e+01
3.396949906133937702e+01
3.457575000576419200e+01
3.533819063195718968e+01
3.580583447545814124e+01
3.541551868252731339e+01
3.398503982945827318e+01
3.197394040507793989e+01
3.017840749917124299e+01
2.906787646703985928e+01
2.838038460475702252e+01
2.741168550812975724e+01
2.577099771872902423e+01
2.386841126508884159e+01
2.259384980253259201e+01
2.242330013938239119e+01
2.280866051471684131e+01
2.252095327349600851e+01
2.073088506434453038e+01
1.785158311242200924e+01
1.530476188315525654e+01
1.434064028015449210e+01
1.495367823885152880e+01
1.590168740872478281e+01
1.583989381266881580e+01
1.453860107201123952e+01
1.305662343875732923e+01
1.270783248742937310e+01
1.378885487786334885e+01
1.526451838416115336e+01
1.571248328584877285e+01
1.465055644454018591e+01
1.301559359232079949e+01
1.235545127095583240e+01
1.348046670148900716e+01
1.579329917681725881e+01
1.786280762404517475e+01
1.867121909088198350e+01
1.840305614891255104e+01
1.813390080621571698e+01
1.880136859598945165e+01
2.043233582754958633e+01
2.226442382666965614e+01
2.353133819666341964e+01
2.412386918843415629e+01
2.456096141962069979e+01
2.540865658472379707e+01
2.676214964375795802e+01
2.824911004984837604e+01
2.945655942826557805e+01
3.030623226840722850e+01
3.103310536435676781e+01
3.185944176412149176e+01
3.273752859712262619e+01
3.341108120844781837e+01
3.369576505704737457e+01
3.367347682732808067e+01
3.361048079845019743e+01
3.369141029935014586e+01
3.382462071918919122e+01
3.369348551789487800e+01
3.301567055089814318e+01
3.181955737883528812e+01
3.054074678620813543e+01
2.984371484122104334e+01
3.022078968610915339e+01
3.157499567323303324e+01
3.308937023156099144e+01
3.360112658715028289e+01
3.237438650987424893e+01
2.976910715508824623e+01
2.720160145139875851e+01
2.622537450210158383e+01
2.730874933453021214e+01
2.931489436554296191e+01
3.028536813023910668e+01
2.906472801217873325e+01
2.644960673815333152e+01
2.475461716156753766e+01
2.595397755230985837e+01
2.986881449784631926e+01
3.401928818929042819e+01
3.546627756346699556e+01
3.324702783161519903e+01
2.936826133539543093e+01
2.741142662466320346e+01
2.977577578549968251e+01
3.576433863171250493e+01
4.207104357321298949e+01
4.528090307736086118e+01
4.438638830855094142e+01
4.137543836092992677e+01
3.955056490420485460e+01
4.101064808288467844e+01
4.524532571704687456e+01
4.976928543900617541e+01
5.212116908860910058e+01
5.165085904971500241e+01
4.986991364840135077e+01
4.927610836768609914e+01
5.156733853272444890e+01
5.642962571353061207e+01
6.163014251633732243e+01
6.435793705518540264e+01
6.304257582674581784e+01
5.854428216213673863e+01
5.385562021678074984e+01
5.230073142046933299e+01
5.528222228487251755e+01
6.116226391304007848e+01
6.627066100451141040e+01
6.750618489318891591e+01
6.464014093474345657e+01
6.046025958709826398e+01
5.851135193135561963e+01
6.018868601781900907e+01
6.359683283098959095e+01
6.519413665481992837e+01
6.288202900776983029e+01
5.790706091100327058e+01
5.391527077400571244e+01
5.394146895897102922e+01
5.789409318356562295e+01
6.263877995354398109e+01
6.451907505678055088e+01
6.211531313652682940e+01
5.700431244083225124e+01
5.215489220249452273e+01
4.959013025467295677e+01
4.930348805613541430e+01
5.000535554536063643e+01
5.059421935622669508e+01
5.086768907177159349e+01
5.106666465143455014e+01
5.110755336600679755e+01
5.050368044791792244e+01
4.900259285753263327e+01
4.705841760129914064e+01
4.545309164452773132e+01
4.443429521692397088e+01
4.341663957642963112e+01
4.174574416826210665e+01
3.977389110310529219e+01
3.894242113269680772e+01
4.047305893079308703e+01
4.381944092625749221e+01
4.655732310316681577e+01
4.615664203823509837e+01
4.219905412886954821e+01
3.697579743584658019e+01
3.374388214296991606e+01
3.408347805433034239e+01
3.675883353728882241e+01
3.917342430006120679e+01
3.999204599708191665e+01
4.020326488066455539e+01
4.137953340158863114e+01
4.339970899186103992e+01
4.418876227705143123e+01
4.149437422611747905e+01
3.538819750458475255e+01
2.927482057934984994e+01
2.812024914912698748e+01
3.464195864828066362e+01
4.529464066976111525e+01
4.552310541137065059e+01
4.351664882282198477e+01
4.213075109238529592e+01
4.274394639376800598e+01
4.433913907084427564e+01
4.463301693480455157e+01
4.044319865956801152e+01
2.945035273186756442e+01
1.308267430420881183e+01
2.575626359296006029e+00
3.537494145867912110e-01
