1.922230281063219345e-02
2.102897314512674753e-01
1.234530303867952483e+00
2.460017645987122581e+00
3.551427044076018280e+00
4.236218856691084333e+00
4.465407170879710286e+00
4.415918640413790897e+00
4.403275832064692530e+00
4.650783360876961758e+00
5.066649248893572377e+00
4.945242606111935224e+00
4.169242866101280143e+00
3.359748524425979710e+00
3.023126699254047089e+00
3.408564524948267227e+00
4.260479036723650914e+00
4.984174594005844838e+00
5.141014743754425353e+00
4.819723629384995434e+00
4.508812189270948068e+00
4.584858112125068885e+00
4.920734550790727191e+00
5.022766656912705407e+00
4.588349207374300853e+00
3.914755449652714603e+00
3.687227994865344360e+00
4.294764084325755071e+00
5.349374726612718511e+00
5.946317363916883814e+00
5.486969705915743845e+00
4.290879515039152103e+00
3.366347317794124550e+00
3.495614071765618558e+00
4.479054318412794444e+00
5.284167648471028045e+00
5.008520070546158109e+00
3.771642629672232072e+00
2.676239908651301569e+00
2.831948958772666280e+00
4.321972878560525366e+00
6.070169306473554016e+00
6.749117399918220350e+00
5.917676601593876207e+00
4.372846585808694009e+00
3.422863286474571165e+00
3.756024738486497760e+00
4.907756226005409950e+00
5.749726326109070307e+00
5.506643194601175573e+00
4.387225513733368665e+00
3.327736931654210029e+00
3.154200089018254438e+00
3.928165076045183834e+00
4.992040125673296025e+00
5.577179317131635727e+00
5.396827512035907048e+00
4.758749053033834109e+00
4.207870269880358727e+00
4.079176264081922021e+00
4.319944178681211611e+00
4.638146041048805124e+00
4.772274412785436404e+00
4.657106661176254825e+00
4.415614408362207755e+00
4.247570349678245982e+00
4.308126163941315312e+00
4.624216569796453236e+00
5.070378861234293488e+00
5.425424190331559871e+00
5.502374380139977816e+00
5.276393266194391529e+00
4.903807356344032975e+00
4.598563235475404909e+00
4.465375725077761260e+00
4.444374929012594677e+00
4.420729368534819237e+00
4.381692045188381179e+00
4.444145904623272969e+00
4.708192233079574684e+00
5.090003220439320408e+00
5.334344232178846568e+00
5.231888892778521871e+00
4.837690733439680812e+00
4.453383057127845213e+00
4.358369775498651677e+00
4.541776396557790640e+00
4.714238758672762764e+00
4.612208672057160896e+00
4.300789767984405820e+00
4.153275229314790984e+00
4.490695836800677299e+00
5.215337050548694897e+00
5.812728566818128328e+00
5.763406560356117758e+00
5.007902257868376061e+00
4.034594138527006102e+00
3.494786392985041346e+00
3.681694960092491975e+00
4.331139583854234587e+00
4.900408356372144780e+00
5.048320426053734877e+00
4.879868236015862060e+00
4.765057295301882156e+00
4.940123578624517897e+00
5.273170377175285140e+00
5.388265321146468168e+00
5.002599386431220374e+00
4.165932480298595308e+00
3.222327727152177523e+00
2.572859521754908396e+00
2.449983665160101687e+00
2.836779003642284191e+00
3.512328759747150642e+00
4.146597389282393742e+00
4.418312834631400676e+00
4.163752839861118993e+00
3.503480948205253576e+00
2.820403813644102531e+00
2.522466660318079423e+00
2.723098353545801320e+00
3.119107905371443668e+00
3.235629249114936101e+00
2.878102785962252774e+00
2.382595954680118755e+00
2.374088996743598301e+00
3.181581304811508470e+00
4.427434619853459097e+00
5.222082336890376375e+00
4.873596447440410095e+00
3.520359027623111814e+00
2.101212646313566523e+00
1.633079624783262185e+00
2.390386195549864201e+00
3.696136698877972471e+00
4.511348046032771286e+00
4.307404003476180243e+00
3.460984518174917035e+00
2.847310402784303474e+00
3.025303576943573880e+00
3.755361135820195706e+00
4.263452351295860865e+00
3.980717479009835635e+00
3.075249440714717064e+00
2.310091121867877906e+00
2.381693490240938793e+00
3.339949127510210225e+00
4.579734564285413256e+00
5.364683282323497338e+00
5.396312039657730431e+00
4.958190954535218076e+00
4.581222425431162648e+00
4.584068610219878437e+00
4.890662335570162611e+00
5.223664249098837864e+00
5.433287475372634567e+00
5.644862905861726787e+00
6.119158890025035547e+00
6.987229300307487456e+00
8.107404237136671910e+00
9.156204311600436796e+00
9.861533284219937912e+00
1.019139286405440359e+01
1.037214534037440039e+01
1.074392729521083467e+01
1.155909693151009421e+01
1.284640019764820629e+01
1.441502656696821738e+01
1.599243731788833855e+01
1.740901495768405738e+01
1.870210205536166015e+01
2.005482907045275454e+01
2.160763792032769359e+01
2.329841913213705240e+01
2.488608971978752038e+01
2.616166766000921484e+01
2.716634175557746289e+01
2.819715335270683454e+01
2.955515480460992706e+01
3.123909896714436130e+01
3.287142880134619105e+01
3.395601464710426143e+01
3.426245392878596618e+01
3.399897269454241666e+01
3.361975064928800805e+01
3.345213167250829400e+01
3.349634530855553294e+01
3.357112244316495975e+01
3.362212476222895674e+01
3.383724905830864316e+01
3.441462217075219598e+01
3.521506170940799052e+01
3.570002964745271612e+01
3.530280998892767030e+01
3.392931617458066995e+01
3.209474629890728892e+01
3.050715547473446065e+01
2.944937719040756363e+01
2.855330487872839740e+01
2.722262116990068392e+01
2.532561034178818460e+01
2.346442679569902623e+01
2.248393914590883824e+01
2.262039725266470214e+01
2.310614071174210338e+01
2.269477168553162016e+01
2.072479013210089605e+01
1.778034813005358927e+01
1.529985061823346371e+01
1.441096625392120245e+01
1.499730081129697901e+01
1.583493187408135050e+01
1.569266382045082864e+01
1.441658621836703347e+01
1.302489422123929863e+01
1.273348549261104523e+01
1.380501028438496292e+01
1.527326417748586707e+01
1.579535988187624973e+01
1.486005763346708264e+01
1.326569358724800196e+01
1.244977198203481983e+01
1.327991339570706764e+01
1.536949230430286839e+01
1.747692154590361469e+01
1.857775244756890487e+01
1.864862997456701521e+01
1.853064617047256846e+01
1.909172735568702706e+01
2.048814337516797579e+01
2.214639837711887083e+01
2.338229859670985888e+01
2.402502189267123711e+01
2.449252927540907621e+01
2.532744418105191997e+01
2.668523926112816724e+01
2.824278782241116659e+01
2.955001256818200872e+01
3.043995044504707792e+01
3.111133885395426901e+01
3.185260939441999284e+01
3.271565063091212977e+01
3.346040438764006097e+01
3.380350052985507148e+01
3.371286555124226680e+01
3.346066202704659531e+01
3.338075597292340291e+01
3.354699722934647355e+01
3.366304726324861463e+01
3.328489764748162827e+01
3.222710766402076388e+01
3.083666569759844833e+01
2.987713098839810399e+01
3.002741422633893720e+01
3.130771005236424998e+01
3.288137717225966838e+01
3.349336913458070342e+01
3.234912477702749811e+01
2.981710061505792453e+01
2.733266488496741431e+01
2.641818762142665022e+01
2.747891198432001758e+01
2.936280316635411936e+01
3.018771823920851105e+01
2.890923052409710081e+01
2.636123981361665969e+01
2.477715209999218260e+01
2.600757836588939398e+01
2.983480565453060152e+01
3.387286210575224032e+01
3.532205695257271572e+01
3.326342516027860086e+01
2.959626395890610695e+01
2.773147889961105861e+01
2.998420740587390299e+01
3.573067448065608431e+01
4.182724149661334678e+01
4.497636844589028016e+01
4.416823328287713935e+01
4.130657756814961346e+01
3.961756039071303803e+01
4.117594142789344147e+01
4.546986018278182939e+01
4.999144531751120724e+01
5.224649360452375646e+01
5.159944171323866158e+01
4.965220003446415120e+01
4.901392688055655356e+01
5.141630980444735144e+01
5.645890273468533138e+01
6.176991616894693493e+01
6.446909984235360014e+01
6.304616028730617217e+01
5.848816999801918115e+01
5.385601347146551632e+01
5.241781707939232149e+01
5.545193197102353366e+01
6.124838668590166435e+01
6.618439350284879197e+01
6.728064609889381131e+01
6.439903257191488706e+01
6.032264311869307960e+01
5.852321269138282389e+01
6.032657996792195831e+01
6.380979557780131017e+01
6.542511180725031750e+01
6.305791522992096532e+01
5.794106805424835471e+01
5.375582597105897520e+01
5.363622565778813822e+01
5.759491027894768678e+01
6.251409874267027078e+01
6.463215237670401336e+01
6.237428545382780953e+01
5.723502036507706237e+01
5.223651419929591100e+01
4.953532982986301647e+01
4.921823495225983436e+01
4.997665485680172992e+01
5.061559768027793638e+01
5.086551450343872460e+01
5.098805169439111040e+01
5.097711344886079132e+01
5.039933430302046702e+01
4.898656103800392003e+01
4.713642174217520164e+01
4.559110043693959113e+01
4.459526038395439684e+01
4.356721743254777124e+01
4.183460225708522984e+01
3.973145061906692632e+01
3.873263574164167267e+01
4.015796182660535862e+01
4.355903434109520589e+01
4.651508166053318405e+01
4.637480232540331571e+01
4.255264035554142765e+01
3.725654285237879293e+01
3.381018623123124200e+01
3.394975338481311411e+01
3.655395912628470967e+01
3.902072732207373917e+01
3.992765010876371434e+01
4.019213447084658242e+01
4.137990829921817237e+01
4.340680483747662066e+01
4.422843828462838189e+01
4.157687377493604686e+01
3.548021651819092170e+01
2.932959418726048995e+01
2.813412265036993176e+01
3.466264596846372115e+01
4.534571601071048264e+01
4.545348103959126007e+01
4.332843281450427497e+01
4.190515376343417131e+01
4.259832836751161977e+01
4.436624104530010726e+01
4.485705330509674837e+01
4.079140482901780729e+01
2.977365101938940128e+01
1.324129833468056283e+01
2.607688267040594976e+00
3.583074116930908271e-01
