2.482313973456918080e-02
1.850653486612487131e-01
9.530105856318724644e-01
2.253611584414382474e+00
3.339975183105613254e+00
3.988607519208430041e+00
4.251648400827284568e+00
4.350543926872501466e+00
4.514462712346034579e+00
4.839634481382990572e+00
5.153797250362994298e+00
5.129939428668799373e+00
4.131928853061110907e+00
3.200971182533712600e+00
2.925949673820354313e+00
3.425769764127070793e+00
4.317249160014150711e+00
4.993831259897681285e+00
5.089193144567627058e+00
4.744137445523204377e+00
4.436297910344905837e+00
4.520526899095041351e+00
4.893367428016583531e+00
5.103597763541621646e+00
4.817965642441431662e+00
4.195227801480016616e+00
3.789559509141383398e+00
4.042817158640382935e+00
4.833310923165912598e+00
5.527119818360753278e+00
5.522401886402986015e+00
4.802878120158140085e+00
3.976900179459050833e+00
3.734350023858827861e+00
4.201553450631914544e+00
4.801723193905689691e+00
4.786947190232853977e+00
3.979041478727869396e+00
3.024798572651532957e+00
2.880120028046851743e+00
3.941732593374918547e+00
5.604262790119096671e+00
6.682542836637280104e+00
6.379393066870206574e+00
4.971743521675717759e+00
3.602783852607891468e+00
3.335712553460095986e+00
4.273205520561023540e+00
5.497337353972493901e+00
5.874859165083407220e+00
5.026955781514326205e+00
3.634480537792085908e+00
2.840201524169596148e+00
3.286662650379456263e+00
4.612471346496423763e+00
5.798209005910759828e+00
6.016186474053794697e+00
5.247386328174088455e+00
4.191249231165672384e+00
3.627663644906094387e+00
3.818822553835155897e+00
4.421236372625732436e+00
4.885253130502213992e+00
4.924497319549615781e+00
4.663019904166588958e+00
4.419821952308145896e+00
4.402911965953524742e+00
4.591555592302587030e+00
4.844730740488782494e+00
5.060225297299886904e+00
5.216483459062513539e+00
5.300689109757670714e+00
5.253120673386145079e+00
5.014599119546194750e+00
4.624434793085984374e+00
4.247269420967315412e+00
4.079822208000904560e+00
4.213964687697550282e+00
4.574489774758846217e+00
4.974458207712538105e+00
5.229033653861385744e+00
5.242078247731904561e+00
5.031717451370737670e+00
4.712596635060416261e+00
4.450609349180461471e+00
4.384670082835516070e+00
4.531827322717280282e+00
4.747170480521151426e+00
4.812546428267265419e+00
4.626328543511064595e+00
4.337912185605120818e+00
4.266994106421563515e+00
4.623787236137504308e+00
5.260801752102013396e+00
5.713884480404384902e+00
5.555843902539774781e+00
4.781846255728280148e+00
3.871187095727286032e+00
3.432973925051427955e+00
3.722899788254140141e+00
4.454406230435468572e+00
5.071692043858172738e+00
5.231308795844841875e+00
5.051281952239110140e+00
4.914378240721003266e+00
5.037720443996109410e+00
5.234821384855467663e+00
5.097028054511739015e+00
4.411086149403963930e+00
3.408321300100778828e+00
2.612157428905161449e+00
2.431300125573030879e+00
2.864038279538362541e+00
3.545984266039818422e+00
4.050765606097079363e+00
4.162061570669349564e+00
3.926992740861817488e+00
3.531830681573682185e+00
3.162099216742817909e+00
2.937764712960238001e+00
2.891105232064022701e+00
2.944848372291591687e+00
2.934852301143697773e+00
2.741572733530149186e+00
2.466684292989516081e+00
2.454942448710573544e+00
3.032246498793774947e+00
4.118059614285102477e+00
5.095542036232962424e+00
5.185834606607841124e+00
4.112088568126719856e+00
2.474544996964926469e+00
1.406783992354623924e+00
1.699445367812465468e+00
3.117594710838430316e+00
4.550104937912466063e+00
4.920946780386779906e+00
4.086747731327440292e+00
2.919765941745327886e+00
2.496249205942290494e+00
3.127308920778467893e+00
4.114671361752729517e+00
4.439412487229927429e+00
3.728047587229903037e+00
2.599200736097694531e+00
2.092079790301044628e+00
2.734026911852471375e+00
4.108535184189559430e+00
5.277140717997243158e+00
5.606779110129848753e+00
5.226827611175107080e+00
4.758798771632672064e+00
4.670970046568618805e+00
4.912749892163110310e+00
5.129820402516782174e+00
5.157006643088291042e+00
5.244742888334620545e+00
5.799286941927906724e+00
6.932720989484762342e+00
8.295441016049124983e+00
9.354532469097804892e+00
9.835694354780599724e+00
9.915661275932002638e+00
1.002948342409250770e+01
1.052263635692929178e+01
1.146697772035459906e+01
1.273481624999123518e+01
1.416913535884613040e+01
1.566316756217400119e+01
1.713765719314892522e+01
1.853317472218495254e+01
1.986787459336339268e+01
2.126419454806533693e+01
2.284195677445485728e+01
2.454673911640026063e+01
2.612024338599967166e+01
2.731515623821953653e+01
2.817969873504763356e+01
2.909511087823722164e+01
3.045020493854635291e+01
3.221867203157388104e+01
3.386567062252890281e+01
3.473553713134327836e+01
3.460039417937620243e+01
3.386009479342047968e+01
3.319988703082723447e+01
3.303672474749597399e+01
3.328397112490633702e+01
3.362235848697000762e+01
3.393264027771771651e+01
3.438759540147334093e+01
3.509764554128200587e+01
3.573592005054972986e+01
3.564367786202489441e+01
3.441267553592501827e+01
3.237254546238524000e+01
3.041420441879785130e+01
2.922131348507318194e+01
2.863260379503575237e+01
2.781244085315580605e+01
2.613507022547762659e+01
2.393022163554621784e+01
2.229125600523227391e+01
2.203444228980876574e+01
2.278091059762294890e+01
2.310982555733923505e+01
2.175329458145053962e+01
1.877810532280060229e+01
1.563572589139816849e+01
1.397314165404262098e+01
1.425163814352255187e+01
1.541879375063156488e+01
1.591537029330855368e+01
1.507378218924358926e+01
1.362857776438978163e+01
1.291481878469050493e+01
1.355413013352482388e+01
1.486984372191315984e+01
1.554729347086251323e+01
1.488185149218771386e+01
1.344267263133382251e+01
1.256754785271999353e+01
1.319383252358787395e+01
1.509552089377524808e+01
1.716042339955541607e+01
1.837635074732117602e+01
1.861320460133400445e+01
1.856883975779904361e+01
1.904486699887365830e+01
2.026612104694198280e+01
2.180763291464434772e+01
2.308045818570798247e+01
2.386158392041789256e+01
2.441358209338934415e+01
2.517628056167185946e+01
2.637364656018937126e+01
2.787143289751351460e+01
2.933748490992341829e+01
3.050510176627610193e+01
3.131899280920353235e+01
3.189841969184101345e+01
3.240082418743410386e+01
3.290369743210121101e+01
3.337076678463883894e+01
3.370455421879206170e+01
3.384065351809316979e+01
3.380851887022720348e+01
3.369259328181868796e+01
3.350808232162678024e+01
3.311755772195294867e+01
3.233276542805786846e+01
3.118717089606771253e+01
3.013358289985348648e+01
2.987162895932129558e+01
3.079070655084274577e+01
3.244122118524109055e+01
3.359401653893471007e+01
3.305101027440689165e+01
3.067296143292178101e+01
2.772605108693324638e+01
2.607234972019576702e+01
2.670557060066104071e+01
2.883056717504506850e+01
3.038647677840025452e+01
2.973818701483938653e+01
2.717499187841818653e+01
2.486878705128860645e+01
2.516911469916991351e+01
2.856600992848132492e+01
3.305740383856770848e+01
3.557895478704465830e+01
3.443847023748769942e+01
3.079219505113387712e+01
2.790900811103526280e+01
2.873703407976664437e+01
3.366077706648166412e+01
4.019043567359135238e+01
4.479815895511470103e+01
4.546329175759044716e+01
4.301231728950649824e+01
4.034123753502949228e+01
4.022312037483499836e+01
4.337342274390594099e+01
4.812087418584808063e+01
5.178361473888543998e+01
5.266070165486542720e+01
5.122185287898983574e+01
4.972259972005105055e+01
5.056051163247985869e+01
5.450247506215563931e+01
5.998684565513401168e+01
6.402409866523287008e+01
6.418354808435482539e+01
6.037673829606082876e+01
5.516084941750063564e+01
5.219358333680641948e+01
5.376990436192142653e+01
5.915633064841455280e+01
6.502007841809765409e+01
6.777335123051398114e+01
6.615640087426486105e+01
6.208281856219691264e+01
5.904244812853017521e+01
5.929008124629329757e+01
6.207621663482500907e+01
6.437532946505916698e+01
6.351879032887602960e+01
5.953419908640162816e+01
5.521586190389835025e+01
5.385301807481790348e+01
5.651511875003244256e+01
6.114721144014124121e+01
6.417501314775941523e+01
6.322582468854936621e+01
5.874038694104288538e+01
5.332412588585830093e+01
4.962252467030359071e+01
4.858278071233301176e+01
4.935093674754185855e+01
5.048640648334578884e+01
5.115865710769975294e+01
5.134541607669626018e+01
5.122210443852759454e+01
5.066300067202554658e+01
4.941332875988094742e+01
4.758247393499448918e+01
4.572120753926443371e+01
4.429416713304279796e+01
4.317199328500002053e+01
4.185198202713259263e+01
4.028768673718479221e+01
3.936540699314959824e+01
4.025044495542169187e+01
4.301695698552070724e+01
4.595731251717711530e+01
4.656060544344622087e+01
4.357097991377349899e+01
3.831636059736845112e+01
3.393309698972980470e+01
3.294995524651385921e+01
3.530663339495475839e+01
3.865400961260444035e+01
4.068683243100344527e+01
4.118537832055442038e+01
4.158794748520804774e+01
4.274320341417623581e+01
4.358092574919458428e+01
4.196823356243288572e+01
3.695359901309259243e+01
3.061258848779749542e+01
2.758602299362841137e+01
3.172938468136115375e+01
4.201322332067390164e+01
4.778098565687115240e+01
4.557712553860694982e+01
4.330740102938092662e+01
4.251708294131531574e+01
4.301209662252441746e+01
4.332934879706012055e+01
4.080020946737215581e+01
3.242301133826993009e+01
1.837699387528459027e+01
3.215091893728881711e+00
3.017147599750071851e-01
