2.338991743833816750e-02
1.700472845891387308e-01
8.683490890250211702e-01
1.984086793296399032e+00
2.914423089755142193e+00
3.730479715941601881e+00
4.519212601639265969e+00
5.187629664322144230e+00
5.521271644135273604e+00
5.387778146546868818e+00
4.823105884826317968e+00
4.066165796031117274e+00
3.028391399376552773e+00
2.838194546785422823e+00
3.423332075217071058e+00
4.239885619425142416e+00
4.787763343715424114e+00
4.893268382635555191e+00
4.734420501297572415e+00
4.618978484634512327e+00
4.692977293764956315e+00
4.847582408612886695e+00
4.889138844039450760e+00
4.723840571260119248e+00
4.395873797420890128e+00
4.056009260866478172e+00
3.913791388175463126e+00
4.143529783526016530e+00
4.745679571937451158e+00
5.460570288785039139e+00
5.850410811689049417e+00
5.568001481698063415e+00
4.663870071232635084e+00
3.654878311206367858e+00
3.180953727531851793e+00
3.462286048485822221e+00
4.074662679860548309e+00
4.350378909440408393e+00
4.082544322285178495e+00
3.805257557614188713e+00
4.259954088949067241e+00
5.501869095131720400e+00
6.596951750125895408e+00
6.387488975961070459e+00
4.706536283909618312e+00
2.801368955074265088e+00
2.357012643109195782e+00
3.908089467195628774e+00
6.186233059737654472e+00
7.170549841936963986e+00
5.944645778877061026e+00
3.581305650658296535e+00
2.152731704945376023e+00
2.797015912012604577e+00
4.717785529972227998e+00
6.062504450247801380e+00
5.746644202292545245e+00
4.388347406146084317e+00
3.500596363406574874e+00
3.893305127641565555e+00
4.967744399375700226e+00
5.529465754422894896e+00
5.109191131835712163e+00
4.337699323755730418e+00
4.076800095922912703e+00
4.407334427889229467e+00
4.651674812947224957e+00
4.337137583730542367e+00
3.889724771252160096e+00
4.177223975812967893e+00
5.402912487812863596e+00
6.667465664975732231e+00
6.794536712079791485e+00
5.562258134205750437e+00
3.972792011123316147e+00
3.239203152054830781e+00
3.599961193053223152e+00
4.252933285153424947e+00
4.417092408842299811e+00
4.249574622467759966e+00
4.544342494293043266e+00
5.592119099460472142e+00
6.601398171241161350e+00
6.456375417732764355e+00
5.009300428692114338e+00
3.403376710477128864e+00
2.962516438307780664e+00
3.823786939628929460e+00
4.842710714908158742e+00
4.907934314004632981e+00
4.201534216514886566e+00
3.964720163152041899e+00
4.999281965037113196e+00
6.592697457787981108e+00
7.133480327044839697e+00
5.812806727741063995e+00
3.567322494562559676e+00
2.209824832591759769e+00
2.659062623086993149e+00
4.144368030431872185e+00
5.169677692312659723e+00
5.108372925628186678e+00
4.686994178027899416e+00
4.932792040261880118e+00
5.876485957407126648e+00
6.493784673702977628e+00
5.890138268024010415e+00
4.322697573260990467e+00
2.907772295704453835e+00
2.420393084908703862e+00
2.609245836573173438e+00
2.764699159447833399e+00
2.747678780139242161e+00
3.150475588343977229e+00
4.358076373114846191e+00
5.692915087058312729e+00
5.832240061534003317e+00
4.206795412258556688e+00
1.831458237146144086e+00
5.098164754372310759e-01
1.128963801578291237e+00
2.830112634495544288e+00
3.951453817632399890e+00
3.734699330796670047e+00
2.974518015512505276e+00
2.972468878104858714e+00
4.010921016057226396e+00
5.034462040829079221e+00
4.836538154320438210e+00
3.392623104659090671e+00
1.891260590217998860e+00
1.510035176832716708e+00
2.324743238679359170e+00
3.459751217845147053e+00
4.125950678752405842e+00
4.287079828214581667e+00
4.316692166350898141e+00
4.288004349567825280e+00
3.895760522554848837e+00
3.072017899900524096e+00
2.372039119386540662e+00
2.462501468475071675e+00
3.253185307869541631e+00
3.828646530732519704e+00
3.467817177810656126e+00
2.640391505686742857e+00
2.682809975799841595e+00
4.293083907955097978e+00
6.472331773983009739e+00
7.264662978433801932e+00
5.724285129887170420e+00
3.059094428124348397e+00
1.619939917222617431e+00
2.672523143797600476e+00
5.244446062814913212e+00
7.233758615937896153e+00
7.555041847952683298e+00
7.025865623497810297e+00
7.144893956038206539e+00
8.259335488932553204e+00
9.236993623908164253e+00
8.974464536572920537e+00
7.933491458220871984e+00
7.847807823520662751e+00
9.846505000328907187e+00
1.309774948831026897e+01
1.555361906581624609e+01
1.604011991318893138e+01
1.542217764203697250e+01
1.559484627909222176e+01
1.745466512501673151e+01
2.008387074608957690e+01
2.195239175507965257e+01
2.267070260681794025e+01
2.329329906110616122e+01
2.492800904232629122e+01
2.737316743194525159e+01
2.940424009712251419e+01
3.032003902926971861e+01
3.082801285490183574e+01
3.212532383477102371e+01
3.422768421465460165e+01
3.561361218299551723e+01
3.481200251368536414e+01
3.225530738821920806e+01
3.023177483655500808e+01
3.077568791272841864e+01
3.364891129420031035e+01
3.656782794833122807e+01
3.744619373456749400e+01
3.627312329135641988e+01
3.471101843574773937e+01
3.404340047736660324e+01
3.386509241029754946e+01
3.292946586461997782e+01
3.100789475062422085e+01
2.942856899464462117e+01
2.952691554015533626e+01
3.077316943581545772e+01
3.089916949778430322e+01
2.818083601759355972e+01
2.351065676113819336e+01
1.988854838873344022e+01
1.961741512777486562e+01
2.199266632456934545e+01
2.388906498994362337e+01
2.271752265748879296e+01
1.881877668539710058e+01
1.498020239235311735e+01
1.369675396680805157e+01
1.496354200850966087e+01
1.663958907149036293e+01
1.672557134316598493e+01
1.512910063499720437e+01
1.332611509968899988e+01
1.262484907074986040e+01
1.299534494952288988e+01
1.350984656890547519e+01
1.360259982710744353e+01
1.364272014955546553e+01
1.430434213183347225e+01
1.561257253826226332e+01
1.679092414167456582e+01
1.703071665007086821e+01
1.630102381455304794e+01
1.538740457070606915e+01
1.524042381077539865e+01
1.634241301537376501e+01
1.856790115900842153e+01
2.139010896355742020e+01
2.407411535407080905e+01
2.582049678693945083e+01
2.608345475424459892e+01
2.503837219216116949e+01
2.374120171670593749e+01
2.358135951209211711e+01
2.529009120961838875e+01
2.833640354914734871e+01
3.131115724286446778e+01
3.300806300459044706e+01
3.325806733537537951e+01
3.283775781232665025e+01
3.266253269165611073e+01
3.307062184207710942e+01
3.376210901519718277e+01
3.424470815975169558e+01
3.423893940917748324e+01
3.373031369543834757e+01
3.282304009754262353e+01
3.168968525112773449e+01
3.065327696935606738e+01
3.018443944407318824e+01
3.066740627851886813e+01
3.206504172920940476e+01
3.375700492818673126e+01
3.471543038567717332e+01
3.398341524494220067e+01
3.128257876173704943e+01
2.745974344021994895e+01
2.437770078750185121e+01
2.398710894827502216e+01
2.689411325318443957e+01
3.145032220495152941e+01
3.443245959475809315e+01
3.328289086177684197e+01
2.834423555986453280e+01
2.305577049416604751e+01
2.152281758683343327e+01
2.521889076842188970e+01
3.164162501386815762e+01
3.625832050504341453e+01
3.619476823127503451e+01
3.250487497505929468e+01
2.910593534767549073e+01
2.944232599280353924e+01
3.384381647942020521e+01
3.966960121806882000e+01
4.370677330963323470e+01
4.451396208461195414e+01
4.294840074458250712e+01
4.103728808132331096e+01
4.056852033254341450e+01
4.236687655447678225e+01
4.616659364962423240e+01
5.068600923069875819e+01
5.403099340425697505e+01
5.475786449341776319e+01
5.315710585227554219e+01
5.147853652227099275e+01
5.232431675769684887e+01
5.625096767754416760e+01
6.087440697180942806e+01
6.273987004369296017e+01
6.053209344927925173e+01
5.656252744902493390e+01
5.485219125814835905e+01
5.742869795247366227e+01
6.237036185385369436e+01
6.556286803669956953e+01
6.452961813666290425e+01
6.066950930306573042e+01
5.783196064214811116e+01
5.872502039534985130e+01
6.259443932187708981e+01
6.613774288541645774e+01
6.645636964443288264e+01
6.322547819682316117e+01
5.848669916071539632e+01
5.485322971882667531e+01
5.393814180800257674e+01
5.588056737294841980e+01
5.954422309763161536e+01
6.285446096970451890e+01
6.348807179986668103e+01
6.022302670535732005e+01
5.422963428817293163e+01
4.882487739540368210e+01
4.719456880882477634e+01
4.972164787440043199e+01
5.347580993660395876e+01
5.467838832759717604e+01
5.202556485932160513e+01
4.771443242007818952e+01
4.518703699233990534e+01
4.587225367188361957e+01
4.813590607429070189e+01
4.924298098718259808e+01
4.801295329577553872e+01
4.540746366557301172e+01
4.287405217333395058e+01
4.077988844102392818e+01
3.880491833782502908e+01
3.744841850613453005e+01
3.825542647109585204e+01
4.195332159825578344e+01
4.655209987347137002e+01
4.812032962082180632e+01
4.427405834819222719e+01
3.703331165262384417e+01
3.159982349199370333e+01
3.169938692139668390e+01
3.619590795295375329e+01
4.066440769654028031e+01
4.211739938286960694e+01
4.142472897736701754e+01
4.124825028876172439e+01
4.255180270252459707e+01
4.306764545687529733e+01
3.948474223771293623e+01
3.209688956128024273e+01
2.679385204798488118e+01
3.043182627744161195e+01
4.288124841373743124e+01
4.973175704282442666e+01
4.560853081030285239e+01
4.083520479035868789e+01
3.848505410596714427e+01
3.981763958986926610e+01
4.364912375320341908e+01
4.541893461648472652e+01
3.896142476016947853e+01
2.304969684063699376e+01
4.066479674956765322e+00
3.843460846358563443e-01
