6.096283727865987184e-02
4.202671553093733081e-01
2.067147211931246620e+00
4.093115491734926614e+00
4.473196855820967599e+00
3.963643844103784897e+00
3.810840772559373590e+00
4.323435564565251354e+00
4.904119868573999952e+00
5.062563732030144870e+00
4.754505238500589037e+00
4.213935354260929245e+00
2.634330956877813268e+00
2.945373299214374629e+00
4.475335755051641939e+00
5.333269998754450292e+00
4.835267930570227080e+00
3.974732404943111419e+00
3.905137667054376927e+00
4.598510600355150579e+00
5.152415120862914755e+00
4.983754670159941114e+00
4.336373339673744276e+00
3.955967914718998557e+00
4.309585916052695254e+00
4.991995359436934621e+00
5.187182439827519254e+00
4.718209340338142432e+00
4.311628455630160062e+00
4.640253681132618269e+00
5.351462470901652502e+00
5.398343301038029729e+00
4.346816872770093099e+00
3.068471947838554481e+00
2.910272309359462017e+00
4.181350472361859971e+00
5.644496368270387698e+00
5.708411677381202587e+00
4.161464284250473433e+00
2.557151160599078654e+00
2.689131607666421786e+00
4.675214969180657043e+00
6.712780768557508715e+00
6.859393292639133222e+00
5.024307050806730679e+00
3.086412610853207728e+00
2.994261628189562430e+00
4.798587512141240019e+00
6.623755159820633232e+00
6.574080687990377925e+00
4.608667617913747350e+00
2.517375369941566188e+00
2.118616079375387873e+00
3.563681062460198223e+00
5.386679369086493807e+00
6.068436488560755571e+00
5.416476276733028783e+00
4.453549975467486988e+00
4.166038317101321553e+00
4.553364783817234418e+00
4.885967116526845899e+00
4.678094638792326343e+00
4.199660689948655268e+00
4.032769747596560705e+00
4.320899630334201547e+00
4.640129652015968276e+00
4.600502693133949883e+00
4.391429953857511670e+00
4.570237937556802521e+00
5.325383121603051606e+00
6.106929455499540360e+00
6.121751109941161673e+00
5.190382838225454876e+00
4.011289039021392000e+00
3.506543053266984344e+00
3.932278489354398054e+00
4.696187264815812057e+00
5.045682207163920907e+00
4.847531855989567262e+00
4.617505453194622689e+00
4.824382785946403907e+00
5.300256197724036333e+00
5.437559960947145221e+00
4.933464542579746315e+00
4.205972136506788139e+00
3.974539194807235276e+00
4.454391842933461909e+00
5.076803683715040982e+00
5.085854848641364612e+00
4.388127596403823993e+00
3.722837370192747297e+00
3.928174828768003390e+00
5.046821127816031982e+00
6.201747905001329109e+00
6.386153251891463434e+00
5.386315594526003281e+00
3.949138841521377508e+00
3.086402211389499328e+00
3.234125549805087818e+00
4.034883984566136839e+00
4.819822097061533306e+00
5.210485146696457903e+00
5.277759294225248254e+00
5.252152040906072905e+00
5.214244158735057866e+00
5.085691615636791951e+00
4.819654423574363022e+00
4.485314555992436780e+00
4.149723438628123873e+00
3.763224855020876447e+00
3.252734359403957942e+00
2.730217493221044567e+00
2.521095369972019995e+00
2.889932065971227981e+00
3.710436830993838697e+00
4.456128450542443886e+00
4.592365425718278438e+00
4.026520608216866748e+00
3.180744584360336802e+00
2.608004426981858082e+00
2.518405169954152090e+00
2.664474251554060036e+00
2.673280923458353442e+00
2.477209199919033544e+00
2.410713554433459915e+00
2.873266527954657867e+00
3.875907995770501380e+00
4.902211958936435465e+00
5.238761412763507153e+00
4.525603117266895126e+00
3.087966890724092472e+00
1.775021601863316700e+00
1.403243844962446918e+00
2.196508132891551668e+00
3.624477057397513136e+00
4.763723090199129651e+00
4.934716868962394365e+00
4.162103100959308577e+00
3.121614709301522517e+00
2.608518613885764559e+00
2.926208007417190338e+00
3.668151024541205452e+00
4.073190829181517536e+00
3.681922489156089551e+00
2.764564289498308902e+00
2.150798507666752624e+00
2.566625032113457827e+00
4.002131792297124235e+00
5.643598198708528635e+00
6.463629186706305596e+00
6.012849504818020385e+00
4.762297680684262957e+00
3.705407487380844245e+00
3.562709771340301312e+00
4.283333121717231684e+00
5.261648968624570877e+00
6.012435543544284222e+00
6.611840135987333333e+00
7.463660043825619539e+00
8.668458287850350885e+00
9.725709800543111072e+00
9.975822007750243969e+00
9.377111013304947562e+00
8.768227345365096070e+00
9.225870470781240229e+00
1.107667830099446782e+01
1.355888029922909510e+01
1.552459227078662174e+01
1.650533065645906561e+01
1.706430601408098013e+01
1.809642281526638996e+01
1.984939417780108428e+01
2.172040604634694816e+01
2.301078512312664159e+01
2.375512576495145467e+01
2.467763247528073478e+01
2.634368516460651577e+01
2.850666897549190182e+01
3.041168648908816508e+01
3.167282376325172777e+01
3.263952556633940105e+01
3.377888471088407840e+01
3.483945122602099786e+01
3.492919149397369694e+01
3.359617630144237665e+01
3.170367403343719204e+01
3.092797493609220538e+01
3.219514652823645662e+01
3.467857864249479860e+01
3.652345399317390928e+01
3.661705779105898273e+01
3.552719876261523524e+01
3.461311169129217546e+01
3.436277392103421136e+01
3.389911787466863302e+01
3.223628119478201626e+01
2.976473955310118669e+01
2.807393012714008762e+01
2.813867066801024919e+01
2.894941646657024137e+01
2.837482410603822558e+01
2.553808022999933769e+01
2.206185653216624587e+01
2.055022303960740615e+01
2.172717272396699073e+01
2.336777593067957426e+01
2.243127411245054859e+01
1.832437613823535472e+01
1.379830130183550807e+01
1.234421797837332946e+01
1.468317671060290053e+01
1.800620273081387879e+01
1.877671529390741512e+01
1.617463162034426460e+01
1.265109309818893557e+01
1.119544084683343677e+01
1.235538428955440970e+01
1.410485624677899530e+01
1.440960848218037960e+01
1.346575491270667868e+01
1.318743379232592794e+01
1.474294850362415943e+01
1.707549760973043718e+01
1.807336801008903748e+01
1.697274274852120257e+01
1.523791465100056541e+01
1.499218639375550666e+01
1.684829791167408075e+01
1.952805768370227923e+01
2.148634689364823913e+01
2.250516159109090708e+01
2.347786643191383860e+01
2.490143149756371699e+01
2.610765332476159628e+01
2.621983686564215077e+01
2.557338509845510899e+01
2.567775325838374911e+01
2.756556769482749658e+01
3.044140890983679526e+01
3.235617030310316977e+01
3.230627700931514568e+01
3.140053914419192438e+01
3.168106248404372494e+01
3.382838388272488572e+01
3.629878020304401787e+01
3.688356997553805172e+01
3.499144907314828146e+01
3.218161180736061766e+01
3.046689878489819492e+01
3.036338286900471672e+01
3.080880146876867443e+01
3.082757288483054126e+01
3.082745115167767125e+01
3.194661045131359600e+01
3.424519132907012420e+01
3.596988782179696642e+01
3.496565925246816420e+01
3.089156977219854383e+01
2.593058540325593242e+01
2.318899740631549022e+01
2.426255714008944153e+01
2.811838089468863089e+01
3.203376958663091756e+01
3.353311919176528022e+01
3.180742145386368236e+01
2.796623510643777877e+01
2.436225662207442610e+01
2.338532715004253859e+01
2.604995889496040817e+01
3.103978034986836576e+01
3.518356088541452209e+01
3.562232029926528298e+01
3.229209291463148901e+01
2.845291693712599113e+01
2.829689221654863474e+01
3.337742940300005756e+01
4.104695631836473524e+01
4.650186165638140778e+01
4.671612156460242460e+01
4.276752864052576086e+01
3.863615236875897097e+01
3.785947943171980512e+01
4.113270103416505918e+01
4.656521216828681276e+01
5.163252626882113816e+01
5.474424889646135028e+01
5.552140244005036607e+01
5.447442919412441142e+01
5.286359240620117106e+01
5.244064997215905066e+01
5.442035985330897319e+01
5.817560678133243357e+01
6.123417387525548605e+01
6.129133913912450282e+01
5.863325753171735499e+01
5.630999666372441936e+01
5.735006511365168791e+01
6.155917567613894192e+01
6.534633877619388898e+01
6.514101047872111394e+01
6.110517210516427866e+01
5.723705066775605133e+01
5.754265593243697907e+01
6.205891599222003663e+01
6.674612661058915819e+01
6.732055238122711671e+01
6.315117989972824120e+01
5.750810428284319187e+01
5.432998452028806469e+01
5.498810407792170452e+01
5.792994237437274307e+01
6.073065897976888294e+01
6.192330175066950204e+01
6.110267226328045354e+01
5.826580850439003001e+01
5.392953974371323511e+01
4.978990582477024418e+01
4.826590909588173872e+01
5.043207934690137506e+01
5.431160806251530460e+01
5.594146819834203654e+01
5.289316973636844210e+01
4.688697056570183719e+01
4.251946679784668248e+01
4.302119248930982565e+01
4.724529989003644914e+01
5.093994650438753524e+01
5.084648943203629301e+01
4.730541473929174856e+01
4.301678483027005484e+01
3.995595595447559134e+01
3.810805678281156617e+01
3.699322856968450424e+01
3.739794175640586360e+01
4.059133449328754750e+01
4.571142042159402763e+01
4.890103879352362526e+01
4.637490999068572961e+01
3.877739245006397084e+01
3.160197028271013409e+01
3.027625781594117527e+01
3.493014204974944192e+01
4.070549116645303656e+01
4.310147596587862751e+01
4.198461559961717171e+01
4.050943509816786303e+01
4.117933239001263246e+01
4.256824116255963730e+01
4.036479039503527844e+01
3.324433704791788813e+01
2.702309978380252531e+01
3.011790636154248801e+01
4.334876327815864272e+01
5.064636300141677339e+01
4.567226681470138061e+01
3.982436764061249335e+01
3.659026731735598759e+01
3.794258527627280841e+01
4.325160052034117797e+01
4.732153069560983738e+01
4.219204327525300613e+01
2.551613314506929697e+01
4.520451385427119995e+00
4.288266011200833061e-01
