4.793067548663489108e-02
3.334709707362866760e-01
1.653764473958697856e+00
3.378517158878201698e+00
4.015745956461422850e+00
4.047258371855715353e+00
4.223999187085700768e+00
4.781846977350751260e+00
5.313574730135481872e+00
5.290306685684998733e+00
4.594264588807611460e+00
3.725909774229612115e+00
2.413689311914366975e+00
2.842093679613921786e+00
4.226945995093940311e+00
5.198373232363418417e+00
5.166199243273137398e+00
4.518705097187432074e+00
4.142581618091547568e+00
4.499159181580968614e+00
5.024956569410673701e+00
4.860485949840578357e+00
4.119587406758337345e+00
3.794434024832572749e+00
4.326141248159491859e+00
5.029992514464929343e+00
5.149452306287853887e+00
4.785333883419347067e+00
4.561129545701643195e+00
4.832397366067489486e+00
5.327989206320066451e+00
5.317928131636009859e+00
4.333256416801135380e+00
2.997224596142904485e+00
2.707321448339595982e+00
3.997232687854024746e+00
5.598330150138496997e+00
5.748222038163852687e+00
4.264147067647623857e+00
2.790262986757820585e+00
2.999293495364668605e+00
4.855645095055083793e+00
6.644262047112866831e+00
6.607599831715631034e+00
4.700152249151511974e+00
2.784445533508709048e+00
2.841311013811459230e+00
4.881697139367116911e+00
6.878770727662550044e+00
6.874557537814373731e+00
4.911013389598236856e+00
2.785550004364365062e+00
2.188657689057313505e+00
3.271144696855886380e+00
4.821431173942911208e+00
5.562729375850540059e+00
5.256657577862432262e+00
4.667479118835716534e+00
4.572452427486548565e+00
4.946647560308796265e+00
5.171010153663342379e+00
4.858807767334128336e+00
4.245804518647642745e+00
3.811707952351504058e+00
3.763527369695415903e+00
3.974773306741588907e+00
4.277191512107536120e+00
4.669287692627867692e+00
5.235568918122009308e+00
5.902186441711437581e+00
6.315705885975718026e+00
6.057246538521854795e+00
5.069177662921181771e+00
3.854838952376012262e+00
3.160419325108366539e+00
3.386739403200140774e+00
4.279418071468200857e+00
5.170079133786455117e+00
5.532196877075774566e+00
5.364396752208586250e+00
5.077143373351941769e+00
5.001668499093766762e+00
5.029636138309163229e+00
4.802054293627094239e+00
4.254446613789598430e+00
3.839928761722772421e+00
4.065572783538808466e+00
4.824370799403679300e+00
5.360780787179877827e+00
5.048564247908652547e+00
4.176790820369175705e+00
3.787841281572119634e+00
4.582381813276110272e+00
6.014986853534170841e+00
6.666653511117265118e+00
5.663846015954660196e+00
3.681203124955188422e+00
2.379691253990838806e+00
2.793717543879447263e+00
4.364263973390468010e+00
5.627345782927744011e+00
5.746247034603252146e+00
5.193713569509208483e+00
4.936281441068769205e+00
5.200874990173233847e+00
5.302513244387141000e+00
4.658249248225966532e+00
3.655219782981481647e+00
3.242508705925018386e+00
3.732653995075935427e+00
4.336339324515406268e+00
4.087907190065430463e+00
3.071315717915485077e+00
2.402703706738137601e+00
2.904200196531461220e+00
4.046954298808663530e+00
4.498363456673150296e+00
3.692242917821853876e+00
2.547253019880943548e+00
2.409022267954860297e+00
3.417473113747552915e+00
4.258195045036951676e+00
3.671917777527059723e+00
1.999940241476738212e+00
9.377239021141717812e-01
1.724438936761388597e+00
3.804908410897097415e+00
5.437091859177358266e+00
5.480135212898717967e+00
4.341750290514308830e+00
3.198037043838179105e+00
2.643623373790900732e+00
2.403693063510794481e+00
2.202687200494961139e+00
2.390679919809787002e+00
3.380843878891295340e+00
4.698542858740070827e+00
5.130698547386201902e+00
4.083129572732842938e+00
2.520451586669812283e+00
2.109704388684800147e+00
3.331035977468605580e+00
4.769974305109937696e+00
4.615626875411764196e+00
2.789014997081161518e+00
1.218441340272041984e+00
1.801606195083408579e+00
4.285595026158891763e+00
6.477840590758837003e+00
6.577814532097212563e+00
5.011481018289763334e+00
3.761298255035280480e+00
4.079128529162058925e+00
5.250488112346634928e+00
5.717978754396579433e+00
5.072939504264949662e+00
4.516546948950947105e+00
5.344706883671575426e+00
7.373732117310099810e+00
9.176578230303583439e+00
9.735045904152411111e+00
9.466631836240960496e+00
9.493393185398215195e+00
1.022402163525196350e+01
1.105236963518338378e+01
1.142716850770594128e+01
1.177887433032356412e+01
1.304478342988179840e+01
1.541401222869272480e+01
1.795652113328690902e+01
1.966113508158996837e+01
2.057251152848816034e+01
2.157434661580505164e+01
2.312035714998231839e+01
2.460240084186479237e+01
2.523781482060789827e+01
2.534789887560130950e+01
2.628240097172480816e+01
2.889717194163658931e+01
3.237762805273769828e+01
3.489953289073657317e+01
3.542529995226298922e+01
3.456116541889501548e+01
3.357935873950900429e+01
3.296381621597907952e+01
3.231541834216512399e+01
3.155995975966357037e+01
3.161140212037052422e+01
3.334571773759495983e+01
3.610119228461304886e+01
3.783140066463685258e+01
3.711137778177892699e+01
3.473475783740463640e+01
3.286387744069187988e+01
3.258372405490125345e+01
3.276279944094233088e+01
3.163861184033019214e+01
2.917682130712360689e+01
2.719209115476973082e+01
2.697451848408855213e+01
2.743094579822072276e+01
2.631641958386779478e+01
2.325350715851526573e+01
2.067050427095531617e+01
2.103515459240074037e+01
2.343736669531740802e+01
2.391320644417889341e+01
1.977859487084216639e+01
1.322349734580366487e+01
9.671796451537117534e+00
1.218025417888792283e+01
1.795060070335242841e+01
2.104177103449965358e+01
1.850675715612607064e+01
1.323468912497254379e+01
1.043517215074803062e+01
1.187830022821330545e+01
1.443324177898860228e+01
1.432391563192443762e+01
1.185491508438669328e+01
1.096076679392827558e+01
1.419841050822710038e+01
1.926699671420838555e+01
2.132330284483811411e+01
1.845875878116460811e+01
1.393719200619038645e+01
1.260745857684875126e+01
1.571388946910225926e+01
2.004744821749033079e+01
2.209417197380014741e+01
2.198743285444668771e+01
2.262521983664673186e+01
2.540570590071103751e+01
2.814035078974273674e+01
2.784866862273339905e+01
2.491823408464927425e+01
2.324770838434920250e+01
2.585862561829475936e+01
3.115119798407002705e+01
3.446287386409336762e+01
3.332317948765303584e+01
3.028141779553646273e+01
2.992819998314433150e+01
3.355573766727886920e+01
3.768456372449082181e+01
3.810670172131216304e+01
3.462520194465523105e+01
3.098981529392622747e+01
3.034214238415132314e+01
3.175792758307980179e+01
3.194648820916779286e+01
2.981519127615630893e+01
2.814979243721331059e+01
3.022557699215636973e+01
3.538673177413512150e+01
3.900262493459917579e+01
3.710727621181899849e+01
3.056517754799741127e+01
2.420244997865200531e+01
2.210308069693081379e+01
2.430571951151520338e+01
2.796503974660691938e+01
3.074063811211406616e+01
3.223034756667374978e+01
3.255453529550141667e+01
3.104716150121909379e+01
2.740589637068174866e+01
2.363341559993231300e+01
2.329274921673664167e+01
2.783001002129157797e+01
3.408530539742901055e+01
3.669112831826533494e+01
3.358559226567432887e+01
2.867588343713868326e+01
2.822095475348654148e+01
3.439068980073039228e+01
4.286367303579149990e+01
4.711365518149151654e+01
4.481290844167107679e+01
3.965776367944146585e+01
3.714484746389192793e+01
3.930292895946752196e+01
4.387391236571112785e+01
4.786936812610384351e+01
5.065852547683443419e+01
5.320278826373898085e+01
5.537859635714823980e+01
5.560121392884079228e+01
5.344768814006375379e+01
5.148071602204172592e+01
5.308122068419956463e+01
5.829362154537447793e+01
6.287156342091863337e+01
6.246246670676301704e+01
5.766668869733718594e+01
5.401979689525211370e+01
5.629852546915225986e+01
6.314690177636934010e+01
6.813454559927278353e+01
6.641526275605201590e+01
5.984483126735015190e+01
5.502119400088095347e+01
5.648631653814474873e+01
6.243407909866544259e+01
6.712726676618810018e+01
6.682388943737613829e+01
6.277008743332859098e+01
5.878928618512408377e+01
5.703721110128084604e+01
5.677604254653802940e+01
5.671568782893645277e+01
5.714184795957442731e+01
5.889653377309874571e+01
6.093856189295021863e+01
6.045180586877233964e+01
5.612289817182237783e+01
5.056677162985965879e+01
4.827992085809382417e+01
5.085696842034155907e+01
5.488108655279898329e+01
5.520862712806616202e+01
5.035648715779358042e+01
4.422198039520919366e+01
4.217595936892847419e+01
4.558832958172077099e+01
5.059235266146326637e+01
5.228653802330750722e+01
4.955985349915052751e+01
4.527180968535836314e+01
4.225039702918785878e+01
4.040856311125295264e+01
3.825745660580260932e+01
3.618141091780657348e+01
3.676239233813306129e+01
4.145365210716184379e+01
4.762863273663926833e+01
4.993716277584519503e+01
4.530704974161697152e+01
3.660779901642342082e+01
3.058817050495156309e+01
3.150852692985469972e+01
3.711065596497031294e+01
4.151747283922681930e+01
4.172317262601222154e+01
3.997349438063460525e+01
3.994628968233996602e+01
4.218219441031005346e+01
4.342285164301593170e+01
4.011097796492196466e+01
3.299562972407391470e+01
2.812657908776643012e+01
3.184659894691752058e+01
4.352059524196322826e+01
4.876457961816709741e+01
4.302376395680720833e+01
3.792599660483873691e+01
3.707530171351474735e+01
4.083050149038590604e+01
4.632237286748874538e+01
4.810985117907070219e+01
4.061060886826515315e+01
2.370822491711387059e+01
4.171544342332144772e+00
3.932777662662793605e-01
