4.807300119423725537e-02
3.342334667126639070e-01
1.656662744291415246e+00
3.378311742424070285e+00
4.001649742207299632e+00
4.034306907103026418e+00
4.239307290997511579e+00
4.802710166277498693e+00
5.296871830306992379e+00
5.262202140299468311e+00
4.611034993793529324e+00
3.759250572791159151e+00
2.395348775531270569e+00
2.811035230916982375e+00
4.257987879815736676e+00
5.227377631986924733e+00
5.116189912299853759e+00
4.484191136627885932e+00
4.207862014150180130e+00
4.539596870170717224e+00
4.946232208879756342e+00
4.815133285659263684e+00
4.211581809917139374e+00
3.846550977831998619e+00
4.227665276923125326e+00
4.977091186926331012e+00
5.250949734107665634e+00
4.828536093334662382e+00
4.450336119926046941e+00
4.801340505400074399e+00
5.452627426148334955e+00
5.337607847593644372e+00
4.193778216646208534e+00
2.989944716684873605e+00
2.864943335441114236e+00
3.995940027010239870e+00
5.423814116365609728e+00
5.753450682203663291e+00
4.447429881611732583e+00
2.778001811529591691e+00
2.812361616354063454e+00
4.880128675779586089e+00
6.832912138036805416e+00
6.566886082153362558e+00
4.512027846586700974e+00
2.848067801801514864e+00
3.032005624191204785e+00
4.792152007900574162e+00
6.679880779442487260e+00
6.985408542630482387e+00
5.117082496318983154e+00
2.656660171754590571e+00
1.978677405028121061e+00
3.416616161229891535e+00
5.032870732349143061e+00
5.404919555594010383e+00
5.052258947272655121e+00
4.839176377276396046e+00
4.761417614571557877e+00
4.752303390060984789e+00
4.995875485806311467e+00
5.078640538909471758e+00
4.409640388878226069e+00
3.568138859155204123e+00
3.612521659627189852e+00
4.243743941517414520e+00
4.418826552756068615e+00
4.378713166179069916e+00
5.100664068400165618e+00
6.203557419098232550e+00
6.435175329047601700e+00
5.747787443134685148e+00
4.973859714387583786e+00
4.176217595907230518e+00
3.230432486391402236e+00
3.054357573389250291e+00
4.238320586977373239e+00
5.514596329706828115e+00
5.541168259796220852e+00
5.001877926626137061e+00
5.093760234446147450e+00
5.379453277859095550e+00
4.993125762052057048e+00
4.418726390893716882e+00
4.313875389825056139e+00
4.223949592012218979e+00
3.980798630265314664e+00
4.443768049662126352e+00
5.472838607060615423e+00
5.419723432773312588e+00
4.030104086937416952e+00
3.425032528078320482e+00
4.767693134761972651e+00
6.374432336191779847e+00
6.446711902166093466e+00
5.308218575450516674e+00
3.931975560575899031e+00
2.729289969656383708e+00
2.515911495211963889e+00
4.023690132412492737e+00
5.926265809580641530e+00
6.068894357433881837e+00
4.873758927618896841e+00
4.639585510717179062e+00
5.546777040005265391e+00
5.571920527454153671e+00
4.284962641343833312e+00
3.414259616995583890e+00
3.644344887264823640e+00
3.945335906662314596e+00
3.904460721530637279e+00
3.897799725021087180e+00
3.526217634046351801e+00
2.571181703779183092e+00
2.436329272563568793e+00
3.907364359492971673e+00
4.976541377283915324e+00
3.798721723585263721e+00
2.061041038640326839e+00
2.338617949323021250e+00
3.907522362648852887e+00
4.284686746312364569e+00
3.174075981046451833e+00
2.018648624362427757e+00
1.448651719973556684e+00
1.668796439306146517e+00
3.286463218627326377e+00
5.526471279943320880e+00
5.998962880230057415e+00
4.217546400083441505e+00
2.681809193856915297e+00
2.799262234235881053e+00
2.908689959081291576e+00
2.014255979159449872e+00
1.906025638753654716e+00
3.611189060126771988e+00
5.164841690646466255e+00
4.856068084264943074e+00
3.631442004035621451e+00
2.834822111102751396e+00
2.544711431576475835e+00
2.978780584019143252e+00
4.351608193985035733e+00
5.001093019911504456e+00
3.190097072572797732e+00
8.090229389879428634e-01
1.426884597111431674e+00
4.716419769570281417e+00
6.817412864323635802e+00
6.122555044897262988e+00
4.709599536967534306e+00
4.241477468204704948e+00
4.341044999377554170e+00
4.744061702216883170e+00
5.495736535004421164e+00
5.606820682284204160e+00
4.704730129189483634e+00
4.789778737415529619e+00
7.217749044898114974e+00
9.743786523738256378e+00
9.855566626601103053e+00
8.892395142264074792e+00
9.410498217282881939e+00
1.079886657631243629e+01
1.109253728749921208e+01
1.085570653188349688e+01
1.178901259823341441e+01
1.361701330341350413e+01
1.535432592189762602e+01
1.738133461113267586e+01
1.976465565996875995e+01
2.114626377630983001e+01
2.142873271754918818e+01
2.255029821565393533e+01
2.478583887861036672e+01
2.580006349507690899e+01
2.513335147426741045e+01
2.574016373538077929e+01
2.914592261872075341e+01
3.289241225940584457e+01
3.460949053631092909e+01
3.493582259065687623e+01
3.489143936611027641e+01
3.404279384966759636e+01
3.259477908064034324e+01
3.187962138914973664e+01
3.196875696201323436e+01
3.202462536061482012e+01
3.290519722316915363e+01
3.571056498947208979e+01
3.829219458299488110e+01
3.746949722407320849e+01
3.425554194276371334e+01
3.254442800119527135e+01
3.308174930767804511e+01
3.304161476597288072e+01
3.112456920949029993e+01
2.894387472671147776e+01
2.772462428349724561e+01
2.716126872735696196e+01
2.687668781743263580e+01
2.616840544183958173e+01
2.382339698657303018e+01
2.078313777547124985e+01
2.045807585003509033e+01
2.336138624813349907e+01
2.449193405562575165e+01
1.981785002062511225e+01
1.265075882143506369e+01
9.673195174218060188e+00
1.274191309782161419e+01
1.790188167374745376e+01
2.048878693656448391e+01
1.860295561190636349e+01
1.378071428168127710e+01
1.029496434384950732e+01
1.134038432750252312e+01
1.461441334113047574e+01
1.485371054720921435e+01
1.164017919941771240e+01
1.044421215796266900e+01
1.444009024357650084e+01
1.975955812613103291e+01
2.105269747410816805e+01
1.799537595676916979e+01
1.423916565399930967e+01
1.304050073968584300e+01
1.538148503239822062e+01
1.964814195804078523e+01
2.245996189758301043e+01
2.235534846535810516e+01
2.222574784997613051e+01
2.506182728501741863e+01
2.856318833019130921e+01
2.816699646860439898e+01
2.448075839562077860e+01
2.296146759098866852e+01
2.630892602202380459e+01
3.140394148048242684e+01
3.400485070322452685e+01
3.310822544805144929e+01
3.074347352937453692e+01
3.009740021693502499e+01
3.308364534947440205e+01
3.755885538476481855e+01
3.859177227121161025e+01
3.471567234611897845e+01
3.049830970889566473e+01
3.028512748871755633e+01
3.225130066534574524e+01
3.197174510906084066e+01
2.932384276550542168e+01
2.815189997868059990e+01
3.070470467778164902e+01
3.535370805589312937e+01
3.854179234262559817e+01
3.717847669897003016e+01
3.101079450173361352e+01
2.409330015674535019e+01
2.167097087246855480e+01
2.445011371135798228e+01
2.838360999631957071e+01
3.056320990050559772e+01
3.182289822955805647e+01
3.275720993219915300e+01
3.144078464683071772e+01
2.718576523193403816e+01
2.326204446126050129e+01
2.352963370329334936e+01
2.817408337111066885e+01
3.383123192975863702e+01
3.637742606388047051e+01
3.385745356707220566e+01
2.895646293697138773e+01
2.792715841758897355e+01
3.413901392346704000e+01
4.317893024034377447e+01
4.734294680750412709e+01
4.448398991394230961e+01
3.945085172342036373e+01
3.748188942427567838e+01
3.948678257325587992e+01
4.353346302171220117e+01
4.770846907312375151e+01
5.099434170487059248e+01
5.333377841632717065e+01
5.504841921720458942e+01
5.550637916194464339e+01
5.377879853964751788e+01
5.154362789987194304e+01
5.274865194134340385e+01
5.825799483869188578e+01
6.320270885771299163e+01
6.247207021497078472e+01
5.733582775776880425e+01
5.402889553436651937e+01
5.662418318517458005e+01
6.312529840290511629e+01
6.782572303483449616e+01
6.645456996902017011e+01
6.013371839104585348e+01
5.495933104216300791e+01
5.621432196265492820e+01
6.251663954989537331e+01
6.738135442131043362e+01
6.671952316860298993e+01
6.253156934580925963e+01
5.891541938224307273e+01
5.726720827876972919e+01
5.663776416783154843e+01
5.649547793754844349e+01
5.728392209846148120e+01
5.909982314215871213e+01
6.079329561741012355e+01
6.026818259258150334e+01
5.627015792790469106e+01
5.072789114621730988e+01
4.813079854482086972e+01
5.072200680985587695e+01
5.503745775871721690e+01
5.532146360132595220e+01
5.019116338235683372e+01
4.412403701449278515e+01
4.234536901755483029e+01
4.567418756758668508e+01
5.042309166875465110e+01
5.221034105211675325e+01
4.972342596522467062e+01
4.533901628894589209e+01
4.209976202743172280e+01
4.035619168574601900e+01
3.839504296916571491e+01
3.621493949077343899e+01
3.663341815014710789e+01
4.143679146556434745e+01
4.775018630238026418e+01
4.993866971517751097e+01
4.519011965360137850e+01
3.661796162002818988e+01
3.070390176749281252e+01
3.149666903184651900e+01
3.700193740689060462e+01
4.152662969194520315e+01
4.181678976424142746e+01
3.996334413246221828e+01
3.986800208498397780e+01
4.219369825098340243e+01
4.348524583004007127e+01
4.009767963144668812e+01
3.295121100071976628e+01
2.814777846124587768e+01
3.187984984477412098e+01
4.349317145839327736e+01
4.873341065083271673e+01
4.304689610548063428e+01
3.795462662297189382e+01
3.705972731978858548e+01
4.080715601666287284e+01
4.633084311777611930e+01
4.812743236439301597e+01
4.061239791098680030e+01
2.370626944558236104e+01
4.171088030734295238e+00
3.932300300421031070e-01
