6.846485110208827551e-02
5.074722132764918348e-01
2.557175822687200561e+00
5.672699221498273658e+00
6.636174187999184682e+00
4.186901580038289161e+00
1.416197259699345512e+00
2.487964277191725859e+00
5.591277472406398275e+00
5.835058619255606871e+00
3.804070031521900930e+00
3.894287737325471621e+00
4.478008923307869260e+00
3.924992263520438396e+00
3.501449224324757026e+00
5.376515594809328391e+00
5.794068844786029793e+00
2.565031663530759953e+00
1.266775638899285239e+00
5.122539109676502278e+00
8.223407750532176763e+00
5.847613851937595086e+00
2.294486195562095876e+00
2.790867324544128891e+00
5.695506286788451611e+00
6.582015966437993804e+00
4.473999709538873937e+00
2.469719409436473168e+00
3.778030170383956943e+00
6.771350556206774840e+00
6.739390946473727162e+00
3.933903363079836790e+00
3.120473472421449568e+00
4.110170833414583669e+00
3.088101907501693333e+00
2.605628843235985315e+00
6.535144534049004861e+00
8.739069544632306119e+00
3.270622995312916892e+00
-1.424317861597451218e+00
3.244542306164609258e+00
8.855991563103208009e+00
5.942871095448829522e+00
1.996806313924027965e+00
5.127430384870461211e+00
7.923302774433710560e+00
4.290175953841293577e+00
2.200273417691541056e+00
6.038475719351999338e+00
7.411784042293964703e+00
3.124105564167880100e+00
1.176148742352231658e+00
3.835095855884815830e+00
4.839959766593720403e+00
3.925592414679106135e+00
5.794382948638999054e+00
8.022335550120549996e+00
5.704451517712915809e+00
2.015273964534065154e+00
2.067794258107725547e+00
4.217461675862812953e+00
5.351363306906535833e+00
5.850659752336706987e+00
5.556858380590857571e+00
3.787587723168619469e+00
3.175033448213299803e+00
5.290590701814283037e+00
6.207505983573246233e+00
3.656301574447571312e+00
2.240566767354495781e+00
5.164884872778250369e+00
8.190548684128145851e+00
7.132102917102486117e+00
4.243203984536627615e+00
3.155375337819262160e+00
3.577327771362461384e+00
3.903082247827949658e+00
4.376632138894781754e+00
5.334117867898965137e+00
5.448043194090669950e+00
4.134606539332473574e+00
3.801817803064635015e+00
6.257228546428880378e+00
8.024582145353360119e+00
4.874395128755790729e+00
4.809922761317513284e-01
2.071584760372208400e+00
7.466254179589864037e+00
7.748221533044859832e+00
2.982541355510408998e+00
1.699464515179008206e+00
5.018441919063101331e+00
6.293753367871451232e+00
5.081646367602585812e+00
5.951931906567527797e+00
6.813160855346247047e+00
3.631605040333726997e+00
1.016699536125737602e+00
3.930372946498144060e+00
7.002916850052683273e+00
4.694431701760804820e+00
1.965254350767374758e+00
4.150248395547178504e+00
7.265727058061655974e+00
6.672272411881850829e+00
4.658000627842345587e+00
4.159961075961419397e+00
4.375939096413545393e+00
4.498811740160445716e+00
4.391908949135776119e+00
3.009022240030245321e+00
1.172968909491355127e+00
1.653842116580605870e+00
3.952254730322159570e+00
4.987503347614063109e+00
4.779799460571164005e+00
4.852619737740532457e+00
3.990200280024172930e+00
1.902523017133000982e+00
1.663802727467186937e+00
3.441310238764499818e+00
3.280834020858508282e+00
1.262505154780389383e+00
1.769630299643269122e+00
4.463797162167734811e+00
4.819871383030362111e+00
3.080163445458660831e+00
3.199962533480780635e+00
4.874674621227867988e+00
4.784948233694320763e+00
2.895762334563142915e+00
1.547693801395274127e+00
1.582029505341892017e+00
2.680815788560010571e+00
4.268029668296299484e+00
5.166693373768882047e+00
4.825412019461188251e+00
3.845674809902134061e+00
2.563073127324614564e+00
1.652041220884156614e+00
2.668557770587283606e+00
4.751880707931901426e+00
4.646730980065847838e+00
2.771503964329549596e+00
2.818058330731569860e+00
4.034872005517780913e+00
2.934056387010735456e+00
1.858173595664997180e+00
4.777496540161127569e+00
7.821002959521178077e+00
5.989018870424773766e+00
3.232577876741030476e+00
4.234712823411066474e+00
5.355179655295790653e+00
3.934032310099532914e+00
4.404029731464094155e+00
7.362186828136865202e+00
7.193811962580128672e+00
4.989549804252877863e+00
7.376127210798648193e+00
1.191362390878440003e+01
1.104266382643325528e+01
7.389781627344588877e+00
8.211607043013888330e+00
1.136158328448923882e+01
1.185361403442783157e+01
1.239294922476864613e+01
1.532571828884679199e+01
1.662412638597336567e+01
1.585763025704299345e+01
1.792795011984897613e+01
2.167938486858793823e+01
2.188603431274925981e+01
2.094036840415079936e+01
2.369383661098772720e+01
2.682402216896835867e+01
2.666623252586678205e+01
2.738672773131701277e+01
3.079142394904042490e+01
3.178069754195762897e+01
3.076003685788730735e+01
3.375526670091525006e+01
3.764155779733361129e+01
3.457788239379885908e+01
2.944528205918038211e+01
3.185981515110096751e+01
3.657495942666174926e+01
3.385160273131541686e+01
2.991631927733042673e+01
3.443475458324585503e+01
3.984624357732153044e+01
3.594040602077881630e+01
3.071287169424923036e+01
3.428312399904626773e+01
3.808349586867252157e+01
3.225996815220754144e+01
2.636236574725927895e+01
3.037646493858907704e+01
3.373647314905922912e+01
2.614337080793104917e+01
1.953735051645634258e+01
2.522636660545341414e+01
3.018432959764392365e+01
2.204203475127271616e+01
1.508275879815176346e+01
2.302813750821787764e+01
3.004462190079285122e+01
1.963865289541791270e+01
7.057793934091854737e+00
1.076723466113288730e+01
1.884792627608078774e+01
1.593150294530192390e+01
1.326649331199986470e+01
2.045334581161842635e+01
2.136744030610400813e+01
8.521247230548656404e+00
3.626592507815201039e+00
1.608301585935454980e+01
2.234981741352320483e+01
1.118194632775445996e+01
5.005883141982415019e+00
1.545901956282577139e+01
2.324695316231123243e+01
1.818375861502657997e+01
1.453349371899521536e+01
1.723977166671906502e+01
1.565411600122575209e+01
1.243725209371632978e+01
1.875439117452786419e+01
2.691447823991549981e+01
2.387912180839541065e+01
1.837529120071616973e+01
2.305976602670399345e+01
2.954066181579358386e+01
2.735318548595545352e+01
2.385127068281848040e+01
2.583465658845184265e+01
2.770749420464540691e+01
2.878094045373814680e+01
3.429109824864985256e+01
3.743883354817040754e+01
2.990414638799173730e+01
2.360848241975124040e+01
3.186358582673587847e+01
4.250655630058256662e+01
3.939075949932202292e+01
3.138856416913597513e+01
3.222268117509051422e+01
3.478884423987363306e+01
3.037587785709691701e+01
2.749009353587328874e+01
3.115129747609089250e+01
3.131535605334284966e+01
2.688157112919731517e+01
3.109352792052017378e+01
4.257498462848205634e+01
4.267915087901755555e+01
2.895851089175175019e+01
2.004801081949495867e+01
2.326354588205941809e+01
2.708425921583080509e+01
2.656243637391294499e+01
2.847319673102323279e+01
3.283854863525947110e+01
3.312817837086516448e+01
3.030119811697595722e+01
2.836380416158365492e+01
2.535062060701344677e+01
2.226019449277881534e+01
2.631233578992727473e+01
3.538834566619181743e+01
3.757418864472517583e+01
3.185312279878341712e+01
2.864344423721718158e+01
3.011606478236126350e+01
3.241023274793334963e+01
3.947856080304347870e+01
5.054622234929850322e+01
5.015053202856170600e+01
3.596496698702566164e+01
3.119601018160702566e+01
4.414916881352370837e+01
5.083457654802459302e+01
4.210942323273914667e+01
4.239530190851751001e+01
5.820584753785313836e+01
6.234615384409321592e+01
4.973314595534738913e+01
4.828397161608847910e+01
6.021932898081970365e+01
5.882944792386414434e+01
4.868066658833418359e+01
5.736248857411585789e+01
7.224469349346219360e+01
6.129730882656046020e+01
4.205695568241353044e+01
5.218841174775846525e+01
7.545605249032858808e+01
7.321680720807751186e+01
5.681918610460246555e+01
5.726784222053800022e+01
6.379972894179424259e+01
5.663337971089276124e+01
5.312440094150400682e+01
6.702975257890517469e+01
7.421209481477353620e+01
6.125348209096259922e+01
5.279727073306499818e+01
6.088704703167363164e+01
6.387086345805091980e+01
5.394529056426455327e+01
5.088250268032918910e+01
5.989800409783224922e+01
6.423194274940814807e+01
5.907210326176991799e+01
5.408857945910342835e+01
5.142930082544796022e+01
4.928173083202013771e+01
5.147391761694024126e+01
5.629577670469252837e+01
5.507291056045098543e+01
4.829456703376899185e+01
4.381760763418368043e+01
4.294785092351128952e+01
4.462360919275054982e+01
5.037271206216163222e+01
5.443881851780815140e+01
4.908344846707851872e+01
4.211343114059751969e+01
4.402534726625511752e+01
4.550909623877170418e+01
3.652627366829796074e+01
3.026418795742349843e+01
3.818680159100912164e+01
4.670903358007362272e+01
4.534437243950429064e+01
4.499143369197231834e+01
4.798245600540847278e+01
4.041043599089598359e+01
2.728722375547915391e+01
2.982376694199068723e+01
4.289386349260173859e+01
4.307813404828389281e+01
3.449111775079747133e+01
3.766748947217661225e+01
4.647376915120484142e+01
4.347946269730901747e+01
3.666344543584493465e+01
3.908859050643044952e+01
3.973157004176048446e+01
3.006175342714645282e+01
2.774803129979239458e+01
4.350430785935800060e+01
5.118264179452098972e+01
4.033034043519388945e+01
3.455915816366589866e+01
3.912529337119442374e+01
4.397117280370668624e+01
4.480848201449472157e+01
4.589842655532059013e+01
4.307844716504522609e+01
2.788796478565922499e+01
5.005200025204681324e+00
4.813655089801442966e-01
