7.758630980164293867e-02
5.463468364936201471e-01
2.715157883530657124e+00
5.587255650474647339e+00
6.279210531972070797e+00
4.426063450899805574e+00
1.873499051026451756e+00
2.110333125355913886e+00
5.072182241380440715e+00
6.398264329998247568e+00
4.524596274206877489e+00
3.386133125633208785e+00
3.529020123077282189e+00
4.599017218111749017e+00
4.173499551118053041e+00
4.458906858561844544e+00
5.322486956692288551e+00
3.654025797116926988e+00
1.663570839516190336e+00
4.105521022767812056e+00
8.002316946351585969e+00
6.787731804630050547e+00
2.352455200664464563e+00
1.930934132391479263e+00
5.616315943379555975e+00
7.104271431275371640e+00
4.560963878267323857e+00
2.429323307432143420e+00
3.798261667171511036e+00
6.447416014902639603e+00
6.693747504103339629e+00
4.555345033074139849e+00
3.091310222975476307e+00
3.196812387368209940e+00
3.163701729250195438e+00
3.659645310829941600e+00
6.374986353511138404e+00
7.719094628311621520e+00
3.638469009906847518e+00
-4.772688891615233242e-01
2.643646072140389158e+00
7.979451506521540338e+00
6.692747041692602039e+00
2.769165241610667128e+00
4.341946891006742248e+00
7.300595319028307273e+00
4.999351955377714596e+00
2.643640811231341647e+00
5.509219699878364018e+00
7.141959050895932748e+00
3.347562042189405673e+00
1.249685941725532601e+00
4.002811052248329560e+00
5.033548714505798216e+00
3.449483634278325717e+00
5.393045627322441860e+00
8.690505741554199304e+00
6.121677523015900846e+00
1.132834455098614246e+00
1.701623888955719588e+00
5.273541841649906914e+00
5.657595210268407726e+00
4.802412941459831330e+00
5.482135972661364320e+00
4.818605513849739452e+00
2.946737835449662501e+00
4.176020932146283116e+00
6.521540444747619958e+00
4.694064783869772661e+00
1.954386097891994911e+00
4.412879249594431563e+00
8.519708712951914009e+00
7.656270130893034320e+00
4.014030451443792558e+00
2.876147451150432133e+00
3.509270478060491083e+00
3.721309470893879201e+00
4.607007420110089235e+00
5.915560255563696579e+00
5.177443646816213274e+00
3.440051929858002122e+00
4.280523841589934264e+00
7.028290803490011562e+00
7.313253570441889728e+00
4.020704467894185896e+00
1.240537343539368953e+00
2.754679179432663272e+00
6.608190102164276603e+00
7.345248345298752923e+00
4.060491548034571352e+00
2.010144118880137221e+00
3.919758738729276715e+00
6.040604245292033880e+00
5.979709755256322090e+00
6.037038662386088106e+00
6.108531620930416572e+00
3.615212354482233437e+00
1.444832485638317898e+00
3.999141678548631784e+00
7.045869074209760718e+00
4.670435471352821999e+00
1.487120705689653377e+00
4.086873409521259326e+00
7.999065474275020016e+00
6.686517812333562460e+00
3.735476588136637410e+00
4.271091786527778211e+00
5.428044334232552615e+00
4.265761272274879445e+00
3.355963307498218029e+00
3.419018592950958890e+00
2.103413144906449705e+00
1.023171929526362156e+00
3.122787381465815137e+00
5.772752301104746131e+00
5.517081739121231010e+00
4.059535080212145708e+00
3.379505976873072193e+00
2.546598213208666195e+00
2.073219155480822362e+00
3.033639480607471572e+00
3.104337570793468615e+00
1.389821665962119202e+00
1.753979648612562059e+00
4.696412975897448661e+00
5.040669610456308014e+00
2.498233560801432329e+00
2.758841875709870717e+00
5.635334569872680888e+00
5.267365833421654209e+00
2.026854696117060151e+00
1.220998396604572989e+00
2.627188394222728540e+00
2.873817954189787027e+00
3.144463879193926559e+00
5.113560245574383600e+00
5.867408572815428158e+00
3.623877719561376942e+00
1.533708411447120001e+00
2.045666464854643873e+00
3.694525087918770989e+00
4.454485260468191044e+00
3.891127847487262592e+00
2.974474958373190425e+00
3.189170349089063716e+00
3.859921541838183590e+00
2.823225640426888283e+00
1.819416314690689651e+00
4.559817965352708669e+00
8.132085445696972670e+00
6.638330374699135561e+00
2.859087613704736075e+00
3.406244479963961957e+00
5.800056951846030984e+00
4.694211869453843278e+00
3.699023071727340017e+00
6.616508039650477180e+00
8.071910884051966661e+00
5.671105361373518505e+00
6.473706673409084900e+00
1.149967109534287601e+01
1.206247797840810421e+01
7.606817904096337735e+00
7.105818407765671196e+00
1.114950717017411641e+01
1.275449745621767583e+01
1.253957253992521714e+01
1.476183642470450330e+01
1.661245498751439342e+01
1.612226332825832742e+01
1.792963611236218568e+01
2.180277526729866011e+01
2.185862869025148925e+01
2.037071253542688254e+01
2.366058128345058620e+01
2.767305226639227200e+01
2.669999985688881949e+01
2.642799652484136530e+01
3.090569255240005830e+01
3.280180722295614260e+01
3.045475003504806821e+01
3.273407809969840088e+01
3.812673353769752538e+01
3.551013853850300706e+01
2.878532124170730100e+01
3.105282484850717850e+01
3.735675676191345929e+01
3.453855265022095011e+01
2.913822172871943650e+01
3.386755539477168497e+01
4.044332702694234172e+01
3.632466690789663488e+01
3.042304986246672627e+01
3.417280780477585722e+01
3.807516279442086216e+01
3.212715555822989444e+01
2.665728390021033078e+01
3.065619337011446177e+01
3.311078363818589310e+01
2.571631354263191582e+01
2.039412035351627850e+01
2.573223023680866106e+01
2.927399120933177912e+01
2.170205207161979999e+01
1.607955551385742865e+01
2.311359902439075142e+01
2.890070899294898155e+01
1.968038883793171223e+01
8.171361703131546861e+00
1.057984275059650869e+01
1.787433860735248103e+01
1.631746010477755604e+01
1.418762626329304410e+01
2.010223207545617896e+01
2.062405242165814556e+01
8.653817039938259015e+00
3.925308304493751788e+00
1.603959547156566501e+01
2.244177759975993425e+01
1.114754630955443027e+01
4.679050830635022251e+00
1.575356337095867687e+01
2.388820143785040528e+01
1.770246626140990642e+01
1.363784057751928991e+01
1.774004450562431145e+01
1.647523597481428226e+01
1.177790653191370929e+01
1.810577131869103695e+01
2.784463314351774699e+01
2.447207678748127435e+01
1.736485828676022791e+01
2.261326877302484206e+01
3.053199752669733158e+01
2.755649669394784240e+01
2.282666665212665791e+01
2.570252637239997640e+01
2.858976622496355802e+01
2.893795426946518035e+01
3.380976673710933511e+01
3.738078293516430506e+01
2.998490247792783947e+01
2.356463356907523732e+01
3.211577816442434141e+01
4.253078382137247360e+01
3.876970493695377229e+01
3.138233813097617642e+01
3.313944761297620545e+01
3.479110068064112227e+01
2.936112151793365399e+01
2.761173231987596566e+01
3.215705615290180219e+01
3.096607394793431567e+01
2.590249425949687279e+01
3.165768090051608752e+01
4.349274298435636865e+01
4.196996025099066685e+01
2.815232378864887863e+01
2.081184130716590985e+01
2.391752331819207100e+01
2.636556373082615679e+01
2.606759266912839479e+01
2.901346289366833986e+01
3.316570067933459853e+01
3.292105314064345123e+01
3.022922284785259706e+01
2.821534061854325870e+01
2.512563959853668649e+01
2.265730452296449826e+01
2.669306490735331394e+01
3.475248794764435445e+01
3.715788369789594014e+01
3.274888667638869322e+01
2.909635496726410508e+01
2.911980041894765492e+01
3.205900238292248616e+01
4.046698323991249424e+01
5.059347691290788873e+01
4.905706432164502928e+01
3.613231622669985654e+01
3.236050785227514837e+01
4.394150522609599818e+01
4.984046663489477424e+01
4.241152748685558294e+01
4.318462699305054997e+01
5.785112457040469280e+01
6.170917159714193900e+01
4.987973088654158005e+01
4.855386392757242930e+01
6.029560599214151040e+01
5.905890650038948309e+01
4.856359144711003495e+01
5.685649781312262263e+01
7.249011571645014840e+01
6.195116779043951283e+01
4.154925315415321307e+01
5.133010452899493004e+01
7.607382556596351719e+01
7.409138114264372632e+01
5.614838149033989367e+01
5.663492368701684399e+01
6.470427210578134236e+01
5.710353151766636870e+01
5.203146864763927226e+01
6.661139583684087029e+01
7.524435520545812039e+01
6.150582999063491485e+01
5.187849972296998402e+01
6.079411209081938239e+01
6.465350058108727183e+01
5.404668641944928709e+01
5.045999312558259930e+01
5.980965327915111374e+01
6.417522679140562047e+01
5.903719726045086702e+01
5.450386904549119294e+01
5.151213155565338297e+01
4.859413022942890592e+01
5.145464357505874631e+01
5.722842831233746352e+01
5.502047260688747343e+01
4.724678115911264342e+01
4.398641547541571839e+01
4.396578770249363544e+01
4.424151786659916752e+01
4.942684085429136331e+01
5.505289374730982388e+01
4.996143190426599290e+01
4.135421256448454130e+01
4.323237113779462248e+01
4.626832233435234087e+01
3.717059967221170069e+01
2.962891216791267723e+01
3.775583080678622849e+01
4.715009808529903523e+01
4.557115449845768751e+01
4.484897034496697188e+01
4.796616042896792464e+01
4.016711863329762622e+01
2.702109375181224493e+01
3.035201167327848992e+01
4.336420701077706497e+01
4.240131128908898006e+01
3.404179505475773482e+01
3.853420403091721624e+01
4.684346996573002286e+01
4.242858887162124404e+01
3.635709627306296454e+01
4.015456017463226601e+01
3.979373102172148435e+01
2.899558696196691798e+01
2.802505427865140675e+01
4.460461763511179356e+01
5.087611795920026481e+01
3.935551399853470400e+01
3.470973446498107506e+01
3.987471822089638351e+01
4.377375260988147687e+01
4.422639963084093750e+01
4.612124198296704236e+01
4.345709803973472418e+01
2.764873608003841809e+01
4.946436312142648006e+00
4.736800214014822985e-01
