2.388688381277503242e-02
1.785359722943595240e-01
9.679996942338440213e-01
2.514647061031630937e+00
4.814070362657465907e+00
6.703495080981658916e+00
5.697585450780776384e+00
3.519073550272822981e+00
4.089747895666174138e+00
5.941041521165644212e+00
4.634588713988690323e+00
1.618190707129055772e+00
1.294293650697845743e+00
4.045027489705722346e+00
5.247409887865067013e+00
5.724904315778583275e+00
6.770355597654228674e+00
5.280379086807734268e+00
2.023672127203003157e+00
2.608758763533039371e+00
5.950081993093284893e+00
5.531507750755165986e+00
2.596265506729912520e+00
3.118691247554167933e+00
5.857079080441084606e+00
6.456372522949224368e+00
5.709141442423505630e+00
5.102472181695581810e+00
3.592711298874383452e+00
2.769841036991821159e+00
4.963193245944512277e+00
6.875339896947526341e+00
4.818742681470467915e+00
1.758675117748423222e+00
1.874958191151656850e+00
4.807406950837817661e+00
7.866898442639854494e+00
7.466993701771511560e+00
2.211586774679695111e+00
-1.265479538993962816e+00
3.653828353692931685e+00
9.598042042749158398e+00
6.448712736512812072e+00
1.150727926948045043e+00
4.213337569184981923e+00
8.132209347160117119e+00
3.953100404712721616e+00
1.247762093102442238e+00
7.202531545173566307e+00
9.771200183930162098e+00
2.866466028218233930e+00
-3.817112731397507841e-01
4.803192429688520448e+00
5.967345689744613324e+00
1.119928975587023867e+00
2.321851394380390676e+00
9.093450086742752347e+00
9.316388813853077266e+00
3.418546174187789610e+00
1.472160537439638928e+00
4.210344925426838358e+00
6.029288430379663666e+00
5.682185811016458921e+00
3.490945053608040638e+00
5.795228160308941723e-01
2.067752894834672617e+00
8.197178816814220781e+00
9.718649359161114276e+00
4.005844888613646404e+00
1.520620155256130257e+00
6.261872454448454306e+00
8.399515878787983780e+00
3.855831663098259643e+00
1.036782224368580252e+00
3.516156250184280019e+00
5.278198316092667319e+00
4.615369867947203275e+00
5.838374253753468857e+00
8.102404407396894825e+00
6.359016989660156050e+00
1.736866159779651753e+00
7.954553127548424918e-01
5.154861719574975965e+00
8.357941729856042556e+00
5.081943974338002157e+00
3.505832670399702256e-01
3.122304763881373013e+00
1.053293531996696863e+01
1.013331347081907907e+01
1.165944345910683522e+00
-2.507304910181496371e+00
3.796395955923588694e+00
8.316753191188938743e+00
5.456591160115082495e+00
3.973074899869072141e+00
7.139625037855092948e+00
7.123144166034799163e+00
2.846373988279592648e+00
2.045400109782666398e+00
4.823933169957500766e+00
4.539093874824098762e+00
2.288138503308998040e+00
3.760364517265845308e+00
7.183893755011865778e+00
7.520005882745697257e+00
5.483684185300628400e+00
4.017627967997562166e+00
3.642706130674236320e+00
4.404725095713173388e+00
5.094058619885694306e+00
2.949194723828452602e+00
-4.955917676448165499e-02
1.662690329979913173e+00
6.092749644163117928e+00
5.743320205174255122e+00
1.958336280731253876e+00
2.386553634868211926e+00
5.708927491533875909e+00
4.859459954718516883e+00
1.427941853404535166e+00
1.633828850154785295e+00
3.959914854243479887e+00
3.549494376839674281e+00
1.606752867536284546e+00
1.342083277381679984e+00
2.311564385024025281e+00
3.606535812331979063e+00
5.368575148107998629e+00
6.279554833116929302e+00
5.312175783205999480e+00
3.711632551175736872e+00
2.151591720193855917e+00
4.788205055340550298e-01
3.783007033651157869e-01
2.709364971055401305e+00
4.733703000803068051e+00
4.811477845859239544e+00
4.919641746885540456e+00
5.535602465406030959e+00
4.614698745875458030e+00
2.564026423488749540e+00
1.700090008647771489e+00
2.079754845253474205e+00
2.614702978888324925e+00
2.941583238828840763e+00
2.497279215994117951e+00
2.326733037425711359e+00
5.285711798078500223e+00
9.449838950360128109e+00
8.404983554753595598e+00
2.785041091563261517e+00
7.129178851489328395e-01
3.532020425217930804e+00
4.593958015264592021e+00
3.248754248213201024e+00
5.025495407800838699e+00
8.926002709248308520e+00
9.231790075069092438e+00
7.106456662818424697e+00
7.572645076366681494e+00
9.362731783187673074e+00
8.398537885158845029e+00
6.496551432931159553e+00
8.070190338194295876e+00
1.207698331205181397e+01
1.397178349648146067e+01
1.345720028729136253e+01
1.438609531075624837e+01
1.720684793498414322e+01
1.793372446012928023e+01
1.629853738439802768e+01
1.721584306641743112e+01
2.152187197014850284e+01
2.439690491127782579e+01
2.471274983646305401e+01
2.564156634703845583e+01
2.706083487212847771e+01
2.774584372820918432e+01
2.975954233272693372e+01
3.233377234522304633e+01
3.191507883853402561e+01
3.180037826824969116e+01
3.597261966901116637e+01
3.730611573940928594e+01
3.151646680460768835e+01
2.938394355870328312e+01
3.475297677645531991e+01
3.489217868545852497e+01
2.970941930457405888e+01
3.431939624784226339e+01
4.294265259776412336e+01
3.689523851920645114e+01
2.694073396217698146e+01
3.371159358848522203e+01
4.181874980872073877e+01
3.083491802438070550e+01
2.082765918148869488e+01
3.109568588754029861e+01
3.863260834904629348e+01
2.674990867498830838e+01
1.909728211304613410e+01
2.764270288686593346e+01
2.916846313235530275e+01
1.728697263667586270e+01
1.492132936484080830e+01
2.528320354936518655e+01
2.736276461237410729e+01
1.784905336649735119e+01
1.222925839465289855e+01
1.467792912826328866e+01
1.713698230301245218e+01
1.567072946866865912e+01
1.338288797993578605e+01
1.490227255958447827e+01
1.792510206383462545e+01
1.367403601905966504e+01
6.108310505938847612e+00
1.140387064623607039e+01
2.393676664632499396e+01
1.974825266393118284e+01
4.983265396839599681e+00
7.829047213652289727e+00
2.158020003434574718e+01
1.966363616011437188e+01
1.155220307757269715e+01
1.706949762632456213e+01
2.107524957850994696e+01
1.332827875734213485e+01
1.633022890443523067e+01
3.041837617480492639e+01
2.643870308086314225e+01
1.204977617313132576e+01
1.879412621980074505e+01
3.301744269594183834e+01
2.731576546120919602e+01
2.083340556712651548e+01
3.111244436967085036e+01
3.338171447706271522e+01
2.310631540487327484e+01
2.984026843752568325e+01
4.386712190075649431e+01
3.156601500834690555e+01
1.473456491099776144e+01
2.986334812799302085e+01
4.991859623536894475e+01
4.095075748284008199e+01
2.826484366131223425e+01
3.403200587629763163e+01
3.533111276219482733e+01
2.623403296137329832e+01
2.891840020829432589e+01
3.563440707672571506e+01
2.713125139299636501e+01
2.238793169996699461e+01
3.724500007800809698e+01
4.632164459453483119e+01
3.589183625119615328e+01
2.718829960542718638e+01
2.640372974627062774e+01
2.180696507127062134e+01
2.136835684780959710e+01
3.173878329482935001e+01
3.462045800940430951e+01
2.636287598536186394e+01
2.759860138944109664e+01
3.580083042624386991e+01
3.056055434567072737e+01
1.973507748859238475e+01
2.215838105632263932e+01
3.086966954162586418e+01
3.511430356984698875e+01
3.813659704484258128e+01
3.587085267746346062e+01
2.476887365114731310e+01
2.194296995287459140e+01
3.537832538844744334e+01
4.593936393645449101e+01
4.565438382098423631e+01
4.598314604285674534e+01
4.448906890185121910e+01
3.665110154491021888e+01
3.781923526502275479e+01
4.816418214297221567e+01
4.559955975570323972e+01
3.839437389925451072e+01
5.197901512480850528e+01
6.691089949985079954e+01
5.589357309289101750e+01
4.613131099941308122e+01
5.981131556416661255e+01
6.355102357278850178e+01
4.752608619226084841e+01
5.222350125008004795e+01
7.227078816460669941e+01
6.043680782894726633e+01
3.702804452742118713e+01
5.520011391282493207e+01
8.515543840211276461e+01
7.276454785529615776e+01
4.982238781834392682e+01
5.997211692132921712e+01
6.902812421297338119e+01
5.057832566070145930e+01
4.616348995817470779e+01
7.029345832580882814e+01
7.779711723002060353e+01
5.994833185322789859e+01
5.528786368274485596e+01
6.499594870599283070e+01
6.085304933166982977e+01
5.015383255500007920e+01
5.307526443866820642e+01
5.988002885065435521e+01
5.971973806799245921e+01
5.978434960230048034e+01
5.853418909489832345e+01
5.071438983693908398e+01
4.823789940077987382e+01
5.549520997504634323e+01
5.618568187526399527e+01
4.854651226404536857e+01
4.782311530563210766e+01
4.974556945639539407e+01
4.255260497679443432e+01
3.963652334142076938e+01
5.168935690231437974e+01
5.843280083878933340e+01
4.787595046361490603e+01
4.018008699108971626e+01
4.504190768742716955e+01
4.491641849237802120e+01
3.546422009230182226e+01
3.329609433415190267e+01
4.009526399467451085e+01
4.286599015414334701e+01
4.282796415656943623e+01
4.751761247738924254e+01
4.870680055012130083e+01
3.813795516470270286e+01
2.819822990138837682e+01
3.268525167881987414e+01
4.274828650135037122e+01
4.258068702841999453e+01
3.585402105077874069e+01
3.612501374248797958e+01
4.192235164840699468e+01
4.270165070609099445e+01
3.979980079044555907e+01
4.048995285096894037e+01
3.993507188561967780e+01
3.201998852957316899e+01
2.888375880206076118e+01
4.203064525058126577e+01
4.960815559470259473e+01
3.899341293275149667e+01
3.184995073965175649e+01
3.742177425273655444e+01
4.682960731817610878e+01
4.953140794849363715e+01
4.745465405295816197e+01
4.197716539251122470e+01
2.721730916416233725e+01
4.887271293282662299e+00
4.714972195209387040e-01
