9.738165920237579209e-02
6.093114166148704269e-01
2.886385530859810977e+00
4.529261944838254728e+00
3.410984441664908218e+00
2.617004383448495286e+00
2.061286480128071918e+00
2.268095691554026683e+00
5.534816640586931236e+00
8.993256143615710130e+00
7.506807859298145758e+00
3.489092839821133829e+00
8.592641586413167776e-01
3.678929348897481688e+00
3.830088938996331294e+00
2.035372191745663972e+00
3.921798585562845663e+00
5.542858530586621590e+00
4.258281314996979816e+00
5.655555222059062359e+00
8.761873200897730030e+00
6.358786458578964407e+00
9.237854214765115479e-01
1.054767110346363390e+00
4.794235176325631009e+00
4.899351499060506043e+00
3.775132441545140161e+00
5.481746265336891355e+00
6.515315198926812101e+00
5.726127806195009384e+00
6.338029464544719715e+00
6.274214636946206625e+00
2.603579692783800859e+00
-2.045382777072647928e-01
1.639653342355775756e+00
4.932884419254091490e+00
6.993403990142714299e+00
7.470012652910081208e+00
4.565552362541753340e+00
1.098442944962983336e+00
3.632293742567856309e+00
7.965688708499872206e+00
4.843630463799952324e+00
3.880998969838369561e-01
4.750562317440788718e+00
9.133269849495736281e+00
3.724192879679442569e+00
4.156751644043586991e-01
7.939608203550337251e+00
1.132000162789299402e+01
2.598010621825478594e+00
-2.040697914043512640e+00
4.222956508929969210e+00
6.779400615976154398e+00
2.157144239381202144e+00
2.995282250794975898e+00
8.664126609639719589e+00
7.641502936870838703e+00
2.448806495933071314e+00
2.337759022525644603e+00
4.976022245167428082e+00
5.596117827697010938e+00
5.898894415931137836e+00
5.029817823428993862e+00
1.601119264521764674e+00
1.731421005713385197e+00
6.886258650815274329e+00
7.394180468582280952e+00
2.063509389902397739e+00
2.415935052181565457e+00
9.002272605492651181e+00
9.698124715021954501e+00
3.872931179922313838e+00
1.949396830562401650e+00
4.374116227172207161e+00
3.989095680152471068e+00
1.801469788963438567e+00
3.176805159662190903e+00
6.959734047821688918e+00
8.326765902951549947e+00
5.841309843617723985e+00
2.989605936320658408e+00
4.489005391961127245e+00
8.040811901263470673e+00
5.349375613187365985e+00
-1.844492821676442906e+00
-8.017666042027038475e-01
8.681582917025400192e+00
1.123681265438469268e+01
4.015823340509614425e+00
1.248749909069126973e+00
6.219721419288144482e+00
7.471408591489699269e+00
3.319587425776069800e+00
2.598549966411052292e+00
5.031025040196395182e+00
4.216154584962793272e+00
2.356960038309531935e+00
4.504918280145326470e+00
7.808564893226122017e+00
7.506381034800687857e+00
4.532715496791218435e+00
2.377036885220293438e+00
2.865569649443077793e+00
4.973723446152825467e+00
5.383039904762952688e+00
3.396837152005867999e+00
3.241780089812599464e+00
6.672014863935284090e+00
8.636556397576843125e+00
5.351185263797937353e+00
4.217526527573318140e-01
-8.950081987511235848e-01
1.547740089979237954e+00
3.885061073012015420e+00
3.707577741429155527e+00
3.137371291544265528e+00
4.886059712642226494e+00
6.710022698690959686e+00
5.231949778248385918e+00
2.636044562185923645e+00
1.984415808904341327e+00
1.191688158317004032e+00
-6.525463596154774670e-01
2.643388637050115286e-01
3.840771509523746907e+00
5.347390702885760128e+00
5.236160474462856484e+00
6.803834392833367772e+00
7.283181568761660785e+00
3.733637426521529079e+00
1.456848702002727092e-01
-4.836492054620812331e-01
-1.266223155102231268e-01
1.601115325585588778e+00
5.713045009622765846e+00
7.627200030504230455e+00
4.979902214108086866e+00
3.199839621740769857e+00
4.510322855149440535e+00
4.182859180120487963e+00
1.651088422078380136e+00
1.102253648866149849e+00
2.310888490967061948e+00
2.864078063557646825e+00
3.416618508190480075e+00
3.989367998518142944e+00
4.054133901996406664e+00
5.844665402197440685e+00
8.397507924556959935e+00
6.461472535513719251e+00
1.898844179921229669e+00
1.895109716378972520e+00
4.670669518576193724e+00
4.452381873567890835e+00
4.436161163634010585e+00
7.518142454390527973e+00
7.929185135202427404e+00
5.487099811615328449e+00
7.998013893018125486e+00
1.290850270487813134e+01
1.081835116329913582e+01
5.836103406787189307e+00
7.570087907969211827e+00
1.189245990499176031e+01
1.155655942978589401e+01
1.104419631841315486e+01
1.465887414498073049e+01
1.763144755894583326e+01
1.792836837862794042e+01
1.940104575204198056e+01
2.166007546636976500e+01
2.153950698398968200e+01
2.075824353417857537e+01
2.204968888422567730e+01
2.423361893117109744e+01
2.603274201471023019e+01
2.818859475404968151e+01
3.088935143328732735e+01
3.345587003027726780e+01
3.534066875623002346e+01
3.593249920141852272e+01
3.460071470809032235e+01
3.129631379571332062e+01
2.841645397121780547e+01
3.011023909074195615e+01
3.467250651858594068e+01
3.465086345620319008e+01
3.216471284101280759e+01
3.758394729613182506e+01
4.491106696627790029e+01
3.772882909285295483e+01
2.499590432132422535e+01
2.880076345410195060e+01
3.875470441324954862e+01
3.169917075360327274e+01
2.206833559905089714e+01
3.211357103108187516e+01
4.171447031678322048e+01
2.945148561108828034e+01
1.849512150609591998e+01
2.641484095173602498e+01
2.851147363385345912e+01
1.412492513245979353e+01
1.097926123714524849e+01
2.601535187682060624e+01
3.149189765885598646e+01
2.022303105488382968e+01
1.272130741273628729e+01
1.498289277902330596e+01
1.656665186626351982e+01
1.473591477203359190e+01
1.276169001135452064e+01
1.252365628961052657e+01
1.493034467901765439e+01
1.533819880717238604e+01
1.121697192761573447e+01
1.281478085251314880e+01
2.155320796223143631e+01
1.920264624987709112e+01
6.038641654102134382e+00
6.982397638667193540e+00
1.996864141990691977e+01
1.912008502538269994e+01
1.130095640798971957e+01
1.792591786299834666e+01
2.357798200684136702e+01
1.403533770125256019e+01
1.416409881818672289e+01
2.946095055675960950e+01
2.750571150231359141e+01
1.192836893678219212e+01
1.822560632108830347e+01
3.412921939734834353e+01
2.757538380625493701e+01
1.915957681293365056e+01
3.122515009708521561e+01
3.513098331470160218e+01
2.217308140199700262e+01
2.750872895796325324e+01
4.473015884257105057e+01
3.437184541473860833e+01
1.581424398546608323e+01
2.932091543826154734e+01
4.842264214196406868e+01
3.874880537727521812e+01
2.790514917415622875e+01
3.575882718927804405e+01
3.504976381844753774e+01
2.435838767810314209e+01
3.086890556528263119e+01
4.024234334578638794e+01
2.771479259353543156e+01
1.898142335478830134e+01
3.481717807884646021e+01
4.532213144642710034e+01
3.499813868059134592e+01
2.775424975314592757e+01
2.808937196455204344e+01
2.277826535415394815e+01
2.304501634050111392e+01
3.454250040856611292e+01
3.445551068244198945e+01
2.240074198545587691e+01
2.445185354567349378e+01
3.483392479715908507e+01
2.992639089669971142e+01
2.102419741382543350e+01
2.616675504052574652e+01
3.329037474810210284e+01
3.457988780337498014e+01
3.837856898653949855e+01
3.627736925317456951e+01
2.138480374209120072e+01
1.710414447105770464e+01
3.425348223150556493e+01
4.813259903824907582e+01
4.876102264515701279e+01
4.939404809590901380e+01
4.606596531274923478e+01
3.516755684406820137e+01
3.665239378394523584e+01
4.819232710844266165e+01
4.261387347124527736e+01
3.351502433867882047e+01
5.200528708419281543e+01
7.171865113898793709e+01
5.929498723080160971e+01
4.713029756151158267e+01
6.052035544350052731e+01
6.265936883564683058e+01
4.492930386949041832e+01
5.066803094556573939e+01
7.108860796666084525e+01
5.824460192517480550e+01
3.739226330744296689e+01
5.954256086487129807e+01
8.835798925815485916e+01
7.263245586818885613e+01
4.937160082620696500e+01
5.893478870871276598e+01
6.591383681768016345e+01
4.890942351575883862e+01
4.751716565187136609e+01
7.049572359624865214e+01
7.682221230513242460e+01
6.230105863623955287e+01
5.900182892489484487e+01
6.472621703167276053e+01
5.819491806363482311e+01
4.876560614552689543e+01
5.211334001679140471e+01
5.949091600085480280e+01
6.140820325230640009e+01
6.061553702996516790e+01
5.685674060366807225e+01
5.118219857223670743e+01
5.149447131958191193e+01
5.534311644724041201e+01
5.258611009457985830e+01
4.778777191995585127e+01
4.970055214630601625e+01
5.010159312646761265e+01
4.257049580156958513e+01
4.036293819641026204e+01
5.045730759784213149e+01
5.684282379973072352e+01
4.941474484055344618e+01
4.151380845090204019e+01
4.318684599207604435e+01
4.439859036843508022e+01
3.811503915609879556e+01
3.418562718160474390e+01
3.859226166050140705e+01
4.247206596806127266e+01
4.182266141357001743e+01
4.478781366933354491e+01
4.928307619638159309e+01
4.184770232309666937e+01
2.885708626381491726e+01
3.141439700138834823e+01
4.426035104629040262e+01
4.409490435340646286e+01
3.362490937829463888e+01
3.324615197895499819e+01
4.098325024891978785e+01
4.157697711817484532e+01
4.032934831723865443e+01
4.534944522376380149e+01
4.268043980031530538e+01
2.966438493538942112e+01
2.871140998373601150e+01
4.306321569011036843e+01
4.687785617642447278e+01
3.525695403828552799e+01
3.057718936779113150e+01
3.923591484034637489e+01
4.886508879051974219e+01
5.244435711964997182e+01
5.139473781700588972e+01
4.115428470299974606e+01
2.160012021356804368e+01
3.715473037594388295e+00
3.406698261645058068e-01
