5.882392934263068474e-02
3.821061197439019064e-01
1.856790421455550177e+00
3.331144965374839728e+00
3.567147275675685236e+00
3.671082920854798815e+00
2.610644828010223240e+00
1.520739692072341054e+00
4.509120189884407992e+00
9.391835447936625059e+00
8.736584632622598434e+00
3.396205340680365392e+00
2.439349711364087736e-01
3.103026418917964602e+00
4.242779369720969029e+00
2.578272313101759750e+00
3.567510446917494971e+00
5.259993763342393436e+00
4.491245830904741609e+00
5.616479360602542492e+00
8.719384433472795237e+00
6.642016579050820546e+00
1.166394736788623154e+00
8.697926030390052965e-01
4.186089870283911551e+00
4.691247503004736252e+00
4.369471367396512207e+00
6.037319334964351469e+00
6.153483766170126934e+00
4.821679680738596652e+00
6.421678012404266056e+00
7.618526679820534220e+00
3.067539296579271824e+00
-1.568488205318796957e+00
5.789295437652351994e-01
5.718979607097738338e+00
8.236755986443641930e+00
7.310633149925130247e+00
3.377678118806728857e+00
7.162859606283439318e-01
4.690573775833636105e+00
9.014803997637558908e+00
4.304017013094028954e+00
-1.036782895059523479e+00
4.595196696407304771e+00
1.032549830555685055e+01
4.149450215275962250e+00
-4.194958355800214034e-01
7.508510501574293450e+00
1.187487090587604932e+01
3.092258592686631502e+00
-2.122570675216417957e+00
3.927374206489439690e+00
6.520771632443355337e+00
2.045353201158079059e+00
3.079753776884260663e+00
8.772491494068251683e+00
7.788488189386076677e+00
2.684715968080329418e+00
2.192499415618031744e+00
4.494761449385777041e+00
5.832975792387164127e+00
6.723810244991082818e+00
4.775253483128609311e+00
3.093195089239794138e-01
1.525514082202563459e+00
8.170197508737620851e+00
8.142244390965979406e+00
1.300410346870820799e+00
1.451105295205992407e+00
9.212440169749621433e+00
1.082245621250640433e+01
4.310014992759716002e+00
7.641724612059028754e-01
3.142262389114907961e+00
4.757236736898184937e+00
3.417758775658504167e+00
3.011490325128248990e+00
5.531903596927381095e+00
8.143697942250449628e+00
6.926832411367256803e+00
3.448135064385458914e+00
3.877111490188366094e+00
7.344887649124954621e+00
5.285889562108311956e+00
-1.261525805192347027e+00
-3.152825562454261155e-01
8.363447799628556112e+00
1.078238622384911238e+01
4.304623476017727768e+00
1.546521246836233265e+00
5.859996795862159935e+00
7.392264658052820181e+00
3.758193290688791155e+00
2.347115632581870948e+00
4.320874372676290598e+00
4.561431239898150913e+00
3.331484663526925516e+00
4.452277896453199268e+00
6.911548766733615068e+00
7.160824265154635881e+00
5.113382852534984480e+00
3.149335145994074381e+00
2.752652440238142706e+00
3.765491116387192250e+00
4.801055559084196567e+00
4.724327198326463417e+00
4.465485407787531891e+00
5.629779260119546436e+00
7.146078116453226770e+00
5.954179874278051621e+00
1.886297445460440869e+00
-9.310463024009278943e-01
3.882570953117858159e-01
3.280915471570727604e+00
4.211392759901778859e+00
4.096860239580766283e+00
5.038285083632503714e+00
5.720358457858556456e+00
4.741182481389333958e+00
3.586915488457194989e+00
2.622611330852794964e+00
4.219042521762795817e-01
-1.213821665673896044e+00
7.033017286463218998e-01
3.965746633403549382e+00
5.015977570107574834e+00
5.514746745496940328e+00
7.235115691624372403e+00
6.977881227772759765e+00
3.349349360389200392e+00
3.162180010007584197e-01
-1.798941398097726185e-01
-6.064916039841272699e-03
1.302727290014774386e+00
4.944330477351470243e+00
7.615864980563917364e+00
6.333725146010395157e+00
3.792262712118832368e+00
3.080808710211378365e+00
3.240385414542384268e+00
2.897133741319836808e+00
2.214287089278107690e+00
1.431128116268276740e+00
1.572840705690407237e+00
3.468201358818929769e+00
5.075879132545058070e+00
4.916007523568222126e+00
5.389853422022652829e+00
7.101098294481962725e+00
6.447934959031160318e+00
3.363560355347656738e+00
2.162251576181757784e+00
3.154655119945421138e+00
3.875220048670107609e+00
5.526673173688998908e+00
8.109758367091266962e+00
7.514007386333134697e+00
5.326011123161415561e+00
8.084963584736042819e+00
1.279509209426726812e+01
1.088103388678630168e+01
5.903648475031433307e+00
7.278972628343678863e+00
1.185571612111486850e+01
1.179830269444215496e+01
1.083483744785843150e+01
1.468315155096662750e+01
1.850221828494707665e+01
1.797565496940612562e+01
1.803743997149235767e+01
2.132750533845680252e+01
2.291962399298377306e+01
2.121890327390504183e+01
2.082430140912780914e+01
2.355272437543589703e+01
2.681342220244924945e+01
2.921337354272360898e+01
3.105879764602459403e+01
3.245716095828095860e+01
3.423906679559344468e+01
3.658432568366723814e+01
3.619363692592345672e+01
3.090858672765349269e+01
2.658169755723009686e+01
3.018456924201732861e+01
3.642251826179972340e+01
3.501140078463222238e+01
3.105776567489953521e+01
3.706784945070560156e+01
4.521574126868448928e+01
3.812302989781252904e+01
2.523295091836728332e+01
2.843705182844809443e+01
3.813296796032269498e+01
3.206774242645114015e+01
2.285755449899679803e+01
3.178635147353793755e+01
4.118171735478012607e+01
2.996634519675564334e+01
1.864151481022154755e+01
2.553341385968017363e+01
2.855027004378280964e+01
1.519516850876340897e+01
1.087478640164019872e+01
2.494691444912616518e+01
3.149298566169118985e+01
2.111602883974321188e+01
1.312765517671524584e+01
1.465170464704838338e+01
1.573286473188459489e+01
1.425553782090010202e+01
1.378934109002893393e+01
1.369120865681816746e+01
1.385462104349658041e+01
1.366602180656926002e+01
1.210777567204157812e+01
1.471258639340198826e+01
2.118769530848701876e+01
1.762601545313839679e+01
5.856278026868112718e+00
7.864345020246306994e+00
2.052432495484173103e+01
1.892863074836769854e+01
1.040473323811157869e+01
1.745157136472964865e+01
2.464543701601577297e+01
1.500726545727335370e+01
1.325289133684736775e+01
2.852251295052660751e+01
2.826645960328760054e+01
1.247571759470206132e+01
1.746425888254017522e+01
3.392747205017290923e+01
2.820795643576126110e+01
1.900466723135145486e+01
3.075555521558981908e+01
3.556411907868950095e+01
2.265447321868324337e+01
2.730654068590218486e+01
4.442173130876473408e+01
3.399366614846870505e+01
1.560310163106013626e+01
3.013842064512898133e+01
4.907538785321487040e+01
3.756044087380125518e+01
2.692355559401862664e+01
3.724411170972613405e+01
3.647152283105414483e+01
2.314063342894330333e+01
2.929463661765607085e+01
4.070544256856576482e+01
2.887299163738741115e+01
1.919547251399583487e+01
3.417734002733651266e+01
4.447381258807207161e+01
3.518144009248784698e+01
2.928265284136359980e+01
2.854732858864629463e+01
2.104295027086960346e+01
2.213372692011111198e+01
3.593489069966570781e+01
3.522362981689644101e+01
2.135196844346136658e+01
2.399995645089015994e+01
3.553168489524178852e+01
3.016518915977310655e+01
2.090803853596095507e+01
2.629405586075512247e+01
3.302899494002613778e+01
3.420548383519269464e+01
3.862307387281568793e+01
3.631511083749560953e+01
2.105888706029400836e+01
1.762898338069338777e+01
3.479183757446514136e+01
4.721185581403217668e+01
4.821969644824633860e+01
5.072866224165931470e+01
4.665917775257412359e+01
3.359497522999829755e+01
3.575649091676504554e+01
4.934062733200234874e+01
4.361084155131623419e+01
3.320135113564630558e+01
5.122390025256738966e+01
7.123588865303015893e+01
5.989675324200432271e+01
4.844491320007093549e+01
6.017138310352279262e+01
6.064564138458863596e+01
4.478558884924977690e+01
5.275351845902561365e+01
7.156746279298160118e+01
5.660802579874061990e+01
3.690376171654769166e+01
6.059150733018937984e+01
8.883172595632362345e+01
7.233655032737445367e+01
4.896074690452967815e+01
5.844781574891518972e+01
6.609984132681331914e+01
4.977562921120377837e+01
4.738764363431102566e+01
6.962428829841010725e+01
7.720629034575411254e+01
6.307089714766000554e+01
5.832652801331254722e+01
6.421474379895224160e+01
5.915226964630760875e+01
4.896240181355541665e+01
5.087907347214109421e+01
5.933481703291789700e+01
6.258143813281050427e+01
6.093145166001096413e+01
5.618519718349449477e+01
5.072598024540309325e+01
5.147562356658487204e+01
5.599874443062781637e+01
5.343114381635707844e+01
4.696934146082686112e+01
4.801017113237025313e+01
5.077210429768007316e+01
4.467649579684401573e+01
4.001958239180570587e+01
4.847897842921489797e+01
5.687595888915326015e+01
5.096765450348614479e+01
4.188322079213121896e+01
4.238564552195393276e+01
4.366690124822265773e+01
3.791323524050536520e+01
3.497688509558125247e+01
3.952169943649825257e+01
4.168794989013039043e+01
4.064528071596184589e+01
4.567717269436758443e+01
5.044803707179607954e+01
4.103873027950231034e+01
2.800723614048984444e+01
3.202947546238951304e+01
4.454179448914489825e+01
4.338894207427928507e+01
3.370554472727596362e+01
3.405032056561782383e+01
4.082371557009581409e+01
4.112675101289742940e+01
4.048899375382460164e+01
4.527231465898380236e+01
4.287257054898923769e+01
3.018042320024694192e+01
2.776785013145021708e+01
4.207287084321867354e+01
4.808545693000770171e+01
3.674641903058359560e+01
2.976793889694356565e+01
3.743780587865611409e+01
4.945641283795450249e+01
5.422605125578709817e+01
5.096251365339706041e+01
3.977952501294296184e+01
2.156895465478404716e+01
3.738209088756653031e+00
3.468055278480842163e-01
