6.449361041111180415e-02
3.812262538013937996e-01
1.908127383404897959e+00
3.253204629198770181e+00
5.551881942281652549e+00
8.421942311335911313e+00
4.973641447294259166e+00
-9.084414081230374194e-02
3.308954249497759292e+00
9.188817991836375043e+00
5.243433622357620116e+00
-6.291814907912967048e-01
5.324655428048373773e-01
6.683608459863653373e+00
6.606465454955629646e+00
4.803753463846536675e+00
4.858403035217142119e+00
5.565297640006114044e+00
1.790992487692148805e+00
2.068624679183668214e+00
7.708056229471384135e+00
4.057189421818897301e+00
2.284779052782598185e+00
6.540534119853420592e+00
3.696510539956259223e+00
5.913028363109574137e+00
8.571381204242685570e+00
2.434600313776469349e+00
2.690238320886430223e+00
2.717313606652143498e+00
4.329188275663212515e+00
1.068209456831741377e+01
3.003769329326472004e+00
-5.612765654031641738e-01
5.690611577723432291e+00
4.134053106982673143e+00
9.149999518728334280e+00
7.296401452758892070e+00
-5.070770407265289492e+00
2.064652093667252775e+00
8.071120665315044462e+00
5.645939656215661628e+00
7.500633004393660208e+00
6.399070265436621607e-01
5.257288456555456513e+00
1.367449949844740509e+01
-7.819725582586971591e-01
-2.197510193930540812e+00
8.461858815565660663e+00
7.782162095032423288e+00
7.188686205734047263e+00
-1.073611505512298780e+00
7.672327552449148547e-02
1.330637806837415837e+01
2.279317167279701017e+00
-1.813971135614243391e+00
1.125649541209127946e+01
5.312197248793201432e+00
1.977119932291442117e+00
4.150847841955907391e+00
1.455030728510882332e+00
9.386002441142107244e+00
8.136845218808961278e+00
1.534251143140166196e+00
3.859112191596889119e+00
-9.810290073388591159e-01
5.951073987445108848e+00
1.354743901239078774e+01
-2.631531504691489776e+00
-7.195421894394963269e-01
1.404083403253156881e+01
9.237451380307968307e+00
4.163594787206880810e+00
4.612788430227712788e-01
9.717689461806706674e-01
8.744536318341580738e+00
3.188136217385424409e+00
1.075448999366332536e+00
7.832006921205022287e+00
5.366722491853725963e+00
7.560571689162689957e+00
6.228721922486051277e+00
-1.724999799975002190e+00
7.295015176916233024e+00
1.006499979886188356e+01
-1.924550943299919270e+00
3.915107558721917513e-01
8.472728838488691849e+00
9.522965263201879083e+00
5.329307828346371956e+00
-8.309239788786916270e-01
3.951969580581392805e+00
8.369737301783311878e+00
3.182201066172940074e+00
5.499643530061428365e+00
7.184803103922086542e+00
1.979289746509130588e+00
4.504958877520718552e+00
5.579326545998748443e+00
1.952956371954593262e+00
5.159823285308523744e+00
6.176250496156884040e+00
3.339482498570953251e+00
4.792211767007260370e+00
5.488925744377991300e+00
6.088997081462538929e+00
6.526687786454246520e+00
2.755708254709929417e+00
2.800748008265899980e+00
4.716133686346109855e+00
3.105109011158151855e+00
4.489736221764871971e+00
2.291946089611706316e+00
-1.301894224512886833e+00
6.404297448628317291e+00
8.601327118705613728e+00
1.574418069462313996e+00
2.412000865279653183e+00
2.535214106971155346e+00
1.545578503760083322e+00
5.649085006160668776e+00
3.720027797291086458e+00
1.456660226099925959e+00
2.194398899661160307e+00
1.722565250022063177e+00
6.302189814823409009e+00
3.534820320744844313e+00
-2.077639166945456584e+00
7.094150587410914532e+00
7.935842111762372753e+00
7.353500563900887688e-01
4.290271919417872226e+00
2.720558945854888222e+00
9.667154284620087523e-01
4.817405298870978569e+00
2.041650247418995257e+00
4.106582501997648293e+00
5.118021738819511057e+00
1.775232039899045100e-01
4.690750268987903482e+00
4.383743991171444421e+00
2.980884682082018955e+00
9.568975578527833648e+00
1.808698534113347911e+00
-2.774517112113352724e+00
5.106611136565932796e+00
1.605913069288607220e+00
1.866074027962446147e+00
6.375097184223463387e+00
4.713706167667520930e+00
1.024730129503840281e+01
8.268877504207180706e+00
1.583120989696531478e+00
4.627153983724781483e+00
5.420281423299491141e-01
3.031662975584869635e+00
1.098329579049545224e+01
1.999133720092959532e+00
3.412059440650820896e+00
1.395091082059738241e+01
1.304908966284965466e+01
1.371282385557460692e+01
7.151491524404942624e+00
2.877976559307658277e+00
1.347740221882469314e+01
1.059171613433492709e+01
7.478762711597492618e+00
1.602400412850867539e+01
1.652069733022345588e+01
2.131880409289014722e+01
2.273802321605552024e+01
1.680535408944857068e+01
2.449111077406975312e+01
2.289332487147219553e+01
1.598736743957283046e+01
2.498544056277709302e+01
2.574893841984696863e+01
2.756497351632548387e+01
3.553374638297162136e+01
3.094310822881465839e+01
3.432384547901655480e+01
3.897117281941064704e+01
3.317832842634292945e+01
3.307767812850358524e+01
2.548915943851728727e+01
2.574048671491734197e+01
4.199249569431398754e+01
3.488685288698642495e+01
2.747139879147750108e+01
4.016251953033646771e+01
4.322054076221174057e+01
3.908402054587278940e+01
2.792557376708304773e+01
2.368471140427217847e+01
3.993705118164450596e+01
3.405635039817536835e+01
2.107549095832772323e+01
3.464905561523222133e+01
3.665163525196449967e+01
2.778792724016066273e+01
2.499445770353212382e+01
2.229718144757495324e+01
2.781224423281503988e+01
1.890275508660327120e+01
8.275257904836696099e+00
2.841934989611560880e+01
3.149754851747311335e+01
1.505671952733388785e+01
1.552053044773599133e+01
1.328019659577562095e+01
1.495374588256873594e+01
1.882234072603803909e+01
1.044477178102054182e+01
1.673333587563748281e+01
1.859397393739936533e+01
7.050082297053951841e+00
1.291365592880032231e+01
1.466532436207913292e+01
1.569913001488593451e+01
2.149813185746481636e+01
5.087587588464715260e+00
7.741978984401786335e+00
2.804358930119535032e+01
1.637850589079544861e+01
9.675192609174846581e+00
1.860390716583583881e+01
1.798622641692766422e+01
1.733619694038871373e+01
1.257729253632480670e+01
2.269688387266663909e+01
3.643663621899457894e+01
1.545430795564552362e+01
1.600211485842303105e+01
3.824753764361192054e+01
2.230557417068881065e+01
1.718933236350460803e+01
3.364923478828876569e+01
2.800771879035669443e+01
2.379472894456359455e+01
3.093279136818340547e+01
4.392840734601404762e+01
4.262855836021915934e+01
1.385607584557509320e+01
2.429663740317577592e+01
5.401934015974229908e+01
3.182957704993699721e+01
2.293948954666196016e+01
4.089785054105848161e+01
3.192382426153501385e+01
2.882522664917229704e+01
3.601566462145616043e+01
3.599629624995372978e+01
3.277565649041981288e+01
1.749269430607428788e+01
2.749331736012781136e+01
4.771492967384237005e+01
2.938354157920598908e+01
2.837041258218110329e+01
3.786961723108756672e+01
1.748773542067131004e+01
2.515153056288317401e+01
4.145035290989047638e+01
2.794636853466661819e+01
2.323726989614894478e+01
2.138970097789131586e+01
2.729028570345592541e+01
3.746926666773510561e+01
2.090149775425603096e+01
2.497657253902681163e+01
4.087071813145495724e+01
3.003472388895423606e+01
4.067883662293973401e+01
4.004982600409010729e+01
9.144675441422695172e+00
1.896769604151196020e+01
3.761555125154433910e+01
4.223903980272275049e+01
5.656378601002049322e+01
4.953717981899980316e+01
4.327506610415377963e+01
4.333504663571882531e+01
3.022037519690275431e+01
4.533388139247180959e+01
4.665862446135202646e+01
2.522867818096028714e+01
5.667609442465749225e+01
7.539399328248950383e+01
5.230646409724039358e+01
5.672296943326658436e+01
6.053617164491075897e+01
5.505541235683502066e+01
5.162779877632510050e+01
4.532580839659942740e+01
6.906574858162915120e+01
6.471952749813129913e+01
2.945484410083914284e+01
6.375595562132162542e+01
9.409293819398341441e+01
6.527402632309832597e+01
5.538102293487205685e+01
5.655141010118109790e+01
5.945511624278589125e+01
5.885233251937052756e+01
4.213620211133408588e+01
6.663278157741497409e+01
8.512214042451920193e+01
5.626907156012389066e+01
6.186313872531088975e+01
6.825637461827376740e+01
4.896698043245432075e+01
5.535485554579688738e+01
5.298232370775776445e+01
5.369798829432295406e+01
6.913150487326785765e+01
5.532184880768146229e+01
5.483657982794709795e+01
5.924701679039548452e+01
4.303968634111024016e+01
5.645909564364500710e+01
5.795946140994576723e+01
4.126141001754498916e+01
5.592647382755539809e+01
5.046472289681695855e+01
3.677154760611776396e+01
4.713686834775300838e+01
4.534505766808943861e+01
5.354449086155661774e+01
5.561822665322878123e+01
3.574800264147108209e+01
4.648593778820161759e+01
4.950398656289721089e+01
3.203229245735455777e+01
3.939090502825396811e+01
3.849712949794114536e+01
3.575686640030092889e+01
4.520318564930666128e+01
4.091672068132123741e+01
4.882742858484660076e+01
4.839721375681033777e+01
2.531763457325379463e+01
3.430934171170369495e+01
4.800753390919114594e+01
3.909658138540871875e+01
3.508721584046011799e+01
3.030046858166577550e+01
3.594038434277521787e+01
4.576647648892518561e+01
4.027247875294600021e+01
4.649147102525492414e+01
4.705258671375545987e+01
2.845008811712735053e+01
3.021042320297810235e+01
4.234205755586751252e+01
4.137603420306439972e+01
3.443653724475232991e+01
2.982793999420336917e+01
3.924977183301919581e+01
5.247413789692163988e+01
5.442291311214085425e+01
5.320503903173857196e+01
4.186875615332517242e+01
2.011445800349063262e+01
3.386453019591358249e+00
3.016162799375515791e-01
