6.798269086147396001e-02
3.651624498377021300e-01
1.805216214390114260e+00
2.482953371870987080e+00
4.790412132996304528e+00
8.470971872638710209e+00
4.632442897799950998e+00
1.502390060833105334e-01
4.285224967184116274e+00
9.383830561139735238e+00
5.888949749002490464e+00
-5.179789630750433194e-01
-8.008300775248275993e-01
7.041368714079690783e+00
5.614004797352061260e+00
4.067237814412001384e+00
6.423248799437024203e+00
4.750894748464343564e+00
2.666441364736624742e+00
3.858766452258019175e+00
5.818584304604593527e+00
4.825320199913584851e+00
2.245662252671054571e+00
4.169642686540601773e+00
5.275142162055223238e+00
5.084664159436149689e+00
8.036478722830167953e+00
5.337816238416204229e+00
1.127364780085173823e+00
3.305979368272906616e+00
5.819628718744789708e+00
7.513232912451293544e+00
4.444904568017460811e+00
-6.310588230414734268e-01
2.954756091921255212e+00
7.276490105383555118e+00
8.542949202624200211e+00
6.515948767228430860e+00
-2.002205490356632644e+00
-5.335985368805097329e-01
8.390459187438674249e+00
7.139940399441383256e+00
3.965238682611478271e+00
2.608677063511090743e+00
5.499601682299052108e+00
1.152813399925684124e+01
2.915871789406922598e+00
-3.618722159851775366e+00
7.320191459163690517e+00
1.080687076384159262e+01
4.127174136295570506e+00
-7.682479741745078528e-01
1.648670503410744281e+00
1.024565806002278734e+01
4.748798677950886393e+00
-1.521224735828967223e+00
9.216080574046973339e+00
8.343366326424551005e+00
2.328886135081593700e-01
3.380119829948122767e+00
3.878120113940040525e+00
6.421351126188486802e+00
9.082341581345030335e+00
3.097297724451345324e+00
1.248322504655573928e+00
1.128555291357008272e+00
5.843156040726336542e+00
1.192110983372205801e+01
-3.201286066605546488e-01
-2.328998242161903320e+00
1.378109297027802427e+01
1.102048711844030215e+01
2.147628290207540758e+00
1.565142973901412660e+00
1.402598212471833250e+00
6.826631416708918820e+00
5.039097605860646922e+00
5.607814904296879455e-01
6.906396742346821327e+00
7.022309615895757418e+00
6.539210251364624860e+00
6.614513551230404076e+00
-1.066048345038029144e+00
5.808318274117723057e+00
1.084679651063243710e+01
-2.284239830187390297e+00
-1.868160454592393549e-01
9.694241289775177961e+00
8.696767126306742313e+00
5.860403075991087896e+00
1.040891785182296303e-01
2.884437837752252598e+00
8.831354480520312578e+00
2.599843481177233073e+00
4.837397847598101208e+00
7.960715532685318507e+00
1.100225654916635598e+00
5.276991535582200576e+00
6.390546095475868604e+00
1.198222490752279157e+00
6.486158164107390434e+00
5.405026004575672616e+00
2.199154979355624207e+00
5.822107884073743023e+00
3.982050122689603011e+00
6.305847202320749467e+00
7.707062429967827200e+00
1.810248404043294457e+00
4.609691735824988257e+00
4.688246712399979366e+00
1.771384560043699707e+00
5.956454368701252555e+00
4.152554401546826313e-01
-1.947219379616853541e+00
7.924454655982717810e+00
6.715284700830084219e+00
3.191227456996442058e+00
3.910233268738394052e+00
7.867272620173082487e-01
3.374593769992677572e+00
4.807737030673679968e+00
2.006548730978015893e+00
3.052957039310995491e+00
4.931768921714652087e-03
1.949223461546809144e+00
8.559960044871683493e+00
1.817979425224010015e+00
-9.160829625834110423e-02
7.719252305428859984e+00
5.465834594835562221e+00
2.626902647995712492e+00
2.860980516135582352e+00
9.355439601991246690e-01
3.189887117980035214e+00
3.382551740421560815e+00
2.968580317909991884e+00
6.198613191409640955e+00
3.093501825759940260e+00
1.675352169117160228e+00
4.536979474640537191e+00
1.870621289973398049e+00
4.654544502769872416e+00
8.239959837809967880e+00
1.164237750752448175e+00
-3.971647642923636923e-02
3.812712287784793652e+00
2.325208560771764077e+00
3.274811278283944915e+00
4.213688865369420000e+00
5.466261078669612417e+00
9.667586500512646452e+00
6.631869490767307695e+00
3.406296973433170283e+00
3.963675131362663251e+00
6.985535834969303082e-01
4.922038898963609910e+00
9.672636528612255091e+00
2.559534855888760063e+00
3.662219961972023263e+00
1.194851146866941249e+01
1.380905440495265246e+01
1.353061649894167395e+01
6.699074581831628628e+00
4.216669983099063934e+00
1.301901901496934322e+01
1.115519695992537130e+01
8.057050429384464252e+00
1.479856973552348620e+01
1.688662672982018975e+01
2.075220787351958407e+01
2.215813324971907505e+01
1.785108505245213451e+01
2.392313575565579598e+01
2.326831070210694818e+01
1.670100825553629775e+01
2.441305893789332160e+01
2.636893941818972920e+01
2.683168033542111885e+01
3.503548414013327772e+01
3.182870297311690777e+01
3.324573093512518085e+01
3.955261882402196960e+01
3.381899097754932626e+01
3.191318989463815470e+01
2.686054139583718836e+01
2.539388287823859613e+01
4.096879102965862529e+01
3.630748567548436512e+01
2.625567200360283238e+01
4.035658342912831387e+01
4.431210309728678709e+01
3.724358313486701633e+01
2.935704510683606472e+01
2.383485269253078087e+01
3.810169024576124741e+01
3.623855645646681722e+01
2.005848080269555922e+01
3.391618326663454042e+01
3.905212046058614561e+01
2.557734356413303445e+01
2.540582198233800426e+01
2.376086247163814136e+01
2.514414906837999197e+01
2.063109292308915599e+01
8.227518822274339172e+00
2.656108215876331968e+01
3.467186327525769940e+01
1.360268679263477765e+01
1.470812960434253114e+01
1.598859814134366530e+01
1.192249552977533433e+01
1.944747699609604297e+01
1.192034527237437480e+01
1.338357329838132692e+01
2.117559790262672692e+01
7.579447584133747640e+00
1.087163598238702633e+01
1.793373753402998361e+01
1.384138197921782520e+01
2.050020128114288198e+01
7.648936219651133683e+00
4.189104443557316593e+00
2.888142444334134140e+01
1.825580359266741226e+01
6.764934090337254347e+00
2.176023537003910135e+01
1.827337510211637905e+01
1.484758598909547622e+01
1.567867569891037505e+01
2.050587523180259808e+01
3.496296123916754794e+01
1.788494246072948357e+01
1.319130400415724935e+01
3.966827149421710175e+01
2.435193441024477679e+01
1.467508994197277161e+01
3.636444118362913969e+01
2.774455738778802072e+01
2.116760997222309015e+01
3.320585426114804051e+01
4.173938088729830298e+01
4.180151994462603682e+01
1.663265634712368168e+01
2.242372611287745698e+01
5.531101734457296715e+01
3.350025274218599236e+01
2.085136091383954238e+01
4.228693902827984630e+01
3.096844866522223327e+01
2.679233863453960041e+01
3.779106514902839109e+01
3.489829029879062716e+01
3.292340319187194808e+01
1.957352981775982670e+01
2.643150015923701091e+01
4.863304386211876817e+01
2.985659608959826627e+01
2.645751311508692893e+01
3.807301004768847719e+01
1.696323669080534913e+01
2.469059632841452512e+01
4.244243899979038304e+01
2.790789670841046188e+01
2.402313697335337039e+01
2.199565084862701170e+01
2.688572481539527104e+01
3.736714177434786421e+01
1.998260970667088898e+01
2.459728313068552907e+01
4.076085176701590029e+01
2.994558313674631478e+01
4.160707517121291232e+01
3.996865094061831769e+01
9.928546355304330717e+00
1.960243896434337429e+01
3.606903695140454857e+01
4.282211292485457932e+01
5.605540076218267842e+01
4.805846433400662931e+01
4.497632885844423356e+01
4.253869528872876060e+01
3.032125053777187063e+01
4.757148100233791865e+01
4.478443804233226189e+01
2.600625628895999597e+01
5.725734374906446078e+01
7.263162670864478798e+01
5.442102101422712224e+01
5.595799248453647579e+01
5.876023645424093189e+01
5.866092162166231105e+01
4.978600620079527062e+01
4.512893265148674971e+01
7.184069418457724510e+01
6.106362361600901068e+01
3.091502689107986157e+01
6.492892183787904514e+01
9.035135379963125501e+01
6.863079966837722168e+01
5.469102339830616444e+01
5.455427087036662215e+01
6.375846324642690632e+01
5.558950351829720660e+01
4.190374700491341287e+01
7.010143946007210047e+01
8.054341846956405959e+01
5.848026290687136708e+01
6.331609170887712423e+01
6.400251075056560524e+01
5.329986371873116724e+01
5.423873934002952524e+01
5.024934573510439861e+01
5.830569349316189687e+01
6.560812821496512015e+01
5.543394169687037731e+01
5.841865626381571275e+01
5.440496144024175607e+01
4.585955379726254222e+01
5.773860430225098384e+01
5.335450957253717519e+01
4.561825107749158548e+01
5.443191415762119334e+01
4.798991829505194318e+01
4.164702018355124125e+01
4.364595633772442085e+01
4.560831884787469903e+01
5.697979675038527603e+01
5.105958484815862874e+01
3.811287617042054165e+01
4.704679681379036538e+01
4.554891741922963178e+01
3.628990125167638325e+01
3.798418096102327723e+01
3.674782059633703568e+01
4.012268945082986704e+01
4.212325319397381662e+01
4.120846820683465239e+01
5.112072784260305980e+01
4.419937491792948236e+01
2.723858184866007193e+01
3.493179293971420663e+01
4.546846474768383928e+01
4.244396986820988360e+01
3.411549166932026367e+01
2.958570301976744332e+01
3.871340380138033765e+01
4.295525882233251735e+01
4.021879460673328310e+01
4.757589949046674604e+01
4.453277302391516912e+01
3.017965607771004599e+01
3.070844873714851886e+01
4.139561090802011023e+01
4.348491393414855821e+01
3.385557567003594670e+01
2.925482702073893648e+01
3.957745097488502495e+01
5.095897459371557403e+01
5.452488664562714860e+01
5.347930850420627991e+01
4.139897478824917698e+01
2.154730660514822205e+01
3.698690883348796365e+00
3.391604470065948118e-01
