2.061610648346040853e-01
1.104821938855220953e+00
4.976848810528379907e+00
4.417901562735216281e+00
3.696668303750278994e-01
5.028939412196677949e+00
7.534600120503068155e+00
4.370284370355207670e+00
3.709255893237246582e+00
4.033786918946969280e+00
5.257730110578372695e+00
5.379354854096423999e+00
-1.348805552463558488e+00
5.136657775856177999e+00
5.162170728928471952e+00
2.261971753077648639e+00
9.497126283887462606e+00
5.879325684790380535e+00
-5.493727614934579284e-01
4.485815377255158332e+00
6.540698188985850869e+00
4.993484756925822943e+00
2.676517053839092775e+00
2.625078058462113173e+00
6.550150356282668618e+00
6.211639653028921515e+00
4.440988605502360187e+00
5.665004817474139642e+00
5.475378087306527419e+00
1.600818421601420516e+00
3.504680357366236620e+00
8.524125059664555693e+00
3.099986000039505640e+00
2.914023871645667452e+00
5.195726028244254557e+00
-4.581256620336905394e-01
9.149037044008865749e+00
1.146355530778950182e+01
-2.186657106888552082e+00
7.283680109506391886e-01
1.557864574447576533e+00
6.270260329523674514e+00
1.447036882124625201e+01
-1.429360116018719040e+00
2.221812274213094796e+00
1.262777973316222102e+01
-1.538518620074107890e+00
5.396625614130376114e+00
8.689971222166393616e+00
-3.635892782456839334e-01
8.134233694318970365e+00
1.514691302755999169e+00
2.503903215056679787e+00
1.296961628331547089e+01
-4.051919959050838571e+00
6.738013536547942106e-01
1.554606502728043083e+01
3.882542300786455236e+00
2.075492605427978976e+00
1.030748145354628109e+00
1.251881733101847249e+00
1.361469744274588933e+01
6.753056736269032356e+00
-1.926791604252894308e-01
4.063486717229512379e+00
2.688996777142845795e-01
6.444411293898167692e+00
1.129360905946576388e+01
-9.553991482134565061e-01
-7.015643917618730185e-02
1.189280401471764037e+01
1.000717972139122836e+01
3.784022889229023523e+00
2.485741646759544565e+00
1.904510580741806791e+00
4.577015907521770011e+00
3.522207961013187116e+00
2.039495627405286893e+00
1.004610415720052430e+01
6.983038945628412542e+00
5.039458339568664291e-01
7.198630479461361809e+00
4.995944465763807685e+00
5.782803807374897076e+00
8.211083311148156483e+00
-6.011719018203871556e+00
5.452161437872566907e-01
1.571747148890409385e+01
8.001883025963820728e+00
1.801103221337456262e+00
-2.172392789812657377e+00
4.946775835888963080e+00
1.573279088978097739e+01
5.239400032932028939e-02
-2.168198446624361342e+00
9.879416456753299158e+00
4.521082736850455142e+00
6.800732031211528472e+00
4.573685015278587507e+00
-2.893884642378108385e+00
8.187564727992466374e+00
9.064338146269923513e+00
2.693758795064368883e+00
3.287027072288695617e+00
1.067950870880795655e+00
8.599947834915678158e+00
1.046647872584860828e+01
-2.342743279824354152e-01
2.823174361609636751e+00
6.355959239872214894e+00
2.752010765488926314e+00
4.474439718936884525e+00
1.345645615953419805e+00
-1.576092330121986240e+00
6.358697886210544326e+00
7.958976257526539477e+00
1.548398368113455881e+00
3.415284678315579470e+00
4.925340109760526275e+00
1.772929970184859538e+00
2.892420104395465597e+00
1.686776538309435747e+00
3.484863388822950991e+00
5.556281349068326492e+00
-2.082733771752490082e+00
2.370645098953677810e+00
7.542291142855646946e+00
1.270127186253189766e+00
8.102196606944254142e+00
5.548254464645792083e+00
-4.543766937498992853e+00
6.692254447830176645e+00
7.591997615901271423e+00
-8.136810780889762729e-01
2.292014950298315590e-01
5.737062463082401864e-01
9.919415493058915345e+00
9.676738295733755990e+00
-4.054960330502695776e+00
2.622566740784961770e-01
5.229271846483322328e+00
6.081663513230317619e+00
1.032135032394623764e+01
-6.118957095778817523e-01
-5.678643920257469446e+00
6.370973686918161683e+00
8.098040375858911233e+00
1.155532740012296333e+00
5.893064913147669781e-01
6.345188640288104587e+00
1.078440446145765996e+01
8.097555179550058213e+00
2.580562685239998544e+00
1.214086944869685381e+00
3.004546087637498974e+00
4.933300522931132193e+00
8.503976366100117090e+00
5.251645793541071860e+00
9.981609027186063576e-01
1.252439133896450407e+01
1.639650888044977251e+01
8.128332936195187486e+00
9.161535165351537557e+00
8.301406278933534111e+00
8.977523527772220291e+00
1.044241580047617290e+01
7.515350723233863661e+00
1.767306227179701494e+01
1.988662604457927685e+01
1.513743476185363690e+01
2.132374193963079279e+01
1.926404707601404098e+01
2.586991391243383021e+01
2.711840950208672041e+01
9.961463617014080896e+00
2.146162487790845930e+01
3.234430138403313038e+01
2.911942306490559673e+01
3.459251189751049083e+01
2.478553080514669915e+01
3.327444501238829133e+01
4.755828758400309653e+01
3.151831931070186243e+01
3.136506196154970283e+01
2.399565901392229250e+01
2.200940503588964958e+01
5.093775393361470805e+01
3.494970693064402667e+01
1.967717295986046366e+01
4.219124642355118482e+01
4.348171076070202190e+01
4.320979773371454513e+01
2.802298889668414006e+01
1.672857220760807095e+01
4.414027976920807106e+01
3.443738739718552466e+01
2.002576809476915187e+01
3.796233826474282580e+01
3.148357789015059183e+01
2.930989827829411354e+01
2.818397780070069558e+01
1.909523918246513574e+01
2.913232701889319287e+01
1.760506958991759774e+01
9.738212768184739687e+00
2.835449890190529842e+01
2.701782843392154376e+01
2.167394718355515693e+01
1.531661801262405653e+01
9.012711281916841344e+00
1.782445523191924153e+01
1.479174379455967170e+01
1.440252555058769168e+01
1.972884178881573192e+01
1.070825847464028335e+01
9.591971641828378026e+00
1.321408505046012216e+01
1.749037830797617232e+01
2.091541996294130712e+01
9.507401464353741005e+00
5.881746022306342248e+00
1.620327732318619951e+01
2.368370434158639881e+01
1.776928449716545799e+01
5.760249339178789008e+00
1.610699647560368675e+01
2.779708196504164519e+01
1.681865916662951577e+01
8.296893480996693881e+00
1.990968130505063982e+01
3.635684057555050686e+01
2.244747461414451806e+01
1.343065788508272718e+01
3.317443512062614275e+01
2.359545468666835788e+01
2.000535123821343220e+01
3.741778712997140133e+01
2.458947549826871537e+01
2.230943524901990926e+01
3.086070075938734192e+01
4.199693095495418760e+01
4.902628163627629476e+01
8.833371277537345634e+00
2.038309677800118891e+01
6.386178344084019187e+01
2.658216069707743756e+01
2.318325425240840687e+01
4.557312752350385665e+01
2.430678895745039370e+01
3.410320164942125842e+01
3.339363582975293809e+01
3.063003949009959470e+01
4.359574363993406365e+01
1.193869365265432592e+01
2.670217544050114356e+01
5.348386964889539286e+01
2.060639717985480246e+01
3.608046775797438244e+01
4.027536805143231646e+01
5.375200458737146469e+00
2.918379387816991866e+01
4.382435589008204602e+01
2.985957520799736287e+01
2.502256392344857616e+01
1.416035469157085913e+01
2.990602942247857499e+01
4.115042756212768182e+01
2.117376568228344169e+01
2.327625525063702128e+01
3.331507550403745910e+01
3.377628788587351494e+01
4.602938133497890760e+01
4.040725325063093010e+01
6.969025088621914499e+00
1.191182892688723349e+01
4.641568745973864196e+01
4.519009341314411188e+01
4.745858668506670597e+01
5.455319522283856770e+01
3.718022269327762075e+01
4.418271684145011591e+01
4.286593017105136738e+01
3.334918757227708852e+01
4.757460026633180661e+01
3.114051530682124636e+01
4.943114719639615373e+01
8.425627789785568211e+01
4.575570503254998300e+01
5.132616029187690287e+01
7.315595206871404343e+01
4.530093518357895732e+01
5.393175007239987195e+01
5.299535708876134521e+01
5.799100389808818079e+01
7.202627186613320021e+01
2.897942098314965165e+01
5.632956885107014244e+01
1.030367390706478261e+02
6.164665428860213581e+01
5.389353832510198572e+01
5.802513779967567586e+01
5.636496938458142125e+01
6.754557190156192803e+01
3.860537259493315787e+01
6.029281070318204172e+01
8.945232841151384662e+01
5.522218110716921302e+01
6.645269823612503046e+01
6.598137508509620375e+01
4.269127226295758959e+01
6.026559184524509760e+01
5.334386149290715906e+01
5.854574903461378454e+01
6.548161248551355129e+01
4.478352344728328660e+01
6.651163689411427526e+01
6.069145040767140387e+01
3.783136859052627443e+01
5.976331362741267839e+01
4.966843057862028843e+01
4.756181859527270461e+01
6.250317004624096739e+01
4.089886859734293978e+01
3.971625653858887262e+01
4.406876219568044206e+01
4.708546535312461856e+01
6.314608978894118252e+01
4.341748200291137039e+01
3.636231706220489457e+01
5.331500023809977762e+01
4.294070177040799763e+01
3.760626230872271236e+01
3.695728037185998005e+01
3.439277185884774468e+01
4.288835627935375783e+01
4.118320595177623744e+01
4.247674236016599991e+01
4.994616756204509755e+01
4.326217767282091131e+01
3.135914298372358999e+01
3.024760648857043321e+01
4.516371876981585132e+01
4.762229678344695571e+01
3.098931700664778432e+01
2.845621833061290928e+01
3.787729755842278223e+01
4.465646676193054532e+01
4.476154842918906951e+01
4.300527356667733869e+01
4.282189997020680039e+01
3.104711864165047430e+01
3.096181984660122311e+01
4.674517370485845902e+01
3.972266588741664606e+01
2.738755834147194079e+01
3.397590239268539136e+01
4.493711897048392245e+01
4.977980526541348638e+01
4.916291583914544105e+01
5.152217524096288770e+01
4.668685863917646373e+01
2.224590905967258792e+01
3.737555319795283992e+00
3.279016476325463669e-01
