1.515044597135202786e-01
8.755429408531101299e-01
3.968087103592892184e+00
4.643154505214267758e+00
1.072973903470328949e+00
3.927208987186634026e+00
8.441244663338165921e+00
4.872594435698412774e+00
2.329880475735174095e+00
4.688900366372322992e+00
5.290265439705382100e+00
4.735822753652785266e+00
3.941794640820222018e-01
2.746807187278440310e+00
6.294624221878810211e+00
3.603117133267871530e+00
6.971026094055758904e+00
7.957257373689090585e+00
-8.344276487797637198e-01
2.341239217867462585e+00
9.169522554090972832e+00
4.120170903658920913e+00
1.755675972895786918e+00
3.947902247926912800e+00
5.694933889159023543e+00
6.803539361125176654e+00
4.320676996264313452e+00
5.243568295148207881e+00
6.060270841226597760e+00
8.380562176684815956e-01
3.987094385808952257e+00
8.616511723005043422e+00
2.835571380848085354e+00
3.236510588769321295e+00
4.623517570452922776e+00
5.670838726008758934e-01
8.326244194289783351e+00
1.093489385714420514e+01
-1.702859844518171961e-01
-1.558311275565984033e+00
1.938885689421040892e+00
8.410142696905207771e+00
1.180755110164536781e+01
-9.263419508096526478e-02
2.777857440923362287e+00
1.063440205855144249e+01
5.180886437189418103e-01
4.563551800410505344e+00
8.094087398715101855e+00
8.724142572127659978e-01
6.627101631384908487e+00
2.851947503173535736e+00
2.784927403805214752e+00
1.119854055098968360e+01
-2.753126831146397890e+00
6.054532319466754409e-01
1.507544091851516299e+01
4.265350857990371836e+00
1.919968284303567918e+00
9.971155971216121294e-01
8.639915650874433473e-01
1.491097085818811330e+01
6.133947422106679426e+00
-1.656041138788472367e+00
6.193725850490004348e+00
-7.262295799108476890e-01
5.940350235119130851e+00
1.289559183267289022e+01
-2.899538522610324520e+00
1.061013966666398689e+00
1.245592498033156481e+01
8.313192278724802264e+00
5.706690214563042929e+00
1.027407561418967052e+00
1.512580381384745376e+00
6.964752695232546031e+00
1.081843378230423980e+00
2.631439952783570568e+00
1.153262927597754484e+01
4.996586937388173055e+00
1.490629028649237631e+00
7.491194001087115417e+00
4.184588322104100477e+00
6.092302513810561315e+00
8.095967181539046820e+00
-5.538641289018378266e+00
-2.214591263486154205e-02
1.605135834155173313e+01
8.488800499919392450e+00
6.131121416151075199e-01
-1.225185976372590080e+00
4.660329764788956552e+00
1.540846723782763306e+01
9.132696807850588794e-01
-3.821944878658031453e+00
1.142178882010182051e+01
4.969703090532690659e+00
4.591781792011332186e+00
6.983983811149828469e+00
-4.018945172577533143e+00
6.869224933391943289e+00
1.199050740865675913e+01
6.015532377639782879e-01
2.877947803642059821e+00
2.875095512959576549e+00
7.259882746192058534e+00
1.139081850309299782e+01
-4.980694172803805664e-01
1.971710067927916477e+00
7.470409718495563567e+00
1.970415724824478687e+00
4.808838696263710411e+00
1.540856668921988026e+00
-2.381490889371669972e+00
7.103419807126725161e+00
8.088088522056951390e+00
1.673459019149053484e+00
2.576448545674442592e+00
4.996015393551796357e+00
3.043545366172044186e+00
1.014445006669996818e+00
2.656317378373606264e+00
4.433198089131638042e+00
3.144434112958470529e+00
1.605497897875198809e-01
2.329216683808681854e+00
5.631142697047459400e+00
3.376271497781211828e+00
6.744786441617135253e+00
5.496053583007406651e+00
-3.248704016804046191e+00
4.823048815848493653e+00
9.197405686846515493e+00
-9.147805974772238446e-01
-1.289292653680923717e+00
2.646222362271953177e+00
8.937894671817895542e+00
8.941129127107192431e+00
-2.880479125060266377e+00
-4.806479895119262213e-01
5.254001262022209850e+00
6.422515273493818455e+00
1.070496655390306451e+01
-1.263731126452706244e+00
-6.101498616495078409e+00
7.974535733451942221e+00
6.808602713384707350e+00
9.221703495174831122e-01
1.729137160780657378e+00
4.758338758127039547e+00
1.221482342868148407e+01
8.172191283949061358e+00
1.170892828501507665e+00
3.001143211770928687e+00
1.458078094737789598e+00
5.357857475536715874e+00
1.013641557113085234e+01
2.202457637848311389e+00
2.591651410720675841e+00
1.365016072515519063e+01
1.417531254817134645e+01
9.966246809994764533e+00
8.709095795430288334e+00
7.206477402916169339e+00
1.035610787739511629e+01
9.914146377251126907e+00
7.442186384808166189e+00
1.742373848690631633e+01
1.999075372948206208e+01
1.588022304855984146e+01
2.051574329301581656e+01
1.970701121406870016e+01
2.569305410196729156e+01
2.689698977868652818e+01
1.058595513596541515e+01
2.042424623030614583e+01
3.343076776481466794e+01
2.874521737532405652e+01
3.344881959517169889e+01
2.725592142573849230e+01
3.148286311567099816e+01
4.704246468407407633e+01
3.403319534326868023e+01
2.867471443553380084e+01
2.467053220338296526e+01
2.353835848491662830e+01
4.883647385586424150e+01
3.636612628459857888e+01
1.935427962709289318e+01
4.146099684108494898e+01
4.496691663433884401e+01
4.187888269800178875e+01
2.840762866649279772e+01
1.714684743222612440e+01
4.300852795150326813e+01
3.566093191271738760e+01
1.996877898958652509e+01
3.725946002909862642e+01
3.155185496928627131e+01
2.973986229780251378e+01
2.857806355150095357e+01
1.775330426627603231e+01
3.009819762760613671e+01
1.775720916987714659e+01
8.237878503069365976e+00
3.070991410987855730e+01
2.600775706004249699e+01
2.024495129357458723e+01
1.761642757272316828e+01
7.518304674560152279e+00
1.817856732567618749e+01
1.554154022700369175e+01
1.240471188351864917e+01
2.182205178699883064e+01
1.024407989062542867e+01
8.397433092197946536e+00
1.535036500583380104e+01
1.559296976840621873e+01
2.095352875511942159e+01
1.127369085744328459e+01
4.103864602189468691e+00
1.650355822477219192e+01
2.434454565934754910e+01
1.743057267417054490e+01
5.774813181137045781e+00
1.601668407881134470e+01
2.839387238710017414e+01
1.581961470865013020e+01
8.544143093851403137e+00
2.075327827023494009e+01
3.498672816683443187e+01
2.356060421899333690e+01
1.326208553330732975e+01
3.240872052230260891e+01
2.511777874667663824e+01
1.840996982044058328e+01
3.816603174129819820e+01
2.538045462074416747e+01
1.969200349452400900e+01
3.332168741136041490e+01
4.202607031692278383e+01
4.683844934345264477e+01
1.138573705888188137e+01
1.920170898277295279e+01
6.315075279095323424e+01
2.845765838993730057e+01
2.165632620608863235e+01
4.563623285481524761e+01
2.465850201637207562e+01
3.390652527297892505e+01
3.424510435720524271e+01
2.966681706777442074e+01
4.378692118063491989e+01
1.235451379514805659e+01
2.633911202979212618e+01
5.381605928446596465e+01
1.991285720907665180e+01
3.656153085517883028e+01
4.001805911908752478e+01
5.270950668114342541e+00
3.078399404500329695e+01
4.164212202344912583e+01
3.032329935960779110e+01
2.698640270489128312e+01
1.141090150980566698e+01
3.125634568719093664e+01
4.172835734098193683e+01
1.901438968813051389e+01
2.557054523752647057e+01
3.266333088198882706e+01
3.301600098404357908e+01
4.748963774698040652e+01
3.876192551534083464e+01
7.957210953023636790e+00
1.221679388167133418e+01
4.476186041006552330e+01
4.682812780558393229e+01
4.706510523216829966e+01
5.381302610943284748e+01
3.825929421517571427e+01
4.394406692870261821e+01
4.259901526290606455e+01
3.301495007440171037e+01
4.827658194646438261e+01
3.080979711924028663e+01
4.861228450502491683e+01
8.603797690222887695e+01
4.445187276048312697e+01
5.089804557786104766e+01
7.522047650922009154e+01
4.347702625889640160e+01
5.446530480345267478e+01
5.338780110813756608e+01
5.641876663128994807e+01
7.421638520391728377e+01
2.781649524769896686e+01
5.561173354303245731e+01
1.051606929959728376e+02
5.942732967755369344e+01
5.491105508663680723e+01
5.933439213190349903e+01
5.364580318531757541e+01
6.882842810846172199e+01
3.925764560591052543e+01
5.928018153547725433e+01
9.010157883404015422e+01
5.486814260276533162e+01
6.663601987991773967e+01
6.589654893750089570e+01
4.287223297883921447e+01
6.052630040180898874e+01
5.213161029460002993e+01
5.948165856280190411e+01
6.557333445616347944e+01
4.429112817761883747e+01
6.733269867581084611e+01
5.938621539139530370e+01
3.894932991168101211e+01
6.005860427507575139e+01
4.772704525672664744e+01
4.989049564209926757e+01
6.136640658698494377e+01
3.963635561965237741e+01
4.267981765826312568e+01
4.194507087310410043e+01
4.691330970810319911e+01
6.508062883206341098e+01
4.134585912869241042e+01
3.722594569743224469e+01
5.363612535087739985e+01
4.203117337796230402e+01
3.867803839103635255e+01
3.598348763031452791e+01
3.476139093172321992e+01
4.359178346170037344e+01
4.017759524387695080e+01
4.297466419806899296e+01
4.977301665289721910e+01
4.320528235498016301e+01
3.142003513490369215e+01
3.032293027550066356e+01
4.569239596686686866e+01
4.606857865809096353e+01
3.224558273223520644e+01
2.939026072700273673e+01
3.536321349789389501e+01
4.643152692534847858e+01
4.466354682569262025e+01
4.138992196282796243e+01
4.537264741861024930e+01
2.951849162547349081e+01
3.050073521191121628e+01
4.834839855152112165e+01
3.809985664939330974e+01
2.874871865510472446e+01
3.359447752980945268e+01
4.332641271742350852e+01
5.199109889548727637e+01
4.845087172986809776e+01
5.056647325960295802e+01
4.853515068910080288e+01
2.077052911291643511e+01
3.388522713568818734e+00
2.818495112817857029e-01
