3.436481426758478674e-01
1.835335406544163162e+00
8.321728883897961282e+00
7.339374837865703327e+00
7.360117842742794902e-01
4.056214839412255024e+00
4.224805121150912335e+00
3.214501738948520426e+00
7.501246538830613986e+00
8.283869385028118870e+00
1.226484285442078326e+00
8.174477908192856468e-01
1.118176672193443411e+00
1.018167423565261487e+01
2.142575900373734132e+00
1.149886207163187679e+00
7.172317199182295155e+00
8.262498727237648666e+00
2.647263169271939276e+00
1.622488605047242238e+00
7.703647603690444434e+00
2.724218959652312755e+00
1.415664326793715011e+00
9.238547653246451219e+00
1.590683917758910493e+00
3.727130065304884443e+00
1.078129773618473486e+01
1.661266222085794553e+00
5.307214809401412658e+00
5.182510862512941685e+00
1.172331843244081906e+00
8.305526939323980784e+00
2.085258367939534008e+00
3.012190434313988696e+00
7.035462904160560527e+00
-7.023118544502771066e-01
9.409328501848658988e+00
9.186765540807781960e+00
-2.061980641143385640e+00
4.437732418978042936e+00
1.617367262845523790e+00
2.889176564768670463e+00
1.052280124113879367e+01
3.612271413608240778e+00
6.729119557105738281e+00
6.904193894826665456e+00
-1.022281508947310513e+00
4.985866657224249821e+00
7.463712425600171230e+00
7.740665222881613516e+00
3.631227494729379668e+00
-6.341483305288273975e+00
7.825492414197409374e+00
1.598039359074204668e+01
-2.696381035262473969e+00
-2.135628162689773291e+00
1.066046488619876342e+01
8.747538080018543383e+00
4.567626451011902233e+00
-6.558671155829812749e-01
-4.275420750795495550e-01
9.750854069491166953e+00
9.883379328576481271e+00
5.262502619023193162e+00
1.876033263138097817e+00
-4.776886563014617337e+00
7.599450685207551182e+00
1.616853231363639409e+01
-3.591050144236703545e+00
-1.359463802163631163e+00
1.316900703190345823e+01
6.063924031427585959e+00
8.058534500559522584e+00
5.396184230286443118e+00
-3.616716611302355666e+00
6.755312713564764593e+00
3.776064384940345242e+00
6.514907205833710968e-01
1.207207218731826792e+01
3.898239446106933404e+00
2.722477947518640029e+00
8.227409350475792138e+00
3.051246898978272615e-01
1.059460674183547368e+01
9.731634281835338740e+00
-1.016295354236678783e+01
1.763918454744171083e+00
1.453068094063796423e+01
7.448342655772362875e+00
5.333730032267776089e+00
-2.030908118022276554e+00
4.833981857473732546e-01
1.504791584510428848e+01
6.598222277380413558e+00
-2.091995945259172540e+00
5.033553282437777554e+00
3.824922212116929288e+00
6.202611605523852489e+00
9.105000030730334259e+00
-1.065048207087306187e+00
2.171736883860539091e+00
9.262129249319512425e+00
4.011619465696318443e+00
6.786369397895258615e+00
3.722507929277024452e+00
-1.517764131038270570e+00
1.037728277004474009e+01
8.277003189474651634e+00
2.969829177179481583e-01
5.836557826126018256e+00
1.466301458752656828e+00
1.468663332746233507e+00
7.204250310914104283e+00
3.766749473462831510e-01
1.547192675500278503e+00
5.012092113248242775e+00
3.522272543881751261e+00
7.845691859519619449e+00
3.562454447238622368e+00
-8.541098352163106755e-01
3.041775474513497279e+00
2.843764348216732962e+00
5.249256018180291861e+00
3.733278867270726664e+00
-2.486498434973676730e+00
1.890925212126908894e+00
6.259753869891707012e+00
6.165759931236788560e+00
5.747189672292134510e+00
2.519302409507575113e+00
1.557464624298469547e+00
2.578848737517802192e+00
5.277809037306369966e+00
4.866555026296715880e+00
-2.689660807303426271e+00
7.078035831393059141e-02
1.039959228336649133e+01
7.896195200462850394e+00
2.301460067973002399e-01
-1.364549940120869387e-01
2.608716084964087578e+00
5.645597212044162205e+00
8.953257091450339544e+00
3.971619424623289429e+00
-4.299690695309394073e+00
4.388623194601753985e-01
6.989034408598683079e+00
5.946530908857627473e+00
3.740295117703845040e+00
2.208681381148498879e+00
8.148883095018170764e+00
8.843368266671783218e+00
2.847794824085496668e+00
7.317540328766839686e+00
3.810642419982979145e-01
-3.476085988995871734e+00
1.456015310970441767e+01
9.025287383166894273e+00
-5.485730363465370907e-01
1.104754201167245320e+01
1.064784170019236953e+01
1.284559997220640781e+01
1.374756593212441658e+01
4.104028118268592706e+00
9.550544087838277463e+00
7.468791333791640952e+00
8.544455399834930631e+00
2.479716294989281167e+01
1.461136479150860978e+01
1.083263037068727819e+01
2.477946274750009437e+01
2.074151544247392565e+01
2.598811398246147419e+01
2.608207554123207572e+01
1.008244986293320977e+01
2.049077813733405407e+01
3.315972716415787858e+01
3.159172651570880674e+01
3.050376682642720283e+01
2.530491321410672612e+01
3.547777554383472420e+01
4.488618663125246400e+01
3.414652986076379904e+01
3.073523825144740940e+01
2.403920753200173266e+01
2.380575623666129204e+01
4.458961556151782446e+01
3.896252732907671401e+01
2.362555673585292837e+01
3.556548225317117584e+01
4.634918082688309227e+01
4.267842845244210537e+01
2.639046775587647176e+01
2.381044192383218316e+01
4.061559974625843950e+01
2.908547311675664915e+01
2.192460289326417566e+01
4.101917402240653843e+01
3.398644183792026041e+01
2.453135802392311149e+01
2.572050736111954095e+01
2.267644934044601257e+01
3.174700830452708189e+01
1.884878299490104325e+01
4.293870925468024957e+00
2.594149915509154170e+01
3.069317217573080114e+01
2.409929151726478125e+01
1.715834306870863557e+01
1.343399010207489974e+00
1.689146458839131881e+01
2.503712209749880557e+01
1.052191400375384411e+01
1.767684599502099729e+01
1.126823591327750052e+01
4.040869905868080814e+00
2.068946120871736483e+01
1.948303030205017450e+01
1.406299553869625640e+01
1.141839311542269009e+01
5.932000475343603973e+00
1.926905654734278173e+01
2.452130447334686281e+01
1.146542946260052531e+01
8.165057641265239141e+00
1.732124890298015529e+01
2.657956223885174296e+01
1.883732932537582627e+01
7.005374760513061183e+00
1.981082188437348890e+01
3.643972919696361856e+01
2.378889309610049452e+01
1.279600227548800007e+01
3.014774296028166134e+01
2.831055633092578105e+01
1.692023547393068483e+01
3.399726610891905665e+01
3.279254737282221299e+01
1.935748343898200829e+01
2.898870930260592971e+01
4.388707816235367432e+01
4.440865500321454817e+01
1.485223306922409670e+01
2.055949535648249338e+01
5.778790490647442368e+01
2.978033255116357481e+01
2.121609353580044655e+01
4.984951468490410775e+01
2.820074952869225626e+01
2.394926873162804526e+01
3.405428707859110204e+01
3.645216219239571132e+01
4.341024713756110032e+01
1.063991107092317812e+01
2.281209561352760318e+01
5.432660020073419815e+01
2.388562666943387214e+01
3.938873186950691974e+01
3.800400813780956355e+01
-2.889270798276941221e+00
3.449797476806978125e+01
4.856432185625613585e+01
2.635098323630198536e+01
2.511255766370824816e+01
9.147402720297364453e+00
3.398351249362835347e+01
4.746636268271581116e+01
1.404860964008066126e+01
2.469934225124794480e+01
3.174641022764745912e+01
3.175485196469333005e+01
5.547428816233653492e+01
3.411841391530796841e+01
2.540972558379841040e+00
1.915023840570264824e+01
4.400680817125325461e+01
4.573091950567882691e+01
4.806884372609035694e+01
5.167270615634842557e+01
3.864255246094906227e+01
4.385600733823132202e+01
4.408638451434035233e+01
3.263433337493140129e+01
4.703974786830256249e+01
3.339407525803557775e+01
4.625709427720251199e+01
8.574208805091427621e+01
4.680767078939878445e+01
4.989124066021016546e+01
7.506182777014052476e+01
3.942797460620401040e+01
5.779996448985440338e+01
5.947674546610195279e+01
4.930252014919039283e+01
7.447034200267492565e+01
2.947304192102672360e+01
5.232520301274391272e+01
1.124587198846793683e+02
5.692534187124524436e+01
4.685031403805310646e+01
6.435054140815529422e+01
5.764620218875094082e+01
6.971626570739938700e+01
3.527558261581202714e+01
5.460388264426063643e+01
9.493712794909524177e+01
5.777773167702585511e+01
6.548707198831318976e+01
6.282561573630761842e+01
4.003901909582550189e+01
6.490421992156933584e+01
5.631157303022792604e+01
5.823631850559500123e+01
5.870383340743867961e+01
4.336779227767639355e+01
7.636905954394526930e+01
5.670284036690546969e+01
3.501902589544135935e+01
6.293630411868782204e+01
4.379068345456354194e+01
5.474364349523992956e+01
6.536570403640848781e+01
3.124497283409544934e+01
4.347230704019457193e+01
4.413084053863764211e+01
4.692740346615605773e+01
6.697732285835685673e+01
3.702980611746569650e+01
3.885913659283063026e+01
5.675563649373190600e+01
3.851862817102705350e+01
4.039226241889891611e+01
3.662968728201179403e+01
3.177900295518114504e+01
4.413422892643511375e+01
4.172901587014810332e+01
4.233644291076554822e+01
4.955940275658205252e+01
4.663897042071521781e+01
2.804301433018500234e+01
2.663583398883781683e+01
5.314932035242970443e+01
4.483229632537605625e+01
2.718921424076075866e+01
3.144215256851181906e+01
3.379056046242511968e+01
5.095136773788104279e+01
4.710902146407001112e+01
3.431261744863748220e+01
4.627080664080790484e+01
3.060121509855914468e+01
3.229529714340991120e+01
5.171612537625966155e+01
2.912385771227260634e+01
2.731653013606609193e+01
4.361395125246803417e+01
4.279205376253267445e+01
4.819431612163381118e+01
4.693912664793625567e+01
4.986433263427755946e+01
5.131572039286525921e+01
2.359530964769576755e+01
3.929100171985287826e+00
3.361161791193780224e-01
