2.998119675304473652e-01
1.405507286548437040e+00
6.456176962889009552e+00
3.120180190793394370e+00
3.051136367191724652e+00
1.138860158649470478e+01
1.049268546255695655e+00
-2.910035713579549377e+00
8.009679745560802644e+00
1.276995665683782377e+01
4.774100146487013419e+00
-3.316251516981637781e+00
-3.840448814024037816e+00
1.553334752789407247e+01
1.301038818174053535e+00
2.849489743866854496e+00
6.895290880118373877e+00
2.166834663203248912e+00
6.945830559679168736e+00
5.073394599034018349e+00
4.649556002804453136e+00
1.989096720005808727e+00
1.373136519321113358e+00
1.122872993823321508e+01
-1.067313305583812155e-01
2.754011536542089189e+00
1.368183847114669049e+01
-6.351878070750118788e-01
5.901062705100049044e+00
5.512541484197983621e+00
-1.487105084244471631e-01
1.174864791740381342e+01
7.966642306245101945e-01
1.150273899681292900e+00
5.787315397918043836e+00
-4.069377347661681243e-01
1.620659498921579456e+01
4.858078999487465133e+00
-7.830736186063253612e+00
9.919891729828263394e+00
2.997000221990820279e+00
4.037914931135664354e+00
8.525061353850412971e+00
-2.271493692548989696e+00
9.961923252153754405e+00
1.174997964529725181e+01
-2.203529174913197997e-01
-9.114698470191564539e-01
3.350563010008446252e+00
1.609451310270132396e+01
6.505646067125677945e+00
-1.069248344356256197e+01
4.395443327194199945e+00
1.420340509807646612e+01
3.636557248689306299e+00
1.047212064669800213e-01
6.433037644725549953e+00
5.893371904620245516e+00
3.685555244216542459e+00
7.607515542166373379e+00
3.021029856116009826e-01
4.611970749129361558e-01
1.152195142435992992e+01
7.947698530497349978e+00
2.991022179358310495e+00
-3.696960801718773837e+00
3.070905852261196944e+00
1.639911580910533573e+01
-1.025777080518708306e+00
3.693684462730909557e-01
1.247949339882024766e+01
9.380103831816625215e-01
1.105959135217701572e+01
7.821222534116905045e+00
-6.940211649388873028e+00
8.176271311255192131e+00
3.878088740043687643e+00
9.418901121491629613e-01
1.177064932262480923e+01
2.424599891849748001e+00
5.724116809694092645e+00
6.616542472204036685e+00
-3.575029281273239823e-01
1.159194521621964924e+01
5.917464577201386078e+00
-5.470058137598353021e+00
4.752776440465391161e+00
8.488608553405336821e+00
6.383898777791030987e+00
7.667380766281729265e+00
1.934454593161563984e+00
-8.470335869522792605e-01
9.253859103370450256e+00
8.002589787267465837e+00
9.870236939220133898e-02
8.436951879827164547e+00
3.882762366735997617e+00
-2.063920439205599866e+00
1.037357045582747972e+01
6.037519692717070896e+00
2.932905681458453540e+00
4.439841540344794169e+00
-1.340606011397013742e+00
1.193074661745776588e+01
8.656011647496848482e+00
-3.885588251041419916e+00
8.335414184741670951e+00
3.850596077226168923e+00
3.677193357871188173e+00
1.315974669248819495e+01
-3.160451485900030111e+00
-3.809556362697479326e+00
7.854575717596434359e+00
5.351289677418487045e+00
3.964661464843691530e+00
-5.561446563039591506e-01
2.836403808028303608e+00
9.361425285863685275e+00
4.249229549987298071e+00
2.559938422704263861e+00
-1.080588503729795979e+00
-3.820389250725764185e-02
9.395958489402595148e+00
4.534159180892991969e+00
-3.488710602831231355e+00
-8.468112153035145528e-02
7.578369011972611702e+00
8.046914754414888904e+00
2.424244362221522842e+00
4.261594494600403848e+00
2.952695132698154090e+00
1.996077024149746082e-01
6.428343271089174138e+00
3.501615621792341315e+00
-2.591095267292387039e+00
2.835744823369739542e+00
9.864541823580795565e+00
6.098248575010567052e+00
-2.743778789466731372e+00
4.006644468715554908e+00
7.299905934063209756e+00
-9.961587986091744451e-01
6.632321678491947203e+00
6.836850819632728893e+00
-2.469710589618176577e+00
3.258379125795374698e+00
2.727101727351944671e+00
1.861673294203216367e+00
7.200008878479985164e+00
6.982181341403942199e+00
8.750536773278978941e+00
8.332180579162073997e-01
8.284633149291686927e-01
1.533185079462224998e+01
1.997827673074016541e+00
-6.561587602886579162e+00
1.062787718973554618e+01
8.729129167533709932e+00
5.355147235383396875e+00
1.248174601573805553e+01
7.257692546120111388e+00
7.547503049197262115e+00
1.490482729673576046e+01
1.297294919991222173e+01
6.739217238519861652e+00
1.500790089261040627e+00
1.088306938501673926e+01
2.564225506712141112e+01
1.733524878776302813e+01
1.059898433258850936e+01
1.992396583809856736e+01
2.143335864265042900e+01
2.800455777593466067e+01
2.817408082581507145e+01
8.573984112330954588e+00
1.697975180027880882e+01
3.700023870276559279e+01
3.228288583143891088e+01
2.783530019629936092e+01
2.638238261421425079e+01
3.556625356630289048e+01
4.487735628959177347e+01
3.257945660630385731e+01
3.142160346993666664e+01
2.641952648587967900e+01
2.190495930342110853e+01
4.634805309231445136e+01
3.707869406194512862e+01
2.005925553114987636e+01
4.264653106287466500e+01
4.615861627748878959e+01
3.664167492193487163e+01
2.694635629353780715e+01
2.567568776329067859e+01
4.518357649766071660e+01
2.763578949839000742e+01
1.615498675495956604e+01
4.226686834919723168e+01
3.613084170601423040e+01
2.822742449784234253e+01
2.411028791485969691e+01
1.477085193099950011e+01
3.426373824762725206e+01
2.584801679815943842e+01
5.369683508956335949e+00
1.985843112278317690e+01
2.657859117140980842e+01
3.017289382617655846e+01
1.912133417076538322e+01
5.618147680120776366e-01
1.484080350997074937e+01
1.849212191357723256e+01
1.754947781317689248e+01
2.400103237063306949e+01
4.323401670345234038e+00
1.762259981829743971e+00
2.078103137316041327e+01
2.332259552987174800e+01
1.673210947615873323e+01
5.323103662164645478e+00
5.865399061634830602e+00
2.067344670904533288e+01
2.560524509295535367e+01
1.467221027518180776e+01
3.664469665853904878e+00
1.575828263234492432e+01
2.980588712438110832e+01
1.953503842401586610e+01
5.647276952263269756e+00
1.729686043638525916e+01
4.030092315079355814e+01
2.308732801028086712e+01
9.207053009759041728e+00
3.552555234201315670e+01
2.608543075787662602e+01
1.570161245845412701e+01
3.709934245889595417e+01
2.732243520703162787e+01
2.211391657341581407e+01
3.257272350111836801e+01
4.071444597983311553e+01
4.398633038207128010e+01
1.181945228208908460e+01
2.531383760630666657e+01
6.216883159117571012e+01
2.234185329923775498e+01
1.989401440418038902e+01
5.196466533360315054e+01
3.103547864065403772e+01
2.590242499422891598e+01
2.898510058019923363e+01
3.412466113180318672e+01
4.500067074132364553e+01
1.765902068884781428e+01
2.291294507664306934e+01
4.282447964633615811e+01
2.743496372540559847e+01
4.521959032807077961e+01
3.669101203635384678e+01
-1.316124058491106918e+00
2.678240983028784683e+01
4.889184595617281559e+01
3.523793040756527262e+01
2.295188935186229529e+01
7.199533437426932636e+00
2.928155226741681716e+01
4.854799111393467115e+01
2.314828969549111903e+01
1.999489086334486743e+01
2.733512250867193671e+01
3.333775496442061836e+01
5.662425494305269780e+01
3.722933928069490861e+01
5.089450724729649433e-01
1.766662866883546812e+01
4.255827761481306482e+01
4.762670744089125208e+01
5.309103500198670389e+01
4.432915359667761379e+01
3.914274760614345183e+01
4.915895364740501350e+01
3.841922529591844437e+01
3.594709158271955118e+01
4.726200238174656931e+01
3.084640803136113973e+01
5.053535354388333189e+01
8.077076218086105541e+01
4.788751414868655587e+01
5.335281950132031881e+01
7.158378215801877786e+01
4.224764327620732018e+01
5.427579509929023516e+01
5.816183988279463790e+01
5.649476980771357404e+01
7.311933492166049575e+01
2.511546305928659351e+01
4.981970963522541496e+01
1.174469065803951082e+02
6.043167729973216495e+01
4.145237117251530634e+01
6.483977678667464772e+01
5.455587463197972653e+01
7.237543768162585422e+01
4.483792145043734223e+01
4.494965211355303580e+01
9.065014426885147714e+01
6.295903095178519493e+01
6.650941074400644482e+01
6.768892692515566978e+01
3.230591390646448957e+01
6.043474841992961188e+01
6.519092806531408257e+01
5.819125323173398101e+01
5.945686747792552751e+01
3.969792493411083001e+01
7.080036281593423553e+01
6.429900812189556802e+01
3.820529722879897605e+01
5.892571091036036535e+01
3.871593402282957186e+01
5.694742785098623017e+01
7.202521463739677188e+01
2.724800029347406749e+01
4.390717339737221181e+01
4.279340073401520073e+01
4.285785769785096022e+01
7.598413584350549854e+01
3.388914077930413526e+01
3.387755918471277283e+01
6.183218497475209574e+01
3.558376585561295968e+01
4.385396303462150058e+01
3.629846586302648603e+01
2.704188074258489394e+01
5.043506859948870868e+01
3.803536837036114093e+01
4.000854020330987737e+01
5.436963091555735872e+01
4.429970865435121397e+01
2.906530178296899436e+01
2.614783953578565345e+01
5.175098182911796130e+01
4.604840474002985218e+01
2.887667926971724341e+01
3.347040186878697909e+01
2.553615955283706995e+01
5.163547911602544360e+01
5.614191692134614442e+01
2.941589158525848546e+01
4.669187463281930661e+01
2.817950533298947846e+01
2.971718977023693498e+01
6.219070206735817408e+01
2.557281966195365541e+01
2.179639201814543625e+01
4.421189030689185273e+01
4.188307908105806376e+01
5.704887819501999502e+01
4.568834465728683369e+01
3.840711726622208033e+01
5.739382338734650091e+01
2.648173466393954101e+01
4.424050195701427768e+00
3.693765540631717137e-01
