2.216922873285841478e-01
1.065429028634487629e+00
4.998126790911554984e+00
3.358524007171125980e+00
4.690960578842180873e+00
9.504300009720866527e+00
6.678958609735961005e-01
-9.033390318452321210e-01
6.907494872984377032e+00
1.232494310477642685e+01
5.860786904113767903e+00
-4.410068473724491511e+00
-2.291590341039150935e+00
1.427235741535103131e+01
8.214791659827318515e-01
4.620251059247345360e+00
5.053742631497667226e+00
2.514289316690645926e+00
8.779236003344379924e+00
2.682620229841567117e+00
5.155235049048283003e+00
4.152040548778965778e+00
-5.113729922643428516e-01
1.032480607784297355e+01
1.859089446183225247e+00
2.188114032930506880e+00
1.226827585144718569e+01
1.187450888250872083e+00
5.401963998728246175e+00
4.382122202569041391e+00
1.876889229098742451e+00
1.094784845201105128e+01
-9.387420556870385013e-02
2.073418425576429858e+00
5.065915201351631758e+00
4.935333246395463558e-01
1.574387633491221195e+01
3.543843307822179156e+00
-5.442385182124004572e+00
9.291698600764657812e+00
1.473683655583496455e+00
6.178584739403703452e+00
7.523917880178503381e+00
-3.670530189715167424e+00
1.231844723395818164e+01
1.115235831591373028e+01
-2.359922833262855235e+00
1.251665107906998475e+00
4.127786017220200776e+00
1.390352059798301632e+01
7.626283101482101756e+00
-1.014832590427684345e+01
2.859661814450232598e+00
1.536061904153984869e+01
3.504808710776880165e+00
-8.589721626073996141e-01
7.490949433394808565e+00
5.468664125281319954e+00
4.093211711218552651e+00
7.999072224507384199e+00
-1.468079450833920552e+00
1.957254447591103563e+00
1.226328088653949067e+01
5.295649120813402000e+00
4.409812410315225861e+00
-2.432393362015203842e+00
7.002164368420773499e-01
1.771435614304561668e+01
2.565476640811659159e-01
-2.216619553079306915e+00
1.349291396030344714e+01
2.621483397238237867e+00
8.608293534398963942e+00
8.026904158382919263e+00
-5.350639354136925263e+00
7.007299810520386529e+00
4.144205856658164322e+00
1.310207747466793915e+00
1.107127190527377536e+01
3.322907982273044514e+00
5.317483420438572139e+00
6.026134668128042549e+00
6.619860166295007398e-01
1.039286468832064259e+01
6.119982796650553780e+00
-3.478115773420281442e+00
2.409490044152153843e+00
8.206152707775686395e+00
9.377409295614928197e+00
5.507445258319462411e+00
1.011312868622949335e+00
1.645641113769916064e+00
7.398077112517021270e+00
7.586339252215855922e+00
2.477601704533377802e+00
6.734042413549818917e+00
3.144057648000492478e+00
-1.569978849564632739e-01
9.792567539971216206e+00
5.438407698872182117e+00
3.299966825378306545e+00
3.981557550266167311e+00
-6.997873555500895293e-01
1.201193475345758443e+01
7.535224171861449882e+00
-2.684884331716876460e+00
8.293105372335299208e+00
2.488061327917937327e+00
5.807533271716122769e+00
1.237236782922317069e+01
-5.400251779784873918e+00
-6.028972934945544537e-01
7.295937522842821821e+00
2.634751394487857556e+00
6.828454315404143493e+00
-7.888958431031420915e-01
9.172630425593681913e-01
1.140876976403432863e+01
3.832184053253797629e+00
1.245325266741105441e+00
3.039616811565446497e-01
-9.201199589673203505e-02
8.462510472989118071e+00
5.018841517533204843e+00
-3.438495214969893965e+00
1.406608867067582480e-02
7.966142016101719570e+00
6.795103238488377606e+00
3.136240744401686431e+00
5.619540486002295054e+00
5.535212453164803925e-01
1.094281705811120942e+00
7.942440897682876866e+00
5.142225666015116659e-01
-6.385449142328329941e-01
4.265141459006013491e+00
6.221129245672990749e+00
8.038788452281693253e+00
-1.081766917280545526e+00
1.384635645417126470e+00
8.069112806791512327e+00
-2.712013320872914690e-01
5.495608062428866347e+00
7.498619610118469225e+00
-2.060410131197999650e+00
2.332099824117844999e+00
3.001268234951718128e+00
2.443486029774831092e+00
6.797343607988110215e+00
7.460400234407449815e+00
7.847573880339798968e+00
3.380835999214237830e-01
3.244134264903251630e+00
1.342021350721265804e+01
9.773687686238058392e-01
-3.332682446917748731e+00
8.220530721926875728e+00
8.432378135890303383e+00
8.378963874999158179e+00
9.340311061614222865e+00
7.202259891265537561e+00
1.023246766114420048e+01
1.282499036600733788e+01
1.257702960541272752e+01
8.209556543770121451e+00
9.981503736443970709e-01
1.060455508177892803e+01
2.622042174178518081e+01
1.691328002141148446e+01
1.036509096117008255e+01
2.059959226101485541e+01
2.054318623576521929e+01
2.842166115472220511e+01
2.865390443126537079e+01
7.014433905524320778e+00
1.923890609569416554e+01
3.661778066831157474e+01
2.948302563483854755e+01
3.143728971253552373e+01
2.558098868728198028e+01
3.270726883661419038e+01
4.816899544381382725e+01
3.153244128732908891e+01
2.993737034355482152e+01
2.904486750356929647e+01
2.095746557671425236e+01
4.504466311523553657e+01
3.845847484703220687e+01
2.038713064151976084e+01
4.148353870063775872e+01
4.621241781001958771e+01
3.704203943747795336e+01
2.662726019285448231e+01
2.668439368255629773e+01
4.430507758201682833e+01
2.723921786282971880e+01
1.794904706051303833e+01
4.022508635199322669e+01
3.696163493574883319e+01
2.964669257772440147e+01
2.034662946750392720e+01
1.733001478268102602e+01
3.603191098786427204e+01
2.196182494079896586e+01
7.524133305565447571e+00
2.083989583840386928e+01
2.428065479876714505e+01
3.159431285642005705e+01
1.936517828025004206e+01
-9.462019223668740597e-01
1.531149430598472705e+01
1.969384100535252458e+01
1.669291446514597865e+01
2.360431553833317864e+01
5.376106008037480954e+00
9.682782506029528058e-01
2.144452189806424514e+01
2.304458616409799276e+01
1.528211421287847394e+01
7.819403443599338033e+00
4.326296172611056257e+00
1.967835431134268731e+01
2.896154086832136798e+01
1.167858421067743890e+01
3.788412216373503227e+00
1.891456458433115273e+01
2.622194354857270682e+01
1.989102684221652950e+01
8.030167753323308233e+00
1.528033533973062319e+01
4.013529459698440149e+01
2.429320356176405937e+01
8.890642861742554359e+00
3.496817514821848505e+01
2.707467417772189222e+01
1.524020740693153186e+01
3.601823012420390313e+01
2.895374312356833002e+01
2.126725463797254534e+01
3.241410126124957003e+01
4.156097660978075936e+01
4.203391572832889977e+01
1.441609834307616467e+01
2.516752107706414421e+01
5.893221174804962459e+01
2.592377186499908959e+01
1.885764146149794129e+01
4.990480625715488117e+01
3.444026385189897610e+01
2.386909907096431382e+01
2.779319858451810177e+01
3.690302399246678533e+01
4.435380041566624243e+01
1.625309148596505082e+01
2.356675605143399466e+01
4.366640534527738993e+01
2.630831784645059201e+01
4.563097027015777485e+01
3.723500394322442020e+01
-2.953837254703957971e+00
2.848481107360711917e+01
4.866472619202316707e+01
3.418180236562756136e+01
2.480705017492625686e+01
4.844445572131996336e+00
3.051167977175134283e+01
5.036031772170240117e+01
1.907737336244366944e+01
2.256324828645042402e+01
2.849341183548916945e+01
2.996605393482933621e+01
5.920175354901436293e+01
3.735569761258634003e+01
-1.470313925692039447e+00
1.912044377212669133e+01
4.300422226252766933e+01
4.637004316992556596e+01
5.287574797944592575e+01
4.605967703113098821e+01
3.799280900846711972e+01
4.841557374166989547e+01
4.024240130847261554e+01
3.441084074674741089e+01
4.820031774239587463e+01
3.114890766436854364e+01
4.840505642238201034e+01
8.353609066487611301e+01
4.639231472659705702e+01
5.243740075096444997e+01
7.465842248975084772e+01
3.872290701006091496e+01
5.521873296646737828e+01
6.115646877681721350e+01
5.292929544961356214e+01
7.374014835731379947e+01
2.669701656132067313e+01
4.854227534785510301e+01
1.174426566557822724e+02
6.105918597063851649e+01
4.112932050958801966e+01
6.369104803471734044e+01
5.663413033274011354e+01
7.223541775898848982e+01
4.263893642369136217e+01
4.714624311446709726e+01
8.965867911671155355e+01
6.296249794353737173e+01
6.780577634316706792e+01
6.469469387742431365e+01
3.484665191233203529e+01
6.066130948477731977e+01
6.258844234795908790e+01
6.173589265985481234e+01
5.735787480426846230e+01
3.840017086852056849e+01
7.433717195301062475e+01
6.199904552972257221e+01
3.734652434961332546e+01
6.062369446163049247e+01
3.853266547362108696e+01
5.620391583107368660e+01
7.229589386062340850e+01
2.846917116917025581e+01
4.200046065587729771e+01
4.358489658985486415e+01
4.410225222200452322e+01
7.321528056134565077e+01
3.595604598768063909e+01
3.368131894030142348e+01
6.049996243214270208e+01
3.806742882066368594e+01
4.121988953408316547e+01
3.768010180256804631e+01
2.867911287058865710e+01
4.634757342022444959e+01
4.092138474434685236e+01
4.029503644561685149e+01
5.171397250734421647e+01
4.698962972192118315e+01
2.831764134761745311e+01
2.508304484858840766e+01
5.298581251717280338e+01
4.661448001194086288e+01
2.779592063926493495e+01
3.225164039173967012e+01
2.795671843239068011e+01
5.055141698151076923e+01
5.511561047631099797e+01
3.178737398728770458e+01
4.407424019309238616e+01
2.978669423794776705e+01
3.078222665326819651e+01
5.942903968959419103e+01
2.806291590508825351e+01
1.987842184964243586e+01
4.414557171755411247e+01
4.492859554418641466e+01
5.329031109335819139e+01
4.644132935604343260e+01
4.134407302749605151e+01
5.389411902099483598e+01
2.852776147343378454e+01
4.925548266315570523e+00
4.388727931972354890e-01
