3.438937197803149104e-01
1.570791026903897603e+00
7.236282109250830707e+00
2.755757537469595952e+00
3.358330774855480705e+00
1.185932152882620727e+01
-5.923477539947386017e-01
-1.456655530330031034e+00
8.169513135377133750e+00
1.152913257190290075e+01
6.077591633288105477e+00
-3.978732038099539459e+00
-5.096506001398504182e+00
1.858128683405436377e+01
-1.699917910244474362e+00
4.462780836350244584e+00
7.056198787553718432e+00
3.463468888291467707e-01
9.723924407127164216e+00
3.239152147486378475e+00
4.356907746595139130e+00
3.423969295380533406e+00
-2.665007822159306539e-01
1.255564399997957459e+01
-7.883805224601962980e-01
2.994012358378718375e+00
1.407104559101949093e+01
-2.126390828606241623e+00
8.505697090300261110e+00
3.312072032876659744e+00
-3.248994702516827537e-01
1.423628102242312465e+01
-2.522370401216663449e+00
3.214113209478982380e+00
6.191799444563543808e+00
-2.293288324927732269e+00
1.835597577560489668e+01
3.081577340034469703e+00
-6.787026287293279836e+00
1.001288864469242590e+01
1.438502788883314842e+00
6.395813228473075540e+00
6.218771902663942974e+00
-1.267135977170746663e+00
1.124580315487785320e+01
9.363005987469493974e+00
1.982019855606403924e+00
-2.593064325330376896e+00
3.887833000167611353e+00
1.754638515180058889e+01
3.276203345149833801e+00
-7.749678979593493722e+00
3.333132458793307773e+00
1.293385141704083985e+01
6.947740958524506460e+00
-2.805603469057233568e+00
7.008983622391684598e+00
6.728221624712517723e+00
2.844307393745498125e+00
8.708770566588860618e+00
-1.899421981679862093e+00
2.663864079924481487e+00
1.092058011262673034e+01
6.362304009105859137e+00
6.807439595780740760e+00
-7.444170119546855702e+00
3.688995380542350766e+00
1.897383383591347794e+01
-4.478319772451325953e+00
2.852237786263421171e+00
1.125919087339056190e+01
3.757432112680286207e-01
1.352743928976078891e+01
4.991767360013922072e+00
-4.917008297109105364e+00
7.736653622808112196e+00
2.317863150591091603e+00
3.365268559550116834e+00
1.001707068983215088e+01
3.202948622994604477e+00
5.042502174608490151e+00
6.801448915659983996e+00
1.593640830202851078e+00
7.770387289140129106e+00
9.326408255324006191e+00
-5.611765959000896586e+00
6.984970912664651976e-01
1.388825342481847613e+01
3.619602426844154675e+00
6.195199067130051418e+00
5.727793267671827948e+00
-3.941638037451850707e+00
1.044380852676277982e+01
8.249589067042050416e+00
-5.514891706399520643e-01
9.489566087718774412e+00
1.856584598487905691e+00
5.308483837166200203e-03
9.537958438041325593e+00
5.446027929169390269e+00
4.610930646045122039e+00
1.963502646181896072e+00
1.299347631702133299e+00
1.056090382586152288e+01
7.607484128041003046e+00
-6.873747082956249699e-02
3.103661218071579242e+00
6.438647515756639628e+00
6.589827458656205117e+00
7.157337696825164741e+00
8.782305347581735866e-01
-3.546775345521297584e+00
4.834812621281408873e+00
8.282370955061855611e+00
3.145777203176894687e+00
-1.219314541564059828e+00
2.392680466259128558e+00
1.102361091925880210e+01
4.253146939097579349e+00
-2.687224788228437244e-01
2.398797726097991578e+00
-1.864097530166633154e+00
8.741275666631789676e+00
7.722789541597496310e+00
-7.769554534815981128e+00
2.683888607018326322e+00
7.806599343859544682e+00
4.828486276344635897e+00
7.551137807851945105e+00
3.016943139703909260e-01
2.164366900239441449e+00
5.216017508082171794e+00
1.913724961334359875e+00
4.095097998349863211e+00
-1.872265040970763905e-01
7.619560383807679749e-01
9.526473627658084808e+00
7.552600377490779060e+00
-2.082684436834939756e+00
3.911940834164995273e-01
1.024462178463477358e+01
4.990569976960368415e-01
1.371576679805489807e+00
1.172563064920834464e+01
-3.269441514533925730e+00
-2.261796534961439953e-01
7.731606737079827596e+00
-1.676892499107838663e+00
7.693045834825371188e+00
9.478156971032072775e+00
4.481024491440082969e+00
4.345371820633572746e+00
5.185382725531431092e-01
1.256477458499238153e+01
5.439025979003318412e+00
-7.697984890788712065e+00
8.829918853611486540e+00
1.032306276574129811e+01
6.882761204444072689e+00
9.438258369221212973e+00
7.113867335584263429e+00
1.227695280796545951e+01
9.697170467817480599e+00
1.380279638841298606e+01
1.182230867083660897e+01
-5.763672124541314723e+00
1.392581147241443063e+01
2.900200078623068833e+01
1.143835499197371242e+01
1.413461000261927047e+01
1.980405962362018357e+01
1.945312144842876378e+01
3.102096876795398117e+01
2.604151039353775943e+01
8.593985542662553101e+00
1.819710918759571783e+01
3.574124571015605767e+01
3.257018829329941667e+01
2.883166665839895515e+01
2.550923192626578029e+01
3.370721534013329546e+01
4.904494978150086126e+01
3.133192690459221552e+01
2.684536223443338798e+01
3.323268474601768219e+01
1.895525464749451316e+01
4.225551071189996577e+01
4.502657104738023008e+01
1.516429443137830191e+01
4.031034796287611499e+01
5.277151877018560100e+01
3.255159129827303843e+01
2.615908481218909998e+01
2.867757114698266463e+01
4.312632656263736664e+01
2.752224471570926312e+01
1.721438753425580614e+01
4.173434785356712240e+01
3.555252168068896168e+01
2.958049355094971844e+01
2.306361953381628993e+01
1.457781244705144807e+01
3.677484193327401840e+01
2.183883362068927880e+01
7.207946732704214376e+00
2.303164999442484628e+01
1.963466715108732430e+01
3.489275985793025825e+01
2.181488205636527766e+01
-7.430656029307051824e+00
2.071830069919572992e+01
2.001253591357557582e+01
1.101701825965519177e+01
2.879394323528201838e+01
5.107537838638296357e+00
-2.823106762741376397e+00
2.351492976816953018e+01
2.527451355531910338e+01
1.340074708416027782e+01
5.939366998593002656e+00
8.262875202174258860e+00
1.783695495153593313e+01
2.697759448216100608e+01
1.561573688521579939e+01
1.339814880427961929e-01
1.960572726819585654e+01
2.860360196610375283e+01
1.690139848670382605e+01
1.134591126079001988e+01
1.241841320469976395e+01
3.935752327834011766e+01
3.026476314322952632e+01
2.517984993415944395e+00
3.490485778621005863e+01
3.250788404791749286e+01
1.031945086325926475e+01
3.664471267361530238e+01
3.255513260657878760e+01
1.824043205262733736e+01
3.055353481144186745e+01
4.609345076149757858e+01
4.193164710801163864e+01
8.182304663274186041e+00
3.032653403478941101e+01
6.028486208225326948e+01
2.009203650242148953e+01
2.452756286521485407e+01
4.819311462887210951e+01
3.149393776832057412e+01
2.907944758802610963e+01
2.396060097571317016e+01
3.796290669951521579e+01
4.544817568589974854e+01
1.213054629438570586e+01
2.921261410570818384e+01
4.186320873660031339e+01
2.206724724078018696e+01
5.133084682974858026e+01
3.628990669690549709e+01
-6.622009843625964898e+00
3.130064489617247858e+01
5.056298894937432209e+01
2.919726109510436984e+01
2.635658106879677476e+01
1.060923479031634997e+01
2.219353994590973400e+01
5.227481588906518795e+01
2.644401970583233918e+01
1.313873342479482531e+01
3.165663805792285856e+01
3.394873942314238491e+01
5.264525844248274211e+01
4.209115789124162887e+01
-2.686273643734343963e+00
1.691247548415197244e+01
4.698089569258053189e+01
4.280401573787112568e+01
5.469339514515897349e+01
4.739725205094897120e+01
3.393743306811143157e+01
5.091421705536800602e+01
4.257062218824388111e+01
3.113925179716257929e+01
4.597314385654153313e+01
3.725045673182621897e+01
4.630077221527412945e+01
7.775084288431277457e+01
5.608095337987392526e+01
4.746328031180186002e+01
6.908784767762554679e+01
5.109912588575819115e+01
4.766937405013457862e+01
5.738812685567550176e+01
6.187994794977704061e+01
6.799590229971337862e+01
2.746385993567524508e+01
5.072610333166389296e+01
1.142162409868887636e+02
6.371858511615297971e+01
4.024791341998097494e+01
6.359615672959890986e+01
5.718855528716027692e+01
7.102521441305353278e+01
4.254954568666273218e+01
4.840063993115346364e+01
9.145942920823202371e+01
5.680729541133256788e+01
7.191847090869403303e+01
6.987354185992722932e+01
2.327918047232700971e+01
6.837595022641991704e+01
6.595714945271724616e+01
4.915626646042592540e+01
6.824094902827687292e+01
3.847613773431312723e+01
6.501753556510000465e+01
7.060021967743846005e+01
3.643975427090605024e+01
5.709160023048723076e+01
4.079100031182524333e+01
5.619895848640442892e+01
7.205385245091287061e+01
2.723732263372060558e+01
4.385001915519023186e+01
4.198429917927873589e+01
4.486857796064835213e+01
7.466536419916680245e+01
3.215703183156483647e+01
3.938916161931219051e+01
5.609033034684964747e+01
3.534556862293293023e+01
5.221503824112407699e+01
2.622982555928631854e+01
2.894441553958601432e+01
5.825994258858229813e+01
2.840286605818048926e+01
4.346722320854664190e+01
5.862768496265023543e+01
3.785125085486576779e+01
3.119841163930164285e+01
2.888254853202835193e+01
4.939904587583291118e+01
4.423920626635416653e+01
3.183868955184730609e+01
3.332318392348282998e+01
2.301478720589842197e+01
5.528097800192317379e+01
5.309862220889714735e+01
2.999074650057541902e+01
4.976240738881325143e+01
2.231026373938566820e+01
3.524275290935148774e+01
6.087518851373810236e+01
1.976915185651676765e+01
3.166057550322387470e+01
3.929282801144604775e+01
3.712957189772490096e+01
6.660392337527689222e+01
4.019822286342873952e+01
3.644108804231904486e+01
6.220110314702786525e+01
2.460942096055739725e+01
3.927986950957717660e+00
2.976560832415046098e-01
