3.798803509133965584e-01
1.814322206042863206e+00
8.276034127710099497e+00
4.198806590753596524e+00
2.071751809716841031e+00
1.056303756432789953e+01
2.357487498516684266e+00
-2.422814071928545587e+00
5.693877444820935274e+00
1.485515002735852264e+01
5.210432110374411785e+00
-6.033103126189179655e+00
-2.671691629432957349e+00
1.704385354443297018e+01
-1.055754590692177475e+00
5.572931104330773877e+00
4.324010148425491806e+00
3.304166435203587771e+00
8.610296878741573678e+00
1.343191388828724353e+00
8.024391769113162098e+00
1.036544403202802389e+00
-2.035498460533875509e+00
1.628775510216554423e+01
-1.407250493890772614e+00
1.844682628736519781e-01
1.637276234213427273e+01
-7.035029471412288515e-01
4.577524799308761771e+00
5.625831517285557304e+00
1.600226929715575785e+00
9.097582698582939997e+00
6.520710680871969478e-01
5.102964193507665058e+00
2.220312909095795373e+00
1.381667676774293030e-01
1.834670710076455435e+01
1.910510136961909744e+00
-5.297362979439974140e+00
8.484704994824157964e+00
1.930938227690564002e+00
6.905459309031511062e+00
5.010158402628111851e+00
-1.310928432631933149e-02
1.175393634844609458e+01
7.602476397253283835e+00
2.377426418423968180e+00
-9.627348149671732802e-02
9.494551476235201237e-01
1.657840891880018930e+01
7.827152074784661906e+00
-1.159193073206898461e+01
2.525183858392427982e+00
1.810323431768090785e+01
2.623072203223648202e+00
-3.130899211916466474e+00
1.106305328175729130e+01
3.325190234412302548e+00
2.384631367710203342e+00
1.106729352169332081e+01
-3.064962755381205106e+00
1.890792157094941750e+00
1.204582779629365774e+01
6.483223249933207200e+00
6.192980923922116965e+00
-6.703380514901686738e+00
2.844518938734917235e+00
1.917858369740342894e+01
-3.729427257703318066e+00
7.566048932821733963e-01
1.360043297517895233e+01
2.449391348942303315e-01
1.017063867600991145e+01
9.632735991969667566e+00
-5.596600043665221236e+00
3.513483612395641220e+00
6.675195899255607301e+00
2.901681265307441748e+00
6.638373445136892315e+00
6.472355642086616179e+00
5.321871861903299639e+00
3.512432127558453576e+00
3.885644158650375601e+00
9.787057611878001495e+00
5.706204859128441775e+00
-4.737298648606186546e+00
2.694407444810625218e+00
1.121741522872738273e+01
5.035364620171884908e+00
6.463146350600672108e+00
4.055994231831514973e+00
-1.799075918905858051e+00
9.219400132136939874e+00
8.355453057752335155e+00
1.087652603716873667e+00
6.360009053148496960e+00
3.327921695604035612e+00
2.193611193843202578e+00
5.885728147840339375e+00
6.203436294836434328e+00
7.584721753784966047e+00
-9.935976144805231947e-01
8.919916602710467046e-01
1.435606593395343644e+01
4.446323624786992390e+00
-1.569530152002071688e+00
7.914215743812051507e+00
3.347486447602355586e+00
4.805393145911381225e+00
1.148882134227051210e+01
-1.527337610046180183e+00
-4.398417443045827824e+00
7.292370386777300872e+00
6.614382978588906781e+00
3.304169451780457401e+00
-6.070017586193562353e-01
1.430392437162091079e+00
1.185468338885863737e+01
4.007834010131953839e+00
-1.075189299744510940e+00
3.990092141126677205e+00
-2.308918793746300935e+00
6.699990607336365755e+00
1.063392627301991489e+01
-7.727664795106802487e+00
-1.320804768534896034e+00
1.155979074042216581e+01
5.443913937150732352e+00
3.048104474662367558e+00
4.356399817291074505e+00
2.522792739335071754e+00
9.021422763201052408e-01
5.609890689175965228e+00
4.987722410405210027e+00
-3.892662842451185323e+00
2.489085896477154947e+00
1.088719874471129145e+01
5.454251239758900027e+00
-1.278164086644674624e+00
1.139664703531567014e+00
8.658013794365908566e+00
1.703789266951891479e+00
1.539516159252074523e+00
1.076194608931267638e+01
-1.871769186314137690e+00
-2.080171838103470616e+00
8.132171888181551012e+00
1.059601800188262999e+00
3.904779218148998865e+00
9.986755082759080082e+00
8.029978702260608614e+00
5.793331573743382146e-01
9.069206520331398735e-01
1.598686743634972451e+01
1.757993248557684351e+00
-8.133972875178438144e+00
1.296106389454194563e+01
7.421414054663383553e+00
5.023088286442319195e+00
1.363666076640357971e+01
5.266561723263190942e+00
1.055085680451485253e+01
1.302346668475596481e+01
1.191973507627559847e+01
1.106826710285710824e+01
-3.754342928774443866e+00
1.225314909045474820e+01
2.955724018576227508e+01
1.174848533222283109e+01
1.289983647189384541e+01
2.178777783042715299e+01
1.869360139351479688e+01
2.935971045087189779e+01
2.879717130450558216e+01
7.985518228328406742e+00
1.525897779178898617e+01
3.884942111191124781e+01
3.303415706327023571e+01
2.481890004598373167e+01
2.906970346378096437e+01
3.472692299365171209e+01
4.427751781260776909e+01
3.517130074038682608e+01
2.799957442717740719e+01
2.851295384639665187e+01
2.171993267906929859e+01
4.338425790857175457e+01
4.227593817016788336e+01
1.674599914750907104e+01
4.078876172686233303e+01
5.142139849015692477e+01
3.356063051442667700e+01
2.644117640014984616e+01
2.774681617332181816e+01
4.364755101529098624e+01
2.681251567045396555e+01
1.720194332987975017e+01
4.384965205093413232e+01
3.289062468783269111e+01
2.943711097091868822e+01
2.694027772260500697e+01
1.087958973868532908e+01
3.667475242370083777e+01
2.569163523999689858e+01
2.733085358963144085e+00
2.330846791005564356e+01
2.386896409730498547e+01
3.120145999771310130e+01
2.095837481400944569e+01
-3.608515525315175054e+00
1.896706680694216729e+01
1.829741465324585903e+01
1.388271257887221033e+01
2.743777931307862872e+01
3.397881012143527002e+00
3.740004612907921189e-02
2.218041891844088198e+01
2.456505531108330587e+01
1.516117125471707361e+01
4.265864827510996271e+00
9.796164371027550999e+00
1.775029524161132599e+01
2.442834814716338343e+01
1.880544507170708712e+01
-8.344701957658900993e-01
1.701174290247231724e+01
3.227741604854580260e+01
1.621294585401306421e+01
8.525089084549513530e+00
1.565371805998622001e+01
3.979971046675148472e+01
2.628609490224976497e+01
5.241226615597794236e+00
3.674688388404468498e+01
2.758963051471144823e+01
1.296239484171465328e+01
3.896528134062180015e+01
2.824698036349914787e+01
2.078274054786328762e+01
3.138439619943804715e+01
4.333760728979456900e+01
4.409628985540131652e+01
7.651147013246908379e+00
2.948545879221920529e+01
6.127721052636953658e+01
1.899821307197114351e+01
2.554766722252006161e+01
4.898675502006818760e+01
2.952258549404831456e+01
2.948439415258868124e+01
2.612767066998872068e+01
3.573866693008550754e+01
4.452441026165736560e+01
1.576140445250819688e+01
2.597290791563018786e+01
4.101145413497938819e+01
2.746729677658000313e+01
4.681598197543366524e+01
3.514772834796712431e+01
-1.450715585344973135e+00
2.764689715934853709e+01
4.988127567360501047e+01
3.211516751780418844e+01
2.414166479744399751e+01
1.036649719916866452e+01
2.404382745374689989e+01
5.167987495727597036e+01
2.529870918004923297e+01
1.421738272502833311e+01
3.169747859029035553e+01
3.340830615289568328e+01
5.344936388975529695e+01
4.030030650241614154e+01
-1.249381474010020199e+00
1.800487050640891340e+01
4.344018779595079138e+01
4.629193553709261977e+01
5.471824495682132294e+01
4.317049909546483377e+01
3.883239772174347593e+01
5.009213042404535798e+01
3.853462457032816957e+01
3.530423008078712854e+01
4.592322226559693377e+01
3.404421912673620909e+01
4.847634634056869629e+01
7.928002768856889304e+01
5.301991713173605092e+01
4.830258818464348991e+01
7.157480095328897107e+01
4.762996486307740440e+01
4.885004979864249464e+01
5.922120756273467634e+01
5.877357642850262209e+01
7.013783816687292472e+01
2.706056000060942424e+01
4.972922833045066682e+01
1.168301427109901880e+02
6.052188385609434107e+01
4.123254999360666773e+01
6.614895308269942120e+01
5.339412212859378570e+01
7.237550282297587501e+01
4.444547008720576287e+01
4.555220617383909598e+01
9.196677501882338390e+01
5.968680513357762862e+01
6.945549859332049891e+01
6.788299340228981293e+01
2.813655615931974907e+01
6.620624698941693964e+01
6.291053151607084004e+01
5.427961990180143914e+01
6.526229910025803349e+01
3.716612790239116038e+01
6.933202193210787811e+01
6.735684212556489570e+01
3.654634017761731002e+01
5.867795464059230426e+01
3.937139092076927938e+01
5.750722454664923333e+01
7.085906943678651260e+01
2.681262940893748592e+01
4.543448478752487318e+01
4.127997441233820552e+01
4.418414692211319306e+01
7.565494832440943185e+01
3.275528186342447157e+01
3.681345110842995894e+01
5.835190499388042440e+01
3.682569182800235552e+01
4.674008900778024866e+01
3.034901659559128007e+01
3.060218260496974096e+01
5.244925767070709810e+01
3.310444078808735924e+01
4.379318191787366743e+01
5.465035005358419085e+01
4.128400833898037092e+01
3.094433127503151226e+01
2.696801223980579465e+01
5.025563768468141035e+01
4.501765178049536331e+01
3.112711822327781164e+01
3.276346106164336192e+01
2.461824059767410233e+01
5.415166219680877191e+01
5.349179207077661857e+01
3.030662954348958493e+01
4.793189750371124802e+01
2.535761353647513872e+01
3.283928514350693462e+01
5.981554783014443188e+01
2.438477855944990225e+01
2.710804585442823722e+01
4.001384847159366842e+01
4.150881059386453131e+01
6.111021416035577403e+01
4.145394712632676715e+01
3.940731335802961866e+01
5.934079596645376142e+01
2.440817286418640464e+01
3.942310528432257932e+00
3.090851506168405538e-01
