2.877206476391348522e-01
1.455468136411748548e+00
6.631203863138279253e+00
4.664967274820511989e+00
1.073691741260769827e+00
4.696964175460286661e+00
2.951266829651981283e+00
5.314217091960563799e+00
4.702962999724491944e+00
5.216099626091391883e+00
9.051083112666614028e+00
1.535425281834291056e+00
-3.057768609351583677e+00
1.252968111233875881e+01
-2.027507335206545580e+00
2.764012863054042590e+00
1.008994413242358945e+01
1.748020603833335462e+00
6.665374152335307834e+00
1.904104396335054350e+00
6.433682929929169347e+00
9.325995391477071905e+00
-2.902300662067327952e+00
5.965238607953122774e+00
4.554914900690820723e+00
1.955876227143043655e+00
9.942850951977987961e+00
2.864757858476761232e+00
6.859568441238876879e+00
2.222438132342027028e+00
3.666228418089302554e+00
1.422158633702950681e+01
-5.865420052666778794e+00
3.580918278900436125e+00
9.564112096410253727e+00
-7.707826396098053756e+00
1.617273203185708041e+01
9.782502174444031695e+00
-7.436082552820707292e+00
9.550200460170538364e+00
9.563111431165709497e-01
4.777215929429605268e+00
1.005365118823864101e+01
-2.522593107296440706e+00
9.273100900054558338e+00
6.908225728803366827e+00
1.165890822108799907e-01
6.431624464509059003e+00
4.822963683564634785e+00
9.464142414468181386e+00
3.951618498047715367e+00
-2.892588710296933208e+00
4.444596532938684952e+00
8.890071184357765333e+00
5.071262853613318633e+00
-4.647068319328348629e+00
9.154030051282807889e+00
1.672459489558794488e+01
-3.534880203765131679e+00
2.187935993567750315e-01
6.498743484212476496e+00
5.110734674794850996e+00
8.737787269178605598e+00
3.283907796418271907e+00
2.802638596611688904e+00
-3.329928725198991302e+00
8.023429381089078660e+00
1.970330131127895967e+01
-9.644257447283960616e+00
-2.705563572243986914e-01
1.841551911111090334e+01
1.983670289831763078e+00
8.854315043326126400e+00
8.762676049122332111e-01
-3.001017725973676331e+00
1.361795808709711686e+01
-6.087937780241728936e-01
3.729971497913966427e+00
9.959961636326930545e+00
-1.398660225962978787e+00
1.277383555923672276e+01
6.389902776091284764e+00
-7.069797955988367910e+00
1.189618235248627798e+01
1.227556368682936316e+01
-7.643983716433573328e+00
2.939167636616536461e-01
1.592796308320936660e+01
2.993320713441990577e+00
3.765186741523140590e+00
9.436102247478357796e+00
-6.523925607602333976e+00
8.449914334268894933e+00
1.344117751691085338e+01
-4.117029168952588414e+00
8.558328090815368938e+00
4.251935361982623007e+00
6.352863896807411370e-01
1.151064472407256645e+01
-8.745071655642873143e-01
5.049425623412609809e+00
8.238875058394794948e+00
-1.930516746145296780e+00
9.976952556871404809e+00
6.720095942222892305e+00
-1.654372531091700571e+00
7.424164488250389660e+00
9.385530095176655152e+00
2.005175479759176760e+00
2.156430959396026248e-01
8.806392520809076530e+00
2.072871886447053225e+00
-3.641695051276571338e+00
8.947615334560342859e+00
2.338003708512540690e+00
-1.465265307370496650e+00
1.095186973179249357e+01
6.261770186873247823e+00
-2.566856378081172618e+00
2.641728190533140452e+00
8.011645745238354266e+00
2.930108510717280290e-01
1.144032245978140905e+00
5.366590781768826091e+00
-3.499544600382712201e+00
5.440548569324214156e+00
8.376540832407721737e+00
-6.653550548650896124e-01
7.175012397925911500e+00
3.315348910793519011e+00
5.419374294167125683e+00
6.554204210643127304e+00
-8.712229021375700100e+00
6.120380533716939908e+00
9.000105275752716238e+00
-5.417133033478918946e+00
9.547850816682366570e+00
8.850737735958617236e+00
-5.096638545548268340e+00
5.032182656584973657e+00
1.186595086764000229e+01
-3.905542759407855780e+00
-1.921580925593195488e+00
1.630427698572566086e+01
-1.586962958990556283e+00
-5.750440723108244612e+00
1.154168389253244165e+01
-9.598685451376075539e-01
5.689472680955753425e+00
1.267761425518930274e+01
1.085903881237009205e+00
5.583024471441294878e+00
9.580658999924240860e-01
8.800176279631509502e+00
8.905126248868450389e+00
-9.726494214889084944e+00
1.039620957979510685e+01
1.525709571345192117e+01
6.322892034485437796e-01
7.985418487306064961e+00
1.207453945900622472e+01
1.317966727448907527e+01
4.309272042471687492e+00
1.196696736439842645e+01
1.640433858808969347e+01
-7.093516612992543102e+00
1.850073964849767094e+01
2.952864390665396499e+01
4.677126012246805020e-01
2.087035871340779281e+01
2.588181289697016041e+01
1.263343960377732422e+01
2.877450372150956781e+01
2.431968259272362687e+01
1.348362375069743280e+01
2.316179988154947722e+01
3.249495377852288414e+01
2.932449005471866954e+01
2.684045152075437102e+01
3.107521481215474068e+01
3.605923276838615976e+01
4.261620395811569040e+01
2.759565136301494093e+01
2.868485432455671713e+01
4.275710395666042984e+01
1.730175220748903087e+01
3.465539477733977236e+01
4.957968289135823881e+01
1.306382253546220440e+01
4.217115373006616608e+01
5.699918021231042786e+01
2.139707391781752932e+01
2.658580737914511971e+01
3.802810458982668251e+01
4.293431315767103484e+01
2.418334402006481909e+01
1.603247333802051955e+01
4.390220401112581072e+01
3.424975558524826624e+01
3.074752106154704379e+01
2.240395645832982652e+01
8.466549634877226893e+00
4.273781529818909064e+01
2.436693419398732985e+01
4.352403213535439797e+00
2.538962760512986350e+01
1.644724794622672803e+01
3.735024406064795244e+01
2.151155317560857227e+01
-1.328249062307348183e+01
2.634852049405820296e+01
1.936011416062817148e+01
8.097225782042738018e+00
3.291222925696850865e+01
4.853555225704544007e+00
-2.982484592734121698e+00
2.411787822678155280e+01
2.459735351505336709e+01
8.138633224371245589e+00
7.088347641631727925e+00
1.708501062286285332e+01
1.040860958545307469e+01
2.437617881839871359e+01
2.298474689528256221e+01
-2.643405288773046369e+00
2.310571397236171620e+01
2.697602192866884252e+01
8.588060686817451383e+00
1.560921277145136266e+01
1.631013268991181064e+01
4.004700503948302526e+01
2.592650957154997471e+01
-6.567704559619389482e-01
4.209102538129403115e+01
3.531561866992717569e+01
7.481786108223711373e+00
3.036290955069128117e+01
3.210323170766576339e+01
2.470677825042468356e+01
2.954129437376328227e+01
4.712091550883548052e+01
3.706805162553072108e+01
5.026963734377432047e+00
4.428127760790929557e+01
5.702273481260151300e+01
1.023898156660198389e+01
2.826620202593551667e+01
4.780845085059420541e+01
3.435541026331999603e+01
3.101732858665463155e+01
1.915505643441060002e+01
3.604162184407518055e+01
4.980040868962159095e+01
1.797241664537591532e+01
2.223375833825897274e+01
3.831530031959925964e+01
2.636986587349359112e+01
4.973693053353196802e+01
4.014045177674019271e+01
-9.193605312629502535e+00
2.777392868267946113e+01
5.681157041589909795e+01
2.632162703809909843e+01
2.776722580821715880e+01
1.118294733943913144e+01
1.593585848681215289e+01
5.799241001592107381e+01
2.674643089695449660e+01
8.808764124664980599e+00
3.462966725293220804e+01
3.580185333041188045e+01
5.093963178163943439e+01
3.894505138837832448e+01
2.121121427212870891e+00
1.626650375225527156e+01
4.286128558332160310e+01
4.864499938430517290e+01
4.862930756557904743e+01
4.724183219976065118e+01
4.352617898493655701e+01
4.388989650221132877e+01
4.036478333497969118e+01
3.312278966023853854e+01
4.676791362989523293e+01
4.177477168028066501e+01
4.096516376725585218e+01
7.504633493151663970e+01
5.849440755296144800e+01
5.027198530110511854e+01
7.147685727928144672e+01
4.499118047584457258e+01
4.603695975006657193e+01
5.957037781668238097e+01
6.728403145132905649e+01
6.971949163733474109e+01
1.503699308903188303e+01
5.463734634619866881e+01
1.214094391299487086e+02
5.880536890323629251e+01
4.405771810057398596e+01
5.739250687158799735e+01
5.353274111458695472e+01
8.268539561270821991e+01
4.243920716400454296e+01
4.207950946823230254e+01
8.839995404426628056e+01
6.117519778061374325e+01
7.559489914699906876e+01
6.638828626697872437e+01
2.305469811583888884e+01
6.365591821960099139e+01
6.976877449796334929e+01
5.671885780747003736e+01
6.102074991694995987e+01
3.847828104679715011e+01
6.417816083583616660e+01
7.084776919838155607e+01
4.320047389563220719e+01
4.838847040794736643e+01
4.037900806752983840e+01
6.218537741580031764e+01
6.857508344103034403e+01
3.040956655214037241e+01
4.342342628743968191e+01
3.920767885734684910e+01
4.537451140327425492e+01
7.608099950950010282e+01
3.211952016740142568e+01
3.393870093801817944e+01
6.253850719136780612e+01
3.616928579289201906e+01
4.485077845513847450e+01
3.488722809820717430e+01
2.699893371429669031e+01
5.492838724487040736e+01
3.228013043409227123e+01
3.647377929260704832e+01
6.185106351374715672e+01
4.150389130979107932e+01
2.859421280350726846e+01
2.939489082023964883e+01
4.646801070169798464e+01
4.904043101752654366e+01
3.451921876882848039e+01
2.830447111553827000e+01
1.983348512500158733e+01
5.369418940475954116e+01
6.189071680440347478e+01
2.797696802523330817e+01
4.542701405014111060e+01
2.605299187078290757e+01
3.028371241172539285e+01
6.958256526689632437e+01
2.214492184255253449e+01
1.689605351423088919e+01
4.225351912970388213e+01
4.342316165394581873e+01
6.539563178286982748e+01
4.290648225504692448e+01
2.878126287341661538e+01
6.627370223555296036e+01
2.656498782316905505e+01
4.267513062715352135e+00
3.206905833093224301e-01
