5.738197374606047729e-01
2.740599970603759150e+00
1.222659495347746983e+01
4.843360094000604299e+00
-3.785653690397653648e+00
9.220261220022694104e+00
2.147427688428653170e+00
-2.397961911886631881e-01
8.440570473837187393e+00
5.753604681105546348e+00
5.848689919921826963e+00
5.950443801161858559e+00
-5.212143861947734713e+00
1.560548458876593436e+01
-3.091620612850908945e+00
3.980929464628213399e-01
1.144689584795211701e+01
3.786496727358056313e-01
4.727980301673722074e+00
5.416765407584432701e+00
5.838159004940465024e+00
9.016264103353256232e+00
-3.971483697355772335e+00
1.453404803146227309e+01
-6.535150944181356003e+00
5.908137852491122111e+00
1.144654638963628379e+01
-1.377014626929320862e+00
5.449415041869473342e+00
1.219643852580314913e+01
-7.098596151786163766e+00
2.043008045035566056e+01
-4.900032931752211773e+00
3.825942020227324214e+00
3.876156761639881321e+00
-3.225804763731082492e+00
1.469540163609632799e+01
5.285076907098774868e+00
-1.828941015293541472e-01
5.751876510275359955e+00
1.942880652261791408e+00
5.864538052739327156e+00
1.193428023812244021e+01
-7.013177413134696891e+00
1.427528049191607984e+01
-2.644397291815994588e+00
1.063927808945310893e+01
-2.207793928591784471e+00
1.018674498227787062e+01
7.756447037869896199e+00
7.764127648565080086e+00
-8.661219355508869455e+00
1.026808457075023462e+01
7.052858046850762896e+00
6.840925847503415147e-01
-3.052458352939964925e+00
1.385606181009068649e+01
8.875194777358323961e+00
4.978167222809442016e-01
6.813618450394193893e+00
-4.809070518855443233e+00
1.364187534175245098e+01
6.692591023980055454e+00
1.800943407484281833e+00
-3.230460896001556836e-01
3.082814299446288153e+00
2.084954456004705747e+00
2.210820230478218207e+01
-8.110568617866224628e+00
8.378800235478794933e-01
1.347015464968088772e+01
8.492970323701500845e+00
3.441726378946978304e+00
2.933901165661396693e+00
-3.198999854767724749e+00
1.050554864276087841e+01
4.319122859148794014e+00
1.034970543820393107e+00
9.845117890796583282e+00
2.560739450488590752e+00
8.726730295135659787e+00
5.780091958056003065e+00
-2.990756181343473763e+00
9.424582085794440900e+00
8.909657952080596743e+00
-3.724858748418056642e+00
2.081800488145478134e+00
9.815247555070559571e+00
8.586411158112225550e+00
5.471344403067968543e+00
8.454409531416529067e-02
2.169507799636503531e+00
7.881034112063507457e+00
7.159671042017087039e+00
4.080545144206174646e-01
8.984297398631012399e+00
2.207221318878930472e+00
1.293740325731709939e+00
1.400383227462604196e+01
-4.570201565117564257e+00
6.163827376980465012e+00
1.005858540878471175e+01
-2.916627209295164391e+00
7.618612782206777290e+00
1.091507619056209322e+01
-7.320995769371731576e+00
1.485156925937774375e+01
2.951135384040045828e+00
3.987682915193499156e+00
2.447155716392221958e+00
6.265897906033358389e+00
1.190599403709927451e+00
2.223994514689748847e+00
2.147555578876526816e+00
3.755193322894495367e+00
1.921922331287450714e+00
8.961083269196791434e+00
2.531569387610997257e+00
2.873580688618089241e+00
2.921112365276387290e+00
4.554355327985707413e-01
1.053462971652589175e+01
-3.283366668102627450e+00
1.773809616175674453e+00
1.240819942420261279e+00
5.445735610371586155e+00
2.351383372731318033e+00
6.236404243998741492e+00
3.660944805931892532e+00
4.939769760312653801e+00
3.610394625149095926e+00
1.091868896459320482e+01
-1.345639995568330427e+01
8.811887582122245988e+00
6.979932144408464545e+00
-5.365806608659080545e+00
1.036323240666191658e+01
8.820852869427985965e+00
-7.028346842485967194e+00
1.115629496730677239e+01
4.941372212443307710e+00
1.605138641199559402e-01
2.358729037415273622e-01
9.614156382364356546e+00
1.677416783958268764e-01
-1.925069914805460636e+00
7.125152656242087268e+00
-8.622841700176638868e-01
1.152490541788155731e+01
7.940871263829436977e+00
8.750635526826171517e-01
1.026281862453760318e+01
-1.187303467748417551e+00
6.949600710676949733e-01
2.041045247522945516e+01
-1.786487375765625529e+01
1.328830784725225023e+01
1.595133541952804279e+01
2.777802261471124634e+00
2.703122328544687036e+00
1.992775447333401928e+01
6.309842405143800015e+00
7.420010764054416619e+00
7.384792312184305096e+00
2.072230168408946582e+01
-1.033356541978173482e+01
2.273717196959132636e+01
2.611065958736765324e+01
2.879820786741544847e+00
2.350371249229495163e+01
2.004436755949034676e+01
1.643334085117571775e+01
2.726541994798880353e+01
2.113110966896297782e+01
1.433152635348101001e+01
3.092500106414311745e+01
2.060672395976261484e+01
3.997553698958742530e+01
2.360476976330885535e+01
3.213020319108719747e+01
2.996838050815634702e+01
5.278834256094999233e+01
1.520415685028188335e+01
3.442064114948124853e+01
4.393574682001678866e+01
1.721741476064676846e+01
3.098870439814294286e+01
5.842282590155749489e+01
6.424374420850284650e+00
4.294928494211359293e+01
5.898642980191587526e+01
1.696876434103638331e+01
2.867976753051221550e+01
3.655458543831652918e+01
4.546210175400581477e+01
2.254607589772842857e+01
2.082132868821942040e+01
3.795613884710896002e+01
4.075840890445051912e+01
2.465616811133007857e+01
2.401132275399040594e+01
6.596743059678025212e+00
4.713232016928346013e+01
1.538453953224813731e+01
1.493819175759863072e+01
2.289400787658709291e+01
1.385247535533357421e+01
4.003370895919834993e+01
2.359896440014328434e+01
-2.175398752131717828e+01
3.212490358229683096e+01
1.967961288908036721e+01
2.180074459654791852e+00
3.734860440321216402e+01
8.440968878154025745e+00
-6.768064583610065910e+00
2.451667022044104272e+01
2.839483421692908749e+01
1.694273959741614988e+00
9.645759057786065682e+00
1.751047525293272145e+01
8.127251909797376328e+00
2.436629271345567105e+01
2.711207705121558220e+01
-5.627966084416478054e+00
2.727962029779228814e+01
2.321714789734733841e+01
8.675543275737847893e+00
1.678707288322804203e+01
1.519100367745048352e+01
3.667868056669993138e+01
3.165628005580072823e+01
-4.503594228550340972e+00
4.329616319182501627e+01
3.903781046753355355e+01
6.342071883723881420e+00
2.446550725877009214e+01
3.926760025233845397e+01
2.175623548162119647e+01
2.471708360048598863e+01
5.282043138066494947e+01
3.696801175180556243e+01
3.210790166045455335e-02
5.151040313889659927e+01
5.626869890846153766e+01
4.785393818652503128e+00
3.291514838834344658e+01
4.661485622404931917e+01
3.189459955557144610e+01
3.154325431613344932e+01
2.187112988637466771e+01
3.251144633217061397e+01
5.342285830548006231e+01
1.743931222703962192e+01
2.148758917496344267e+01
3.870572855978672777e+01
2.636388051050813175e+01
4.663945902205392713e+01
4.494209576425547681e+01
-1.421524248527274814e+01
2.988368223349434061e+01
6.035521803320630596e+01
2.176531743263713281e+01
2.884959287119421845e+01
1.555397321002586430e+01
1.050100946623832243e+01
5.783887700477704641e+01
3.050479488869450861e+01
6.226460025727058145e+00
3.189616626559147861e+01
4.280657109986264430e+01
4.732329697092232124e+01
3.538803615464458829e+01
9.479063646697976964e+00
1.339618347391453845e+01
3.813472693863528207e+01
5.525397862589677089e+01
4.449822912228938065e+01
4.734958046567082590e+01
4.604781198458123725e+01
4.253381563295044998e+01
3.949454971050607099e+01
3.407027464879531209e+01
4.814416215047818071e+01
3.942129333235951805e+01
4.267351288027609257e+01
7.280612639603307912e+01
6.015603696296610536e+01
5.119929484417816212e+01
7.006220777715259374e+01
4.255272140706586015e+01
5.350639855212606477e+01
4.956547300029135528e+01
7.557692221378130171e+01
6.766870068869641841e+01
1.193654264323886238e+01
5.566891873093572229e+01
1.268558490219703998e+02
5.141471259366552005e+01
4.654972194844979327e+01
5.939898596300373157e+01
5.138200386373196693e+01
8.092340128115550613e+01
4.840970084290444220e+01
3.839638179707831256e+01
8.428194471581024061e+01
7.181549212766782375e+01
6.566935962084616563e+01
7.084961436843326510e+01
2.126305165823507082e+01
6.508071635477264749e+01
6.679463935713398826e+01
6.210676879559713370e+01
5.523042096575557025e+01
4.457990522093918884e+01
5.871351099910107507e+01
7.576361499093027874e+01
3.843383204475545512e+01
5.208079600406797738e+01
3.594969573472241819e+01
6.472721210284235838e+01
7.138492441063331739e+01
2.343683336829374397e+01
5.102538216215153710e+01
3.799811137076727618e+01
4.094988524498422322e+01
7.924616664472310390e+01
3.459330813157793472e+01
2.435954957595306070e+01
7.216106424477312942e+01
3.124957632903597471e+01
4.696807960408762739e+01
3.183459235271689636e+01
3.554492954283205108e+01
4.688527971987529241e+01
3.362755375491882148e+01
4.014531546787983274e+01
5.622866161806939544e+01
4.263406640658568136e+01
3.212582832185776738e+01
2.435962498211513960e+01
5.022965867820695962e+01
5.086009572880919194e+01
3.092924441312997175e+01
3.298298012441256333e+01
1.297384162082245673e+01
5.833904676406235978e+01
5.915776481744170923e+01
2.902940819680217288e+01
4.346436455775121033e+01
2.893323543421519162e+01
3.163558661739046940e+01
6.641147730591930554e+01
2.648909569677067211e+01
1.502521626546355371e+01
3.623185560007028272e+01
5.073685217786498214e+01
6.352265303154908338e+01
3.551092071055395394e+01
3.999350964105362749e+01
6.034751034230329481e+01
2.902133600061352681e+01
4.891791565629586280e+00
4.165990337985910896e-01
