5.105401267088710386e-03
3.958055471415150572e-02
2.098869487061093830e-01
5.442181104623713406e-01
9.514458290802032536e-01
1.414136643305982322e+00
1.925060035509313039e+00
2.473340787598075963e+00
3.045659703919318506e+00
3.632803627298354598e+00
4.209597681623684196e+00
4.725814567473870298e+00
5.027228900263854605e+00
5.218948362607776836e+00
5.325861256053215698e+00
5.354280356389973683e+00
5.311003431564992106e+00
5.206271519620036869e+00
5.053178620801252130e+00
4.866939060966537056e+00
4.663935825159825299e+00
4.460447970500979409e+00
4.271146188292860302e+00
4.108218031477697707e+00
3.981170195392904176e+00
3.896661196414562767e+00
3.858337887579383896e+00
3.866778399054836779e+00
3.919598378535821048e+00
4.011725032796713108e+00
4.135820286911850552e+00
4.282821876081809975e+00
4.442563166383035167e+00
4.604430524852283213e+00
4.758020072700226422e+00
4.893758881357156199e+00
5.003458028973405192e+00
5.080768413726678645e+00
5.121515724995871821e+00
5.123898181733705925e+00
5.088538858014015176e+00
5.018392973605272367e+00
4.918518869367924928e+00
4.795729032912147360e+00
4.658144092561440353e+00
4.514677834147192037e+00
4.374484758461604450e+00
4.246403310183107571e+00
4.138427596498542194e+00
4.057238213789311487e+00
4.007818863254668962e+00
3.993180010802651392e+00
4.014204265388778836e+00
4.069620807970086851e+00
4.156108533967738161e+00
4.268520023192538204e+00
4.400211458465210335e+00
4.543457577055603380e+00
4.689925997693142001e+00
4.831182081953595997e+00
4.959194031104824596e+00
5.066808254852730897e+00
5.148167138881571958e+00
5.199045043777910990e+00
5.217083456210150239e+00
5.201912372824772923e+00
5.155151857117429515e+00
5.080294860625741649e+00
4.982479419610906568e+00
4.868164815464519179e+00
4.744731844956990408e+00
4.620031665492627226e+00
4.501910516215416713e+00
4.397738812505141759e+00
4.313972610966090748e+00
4.255773286547851697e+00
4.226707592240898315e+00
4.228545312562881797e+00
4.261165777040149649e+00
4.322577927678953102e+00
4.409051828542938978e+00
4.515352871122653156e+00
4.635063858979168394e+00
4.760975006498969542e+00
4.885517960485225686e+00
5.001217476822921171e+00
5.101133497685832907e+00
5.179267122879918972e+00
5.230906299863826270e+00
5.252890824862702424e+00
5.243781221530564807e+00
5.203921942106600085e+00
5.135395764375568106e+00
5.041872849696632741e+00
4.928364287899070106e+00
4.800895703676674842e+00
4.666121293229553935e+00
4.530902213855378946e+00
4.401875351964616101e+00
4.285039022438639655e+00
4.185381074383426103e+00
4.106572261035415394e+00
4.050743732636108874e+00
4.018362370788612026e+00
4.008211709623703101e+00
4.017479741402040005e+00
4.041948368910647460e+00
4.076273036738108146e+00
4.114335523063083144e+00
4.149648337770817541e+00
4.175785926351300859e+00
4.186816120562551369e+00
4.177705116379087258e+00
4.144670712380900568e+00
4.085461526445605784e+00
3.999544252833690194e+00
3.888186471437023783e+00
3.754428755380220029e+00
3.602946473780839209e+00
3.439808358636688101e+00
3.272145201038672457e+00
3.107747585445041150e+00
2.954616027901895148e+00
2.820489984117838578e+00
2.712383744634899063e+00
2.636157136186899841e+00
2.596147196949807778e+00
2.594883682618399412e+00
2.632906576364472784e+00
2.708697986779521116e+00
2.818734258170463303e+00
2.957657168141168746e+00
3.118556153845561507e+00
3.293346996929729098e+00
3.473226691075189443e+00
3.649179652448124145e+00
3.812507283637238231e+00
3.955351355180868556e+00
4.071181821441463455e+00
4.155221535895944562e+00
4.204783771891634991e+00
4.219503291846938176e+00
4.201447661603596728e+00
4.155102231776613309e+00
4.087229313050867674e+00
4.006609142872841645e+00
3.923676863593108521e+00
3.850075519226427545e+00
3.798149690660005628e+00
3.780407557243184336e+00
3.808980711137351705e+00
3.895110870730649655e+00
4.048690753750854299e+00
4.277882893708159884e+00
4.588835324100432267e+00
4.985507105312310117e+00
5.469609986888828601e+00
6.040665485015223268e+00
6.696169734500931447e+00
7.431852064845285710e+00
8.242007740070942390e+00
9.119881028044991567e+00
1.005807198970484251e+01
1.104893927516525665e+01
1.208497185480939962e+01
1.315910496634287874e+01
1.426495948630411981e+01
1.539698920273878358e+01
1.655052675720072486e+01
1.772172595635741388e+01
1.890740530100118733e+01
2.010480450047542789e+01
2.131127199968463870e+01
2.252390674543593363e+01
2.373918121986591601e+01
2.495257491275383543e+01
2.615824773031382477e+01
2.734878129225689847e+01
2.851501271073487231e+01
2.964598044392292309e+01
3.072899544501852631e+01
3.174984344293648419e+01
3.269311621949673707e+01
3.354266165753541884e+01
3.428213460862784245e+01
3.489562373845441101e+01
3.536832388165081653e+01
3.568721943856648693e+01
3.584174224655627228e+01
3.582436732418766212e+01
3.563111196571823314e+01
3.526190778012490767e+01
3.472082122821601047e+01
3.401610570650263554e+01
3.316007685653769244e+01
3.216881206968879781e+01
3.106168458995741588e+01
2.986075165499873663e+01
2.859002423566227691e+01
2.727465265960104546e+01
2.594006733021235789e+01
2.461111657122721752e+01
2.331124414904237696e+01
2.206174718793042544e+01
2.088115107056293240e+01
1.978473171290820076e+01
1.878420764558591571e+01
1.788761505503717686e+01
1.709936885052427158e+01
1.642050249295245123e+01
1.584906933564387188e+01
1.538067915975359590e+01
1.500913596649347959e+01
1.472713736647431837e+01
1.452699243137761798e+01
1.440131386794797486e+01
1.434364192272796856e+01
1.434896146593620081e+01
1.441408002819942347e+01
1.453784283423346935e+01
1.472117063662552816e+01
1.496691685285508555e+01
1.527955154083030642e+01
1.566469047694747907e+01
1.612849739979634478e+01
1.667699577137299727e+01
1.731533268461370412e+01
1.804704141894074354e+01
1.887335035504703740e+01
1.979258439663538738e+01
2.079970075834067345e+01
2.188599417068705577e+01
2.303899757705854157e+01
2.424259373568790821e+01
2.547734137613300831e+01
2.672100735018289441e+01
2.794928425169171859e+01
2.913666194408118315e+01
3.025741197014974304e+01
3.128663648754328008e+01
3.220132862213925762e+01
3.298138926733769694e+01
3.361054652658215502e+01
3.407712817589187893e+01
3.437464451833567125e+01
3.450214845684326548e+01
3.446435102552033669e+01
3.427148337581508031e+01
3.393890961239890203e+01
3.348650817004152458e+01
3.293785187012876037e+01
3.231922768674793645e+01
3.165854596098539631e+01
3.098419481891052030e+01
3.032389851172684558e+01
2.970363811348371286e+01
2.914668947275783140e+01
2.867282669507974902e+01
2.829773008492209385e+01
2.803262591104200396e+01
2.788417221962911796e+01
2.785459094501844390e+01
2.794203255168541844e+01
2.814114618805374946e+01
2.844381661078242729e+01
2.884001963589900086e+01
2.931874115801813829e+01
2.986890126383326205e+01
3.048022488370417449e+01
3.114400381215868308e+01
3.185370162060967658e+01
3.260536262596944113e+01
3.339779813380214080e+01
3.423253696349019037e+01
3.511354199467979242e+01
3.604670929190265838e+01
3.703918039291184527e+01
3.809851074356890166e+01
3.923174726732366935e+01
4.044447503648795106e+01
4.173989649712703454e+01
4.311800641627170450e+01
4.457492161048511292e+01
4.610241674142060475e+01
4.768770640594992472e+01
4.931349998329044837e+01
5.095833997592037434e+01
5.259721777102259921e+01
5.420244381257965216e+01
5.574473309745015825e+01
5.719445265087080088e+01
5.852296607425397923e+01
5.970400213287535252e+01
6.071497022546527234e+01
6.153814579876543434e+01
6.216165344480577204e+01
6.258018440267908034e+01
6.279539808681652602e+01
6.281597345478289185e+01
6.265729468165048388e+01
6.234077573684203344e+01
6.189284896598923780e+01
6.134366251805115411e+01
6.072554929302537374e+01
6.007134496109010513e+01
5.941264360033642333e+01
5.877808588952219537e+01
5.819177608330991092e+01
5.767191996858554859e+01
5.722976671829152906e+01
5.686892338188042118e+01
5.658509231610526768e+01
5.636626005434892051e+01
5.619334203342813083e+01
5.604126249381119607e+01
5.588042408162562680e+01
5.567849856615894311e+01
5.540244994728239192e+01
5.502068523982961779e+01
5.450521737208367057e+01
5.383371966240921580e+01
5.299135268941729748e+01
5.197225216840619311e+01
5.078058046203957332e+01
4.943106400081509832e+01
4.794896325015859873e+01
4.636944976398304163e+01
4.473639501570409749e+01
4.310060678101074672e+01
4.151757948116045327e+01
4.004485348642897691e+01
3.873910298700513977e+01
3.765309025268856402e+01
3.683263316639573759e+01
3.631373162708836588e+01
3.611999165051548033e+01
3.626048629509700305e+01
3.672820302386086411e+01
3.749922388939385343e+01
3.853274609729405142e+01
3.977197837710176742e+01
4.114582025240077456e+01
4.257094890538005671e+01
4.395366654010440755e+01
4.519133653118262117e+01
4.617624910148968809e+01
4.680431753378061188e+01
4.698437902158562451e+01
4.664428513717286506e+01
4.573472630104849657e+01
4.423175884690697046e+01
4.210721774491168645e+01
3.925835646223487174e+01
3.517239459425246650e+01
3.011282796751138235e+01
2.507661222588305350e+01
2.027093812019541730e+01
1.577498524026668392e+01
1.166740889097230571e+01
8.014344116031876908e+00
4.829117489222178428e+00
2.212817934230712602e+00
3.689317598833929956e-01
3.309663039103645510e-02
