8.782828538875416813e-01
4.108588877446926801e+00
1.816842344017454280e+01
4.738975299667052887e+00
-1.018227637635321692e+01
1.016602032855402804e+01
4.710810004974065102e+00
2.050953637846362199e+00
4.590492700164378270e+00
5.185861755370221537e+00
6.660231121015986133e+00
8.496108421026146829e+00
-6.264836431594841493e+00
1.734381016934201725e+01
-9.021249340632072844e+00
3.147899409343053456e+00
1.470809213844049168e+01
-3.499108137041203381e+00
8.317492725717938740e+00
-2.599831639575342468e+00
1.748277278555946879e+01
3.201801986031930225e-01
1.676450163236347324e+00
1.041360475181300593e+01
-4.598121291063581140e+00
2.719298223978067419e+00
1.717770233322067952e+01
-6.818409626064503293e+00
8.918170390735646436e+00
8.763442030548544537e+00
-6.048176933490603258e-01
1.318110222161201328e+01
-1.212491074638677002e+00
5.438092454788790775e+00
-5.124807331281695522e-01
-1.728065583759033075e+00
1.629754551907689475e+01
2.506089391454184412e+00
4.096861390172179540e+00
1.871669787926021566e+00
5.296005644150951319e+00
3.913066708058410281e-01
1.827708962418655858e+01
-8.380281525768664252e+00
1.062849209823385621e+01
-1.854483343707478138e+00
1.262937548469213134e+01
-2.546887478115934300e+00
1.284575839933485852e+01
1.580986969294529088e+00
1.221709294649495448e+01
-1.175308012539500524e+01
1.536590312564131544e+01
4.963862206530108345e+00
-3.911209246166415632e+00
-1.654022048888943663e+00
1.938925971514081326e+01
5.785605543822920360e+00
1.596910211594984474e+00
7.880964868635574883e-01
2.484773572989082524e+00
9.360986695917997480e+00
1.210065668923538951e+01
-2.448671328031110317e+00
-5.803175334240807892e+00
1.134272689229061726e+01
2.256101943494515538e+00
2.045421265333393279e+01
-1.157143717533771898e+01
2.749010797507317250e+00
1.417823936270376883e+01
1.131750638151403088e+01
5.110175846447722464e-02
3.177606715358493261e+00
-8.442590578171408566e+00
2.164801206443305048e+01
-5.782085191101051791e-01
-7.881580366728268006e-01
9.875748420096790881e+00
1.501326966427854570e+00
1.528691332322941143e+01
-1.349366759710501351e-01
-8.204680898302103564e-01
6.365655896342640396e+00
1.068024519697876329e+01
-2.100246161330707739e-01
1.499274365672062514e-01
6.310791679321116732e+00
1.028630851012178660e+01
7.432702363335554452e+00
3.218755273952935148e-01
-4.605256841548263647e-04
7.169253229177348530e+00
1.112438319294240685e+01
-6.345103960069549132e+00
1.927809802796231864e+01
-7.076305757781045536e+00
4.275507634985616257e+00
1.442215931474179058e+01
-3.817275292555436295e+00
5.177965866379333981e+00
8.719305851953683018e+00
8.945571172303294905e-01
3.943087095541569997e+00
1.175607317123457740e+01
-5.743235203634664998e+00
1.387444332288777638e+01
9.945448436321899788e-01
8.803915654231799337e+00
-4.261205928971310009e+00
1.237992924248710125e+01
-2.243010854751056993e+00
5.641862325236405518e+00
-1.467768732706553614e+00
2.547063754681853975e+00
6.905807501231687517e+00
6.596298101750849519e+00
1.947779793971349926e+00
2.835225526506640836e+00
1.336402301210615429e+00
5.473370771589452843e+00
6.904297738861887801e+00
2.407066336522870054e-02
-5.049438522578425292e+00
4.676212744775596342e+00
9.326203747027074442e+00
5.564158649413440960e-01
8.424421575530777195e-01
8.946463948562019652e+00
1.946762844137023718e+00
9.144206452952770903e+00
7.369436294151157973e+00
-1.472377103492668127e+01
7.149406589577449900e+00
9.236674471041073531e+00
1.463957709966913656e+00
-5.774635703042667600e-01
1.283365124942931601e+01
-7.519110170712131946e+00
1.412370972116660539e+01
5.598002123838769606e+00
-3.504630872295006139e+00
-1.003109573261702359e+00
1.069710100103955774e+01
3.997958675319745137e+00
-2.810404119318733240e+00
3.155059144804802873e+00
-1.976267456561993985e+00
1.850926836412965670e+01
4.723463610671855051e+00
2.783978647789433047e+00
4.472824341333440756e+00
1.445837879642430934e+00
3.213764117417856614e+00
1.726424470555158663e+01
-1.103925217397314995e+01
-8.194657044359525688e-01
2.978809092848833728e+01
-4.147383657333150175e+00
1.023787671966883117e+01
7.876771108260203214e+00
1.681386705981027063e+01
-1.559954220590041629e+00
1.653163245870314313e+01
1.352286475664110910e+01
-4.299035620694418469e+00
1.473480030770993743e+01
3.371696430242992903e+01
3.053609956829442584e+00
1.670626209229000381e+01
2.734776021413594549e+01
8.986661497307466107e+00
3.463340134284438676e+01
1.413840211434879279e+01
2.069286720488443621e+01
2.690288713427950285e+01
2.217150530534745556e+01
4.064565590318248667e+01
2.249882965193528150e+01
3.266549455787846767e+01
2.863909725210184121e+01
5.587500303648776878e+01
8.974820187111074432e+00
4.113253367144938721e+01
3.803244560440843003e+01
2.715307077200591834e+01
1.864461746411006615e+01
6.687351595986710606e+01
3.137706126359499414e+00
4.318205517012247441e+01
6.189407647773766996e+01
1.059788603236750859e+01
3.396285619335420591e+01
3.006519456044799909e+01
5.935946646735326482e+01
8.482067605758054185e+00
2.887189100989464308e+01
2.928210799995672531e+01
5.454733844441951618e+01
1.016055923497192737e+01
3.764384005647863063e+01
-9.411647703694679734e+00
5.913017455039983616e+01
1.135302743007013682e+01
2.102487772987825210e+01
1.468819636388194105e+01
1.486815308280124448e+01
4.295340664745438630e+01
2.520833094519392859e+01
-2.476941852515495768e+01
3.167996069143238458e+01
1.667116411028700185e+01
8.710843447526912087e+00
3.601163241812025717e+01
9.813609557426119068e+00
-1.354551624146886546e+01
2.869841358649583896e+01
2.846133318646909416e+01
7.345733969221388548e+00
-2.958081211127526977e+00
2.711499052711609536e+01
2.635887269893008589e-01
3.600551909326465960e+01
1.773301847612140492e+01
1.664104501124542335e+00
1.565884436255710810e+01
3.441901800538497724e+01
4.317491173684744332e+00
2.074161012670500170e+01
3.666902715486334063e+00
4.991943517754928905e+01
2.149009080803256211e+01
6.634022122780734776e+00
3.344241919643875605e+01
4.558946410378187863e+01
-1.978258985764068223e+00
3.489552664375280244e+01
3.225318497196011691e+01
2.473741120968130147e+01
1.968337190040711704e+01
5.995967624722698019e+01
3.219478433939715956e+01
3.716691314094761278e+00
4.849098201420895293e+01
5.743274164700528672e+01
4.389381193826107364e+00
3.303365142017958078e+01
4.639901468838522902e+01
3.287809253019906208e+01
2.758015701797218711e+01
3.010960703745539746e+01
2.205860368521807757e+01
6.464484746664170700e+01
5.459998121840778929e+00
3.734555498405476470e+01
1.735063625557526379e+01
4.786267957080340807e+01
2.722120840823064114e+01
6.526873224029301923e+01
-3.594397019774557123e+01
5.201817595659656490e+01
3.756793012874769744e+01
4.285144724051230014e+01
1.576818705985350277e+01
2.237646784738884875e+01
2.075032407886025609e+00
6.435044565979673337e+01
3.191789964107952215e+01
1.408144628100217677e+00
3.698981855649338968e+01
3.436952279011326539e+01
5.646444416041030934e+01
3.137692163053545613e+01
1.320670979522686572e+01
6.199885254353035613e+00
3.939331629135273261e+01
6.196346837079763503e+01
3.823636093420740423e+01
5.592396587075931791e+01
2.780247074731558499e+01
6.496417137950076892e+01
1.867423111341652842e+01
5.877816737361473542e+01
2.026993187979592292e+01
6.213219480071314393e+01
2.096646402514706153e+01
9.832993088184008457e+01
4.150221662856778693e+01
5.792474667094284513e+01
6.549161834012424777e+01
4.688140857281047857e+01
5.714457124592334480e+01
3.994617086402185890e+01
8.679474012506808833e+01
4.954607980635123710e+01
3.497673155536360667e+01
3.884124893030855930e+01
1.394646967336873331e+02
3.463293966235525545e+01
6.222368581136532839e+01
5.226688326960756825e+01
5.344261018736906976e+01
8.279334887779636176e+01
3.786239716988620785e+01
5.457230259600540023e+01
6.749637590631300554e+01
9.383298201875329880e+01
3.672508264172047632e+01
9.929539291430010906e+01
-4.636549833657147346e+00
9.196186378397375449e+01
4.143411403598285858e+01
8.127377064489812142e+01
4.100459706879421873e+01
5.589560093707967070e+01
5.176470692588806344e+01
7.879536461073490727e+01
3.826786182486456056e+01
4.711735016735907777e+01
4.579768073388172667e+01
5.423305900399684987e+01
7.933611463379288864e+01
1.800509756919980831e+01
5.606525333505105380e+01
3.375866153921405299e+01
4.021564359798523469e+01
8.830710851363244274e+01
1.862442424558263099e+01
4.367501269899188543e+01
5.014054421926316252e+01
5.486378983116236441e+01
2.249309058162976527e+01
6.088215910936151687e+01
3.140773316932260251e+00
7.562752270815256850e+01
8.941324624488354189e+00
6.550263220225582472e+01
3.210798648748836825e+01
6.027361634766648990e+01
1.809470387756542920e+01
3.613189576248591806e+01
4.669883001934436351e+01
4.899682452852444214e+01
3.141646823765491803e+01
3.036414425055415123e+01
1.973877962997941182e+01
5.514617601577359096e+01
5.720387600812548357e+01
2.690625162541749660e+01
4.830478665254343440e+01
3.030597722344982969e+01
2.847135419312018456e+01
6.759214398287605263e+01
2.103647211960029040e+01
2.306080945991969955e+01
3.242221479155419672e+01
5.583934533494920061e+01
4.950877721836173606e+01
4.880170788171606233e+01
3.582124639248198861e+01
6.337858077925561417e+01
2.573597955403252513e+01
4.150812946727895358e+00
3.192920699458351441e-01
