6.332382958491824532e-01
3.052260309910409752e+00
1.358739888276204688e+01
5.591647200329238565e+00
-5.448517964167772121e+00
6.874129199928976419e+00
4.559251579497548335e+00
4.925166279906505018e+00
1.305741497315592081e+00
4.358203132920767331e+00
1.132597989981878328e+01
3.840213625455592084e+00
-4.536464502023449974e+00
1.627265768369280607e+01
-6.587888335842890797e+00
2.351885920865327773e+00
1.484080029565282466e+01
-4.656892468541313335e+00
9.151891828981209898e+00
-2.835656147000713556e+00
1.599241109921366899e+01
3.240838090023285822e+00
-5.979209287129751971e-01
9.450636850170383241e+00
-8.891339831628013446e-01
2.957711686521736993e+00
1.163004848186588802e+01
-1.166852150800644861e+00
7.393730992549286896e+00
4.374602905651947538e+00
4.755499013325537483e+00
1.267627510395269042e+01
-4.819253418616665563e+00
7.059680054560743656e+00
4.771613403242634277e+00
-9.071036691512530226e+00
1.904212082016381657e+01
5.513539799406856901e+00
-1.863120938994907716e+00
3.661647040337281389e+00
9.326842812215842216e+00
-3.385344856981133077e+00
1.733249485252589039e+01
-3.941685502619710846e+00
7.812812725637781064e+00
-1.511766115602677818e+00
1.302159474131148187e+01
-2.636709327465821318e+00
1.007385434805526714e+01
4.848609620194274328e+00
1.207471079932292213e+01
-1.311670919613223063e+01
1.672116505533928432e+01
2.730329012597578320e+00
3.703939649751861740e-01
-4.760179254939504112e+00
1.866116998679226313e+01
7.232830474428710410e+00
7.504395138334780668e-01
-1.561122529931023850e-01
6.101453103993380367e+00
7.916692460690897271e+00
8.210347176649374745e+00
2.553743314373870810e+00
-5.216364074907149373e+00
6.699554128914321005e+00
3.348750945451124839e+00
2.452269154348577729e+01
-1.886558293298168465e+01
8.650355436242229246e+00
1.582552786766313524e+01
4.859975169148073704e+00
2.899727495160147051e+00
6.228325793961569268e+00
-1.064573501091910401e+01
1.807857389081364730e+01
5.139243755455744633e+00
-5.088033080332981406e+00
1.021890307075067383e+01
5.717161763847424361e+00
1.250521094219886642e+01
-2.471457790944297628e+00
2.854262449596584261e+00
5.922389979097663293e+00
8.936751264397560846e+00
8.089713850884558966e-01
-1.762219956219878814e+00
9.325386640158708218e+00
7.743248642778956636e+00
1.035482582570949361e+01
-1.772411831631941048e+00
1.013440576951403216e-01
7.107732739392687016e+00
1.204990015816265547e+01
-5.088590440344606947e+00
1.309773338827625899e+01
-4.138088643733905947e-01
2.404631365618650207e+00
1.221384639418570472e+01
-7.519233799397264661e-01
5.786339278884722326e+00
3.482020475506222290e+00
4.894797710703351790e+00
6.131769999017673278e+00
5.932943381387972615e+00
-3.390626738192324297e+00
1.650478393824480605e+01
-1.304896296084011365e+00
6.051271696426174351e+00
4.308770478859323738e+00
3.877335064936911380e+00
-9.006157846807618661e-01
1.012474760749454994e+01
-5.583948642193560019e+00
3.479216076881041175e+00
6.630565059793231519e+00
9.405304991802557524e+00
-3.342086126660757550e+00
8.209063697018606831e+00
-2.902891216345818703e-01
3.351741726731303217e+00
8.054107375566140092e+00
6.876505551815603745e-01
-5.074025048117510650e+00
4.096265490907651241e+00
9.348568325493040732e+00
3.779412345203951307e-01
2.992208857634673258e+00
4.616679913746644992e+00
8.144115684835107061e+00
3.130741996327500054e+00
8.465596660823486275e+00
-1.200552639268716248e+01
6.667303512675958110e+00
7.635938157909315294e+00
-2.500733405217441252e-01
6.635100404431424792e+00
3.560879408585920558e+00
-1.127232929753779755e+00
1.417428373266845298e+01
2.887297613965222887e-03
-6.039869615045838636e-01
3.126699478248975872e+00
6.668698953244120986e+00
1.930105516376457775e+00
2.892323573451533569e+00
-1.185462522945826658e+00
-1.048340548725693822e+00
1.966446154223018539e+01
5.514532836036051044e+00
-4.130042237995821708e+00
1.331996675598103153e+01
-9.067261346043369308e-01
-2.570858695370782376e-01
2.161192884166343831e+01
-1.540174007787562616e+01
4.267397133523131103e+00
2.442442130446354653e+01
7.973356024073238180e-01
6.040133397311867824e+00
8.810029017976910737e+00
1.928074945560765485e+01
-2.937204979821376849e+00
1.750212394302164398e+01
9.572743346498725714e+00
4.607644790633540488e-01
1.301900311209747407e+01
3.241882251571301055e+01
3.383932727357927384e+00
1.997007501236872073e+01
2.051195436772339420e+01
1.618653161879787206e+01
3.387950650961695231e+01
8.751643016076744885e+00
2.489808091549233282e+01
2.608378204367127040e+01
2.362060207156938674e+01
3.399432860770865261e+01
3.311113940530653821e+01
2.418260002072282688e+01
2.955574225998143945e+01
6.300551285874397678e+01
1.738024886597321572e+00
4.284487336857451112e+01
3.821664188633372561e+01
2.924887239309272857e+01
1.347851291558278497e+01
7.181703573867457635e+01
1.960374129559851131e+00
4.149509019179190972e+01
6.275592128035307837e+01
1.384380265972076529e+01
2.984902740342418426e+01
3.044435581567907789e+01
6.159442662069815810e+01
4.312797706054722013e+00
3.466430657848975017e+01
2.258400884452990098e+01
6.198511175080507485e+01
4.387360610660845595e+00
3.893877879815889997e+01
-5.154747515628693044e+00
5.361482271592500126e+01
1.398991098656250465e+01
1.733282783561310936e+01
2.151780801016599298e+01
7.809086117987362741e+00
4.688611169967023784e+01
2.724915559801882736e+01
-3.050649689824605915e+01
3.491617204813604758e+01
2.041293789069134235e+01
2.633914210218484264e+00
3.515392602192266480e+01
1.617884918317708909e+01
-1.935732139463035040e+01
3.200396096662595369e+01
2.726282074336893402e+01
1.038883111546160620e+01
-1.019121208860992311e+01
3.475240328488001040e+01
1.872790517214978356e-01
2.660817608020568770e+01
2.785404316445890771e+01
-5.037794154601582086e+00
2.074340482997907387e+01
3.103648461710371009e+01
6.867748346121279823e+00
1.948191477956706308e+01
1.729788689696329040e+00
5.519623102251906488e+01
1.678393588783742274e+01
7.135396323481952408e+00
3.256450255679592942e+01
4.890616884300390410e+01
-3.839334796762048807e+00
3.574505249584164801e+01
3.028354609845661116e+01
2.911018645158432605e+01
1.356157371760434849e+01
6.464644629547233023e+01
3.314478277555613772e+01
-5.301584256554985330e+00
5.866546181287291262e+01
5.240478850699977187e+01
8.163219300143067514e+00
2.716681670086352796e+01
5.330879888373452502e+01
2.953735756215710850e+01
2.297403648578694657e+01
4.111606476252052289e+01
1.116357900164044104e+01
6.776564321934294810e+01
7.935264372166183300e+00
3.772504394878222200e+01
1.334132794757130647e+01
5.221195589629405021e+01
2.591542159064747253e+01
6.320072760657905064e+01
-3.472147189717280469e+01
5.388573953689550677e+01
3.462561978503160987e+01
4.082734237892962881e+01
2.435638470346606965e+01
1.263951349728392515e+01
1.055567972036351421e+01
5.820635717284520183e+01
3.505642357772607909e+01
9.628001123720313359e-01
3.268598132679822044e+01
4.340984773058833213e+01
4.596873119582970446e+01
3.862075185055550719e+01
9.951925629852478750e+00
9.862625781346325837e+00
3.597621600929717545e+01
6.223027543892050062e+01
4.150129761394224914e+01
5.001142938865215370e+01
3.126717968535948344e+01
6.723363593767540181e+01
1.467323030773051684e+01
5.675415323059669248e+01
3.036719978608085668e+01
5.178896316154123269e+01
2.673678912004127994e+01
9.592727455427348104e+01
4.245296435092961218e+01
5.552221058214249183e+01
6.677015349710342207e+01
5.343772879901358408e+01
4.202096369177959190e+01
5.542227341738318813e+01
7.938239983006390332e+01
5.080423680324251734e+01
3.567973613011940870e+01
3.690031495776447912e+01
1.413410032755126622e+02
3.096309028042293221e+01
6.912114288151354913e+01
4.616270735344500054e+01
5.510651193420213190e+01
8.293853040302579416e+01
4.141285805228036310e+01
4.893083453240153347e+01
7.172203501293002148e+01
8.954831913331003079e+01
4.041933535044422854e+01
9.783040405748265300e+01
-6.076036137492017097e+00
9.901298913119848066e+01
2.775611864969707909e+01
9.635901355075506558e+01
3.263167522983795976e+01
5.792949577668345995e+01
4.992882029060147175e+01
7.995385965260346950e+01
4.101904318913528158e+01
3.903006620585492925e+01
5.836968107781611081e+01
4.323073495137533939e+01
8.235975879672803046e+01
2.164633038143392341e+01
5.487401649862335518e+01
2.812288795005981967e+01
4.683250402494910247e+01
8.548295376772014720e+01
1.739945432622675625e+01
4.689196473261191045e+01
4.833648006283152654e+01
5.642591637986933506e+01
1.582510505594130379e+01
7.450857768691246008e+01
-1.145421871929172575e+01
8.399207073972331727e+01
7.065127108747260465e+00
6.286040300768195976e+01
3.820388891170227197e+01
5.204323666081196365e+01
2.862321927013727318e+01
2.503618069829838433e+01
5.397732737654960999e+01
4.705712647578702956e+01
3.128266298697177916e+01
2.920601960135242692e+01
2.055917421099938025e+01
5.677072571220709563e+01
5.436612904278130287e+01
2.912866881347017767e+01
4.853526117601595757e+01
2.973010022974073507e+01
2.281117710591743020e+01
8.102123857813053576e+01
6.728919297054108739e+00
3.063304146129535965e+01
3.197288375790417447e+01
5.337421383673675734e+01
5.259462994990036577e+01
4.462093337237973856e+01
4.506243105165384577e+01
4.763811291943575554e+01
3.858336448518065254e+01
7.172212263798319221e+00
7.182930181314459706e-01
