6.929480796987141922e-01
3.461379131341892457e+00
1.521786055750752986e+01
7.772512225572293154e+00
-9.201517429710911244e+00
7.721173828216730151e+00
6.924263521599621107e+00
1.952877176027274064e+00
2.594239654216143887e+00
4.761613002902553404e+00
1.168023606140527981e+01
1.456409359978241058e+00
-1.003358085834419988e+00
1.275647590607261961e+01
-3.018132573004815633e+00
-2.299632675822867345e+00
2.014812695298766343e+01
-9.527182004084526312e+00
1.278385010685517287e+01
-4.416702833988409793e+00
1.562900865195418021e+01
6.088898263110649189e+00
-6.907100781373411102e+00
1.790175574445039786e+01
-8.039555515988606516e+00
6.017224648015671917e+00
1.167860661020047885e+01
-1.713538954644239887e+00
7.763601227750202227e+00
3.130986090357210649e+00
9.081553856298327787e+00
5.443312568861964351e+00
1.023264735356762767e+00
5.929921267975366561e+00
2.835170013551208790e+00
-8.862007859012157596e+00
2.238147110855383914e+01
1.413296092330224685e+00
-5.121000437710701014e-01
6.860954460166698077e+00
3.900627209234457382e+00
1.241335572679762578e-01
1.565876822926379397e+01
-6.705752510518223630e-01
1.435995399369651260e+00
4.928598450140047049e+00
1.050384250744394699e+01
-5.064748503844681338e+00
1.626243208142818730e+01
-1.943177751273179155e+00
1.715348136775505949e+01
-1.754618921645769802e+01
2.123918749577402565e+01
-4.089837743594901820e-01
6.036502014765288138e-01
-2.753134782820306103e+00
1.591036161312011643e+01
1.071902692933282708e+01
-2.908285287761234628e+00
2.853623292613193030e+00
3.723517405773861810e+00
9.114329486408871972e+00
7.613967227855857445e+00
4.547230785572903500e+00
-9.117589149261410952e+00
9.743962823990806044e+00
4.579902872123673419e+00
1.981437801424249656e+01
-1.373783096346213384e+01
4.724952869735520977e+00
1.884110015748087008e+01
4.049379484697310794e-01
9.361385163934436093e+00
1.475177169519836573e+00
-1.199426213224264615e+01
2.552400210148181259e+01
-3.188426526443919329e+00
-7.855467598650633931e-03
8.051614094791300857e+00
7.535842718863670520e+00
8.932486657282586506e+00
1.037647103741986321e+00
3.112565780777735824e+00
1.517684769138446077e+00
1.408747525999094030e+01
-1.413562223990237676e+00
-2.067636886760895631e+00
9.113795042450993478e+00
1.034627886442557809e+01
5.646310027903265194e+00
2.432736711547843100e+00
-1.982911294325757634e+00
7.812764384547604912e+00
1.231678050908183764e+01
-6.762340689851109587e+00
1.695182520216300048e+01
-6.044109638637484849e+00
8.401065967981969251e+00
6.697394977649251402e+00
3.396455108315746596e+00
3.484332324797968283e+00
2.931809331943628472e+00
9.650899814175780023e+00
-1.096521465787005489e+00
1.206168865141713553e+01
-6.421508196178546513e+00
1.755657066426970303e+01
-2.967003697639800208e+00
8.691789603514411766e+00
2.539092276617213706e+00
2.269237264740432192e+00
3.838759132465074941e+00
6.740971108558502678e+00
-6.044535073482252052e+00
5.098266570818067223e+00
8.146311780541472203e+00
3.453390233396368636e+00
3.810664739684397340e+00
4.021624197396085343e+00
-8.449476764458311306e-01
6.252674827323417617e+00
6.597665094851089762e+00
1.731432229140734691e+00
-9.262126305617204736e+00
1.185253608468999609e+01
1.126804034220814543e+00
5.177178314420645577e+00
3.032718270910965686e+00
9.971432339905637043e-01
1.238048795817607406e+01
5.516592049920809870e-02
1.194962772146752883e+01
-1.637058245888949060e+01
1.008892152977369960e+01
5.871932546446879897e+00
4.471659125514735322e-01
6.402699814273034917e+00
3.157196267604178708e+00
-3.174313999796078978e-01
1.337564682307036357e+01
1.086268510161388701e+00
-1.491166888313509187e+00
4.634845089649719085e+00
2.130890209089152165e+00
8.931805126693964425e+00
-2.804599203233180571e+00
1.002563292035432152e-01
1.305359445382243910e+00
1.648050338601073861e+01
8.274481082646779839e+00
-7.089266728058214895e+00
1.887354312727264727e+01
-9.351428899393850358e+00
6.351180769469884524e+00
2.120999050004720488e+01
-2.039494850940820214e+01
9.796487686094245362e+00
2.186482987615429252e+01
1.340628579379497420e+00
4.638041416063960476e+00
1.294084493591572205e+01
1.443506861069922564e+01
-1.382967705546507498e+00
1.927184420822471722e+01
7.900982708130888987e+00
-5.497870209174611222e-01
1.573164834138902179e+01
3.136268926553211855e+01
9.178953914834826477e-01
2.537692681230214831e+01
1.466209771327775968e+01
2.063746065356500026e+01
3.033511129511897764e+01
1.129447244253677596e+01
2.438430346063268672e+01
2.400070024946731451e+01
2.803137981296934811e+01
2.850889721603050475e+01
3.887250045226927142e+01
1.873427733641851489e+01
3.370824357749467737e+01
6.155799630601092787e+01
-8.187701401469329454e-01
4.757210772124910392e+01
3.485783247295060505e+01
3.014765994358494083e+01
1.342015389209089271e+01
7.368221438762142839e+01
-2.104718712482837262e+00
4.512513901033445052e+01
6.216858123217765097e+01
1.205472529596599252e+01
2.985994696359449918e+01
3.380515853482769018e+01
5.852379097016959264e+01
2.984075654044750614e+00
4.131239956412187553e+01
1.398468910875683591e+01
6.775569986925479782e+01
2.876447782002493181e+00
3.886961482234254106e+01
-6.422890737647641402e+00
5.446245516307520518e+01
1.717544770368667173e+01
1.026865017065451369e+01
2.950424970393201818e+01
2.434774358528530414e+00
4.791598419540961373e+01
2.887005273036758979e+01
-3.194948370737286680e+01
3.535652521577159746e+01
1.925877929097559971e+01
4.896929691145254893e+00
3.335033903019058243e+01
1.763935826516943450e+01
-2.112317251405841034e+01
3.392497966403743703e+01
2.517953323552570666e+01
1.250861333005008724e+01
-1.209941675075391565e+01
3.623929194774425611e+01
-9.224694340010632931e-01
2.586790821636440185e+01
3.305732338846598850e+01
-1.331116950677422039e+01
2.763281406825369402e+01
2.798285588726866990e+01
6.771867292352396817e+00
2.030485794326998317e+01
1.366143150101730264e+00
5.648249593386557876e+01
1.192414930720429922e+01
1.546250141898222807e+01
2.599640220746053743e+01
4.967991591178654431e+01
-6.100223466215883850e-01
3.291648535012799215e+01
2.989603912599245206e+01
3.137173520503794677e+01
1.301959787910599609e+01
6.172639417501566328e+01
3.734402043641116364e+01
-6.999700057066505110e+00
5.824354878033071259e+01
5.140388562852916010e+01
1.210335050882667396e+01
2.180870730205130315e+01
5.662309759185189506e+01
3.048241424966335700e+01
1.857167226737721322e+01
4.669629438762011375e+01
6.073481836852365312e+00
7.260634969147334061e+01
3.633254751897091239e+00
4.001240184169741809e+01
1.342826434294663684e+01
5.002285786406557833e+01
2.947737453542227826e+01
5.892753412362637988e+01
-2.990951763368276772e+01
4.969951969166453409e+01
3.648950955118302630e+01
4.210525929726741623e+01
2.184120774061564063e+01
1.300269877851688172e+01
1.269053738396000774e+01
5.601508168327398351e+01
3.455992064197065616e+01
4.627982727627498072e+00
2.895736591233080759e+01
4.470391498270448238e+01
4.570197365201019579e+01
4.147652752093321737e+01
3.764665615698847834e+00
1.507303883618507001e+01
3.599026949253881469e+01
5.643188256973904515e+01
4.965419801066835248e+01
4.450095983587763726e+01
3.329125649152787503e+01
6.554021251863319719e+01
1.793040741356814749e+01
5.410808398752750747e+01
2.899210483140932126e+01
5.696848153901928669e+01
2.056442720873194219e+01
9.998823851997869383e+01
4.211291684141196612e+01
5.442698229367333340e+01
6.650163047945848405e+01
5.492631878725519101e+01
4.081284242399092221e+01
5.601528022301801713e+01
7.863473869648045422e+01
5.100863009886447230e+01
3.677620209256198081e+01
3.494776045924209029e+01
1.444106887773283177e+02
2.712607002831083847e+01
7.292788100110274740e+01
4.221433260206084270e+01
5.866136026001394299e+01
8.219425558466438986e+01
3.696045183401319179e+01
5.662193453001456334e+01
6.539030674376328989e+01
9.274708911490033358e+01
3.955211796804566404e+01
9.855136363474589700e+01
-7.958866006604321086e+00
9.978934223098804068e+01
3.109371784200394373e+01
8.971669782509506774e+01
3.738046026149869050e+01
5.836276714905779528e+01
4.695636643399115684e+01
8.128691096524512716e+01
4.356343211905173263e+01
3.419320830399809807e+01
6.113924797267195999e+01
4.419271322835436422e+01
8.016565138807678181e+01
2.201364669921627737e+01
5.542155089368687015e+01
3.019411785597550590e+01
4.131313176977762680e+01
9.251272010442039573e+01
1.223506015738930230e+01
4.763106822382155769e+01
5.107609902198407070e+01
5.238209523476943019e+01
2.004814560453402805e+01
7.005599146255744358e+01
-7.144668001529066004e+00
8.128474893869993423e+01
8.037598469812472501e+00
6.317355662459060284e+01
3.676745767519594921e+01
5.418521943758460679e+01
2.569350565853219592e+01
2.774818142484936345e+01
5.331063547804960479e+01
4.552745943484890034e+01
3.276562964622958418e+01
3.090246867357016214e+01
1.583793792224753183e+01
6.121437223823534168e+01
5.306398808865330352e+01
2.696234413412519615e+01
5.099630608031930024e+01
2.918507517919569594e+01
2.365614583772650192e+01
7.665092623305416453e+01
1.456976653583899939e+01
2.387081077196859269e+01
3.319332110471691522e+01
5.786209721552802421e+01
4.609112277323686158e+01
4.845686204093265559e+01
4.405248831351715921e+01
4.935024970648805009e+01
3.570523526133488446e+01
6.533842828123423097e+00
6.389516609317205109e-01
