1.245640647226035468e-03
9.719934915117694682e-03
5.178175651429002546e-02
1.361338838613098678e-01
2.433119043253127445e-01
3.714617929235697891e-01
5.213762155208137017e-01
6.931320411708657980e-01
8.862641443385583795e-01
1.101236376915957216e+00
1.334479526367495783e+00
1.575865408717285865e+00
1.788943829659226381e+00
1.998017472265209538e+00
2.207783361020220880e+00
2.417800130091993349e+00
2.627049321257791004e+00
2.834745545892225049e+00
3.040340519122785690e+00
3.243519533620269346e+00
3.444168308447615345e+00
3.642280899366599822e+00
3.837813359447268091e+00
4.030636171258657363e+00
4.220590824489725890e+00
4.407526090996125134e+00
4.591305492772018049e+00
4.771803221028878994e+00
4.948899185409310064e+00
5.122475971901534031e+00
5.292417888869922926e+00
5.458611461239498475e+00
5.620946379998580156e+00
5.779316135954594813e+00
5.933618203320692785e+00
6.083754014813479216e+00
6.229628936494914448e+00
6.371152309139946013e+00
6.508237539886970957e+00
6.640802210310228659e+00
6.768768178166739702e+00
6.892061665582433605e+00
7.010613336324162503e+00
7.124358367302708217e+00
7.233236517470956528e+00
7.337192194664028833e+00
7.436174519617621215e+00
7.530137386336896554e+00
7.619039518392373367e+00
7.702844521079212470e+00
7.781520929510586271e+00
7.855042252711218254e+00
7.923387013708971693e+00
7.986538785586356326e+00
8.044486223433942484e+00
8.097223092163137181e+00
8.144748290144214309e+00
8.187065868646936195e+00
8.224185047065667220e+00
8.256120223910585310e+00
8.282890983551977726e+00
8.304522098702850741e+00
8.321043528631618003e+00
8.332490413098188498e+00
8.338903062010810885e+00
8.340326940804514422e+00
8.336812651544603270e+00
8.328415909762517444e+00
8.315197517033876551e+00
8.297223329312512163e+00
8.274564221036664335e+00
8.247296045027436406e+00
8.215499588202376913e+00
8.179260523130155391e+00
8.138669355456082499e+00
8.093821367230233932e+00
8.044816556174302136e+00
7.991759570925587752e+00
7.934759642299741955e+00
7.873930510616931500e+00
7.809390349139457399e+00
7.741261683671135430e+00
7.669671308372294050e+00
7.594750197847007556e+00
7.516633415561486231e+00
7.435460018656568693e+00
7.351372959218616998e+00
7.264518982076886289e+00
7.175048519197837038e+00
7.083115580749151263e+00
6.988877642909383070e+00
6.892495532501113686e+00
6.794133308528612858e+00
6.693958140702788384e+00
6.592140185038854128e+00
6.488852456614688791e+00
6.384270699579714048e+00
6.278573254506270018e+00
6.171940923178249605e+00
6.064556830912728458e+00
5.956606286513397741e+00
5.848276639955688694e+00
5.739757137905696638e+00
5.631238777176959864e+00
5.522914156230223526e+00
5.414977324823697202e+00
5.307623631922230523e+00
5.201049571975643104e+00
5.095452629677754253e+00
4.991031123318979468e+00
4.887984046846450603e+00
4.786510910746995862e+00
4.686811581869212873e+00
4.589086122301941018e+00
4.493534627427163031e+00
4.400357063266491231e+00
4.309753103240804961e+00
4.221921964463576593e+00
4.137062243688415464e+00
4.055371753032667392e+00
3.977047355598531286e+00
3.902284801113736989e+00
3.831278561714285491e+00
3.764221667991279219e+00
3.701305545424690369e+00
3.642719851325938230e+00
3.588652312411871659e+00
3.539288563131958831e+00
3.494811984870362931e+00
3.455403546144171223e+00
3.421241643918617292e+00
3.392501946159105497e+00
3.369357235740103818e+00
3.351977255829235336e+00
3.340528556864406973e+00
3.335174345241404659e+00
3.336074333827363070e+00
3.343384594415275579e+00
3.357257412233224159e+00
3.377841142620550130e+00
3.405280069982246971e+00
3.439714269130931257e+00
3.481279469124844539e+00
3.530106919708137170e+00
3.586323260458361695e+00
3.650050392744504713e+00
3.721405354596559079e+00
3.800500198586179934e+00
3.887441872815925237e+00
3.982332105112430298e+00
4.085267290516719996e+00
4.196338382162979386e+00
4.315630785634354538e+00
4.443224256882670531e+00
4.579192803795947952e+00
4.723604591495620397e+00
4.876521851442651823e+00
5.038000794429201790e+00
5.208091527529834508e+00
5.386837975083796692e+00
5.574277803776828577e+00
5.770442351888561916e+00
5.975356562768318724e+00
6.189038922599637615e+00
6.411501402510698000e+00
6.642749405084785508e+00
6.882781715322254357e+00
7.131590456101921660e+00
7.389161048187174785e+00
7.655472174818658715e+00
7.930495750932335497e+00
8.214196897038570810e+00
8.506533917794648403e+00
8.807458285299668788e+00
9.116914627138019256e+00
9.434840719193543279e+00
9.761167483254144628e+00
1.009581898942220768e+01
1.043871246334389014e+01
1.078975829826604382e+01
1.114886007192693285e+01
1.151591456828293936e+01
1.189081180407033855e+01
1.227343506019793118e+01
1.266366091796261628e+01
1.306135930007689971e+01
1.346639351649353422e+01
1.387862031500982418e+01
1.429788993662988084e+01
1.472404617566034446e+01
1.515692644451150883e+01
1.559636184317264274e+01
1.604217723332658707e+01
1.649419131706567754e+01
1.695221672016805670e+01
1.741606007988951887e+01
1.788552213722317319e+01
1.836039783357613331e+01
1.884047641180919186e+01
1.932554152158192906e+01
1.981537132894316500e+01
2.030973863010347102e+01
2.080841096932289958e+01
2.131115076084508786e+01
2.181771541480476984e+01
2.232785746703444829e+01
2.284132471269091980e+01
2.335786034362203623e+01
2.387720308938936853e+01
2.439908736186059812e+01
2.492324340328350729e+01
2.544939743774902041e+01
2.597727182595015449e+01
2.650658522314036247e+01
2.703705274019231908e+01
2.756838610765623088e+01
2.810029384271448549e+01
2.863248141892694321e+01
2.916465143865922727e+01
2.969650380808486645e+01
3.022773591464899567e+01
3.075804280688088710e+01
3.128711737643953938e+01
3.181465054227532718e+01
3.234033143678948363e+01
3.286384759387060228e+01
3.338488513868696828e+01
3.390312897911110213e+01
3.441826299865250860e+01
3.492997025077253426e+01
3.543793315445476821e+01
3.594183369090285396e+01
3.644135360123696898e+01
3.693617458505889317e+01
3.742597849975545898e+01
3.791044756040856356e+01
3.838926454018019285e+01
3.886211297103966444e+01
3.932867734470023890e+01
3.978864331363187290e+01
4.024169789201611280e+01
4.068752965651026443e+01
4.112582894668572919e+01
4.155628806500779149e+01
4.197860147622257898e+01
4.239246600601764925e+01
4.279758103882305420e+01
4.319364871462004629e+01
4.358037412462465454e+01
4.395746550571497124e+01
4.432463443346982501e+01
4.468159601368963507e+01
4.502806907226867139e+01
4.536377634329065245e+01
4.568844465521971188e+01
4.600180511506010816e+01
4.630359329035921689e+01
4.659354938892961684e+01
4.687141843616743131e+01
4.713695044984554983e+01
4.738990061226190420e+01
4.763002943962431601e+01
4.785710294855554281e+01
4.807089281960364247e+01
4.827117655764495652e+01
4.845773764906799386e+01
4.863036571562997779e+01
4.878885666487876449e+01
4.893301283703510052e+01
4.906264314823320660e+01
4.917756323001917451e+01
4.927759556500891591e+01
4.936256961861104742e+01
4.943232196672105516e+01
4.948669641929667051e+01
4.952554413972683989e+01
4.954872375990888145e+01
4.955610149095222994e+01
4.954755122942840018e+01
4.952295465909151062e+01
4.948220134799510816e+01
4.942518884093490783e+01
4.935182274714957629e+01
4.926201682321529063e+01
4.915569305107240439e+01
4.903278171112597761e+01
4.889322145036523182e+01
4.873695934544993946e+01
4.856395096071539541e+01
4.837416040105053128e+01
4.816756035960774796e+01
4.794413216030528702e+01
4.770386579508792835e+01
4.744675995591378381e+01
4.717282206143923418e+01
4.688206827837753821e+01
4.657452353750949214e+01
4.625022154432903676e+01
4.590920478430938090e+01
4.555152452277903308e+01
4.517724079940094128e+01
4.478642241725152928e+01
4.437914692649913206e+01
4.395550060268629267e+01
4.351557841962235784e+01
4.305948401689715865e+01
4.258732966203002945e+01
4.209923620727287386e+01
4.159533304109034191e+01
4.107575803434407646e+01
4.054065748120927282e+01
3.999018603484952905e+01
3.942450663787339948e+01
3.884379044760125765e+01
3.824821675619435979e+01
3.763797290574155596e+01
3.701325419843613673e+01
3.637426380194306574e+01
3.572121264989467448e+01
3.505431933718728033e+01
3.437381000960641586e+01
3.367991824770616205e+01
3.297288494614538479e+01
3.225295819147471121e+01
3.152039314181896401e+01
3.077545190788892171e+01
3.001840342478186940e+01
2.924952329366664117e+01
2.846909357653366968e+01
2.767740256128584520e+01
2.687474457786893822e+01
2.606142000404579306e+01
2.523773556193661349e+01
2.440400473030240391e+01
2.356054755033640191e+01
2.270768876503022682e+01
2.184575423405042827e+01
2.097506814157824451e+01
2.009595544091741459e+01
1.920875320806799280e+01
1.831383100261322028e+01
1.741161075212964349e+01
1.650254977086847674e+01
1.558702471233472764e+01
1.466511183983552158e+01
1.373659940154094983e+01
1.280151526076076607e+01
1.186071070184004128e+01
1.091610249967146018e+01
9.970714177834732794e+00
9.028648965504672219e+00
8.090809591021514535e+00
7.145245056944541595e+00
6.121684188581296482e+00
5.053781691715679258e+00
4.071195052135400338e+00
3.191791487604188848e+00
2.415347298160317013e+00
1.741734716140709072e+00
1.169603098461493351e+00
6.912036533718896036e-01
3.118424797296773798e-01
5.178702494456564887e-02
4.628831266688981580e-03
