7.134714873583090089e-01
3.660830171388752774e+00
1.599857525237314704e+01
9.504019259616914184e+00
-1.110497497675074463e+01
7.767935583339424355e+00
1.044962776441422569e+01
-2.812326331897328391e+00
2.556485675161506155e+00
9.451623822385561979e+00
8.989018224529154111e+00
-4.246774815641818357e-01
1.978400876167562661e+00
1.039490496820596022e+01
-9.415495323513884962e-01
-2.434343242595168100e+00
1.857779356011732119e+01
-8.548831225179155169e+00
1.156148367416514056e+01
-1.596435781854207647e+00
1.309960113937264481e+01
7.273188521705033160e+00
-9.097716461149405021e+00
2.066221851866809800e+01
-6.975139899884007733e+00
9.116556757449094661e-01
1.664548547979534021e+01
-3.763022789767660470e+00
6.554170798937796860e+00
5.473965650491579460e+00
9.665769089122864699e+00
6.018125594556691382e-01
4.942604118680186787e+00
8.104535461390007356e+00
-2.549135682904595246e+00
-6.388749363673568382e+00
2.435432155582254410e+01
-1.249957052970060545e+00
-2.299905285085397377e+00
1.417123512681047792e+01
-4.061059463233956279e+00
2.149127445452458485e+00
2.040084422157896427e+01
-6.331593150211983101e+00
3.559055585004606392e+00
4.891005223433660731e+00
1.280917595685005317e+01
-1.109880787669632696e+01
2.237257873230249317e+01
-3.903270247467268028e+00
1.414808932560389820e+01
-1.229117273331009841e+01
1.734595884720322445e+01
1.058126319700540385e+00
-1.207535100589758326e-01
-7.612085208391619062e-01
1.320492141306762690e+01
1.251998993232736268e+01
-4.538337002693405786e+00
4.575419742944474066e+00
3.842602088395495219e+00
6.666991941814269573e+00
1.046492426960276845e+01
2.377749541166974900e+00
-6.545091209059648918e+00
5.990101222671257553e+00
1.010677529100544625e+01
1.284321740350526575e+01
-1.036524503956982102e+01
9.464030231391760140e+00
9.738574940825580839e+00
6.795623715904950402e+00
6.866141957928583395e+00
3.761674817998205356e+00
-1.607315545422472525e+01
3.103767576661706329e+01
-6.981865705835439861e+00
-3.567051824120590631e+00
1.807442077045369189e+01
1.298780485943846763e-01
8.988641167545193156e+00
3.230899919441907464e+00
4.336164956694069872e+00
-2.951012598330934100e+00
1.952444161907007469e+01
-4.417121686552987647e+00
-4.636112536483583568e+00
1.366017223712173134e+01
9.622660626841341269e+00
4.683109798601048368e+00
-9.393668084891260150e-01
5.671140694985687958e+00
-6.867952893201545450e-02
1.880242890279829382e+01
-9.857371638744227837e+00
1.433218362113519184e+01
-2.654574826116697928e-01
2.408939241972746004e+00
1.391890954292774119e+01
-4.539841353207374475e+00
8.519751343809595312e+00
9.646108226585489165e-01
1.142749089929135664e+01
-8.972343486121738820e-01
6.693559522783695925e+00
1.589113219732936289e+00
1.096759100033151313e+01
4.306696159547944713e-01
9.119421210565340274e+00
5.285529479651196461e-01
5.855168951118185916e-01
1.008729285888654026e+01
2.810154008939483639e+00
-8.729653412913235044e+00
1.043662021504219162e+01
4.790220852846207578e+00
4.384327850071461086e+00
2.392143293934270609e+00
9.959312050791041315e+00
-1.183927561211003798e+01
1.593508474487402715e+01
6.102300137948828862e+00
-6.378054746032393751e+00
3.130941314419937171e-01
4.948302643551289570e+00
6.256818164625753909e+00
-7.041108360539727329e-01
1.001983215173331310e+01
-3.955704935042759551e+00
1.123921277859042256e+01
7.828483836352535974e+00
2.324262524640506644e+00
-9.818527004134784519e+00
7.261910711750707570e+00
6.889793966179284190e+00
-4.132630488394504198e-01
7.123208349335921952e+00
2.610500002486217497e+00
5.917054524246716518e-01
1.273252325102028593e+01
4.037244070758927994e-01
6.865627515613041965e-01
1.649050693261611578e+00
5.530830859040857028e+00
4.730988476205668647e+00
2.712169842677393028e+00
-7.432325651134107147e+00
8.581053300045867971e+00
1.567106120649630618e+01
4.275556690071891097e-02
5.175059052607768884e+00
9.089375704392114841e+00
-3.644323125325807489e+00
2.786761617127591961e+00
2.442084982930398951e+01
-2.352500244264884088e+01
8.804068898821586941e+00
3.152588883825284682e+01
-1.267283812392195230e+01
1.321987712104500190e+01
1.297109798998083541e+01
1.087718472300262462e+01
7.652838472122285296e-01
1.995509060207721674e+01
5.300672062514147242e+00
-3.490574625522864238e-01
2.011328708978207302e+01
2.774009443053526169e+01
-3.746833657221473324e-01
2.733475026351064585e+01
1.736363302524903673e+01
1.405601948417775660e+01
3.813010108761324801e+01
4.317290852719954941e+00
2.628625032908421488e+01
2.869128900170216312e+01
2.075440442074892999e+01
3.643629621933645524e+01
2.933035180060047153e+01
2.729635817982655510e+01
3.009923783557401578e+01
6.152221416786083807e+01
8.099899765505655935e-01
4.163755867279952838e+01
4.542759400387552660e+01
1.967356566923496430e+01
2.033689436774006509e+01
7.212904142019669962e+01
-6.978591032337806865e+00
5.249749416911077304e+01
5.951711976930672421e+01
9.910996080666944152e+00
2.999114558960572197e+01
3.727933563776846881e+01
5.564993351399272115e+01
2.819448089610924413e+00
4.401417024492685925e+01
1.191405997127132110e+01
6.405693060484492207e+01
1.307160327775305042e+01
3.035656526546101119e+01
-7.473208364783578972e+00
6.274036936659908292e+01
8.195719938168078755e+00
1.711052831344556324e+01
2.453511087685334857e+01
7.023687056728515898e+00
4.316987797996116427e+01
3.072432120245588294e+01
-2.616291494436559617e+01
2.269850609063570701e+01
3.174805995848583962e+01
-2.329412630949516227e+00
3.488412813764045950e+01
2.044247133686570450e+01
-2.639131832006789580e+01
3.975126495754135902e+01
2.022946071630759945e+01
1.610781498233518150e+01
-1.388888808106101536e+01
3.585756591466806498e+01
7.998503527793263679e-01
2.347141391678184519e+01
3.565706445432059724e+01
-1.465954131324263798e+01
2.551949842080698971e+01
3.428032313899367978e+01
3.340871920201289313e-01
2.091429893667446649e+01
7.985841930133803501e+00
4.689719912567777271e+01
1.914606185419995654e+01
1.228014558827427649e+01
2.678950776086858099e+01
4.888518837163191222e+01
-2.591653840491172645e-01
3.817123617430581817e+01
1.662642678396070295e+01
4.597640104805113737e+01
6.268969371068991769e+00
5.837268044288546776e+01
4.620761682947408389e+01
-1.602862528978250722e+01
6.395806189516964224e+01
4.848740805366706041e+01
1.637413248175915470e+01
1.669058692452573922e+01
5.636874613879160023e+01
3.783030555979276954e+01
9.893074060715720819e+00
5.144699264220589896e+01
6.066716410711348928e+00
6.829963348164103820e+01
9.271613151837506450e+00
3.822331476649394233e+01
1.130285449581226409e+01
5.274399753173878480e+01
2.577677223473632750e+01
6.452864844791450594e+01
-3.401415669671951747e+01
4.982048627554606668e+01
3.819124241587284985e+01
3.840102781705904533e+01
3.040886946262887136e+01
1.808226941383678010e+00
2.164016455386563109e+01
5.196156529720090589e+01
3.108477566612346621e+01
1.644108181938560875e+01
1.524946386330849890e+01
5.234735522733845414e+01
4.289227586651518465e+01
4.438423717389519396e+01
1.989257790582366514e+00
1.247893910449656829e+01
4.360999552076166452e+01
4.494978012269658052e+01
6.001983991070704150e+01
4.285608093680415465e+01
2.575999344251629353e+01
7.277355342108793934e+01
1.727043919129479121e+01
5.125733919344727951e+01
3.138462054035357340e+01
5.621004046480864957e+01
1.999486129908002852e+01
9.964287827005608733e+01
4.473744316378141406e+01
5.378968187449481775e+01
5.947897626156672857e+01
6.720198028230373666e+01
3.072519355140869379e+01
6.014410676174723136e+01
8.109152684019937851e+01
4.264364190139281874e+01
4.820042718704002027e+01
2.389888812268074147e+01
1.537047778455046796e+02
2.033748353992766056e+01
7.476594748851674410e+01
4.617186238250788222e+01
5.072555561963532966e+01
9.291357659115539036e+01
2.504634827125925156e+01
6.579261850894889108e+01
6.315027419010472443e+01
8.792907103636588317e+01
4.677052259675603096e+01
9.391299890249217697e+01
-7.704849810907930419e+00
1.014938828789937872e+02
3.136112788653825234e+01
8.688079231299455785e+01
3.982342835379120771e+01
5.888007222859052803e+01
4.601095152563709689e+01
7.676630469008971147e+01
5.433672590513788236e+01
2.387617795360387518e+01
6.324015499404327301e+01
5.215531708061401872e+01
6.650496443202574426e+01
3.521157311749360019e+01
4.664433275093909970e+01
3.606005249114965494e+01
3.534965425517497550e+01
9.551242664652555447e+01
1.792252002806202427e+01
3.345201500842726006e+01
6.757908616075627606e+01
3.937491398932417042e+01
2.624852890466642918e+01
7.151388876582359444e+01
-1.226840233961649318e+01
8.569249907180299886e+01
3.500164686592467600e+00
6.878521027919171615e+01
3.269173131852063818e+01
5.574016008169254377e+01
2.424887519708092398e+01
2.923100359837642159e+01
5.325380701977478282e+01
4.697604392703656373e+01
2.748773767408614077e+01
3.720601201764376498e+01
1.158891240191366201e+01
6.117414618209076593e+01
6.096155791404463287e+01
1.153588975925080007e+01
6.585911756251184102e+01
2.109975324332275548e+01
2.765857552991982260e+01
7.431379380961766401e+01
1.268081101576512282e+01
3.187502218683142985e+01
1.869259479205582508e+01
7.737593840608140283e+01
2.906747629749363782e+01
5.374363980379892780e+01
4.942323145539466367e+01
4.285126262021181986e+01
3.883881784748490418e+01
7.328493311782617425e+00
7.520129402869643043e-01
