5.048535004778299529e-01
2.472099822142987513e+00
1.096705947519254387e+01
5.304202921083959410e+00
-4.127915023650694515e+00
9.062986341523629363e+00
1.005483214425199279e+00
1.074112520715395647e+00
1.003465584842805569e+01
1.206298003980341704e+00
9.403952770987466181e+00
6.409109633147240359e+00
-5.879063165643622746e+00
1.393778806239724766e+01
2.913701799506486223e-01
-4.787147611416534332e+00
1.630587769965497813e+01
-3.598251598994564926e+00
9.075222159752419415e+00
2.985474930159314200e-01
1.029149370164183530e+01
8.701762728060861818e+00
-6.358406771091164700e+00
1.583479600100972284e+01
-5.119808146051856745e+00
1.003453814942505629e+00
1.790737557825916326e+01
-9.383496548280177763e+00
1.589615891078536514e+01
1.316192755506969903e+00
2.445997363324317497e+00
1.473279610671714224e+01
-3.430351844710728848e+00
4.467362509363431933e+00
3.017788662590559223e+00
-3.547039526653076091e+00
1.415287938313614902e+01
5.310853668896919011e+00
4.866981888555901747e+00
-1.998503982620419173e+00
7.110167096705102274e+00
6.082552583531182222e+00
7.900042967244619518e+00
-3.019104232339853588e+00
1.302624170530391901e+01
-5.151587663041463649e+00
1.160429590749719075e+01
3.110238340466535689e-01
1.309706282159396196e+01
-4.755868069660024844e+00
2.314273366483250527e+01
-1.745606679584973975e+01
9.468859197805187478e+00
1.302678799939354271e+01
-3.687976245334976255e+00
-6.587127158999602550e+00
2.067858355512188595e+01
9.074504233562866062e+00
-3.468393908024706818e+00
4.082513359342162751e+00
7.013463628070628175e+00
4.950562136210648334e-01
1.238601977308687019e+01
5.919157660581324087e+00
-1.099740241973488430e+01
1.035353163441942925e+01
3.434914259370149825e+00
1.995568644389348378e+01
-1.046978996781814431e+01
4.095373854067811514e+00
1.389615190340916229e+01
5.413785236797751921e+00
4.739282156145105951e+00
5.209837275845263349e+00
-1.039455757867718511e+01
2.054809963301120845e+01
-3.550790363734316557e+00
6.279394068646600324e+00
7.819419111335597528e+00
-1.231697376375687103e+00
1.843486895891771482e+01
-4.802696380737377702e+00
1.316303365969215156e+00
1.047769575396050357e+01
9.057502530236140714e+00
-8.289022524953077564e+00
7.266511993721498364e+00
1.220856714141608812e+01
-1.324263477308875281e+00
1.360002485136061878e+01
1.865494388073351217e+00
-8.586596385123394626e+00
1.425490535056155750e+01
1.663038969649942800e+01
-1.923133042679051385e+01
2.197611045642769767e+01
3.583002907123998604e+00
-3.628602595224061034e+00
1.112783591110502535e+01
5.018417612503784930e+00
-1.049082064175057116e+00
3.590963972017814143e+00
1.666381739903189541e+01
-8.124283399702857622e+00
9.523167297948953447e+00
3.360896755978431738e+00
1.134949402074317781e+01
-2.019160764454750012e+00
9.564599278812094596e+00
2.588106998517748503e-01
2.010740267648789548e+00
8.483371087798031951e+00
2.048283698565591227e+00
-5.495254404515285351e+00
8.337165516087429395e+00
3.805694946853683813e+00
8.843909730772601563e+00
5.430886353038428815e-01
2.471338716949835757e+00
-4.223202463437856213e-01
1.134450464232375211e+01
-1.097381362418218709e+00
4.631256096556386481e+00
-2.430094484748607897e+00
-6.947267136015022881e-01
1.072963898180655740e+01
5.751178551082829493e+00
-4.208838937929852086e+00
2.928673936613297890e+00
1.972161762582695488e+01
-9.140869456229900436e+00
1.122157421867876081e+01
-3.601041690529836803e+00
-2.212891116977117711e+00
6.644928440446684625e+00
9.725365057909508337e+00
-4.891914711543155492e-01
-2.269225905118787523e+00
1.347007497508432650e+01
3.793841734307474844e+00
-3.630532894009487865e+00
1.185549737547978921e+01
-2.053962106687460487e+00
-9.296892624792028048e-01
1.262787173576280075e+01
1.331875079107925242e+00
-1.152933203368189474e+01
1.247222474195123532e+01
1.479069424274310229e+01
-2.704986570521192846e+00
6.361019269769000672e+00
1.358498684782412980e+01
-8.823345563201069552e+00
4.997603121807978610e+00
2.347538167086884187e+01
-2.307824794602682417e+01
1.259561984679521629e+01
2.298464855726037115e+01
-6.587196898736405792e+00
1.245727186914099072e+01
1.025047054219946752e+01
1.465268904736170974e+01
1.286326146504127577e+00
1.534646274777180430e+01
4.942301626835158501e+00
1.066888454951303444e+01
8.157869010936517284e+00
2.682417992955589980e+01
1.073226644854078415e+01
1.782859289825390547e+01
1.734683364396992644e+01
2.359886773628863921e+01
3.057428158611522662e+01
-1.341337416897927515e+00
4.000178009019045078e+01
2.445872958897476934e+01
1.008073166613885974e+01
4.717284206548972492e+01
3.053767045522372925e+01
1.598699480874277157e+01
4.110340907311690017e+01
6.271568856784548984e+01
-1.240771024468386585e+01
5.275025952010499708e+01
4.763806478780835363e+01
1.128917026683958902e+01
2.099926692428388364e+01
7.892005900527578888e+01
-1.268033540909576296e+01
5.111326542789984728e+01
6.892868145726777129e+01
-6.030924572014078056e-01
3.319820584741018621e+01
4.156554519616881294e+01
5.163976590438344516e+01
3.453432440131046555e+00
4.224100289932299290e+01
1.488709995740631342e+01
6.245913351865896601e+01
1.405680295172679450e+01
2.912946935158860029e+01
-6.396337763151929146e+00
6.320358921063233737e+01
5.165828611428876727e+00
2.270721674917322375e+01
2.062880387724114328e+01
2.807480766316183374e+00
5.185130481161367300e+01
2.813949073264713263e+01
-3.325807472409573506e+01
3.242494497383950147e+01
2.982140096298113718e+01
-9.733781629777332967e+00
4.254634940011625588e+01
2.261990120406521143e+01
-3.690581345184454420e+01
4.435200011533189723e+01
2.987944205709981915e+01
1.314024928546670412e-01
-6.855156012352501271e+00
4.457140288876114198e+01
-1.334551437080074088e+01
2.816235395847307288e+01
4.274609223504526767e+01
-2.129561995791839379e+01
2.037285865987208666e+01
4.671669469176330836e+01
-6.283329027391386212e+00
1.405358086642356419e+01
2.272430776361064986e+01
3.884853043486906898e+01
1.472207599533641442e+01
2.059400931678242230e+01
2.517668399022478454e+01
4.388914853357658785e+01
3.451481278437680267e+00
3.950784570582128907e+01
1.141957561443393132e+01
5.016390846345390031e+01
8.045713371241786760e+00
5.369643035191619873e+01
4.798375799807256925e+01
-1.468372563696732414e+01
6.254617183890533738e+01
5.079865473790406583e+01
1.127817856028935850e+01
1.961676282936683435e+01
5.910885066475343308e+01
3.233472092236102213e+01
1.491916789355943074e+01
5.024167012316276271e+01
3.045468774869548145e+00
6.953881460556598881e+01
1.567466648843604204e+01
3.033465396823918780e+01
7.556358153955585522e+00
6.681499423547855088e+01
1.455424525697599947e+01
6.473402725177879802e+01
-2.442088426340720986e+01
4.078757774947166581e+01
3.621071047182272906e+01
4.867138999881493788e+01
2.758508149104674345e+01
-1.036803185698466123e+01
3.459730890872322817e+01
5.245283056652681353e+01
1.928552982018581119e+01
2.817739642141550149e+01
1.497639148605163939e+01
4.094392782931186758e+01
5.294232184643907146e+01
4.793622024475387633e+01
-9.718422468627050392e+00
1.613440129570786397e+01
4.991705325787580705e+01
3.869485915341451232e+01
5.942744897418621974e+01
5.099238613491589689e+01
1.710990756251749190e+01
7.322325970509631077e+01
2.568512818130959019e+01
4.309296668874239344e+01
3.299880205068474481e+01
5.603866801101145967e+01
2.125771560948462024e+01
9.986376886142859632e+01
4.351989559452418632e+01
5.560784415905714440e+01
5.680870004016031061e+01
7.076267293943990921e+01
2.706044949098162533e+01
6.356298745494031266e+01
7.926449164608557396e+01
3.724332700452929856e+01
5.846743707958498959e+01
1.945976887180975012e+01
1.491313676436855076e+02
2.773796743819983135e+01
7.354266097544433478e+01
3.952298604510485802e+01
5.754374412059524957e+01
9.484530702839624894e+01
1.386951877893250185e+01
7.247401707625442668e+01
7.070240778706796902e+01
7.460843181936033375e+01
5.171011030332378766e+01
1.035072687681113166e+02
-2.252692858549339761e+01
1.066229534829193284e+02
3.937138790766626073e+01
7.673468955751123133e+01
3.823373650161195059e+01
6.908310626198726823e+01
4.197263567144912599e+01
6.831089835087703932e+01
6.951105088654530562e+01
1.595250527365234561e+01
5.688994887810075340e+01
6.440706424407655106e+01
6.063686461589417576e+01
3.172076631882598718e+01
4.994589198398767138e+01
3.906737167762648255e+01
2.964624157001989246e+01
9.917990590773179349e+01
2.096830364543808045e+01
2.579442788179723323e+01
7.244436055992954948e+01
3.946157513704578434e+01
2.415090763329197188e+01
7.276406777747607180e+01
-1.467790091694567423e+01
8.816068481911568711e+01
5.732551668683924184e+00
6.458892368458280941e+01
3.516839229042429338e+01
5.633385334935847766e+01
2.032821258745229898e+01
3.189858169084707384e+01
5.607354612466573940e+01
4.150525646880683439e+01
2.492858089331582505e+01
4.982201801221707171e+01
2.562032608373469689e+00
5.821618508288790395e+01
7.289728351164805531e+01
2.413041146346407428e-01
6.631254873422039964e+01
2.942313566318962970e+01
2.365962312060492678e+01
6.517501555156621862e+01
2.416409364958561667e+01
3.476504485861423888e+01
3.862411592701792351e+00
9.101515444008447275e+01
2.721160467713935560e+01
4.287145801296884429e+01
6.008657298658994961e+01
4.439796348730364173e+01
2.952718476786463953e+01
5.313515012022617334e+00
5.219604786722281675e-01
