5.558723034983970024e-01
2.665409131439052892e+00
1.186927010372030367e+01
4.853205818063384136e+00
-4.032682885296859254e+00
9.244571553807629627e+00
1.195190581733263091e-02
2.753274909868568265e+00
9.142085386045526008e+00
1.005564655830989640e+00
9.418539586756200066e+00
6.601776046569188594e+00
-6.228282508075297486e+00
1.498422677289917893e+01
-9.682345468335848970e-01
-4.187607523133821452e+00
1.650442186064999817e+01
-4.032019072902334855e+00
1.010417498528964941e+01
-1.799726381591877811e+00
1.255004242592122843e+01
6.513155765771784900e+00
-4.323754800229206552e+00
1.504529107130968058e+01
-6.238785763875015711e+00
3.776004322058938545e+00
1.444529897365546489e+01
-5.847762996031861782e+00
1.296140674309753571e+01
2.804831468938939310e+00
2.030003523072701377e+00
1.402036290005914587e+01
-9.838194281815257902e-01
5.972369410069084950e-01
7.413285204063528866e+00
-7.054849829070059641e+00
1.597608901252255009e+01
5.220079385282661910e+00
3.638288210430507874e+00
-3.067133514381921167e-01
4.740318544981416693e+00
9.305387167999228382e+00
4.442368961971836505e+00
-3.850631235457324664e-02
1.165014712545321629e+01
-5.475952076355976139e+00
1.280292404981527632e+01
-1.180775968296025269e+00
1.476873201882404629e+01
-7.164388777765508642e+00
2.607880286831131045e+01
-2.037865105519284370e+01
1.184042786567969330e+01
1.228464913764313238e+01
-4.306557238503256002e+00
-5.388249121843795564e+00
1.880451650404639352e+01
1.183494512598524295e+01
-6.994964011828912476e+00
7.578088753079518014e+00
3.937486161118751049e+00
2.461398984636736564e+00
1.267135112351765791e+01
4.016719866836349517e+00
-8.158170735219929526e+00
6.460363401519786386e+00
7.804686379951449204e+00
1.603222246417574581e+01
-7.564061179673291946e+00
2.166759052377484451e+00
1.392158715857802420e+01
8.109693660856320818e+00
6.386429264295299113e-01
9.908848741609144639e+00
-1.535318467712946777e+01
2.455282442967680367e+01
-5.975788077888650740e+00
7.398640587120965506e+00
7.951847401379245284e+00
-3.823219947191112134e+00
2.346284497476683839e+01
-1.023262231462547689e+01
6.365991633574617836e+00
6.405503197328364706e+00
1.109557756488404578e+01
-8.569766197873587288e+00
6.418023035178860525e+00
1.460724618339363445e+01
-6.178411151544739965e+00
1.964268418276223116e+01
-3.160362965796585932e+00
-4.843882397970915576e+00
1.226126521035140193e+01
1.643278371985083908e+01
-1.774372202437788459e+01
1.953403571830233432e+01
7.610195371845890122e+00
-9.244977971846424225e+00
1.640888594865820949e+01
1.443197606958842805e+00
1.194724569808038872e+00
3.170597349599729498e+00
1.518449930086977062e+01
-5.632512665349294068e+00
5.915255938285515214e+00
8.391160351638024650e+00
5.661165896188047775e+00
2.632416565058312230e+00
6.524578775531809427e+00
1.757362442367535138e+00
2.994647289127190248e+00
5.253141329484584787e+00
6.577485907299349677e+00
-1.121011421603799185e+01
1.471683537185604074e+01
-2.046962287062402019e+00
1.280777194529886920e+01
-9.561043013242338517e-01
1.051558874435887248e+00
4.322512940700508288e+00
4.715935967277295582e+00
5.880974967313542301e+00
-2.022791740127565685e+00
2.985867183023787064e+00
-4.040906337423134431e+00
1.115845487772382860e+01
8.583124385220916253e+00
-1.003471698426062630e+01
1.056595310625565176e+01
1.254433542022749748e+01
-3.588313731309445309e+00
7.514008235761976628e+00
-1.920011652037620919e+00
-1.879157789297604353e+00
3.829761988869001321e+00
1.492761377908349019e+01
-6.949484239217630588e+00
3.884055594930451161e+00
8.890160706000177271e+00
6.823462041671229272e+00
-5.314819303046756538e+00
1.225913148483982873e+01
-9.902170190081025503e-01
-4.332558692426505154e+00
1.806359057778962551e+01
-4.774646778383663914e+00
-5.759592074399373374e+00
7.615624142282504394e+00
1.835261762730680601e+01
-4.333164498153180055e+00
5.748348637960535967e+00
1.690959990538215152e+01
-1.534599857457843441e+01
1.329249599255595626e+01
1.533770692233115795e+01
-1.619750506329620166e+01
8.172042191923811316e+00
2.377584014177088179e+01
-3.525344985426761557e+00
6.469880408174166320e+00
1.856092106193384339e+01
4.932416371042169345e+00
9.966482310397864808e+00
9.385491868815227789e+00
7.551679874463507858e+00
1.229160160716040906e+01
2.408331996020796506e+00
3.477572147863053686e+01
2.662600595995445296e+00
2.545199564541607273e+01
1.094421415394345942e+01
2.722793084631985749e+01
2.988584664682884906e+01
-3.402753027592152701e+00
4.499172483065316897e+01
1.785208072354934572e+01
1.607679697943496677e+01
4.237796664841751237e+01
3.504580297432057279e+01
1.211548688846144728e+01
4.325606855965192210e+01
6.234013147487030437e+01
-1.429270572106131709e+01
5.727648962139535627e+01
4.183722955656849507e+01
1.707023774451453235e+01
1.483901248240963611e+01
8.557316214391666165e+01
-1.789883939061890317e+01
5.317002532245894741e+01
7.046288379127480539e+01
-6.198369742644819880e+00
4.210649834937554914e+01
3.175950949132577250e+01
6.066316538626190891e+01
-4.174277989057441296e+00
4.698611213906011841e+01
1.499818732414095912e+01
5.743142113832500684e+01
2.278764250356107723e+01
1.792418728987628995e+01
4.880364962696155828e+00
5.463006179824567710e+01
9.867757805808940574e+00
2.203755577246576891e+01
1.701008332248009580e+01
1.009112254225567185e+01
4.291877759947573168e+01
3.713524749182653295e+01
-4.131363275904779897e+01
3.796835010517494879e+01
2.781753478740548857e+01
-1.089532457130800935e+01
4.600530871505847585e+01
1.768041917467898116e+01
-3.152365324900708998e+01
3.919543205659682883e+01
3.512226039028814739e+01
-5.071980149400880933e+00
-2.795549266140679556e+00
4.246863810097218561e+01
-1.335644260242572123e+01
3.011157857505559221e+01
3.904126426475966838e+01
-1.581860191472227939e+01
1.293595556472824271e+01
5.561651995735774534e+01
-1.460492445452545951e+01
1.941498858239576819e+01
2.177110940239277781e+01
3.515352277390022095e+01
2.210164593896351448e+01
1.074422102886087238e+01
3.643034862338135582e+01
3.282611785677404725e+01
1.179224619933375351e+01
3.633785449989833438e+01
8.595378391411454544e+00
5.832924359173821927e+01
-3.451218264515634182e+00
6.563357938922410995e+01
3.758852751756356980e+01
-7.011128142030209176e+00
5.894761423935869260e+01
4.935995385446882011e+01
1.716504331704857833e+01
1.103323325603570026e+01
6.878136515350271907e+01
2.360027588146827782e+01
2.090728008256414583e+01
4.699053942563752173e+01
3.982571641726825096e+00
7.095266252636240267e+01
1.243246091005419984e+01
3.431210787221879599e+01
3.098894114692112289e+00
7.219080728332103547e+01
9.105979732256665571e+00
6.938378266936861394e+01
-2.858259160307931168e+01
4.395161300964103646e+01
3.509800422480985560e+01
4.740028039107551905e+01
3.157042816280220876e+01
-1.788089449180759516e+01
4.504773865116502662e+01
4.212835554877565869e+01
2.715689410503461687e+01
2.360418529651343178e+01
1.494025063794670949e+01
4.601829947465654413e+01
4.379610882981353370e+01
6.009046442971538937e+01
-2.334803669149208361e+01
2.782576014686394572e+01
4.400394396276839615e+01
3.820149687798595295e+01
6.511286887880265795e+01
4.105951063344276974e+01
2.913942237377287725e+01
6.155699552856685841e+01
3.547144443852897666e+01
3.673924770560332576e+01
3.396797563005018361e+01
6.072527179981113221e+01
1.360570821601961811e+01
1.081968204946532097e+02
3.547029249240438276e+01
6.194087708735153086e+01
5.266570098760837482e+01
7.320681370580214775e+01
2.634649371437215137e+01
6.222189462240442026e+01
8.201200875243003452e+01
3.437284262509839294e+01
6.187869465287541715e+01
1.487214364995599070e+01
1.543054563104712713e+02
2.201812702543149314e+01
7.942083481579373938e+01
3.499275822567789618e+01
5.911304908854785367e+01
9.706535688395746320e+01
7.835677493950299777e+00
8.216319659849145296e+01
5.921734201242625772e+01
8.512887259419430563e+01
4.372015485535397517e+01
1.073374843955801055e+02
-2.076905007439719952e+01
9.899019923461456472e+01
5.173018642025538583e+01
6.235780810281544007e+01
5.141730246517315805e+01
6.040937951565173591e+01
4.457290293186270702e+01
7.117528754203766539e+01
6.192902653332714635e+01
2.686480112951380050e+01
4.457692829479078966e+01
7.576589060552424826e+01
5.306122219984551691e+01
3.400567431761524517e+01
5.269586809555136142e+01
3.329474358201858308e+01
3.626582065621947493e+01
9.263069127147092274e+01
2.668631081771135527e+01
2.107751389647361151e+01
7.584997849513462143e+01
3.812395065521642579e+01
2.401442385717729167e+01
7.328672479462433387e+01
-1.509862550830026962e+01
8.915846773529408154e+01
3.055509227637365655e+00
6.925983195438399775e+01
2.830253898571634608e+01
6.412645104421584108e+01
1.379190821964727753e+01
3.623679739488758145e+01
5.499792916221430517e+01
3.810858864427857640e+01
3.298637264983941719e+01
3.852787932880568889e+01
1.483651044951179543e+01
4.693905566062245782e+01
8.011678694244913856e+01
-6.555067677141370730e-01
6.116319959863180600e+01
3.985676335952895499e+01
9.833590381060949071e+00
7.892117362875684705e+01
1.384884090180309002e+01
4.013108630145499944e+01
3.616366013021199421e+00
8.548177513986982490e+01
3.739548268614088045e+01
3.101600223077848639e+01
7.145564079904269761e+01
3.592699422052498193e+01
3.307187507273842897e+01
6.214464843778485736e+00
6.572815101436235707e-01
