7.554918270161221638e-01
3.752075928427648144e+00
1.640375334143358188e+01
7.795923355510422148e+00
-1.126941511201371959e+01
1.098182742067735873e+01
5.725527393083936545e+00
-3.242361769377388736e+00
8.493729956782543056e+00
7.369319046132018158e+00
8.486443495216827060e+00
1.607785657279694469e-01
2.459040992052203833e-01
1.099026163346114160e+01
-3.180156650779562555e-01
-4.475883906962699221e+00
1.947544794273571611e+01
-9.456290832807976443e+00
1.536080261585998663e+01
-2.028445322674310880e+00
1.111316832343331384e+01
7.760875500225739465e+00
-1.019833012431531927e+01
2.352139971871768154e+01
-1.314237541578796709e+01
6.360408485479100094e+00
1.485157574981302986e+01
-6.088235486421109677e+00
1.466755516231528134e+01
-6.031547125125449327e-01
1.097473335515904047e+01
-1.146782455732374473e+00
8.742863768841102612e+00
2.691050800523913544e+00
-2.425546855873015772e+00
7.406092252380660490e-01
1.440518970958211575e+01
7.437102235318763022e+00
-3.383778666875026264e+00
1.195330287468483910e+01
-4.420389877986681704e+00
3.380025559296627513e+00
2.051147434951531068e+01
-1.277705160880636903e+01
1.282267802827343495e+01
-5.262781940612462073e-01
1.382364276544251069e+01
-8.158620813537510230e+00
2.114727208081164278e+01
-4.063885479486168073e+00
1.202676468763904438e+01
-9.106992714491120466e+00
1.199810944112534727e+01
4.244016010332799738e+00
6.178858421295974068e-02
1.799729350816752227e-01
1.191402759058049377e+01
1.314526551879185057e+01
-1.057207123999172715e+00
-5.436123670294634724e-01
5.210126572047661497e+00
5.746246058107846721e+00
1.133375627034703292e+01
-8.926124239474958477e-01
-1.728628384758198744e-01
4.340789516296764461e+00
4.725405276932598042e+00
2.162458086992133843e+01
-1.371239778140390086e+01
6.725434400450113870e+00
8.758671372480971939e+00
1.193825387777532754e+01
-4.204565244459288476e-01
7.526202876061322655e+00
-9.071840509844950162e+00
1.932134011863383805e+01
-1.950719102466269561e-01
-1.177239229239468665e+00
1.516548173692839185e+01
-5.004287185448049513e+00
1.505700071861370404e+01
1.267797558629288890e+00
-9.893256324366866972e-01
8.993669246357047342e+00
1.171972609141319666e+01
-5.061166141577087885e+00
-1.458696039153167812e-01
1.411287537094627353e+01
5.113582928184680299e+00
3.734952311996580843e+00
3.483880832030753716e+00
9.512697821135351894e-02
5.052022003256794846e+00
1.900066731457870617e+01
-1.239337308152722095e+01
1.552827689071259165e+01
6.252639285607726194e-01
3.503453532500932610e+00
1.007128013460631522e+01
-5.760854494805065507e+00
1.161410577913343900e+01
1.378743115860549873e+00
9.158254485142339973e+00
2.484974366745244190e+00
6.119236632231576323e+00
-1.210598660561986506e+00
1.348335995723179437e+01
3.657805820404338881e+00
1.695399993788626603e-02
2.020461646880612250e+00
9.916440279063840180e+00
1.400031429062893462e-01
6.112929918423438025e+00
-3.092294548668229393e+00
4.335260705864503628e+00
2.722388833005419340e+00
1.323715268929374389e+01
-2.346824927198782440e+00
-1.669496669719742685e-02
2.565596051584999149e+00
1.202766408007138921e+01
-1.228011343821142187e+00
4.172196910370963074e+00
-1.023501897833410279e+00
-3.762295266660983017e+00
1.377778849274072037e+01
2.339367489035263148e+00
-1.363472568393460538e+00
6.987826260297831382e-01
1.742687829470604299e+01
2.584136796596949726e-01
3.361930610224196148e+00
-1.088223110838165697e+00
-2.862545937982621247e+00
9.164502872688377266e+00
4.450179828580541397e+00
1.398879226418249910e+00
3.761977483122881605e+00
-8.180539054391564591e-01
1.816969601947760893e+01
-6.069147533456574095e+00
6.488731499118705059e+00
3.184694440936892690e-01
2.554346386620397702e+00
9.303571808585029856e+00
-4.886476016808098066e+00
3.364795546356029732e+00
-2.408088712938412090e+00
1.903789622394750580e+01
5.691703579186317086e+00
-7.413276962741881526e-01
1.150024586424106232e+01
-4.015415296282875524e+00
7.454664165428637190e+00
1.052204834549884183e+01
-8.935679377478395580e+00
6.489658695984143577e+00
1.892389182407347903e+01
7.357764774707673539e-01
1.263288064205368144e+01
5.852659554411895115e+00
1.309173968659194642e+01
1.195718514428987511e+01
9.419430325234048329e-01
1.364376280423088872e+01
9.343530207063631465e+00
5.451861186026820683e+00
2.961192815917394938e+01
9.680275533636331531e+00
2.288813178807576065e+01
6.263203025660931900e+00
3.618346929251691790e+01
2.102574430170353992e+01
2.733839053058263246e+00
3.945026518165965257e+01
2.086859906620668781e+01
1.902229752594246293e+01
3.549310476649960577e+01
4.274188907495081224e+01
6.929660168654132590e+00
4.640566702324575488e+01
5.869759345252212768e+01
-1.039947531702330075e+01
5.563966404411614519e+01
3.552931738690038088e+01
2.952016988281473076e+01
7.038755556807359426e+00
8.408830682653275801e+01
-1.224476860063348127e+01
5.222504992192276063e+01
6.503083139701931259e+01
-1.394946443237137679e+00
4.447079544787062133e+01
2.129338159740315106e+01
6.920696716309045371e+01
-9.167032421096166228e-01
3.801302585704453207e+01
1.680755135039846948e+01
6.666095068587432593e+01
1.196233036587980081e+01
1.942645848729274860e+01
1.346017655799402490e+01
4.331702942857355509e+01
1.345418150031487947e+01
2.679974290456700814e+01
1.622298404680561745e+01
8.250481969128427018e-01
5.369553895046831116e+01
3.676737326694858154e+01
-5.270833756428404371e+01
5.249601236805786897e+01
1.817023349560410495e+01
-9.578697468143269944e+00
4.812872259844273515e+01
1.975668955527387638e+01
-3.452037795461477288e+01
3.447162730035893929e+01
4.804229108931931336e+01
-1.829006629681966700e+01
4.540482232232424309e+00
4.100286665191292457e+01
-1.676966174748850591e+01
3.595012389697715349e+01
3.333466776938474396e+01
-8.264045085040118366e+00
3.945110403126094401e+00
6.085800732339389185e+01
-1.445890039719006914e+01
1.777737831467039342e+01
2.290682539395264428e+01
3.074876005401886658e+01
3.062426302479515527e+01
2.996067920049077404e+00
3.992330381051202437e+01
3.496966309420751173e+01
6.633401863819146094e+00
3.737357879371723612e+01
1.366714412722335226e+01
5.473703209596524033e+01
-9.055211704003779616e+00
7.619758871085443275e+01
3.264493444880928052e+01
-9.759275929758114643e+00
6.331970072528125115e+01
5.099648285566144068e+01
7.667719001884726993e+00
1.883675346355005331e+01
7.358252779864585591e+01
7.650439358833665437e+00
3.443280034798760170e+01
4.518807428616077004e+01
1.985223236001192326e-01
7.072213805862317315e+01
1.819894079191365677e+01
3.038960404117074532e+01
-4.843452541012538859e+00
9.121479699723423096e+01
-8.526658456876306857e+00
7.402730972336210868e+01
-2.152062359342939502e+01
3.691548932839898356e+01
3.743022797111214572e+01
4.456354513845900556e+01
4.048153956753374416e+01
-3.256845717670273643e+01
5.680701648212013311e+01
4.100701318262903783e+01
1.821310760522157679e+01
3.523840467809051091e+01
7.919554819247471400e+00
5.047666701326447480e+01
3.792974503240886719e+01
6.571950995943895180e+01
-2.560311597253723193e+01
2.484199444855941152e+01
4.957833210510039379e+01
3.272865704165045742e+01
7.007950455314882277e+01
3.738476880019417337e+01
3.277911691564772667e+01
5.964161742998044957e+01
3.329228836876771425e+01
3.931866535458114953e+01
3.499820665344407900e+01
5.661295014264977965e+01
1.380906573151312244e+01
1.156711204110894897e+02
2.623755984681310949e+01
6.761384754850645606e+01
5.280191940058687550e+01
7.099660531530092555e+01
2.334245835707670835e+01
6.865112007831785945e+01
8.164894131559148605e+01
2.127413847499277821e+01
8.137706750255564714e+01
3.936995398677778368e+00
1.536600403964354769e+02
2.842378882387690098e+01
7.534759368905102406e+01
3.413395643821084491e+01
5.600969815077792902e+01
1.113800860695779846e+02
-1.314940860826933999e+01
9.391076558763379012e+01
6.554304753267393835e+01
7.091000417548541179e+01
5.504494140581935824e+01
1.022999263884634189e+02
-1.800599031974956787e+01
9.071811455977390892e+01
6.374523490480431320e+01
5.624945770352974961e+01
4.324636067549217699e+01
7.731688994378698965e+01
3.340025911084278931e+01
7.452793950711206605e+01
6.186638840574381959e+01
2.753166820034758899e+01
4.132568457663494854e+01
7.715832483453708335e+01
5.681472647953785327e+01
2.592642205721910997e+01
5.852931402063877897e+01
3.359870958858245871e+01
3.664633905378650525e+01
9.008690364213950375e+01
2.861358178670586128e+01
1.950639023520194826e+01
7.686719989191396962e+01
3.674776890048057254e+01
2.365584718763593841e+01
7.678195191511055384e+01
-2.237023602521970034e+01
1.004317864719934903e+02
-3.670630819024993663e+00
6.866182764506109493e+01
2.970143360001378241e+01
6.463557580145842962e+01
1.425353342757401087e+01
2.745713667318972995e+01
7.151636047629351367e+01
2.219873609127118996e+01
4.019179820293031469e+01
4.569578616562997553e+01
2.320873068338622947e+00
5.347087777081771520e+01
7.727600562674754769e+01
6.455820270462424126e+00
4.565605081840310220e+01
5.376872700775992797e+01
9.359199222648236116e+00
6.545453293334441014e+01
3.355045909267137461e+01
2.889743704800272894e+01
3.435139152659669293e+00
8.602720212510141096e+01
4.297010675108904110e+01
2.283274325143219485e+01
7.010758787460460439e+01
4.895875577613522722e+01
2.059794164953580164e+01
3.310362320392348678e+00
2.848369949679709356e-01
