6.690071625050648674e-01
3.373493370722504103e+00
1.477356692956793438e+01
7.979335702786259255e+00
-9.569117652585957146e+00
8.916650037186375499e+00
6.236598918677115577e+00
-2.385645754695290055e+00
7.243855326636055914e+00
7.614072004567737473e+00
8.892580681691304889e+00
5.782341746975067087e-01
-3.539216456420000156e-01
1.154887117478089209e+01
-8.454957434809954320e-01
-4.029276570015942305e+00
1.842851840516224726e+01
-7.982935287595993579e+00
1.349439681224394150e+01
-6.142719513646600626e-01
1.071800145285311778e+01
7.844578895580784916e+00
-8.809879074220102524e+00
2.026316521751239819e+01
-9.232327713375294564e+00
3.056942614505387734e+00
1.623091825531384202e+01
-5.953392231285884684e+00
1.330368525875235264e+01
1.744129554941921567e+00
7.821871601637887750e+00
3.995916380017307645e+00
3.268109223649771966e+00
5.530791371871167428e+00
-1.547948006197559900e+00
-3.212241683871089215e+00
1.894018967570229250e+01
3.249445605970463724e+00
5.379405091333779865e-01
8.109441613838665575e+00
-6.322000356236650020e-01
2.670940062462206388e+00
1.658125932135314429e+01
-6.103564037882641458e+00
6.193015748752994654e+00
3.608787553875903331e+00
1.162671637953833148e+01
-6.993564158952819909e+00
2.101608802038329316e+01
-5.582009347967724189e+00
1.710670562925191263e+01
-1.626190675357808502e+01
1.790406849405561474e+01
1.252770712782127482e+00
-8.806892411350464300e-02
1.600905700179906521e+00
9.768262238218319737e+00
1.636904083705313795e+01
-5.377151956285749712e+00
4.977851366281010215e+00
9.776605017186690283e-01
7.156194594896410521e+00
1.219213384778801590e+01
-3.464394802535756046e+00
2.865945564820721714e+00
6.526851607290340418e-01
8.780774617906830670e+00
1.816578508054664454e+01
-1.104034932981537942e+01
6.035479158156740631e+00
7.844587046520452134e+00
1.397714835006457612e+01
-4.053700761931569474e+00
1.182046977171962432e+01
-1.344638335006028917e+01
2.236674097129187544e+01
-1.239542986628813459e+00
-1.108859072585104633e+00
1.621423078888060232e+01
-7.002960784765654978e+00
1.880791541805453093e+01
-4.392701413489218609e+00
4.095992230175992788e+00
5.997326771628109121e+00
1.172919141444192093e+01
-3.176325658798179408e+00
-2.091313526797140998e+00
1.682347890516594902e+01
9.664717463951053578e-01
9.725560386652800204e+00
-2.356002439777840518e+00
2.416687231151450010e+00
6.379911125622848900e+00
1.513116726729327866e+01
-8.195678736313730894e+00
1.202168363084936686e+01
5.024428660674518987e+00
-1.820849336496560333e+00
1.498000590567393786e+01
-7.318140323190474916e+00
8.416744673878804761e+00
6.895878452694063299e+00
3.201714755466375184e+00
7.356025691234002295e+00
2.255371939027404071e+00
2.764181984457227959e+00
1.079414461786292279e+01
3.405004019457659403e+00
4.371513617028966792e+00
-5.005843950302550027e+00
1.653738402963704957e+01
-5.377207242529001618e+00
9.731114570951207909e+00
-4.768037729224143817e+00
4.314904091628012139e+00
5.633200431049694146e+00
7.699995264877198764e+00
4.821631712868065911e+00
-6.737207724349707938e+00
7.257700672416476984e+00
9.159273936802332372e+00
-1.458742557448109434e+00
7.551697034922052687e+00
-6.440300080711924835e+00
2.989891957558284297e+00
7.466264699815324590e+00
7.426663869071408186e+00
-4.540225855896845353e+00
1.572604266901129311e+00
1.911177297222974758e+01
-5.308762611067991521e+00
1.103408432591175625e+01
-8.015412924725799471e+00
2.048551018132295010e+00
6.905084599125626887e+00
5.090792235501776730e+00
2.272207838645823763e+00
6.981634786105739288e-01
4.979101729101042650e+00
9.993744205854833140e+00
6.655135935971326910e-01
3.572765263713796102e+00
1.720766102544515341e-01
4.451317410096198302e+00
7.110770230599285036e+00
-1.609130322144793457e+00
-1.968932558111043285e+00
4.420933887718121902e+00
1.288990696931593760e+01
7.705566242111700603e+00
1.025020574284260633e+00
8.425688804581932700e+00
-7.381595782394526628e-01
4.147810534532858640e+00
1.518783095297765406e+01
-1.475311284787950683e+01
1.150772088834384910e+01
1.682512007294280210e+01
-1.301954586404146408e+00
1.661368466776525565e+01
1.664501827310536086e+00
1.764055880149455646e+01
7.090076322938154263e+00
6.180987897329263348e+00
9.636952460596278414e+00
1.047859658276810713e+01
7.633671343612284055e+00
2.453254290795297621e+01
1.566752552309870339e+01
1.666624989996856598e+01
1.226046468302879866e+01
3.190935491877924690e+01
2.287748431371264601e+01
4.068659552791792144e+00
3.529438991991057151e+01
2.697986718946994600e+01
1.152976871174382367e+01
4.277739974945841084e+01
3.693756571958348189e+01
9.419635316630866839e+00
4.835888264138402093e+01
5.365016974960303742e+01
-3.731511423381803638e+00
4.879849659717652344e+01
4.211934558084080038e+01
2.337018481166217043e+01
1.079050789432258917e+01
8.452160993729347638e+01
-1.760041584324345010e+01
6.057244331153763994e+01
5.720885944998553896e+01
4.442465096005576264e+00
4.067838424197044134e+01
2.383221475060936356e+01
6.824868694152957005e+01
-3.637245344775523748e+00
4.481644275663322929e+01
7.943570213134798941e+00
7.390963578964503711e+01
8.519596322581337589e+00
2.010049233472564367e+01
1.417417057390110280e+01
4.191915212466559382e+01
1.647882829422078643e+01
2.089271672689804760e+01
2.344364878064872570e+01
-4.762481022088840277e+00
5.565776334391198787e+01
3.772755126672964821e+01
-5.456468259169712809e+01
5.472562925356706387e+01
1.532414872963396668e+01
-5.333582527949089602e+00
4.261586112542920546e+01
2.432714217004760471e+01
-3.652009768770433595e+01
3.399153306916258543e+01
4.984184770261865083e+01
-2.088993895360070141e+01
8.292220253260579099e+00
3.651518405602389805e+01
-1.197648637821098561e+01
3.167351861886736941e+01
3.564866230885194653e+01
-8.241526915900600159e+00
1.796315292647025830e+00
6.503388311969622748e+01
-2.040035861360135172e+01
2.413772242965922743e+01
1.810842798523319530e+01
3.352734992968107974e+01
2.974872600784424748e+01
1.605602503436490691e+00
4.369611456143466910e+01
2.877388790954756459e+01
1.452260038040439483e+01
3.008283578715575857e+01
1.750301213684565482e+01
5.520109316269947186e+01
-1.199838454286399880e+01
8.023163193041376928e+01
2.735927284975845097e+01
-3.063140358844188782e+00
5.597387916582919587e+01
5.673403089237430663e+01
6.386799029490940249e+00
1.486881611405165415e+01
8.022836500284151384e+01
1.570436148013350408e+00
3.933424584786482825e+01
4.051260019865339501e+01
4.570125773960020510e+00
6.818267047105102563e+01
1.695941129576483419e+01
3.595739704155150207e+01
-1.243674497578254368e+01
9.724084239637043936e+01
-1.167307788267407886e+01
7.564059553447464168e+01
-2.269892523190772593e+01
3.701456605063368244e+01
3.961461912648920958e+01
3.988806837927366900e+01
4.633719279374790290e+01
-3.717796069233316558e+01
5.875131073155240813e+01
4.078318338574843693e+01
1.799164706595899332e+01
3.593707729125687678e+01
6.026770329662675785e+00
5.370206898204714463e+01
3.410307104226647112e+01
6.927702537144493533e+01
-2.801277027582218082e+01
2.590190964791372252e+01
4.949289758249656046e+01
3.159181102696908638e+01
7.252110572238224506e+01
3.414386129403409598e+01
3.621447522771309480e+01
5.632975496887534916e+01
3.648452419367095700e+01
3.709648501776645446e+01
3.511272006737316786e+01
5.911620121957331975e+01
9.121943376292641403e+00
1.206064641846931096e+02
2.245647449288118125e+01
7.034704741014813578e+01
5.061928456485368599e+01
7.244783537917105321e+01
2.434568682911685400e+01
6.415344413856982442e+01
8.844317048896776612e+01
1.493053041330270858e+01
8.462671580332875010e+01
3.479862044956251399e+00
1.530654112257296333e+02
2.952217349783039069e+01
7.295843114479244207e+01
3.919520286674460863e+01
4.920299043401647054e+01
1.168748186830822107e+02
-1.479060587526039861e+01
9.157855351212118933e+01
6.902914783730189185e+01
6.803724643887923662e+01
5.783228232241231126e+01
9.877666120012089834e+01
-1.357535701997124988e+01
8.743183377070003814e+01
6.374002280937556719e+01
5.946579962088725324e+01
3.887385794212029566e+01
8.030213023657405813e+01
3.158132359498000952e+01
7.634250048602511640e+01
6.006817358931956363e+01
2.896484555348490630e+01
4.155471549609381299e+01
7.499943311440145521e+01
5.974868080044733176e+01
2.343474266628033220e+01
5.995875909242492696e+01
3.221437816176097613e+01
3.794365975547876957e+01
8.958886786352947240e+01
2.867783737984948544e+01
2.026500309951654089e+01
7.525435513061175641e+01
3.903071039081548577e+01
2.088851732744925371e+01
7.925799070263704493e+01
-2.418148527711491980e+01
1.005547737200481606e+02
-2.479295008299389647e+00
6.766435447220457888e+01
3.118797003273486368e+01
6.195377162205133459e+01
1.808196249634276143e+01
2.375229192624477648e+01
7.299862925748202258e+01
2.341996604436884866e+01
3.684411230209321531e+01
4.882505717961318936e+01
6.511993113467831051e-01
5.561348992691122106e+01
7.413419617926726346e+01
9.370368955932145028e+00
4.513378335089824844e+01
5.071312582257092316e+01
1.416443755056384290e+01
6.126614197732938294e+01
3.509710493648350393e+01
2.904087683499508898e+01
4.252354698120969445e+00
8.497019022372332131e+01
4.250838329629727497e+01
2.586145501083418807e+01
6.551324510829063286e+01
5.224449623901333695e+01
1.961124995356633605e+01
3.041560309302799858e+00
2.416280726386301203e-01
