6.534431137081639918e-01
3.310076365297648593e+00
1.450453209260644982e+01
8.119862313025210554e+00
-9.179246324446349803e+00
8.516336281068726421e+00
6.497711670169639575e+00
-2.797862745086830749e+00
7.130518403536163952e+00
7.739514649515307099e+00
8.225188522539369274e+00
1.632196308345904345e+00
-5.767071097014331293e-01
1.170137198500807330e+01
-8.593237044716147688e-01
-3.821932951535701228e+00
1.772671302927159687e+01
-7.415759111213981569e+00
1.257937131384056784e+01
-1.514366271047026813e-01
1.057710505796393718e+01
8.159069910670689652e+00
-8.127737285458488614e+00
1.908743120734241927e+01
-7.595847584165477784e+00
1.254797419713995721e+00
1.731626863611030132e+01
-6.598248035520645871e+00
1.256167264834928687e+01
3.402910652307880035e+00
5.808420788161631876e+00
6.784224906035271729e+00
1.147451605775176908e+00
6.808813315592944448e+00
-1.652285877503755662e+00
-4.694922500103565710e+00
2.125728599837885824e+01
-2.379096146537489354e-01
3.826505423090002633e+00
5.907381981914729963e+00
4.661167062680096063e-01
3.827236759462891325e+00
1.410329837104771222e+01
-2.717281779187010748e+00
2.349159190262620100e+00
6.694584871903684231e+00
9.277077179603988810e+00
-6.824235242221392994e+00
2.306386289220091967e+01
-9.001553221967485641e+00
2.171891258313847928e+01
-2.009009698378828190e+01
2.056277019647746940e+01
1.259294970108719713e-01
-1.082807850225122603e+00
3.958966438802102861e+00
5.562390393315935100e+00
2.107518393946647706e+01
-9.118094938357975465e+00
7.307585707582468615e+00
1.348064497986375621e+00
5.058914167243610649e+00
1.556253502939824962e+01
-7.693080079633416446e+00
6.569449211336563010e+00
-2.614571212844260639e+00
1.013820266043406448e+01
1.918324918863537576e+01
-1.372454328239882848e+01
1.024952064086006942e+01
4.002667543799232064e+00
1.706978209311247596e+01
-5.950674903920199377e+00
1.172023563999396067e+01
-1.222042765643211482e+01
1.945760989645845385e+01
2.468017560301238866e+00
-4.350355985790860913e+00
1.873817419076182844e+01
-7.578863375038014105e+00
1.813388924257149171e+01
-2.553168949211327199e+00
1.233882102434897821e+00
8.433710241664401863e+00
9.363529772643829574e+00
-1.812411026631985278e+00
-2.079156922915438077e+00
1.604032461721937963e+01
2.853385208361745917e+00
7.906111136569506925e+00
-5.373892096754080416e-01
9.572818360862260789e-01
6.513653225319321116e+00
1.525992112006917445e+01
-8.981153975541843693e+00
1.306962147771422877e+01
4.333766241549155573e+00
-9.581083010403269595e-01
1.463737670637951283e+01
-6.929745683924362964e+00
8.338780399207349703e+00
6.331994855934318878e+00
3.101789385833869428e+00
7.435524831389138001e+00
2.042781946217774092e+00
2.998841318182026594e+00
1.134830315740276063e+01
2.714874463202868071e+00
5.532544364556046368e+00
-5.853849751939191215e+00
1.693768645792666661e+01
-6.171378611245106782e+00
9.668510371490910416e+00
-4.008396775014646529e+00
2.793518582756843394e+00
7.995312076274514901e+00
5.791565192014115127e+00
6.201829802673470837e+00
-6.734117945279620265e+00
6.219567406400560827e+00
1.052614213033481505e+01
-4.068393497772689216e+00
1.033652867492848770e+01
-8.888246778632133527e+00
4.571850993492460269e+00
7.858592136972653464e+00
5.621732605619536471e+00
-1.304015763686316109e+00
-1.878312758506949898e+00
2.192110081232454633e+01
-7.789140655805602442e+00
1.173092966522213487e+01
-6.952440615865008056e+00
-5.909720423749127427e-01
1.097844249770069780e+01
1.106991887887881276e+00
5.678757605667896335e+00
-8.636530304417158188e-01
4.482284888000272360e+00
1.189620634419370404e+01
-3.147984867013117860e+00
7.886388629280267182e+00
-3.720849664131549162e+00
7.313484221067394486e+00
6.410955173630355830e+00
-2.737162319618680506e+00
1.251874838145348168e+00
7.875020597785642451e-02
1.707669274484874933e+01
3.968519181591648071e+00
2.698798295931227109e+00
8.848155784266804602e+00
-2.876675997550259378e+00
7.838997301106195081e+00
1.119629540019557723e+01
-1.074300199146834878e+01
8.731271818824833275e+00
1.755543701604367612e+01
-2.574008207738007759e-01
1.344815928442922370e+01
5.522155736598636899e+00
1.406553180991827645e+01
9.964720773565847622e+00
4.838045734416076549e+00
9.789379812410018644e+00
1.206200008788679767e+01
4.607963454109894386e+00
2.791506230361443741e+01
1.236808043533207169e+01
1.845885111193759087e+01
1.199794111801712582e+01
3.105409163890512758e+01
2.476133476107305853e+01
2.017993145499922480e+00
3.773877883160710667e+01
2.479568771859458565e+01
1.261700450586021560e+01
4.270463391750293880e+01
3.565238316076590053e+01
1.110331842160666405e+01
4.683414524461218775e+01
5.494087864863708148e+01
-4.345369870155458614e+00
4.933057124492794543e+01
4.207016046671624565e+01
2.274775102229764201e+01
1.152773587499363295e+01
8.364890594044402405e+01
-1.722559904997562086e+01
6.048555673055592763e+01
5.728957059889187065e+01
4.449625464436444133e+00
4.116879650145413905e+01
2.340165291196629127e+01
6.848287420599076825e+01
-3.918762890469373428e+00
4.471126504158321069e+01
8.311459249303297270e+00
7.298955277980134326e+01
9.777234888725114814e+00
1.888774643592191183e+01
1.545606495207008102e+01
4.141568283633425551e+01
1.610260563124161592e+01
2.199373718105762521e+01
2.141244835475818675e+01
-2.422700940450538631e+00
5.350751880489912082e+01
3.894253503767138369e+01
-5.461711601348713430e+01
5.386350196415691727e+01
1.749691020854274370e+01
-8.247505401505783595e+00
4.560767243406349536e+01
2.170575159452176806e+01
-3.530266462001021210e+01
3.460763774700116358e+01
4.746224383193570162e+01
-1.760095170104462525e+01
4.912831002850248652e+00
3.978088699107606629e+01
-1.417100536439406255e+01
3.221788163175160236e+01
3.688814026967627058e+01
-1.143779107232871972e+01
6.154589897320951408e+00
6.078126113054099733e+01
-1.751545919231946868e+01
2.302859367516549582e+01
1.761779459554266580e+01
3.587331472123256049e+01
2.598927523035555254e+01
5.941169914293823240e+00
3.955046637568155177e+01
3.149172787026620313e+01
1.414135527608031495e+01
2.809921184550618989e+01
2.096665514719036238e+01
5.116822368345815164e+01
-7.894462565357137862e+00
7.700657282699843620e+01
2.891870003559276370e+01
-2.708091793595933439e+00
5.356420128735285857e+01
6.071575980435706299e+01
2.029571344569444769e+00
1.837374503135556125e+01
7.816336089450824431e+01
2.023091356612968905e+00
4.069726620198834155e+01
3.764218686210852383e+01
8.133481244491335360e+00
6.462110452383051040e+01
1.976210223604605787e+01
3.472286021300564585e+01
-1.295578838661052146e+01
9.913054993286858974e+01
-1.445594620478562575e+01
7.874314437963546709e+01
-2.535137359478193986e+01
3.851126121625182464e+01
3.935846685106898946e+01
3.908156674846689072e+01
4.810447115065494472e+01
-3.937847621411091836e+01
6.087700170531597621e+01
3.909337926120165463e+01
1.879680157525664086e+01
3.615932992749404207e+01
4.925607032160325360e+00
5.503798750396571648e+01
3.301136736403796590e+01
7.021196033127536396e+01
-2.864798728971265618e+01
2.627663265974240048e+01
4.943296011905336229e+01
3.116264715171518063e+01
7.309222437249502491e+01
3.368133067831934824e+01
3.623940664519502519e+01
5.657335962178041200e+01
3.663435081389107495e+01
3.657591354067582046e+01
3.593711663233426634e+01
5.837549976519972006e+01
9.482446824826462617e+00
1.203496273725728827e+02
2.239748227048058737e+01
7.073534417146215958e+01
4.963850621642318828e+01
7.426938126864622802e+01
2.247121256901969488e+01
6.552808182059970932e+01
8.814493289081784155e+01
1.411599690289771303e+01
8.607195185099099888e+01
1.297897268024645001e+00
1.554276652703331933e+02
2.733032525957372272e+01
7.461517607530177543e+01
3.907186583357931653e+01
4.777511274632449556e+01
1.196592846890810335e+02
-1.812874046828793340e+01
9.455825124519344627e+01
6.663608820895727547e+01
6.888095657609217426e+01
5.862709335734322735e+01
9.657244753406568805e+01
-9.946681309403553328e+00
8.351098214298936284e+01
6.715617825361333360e+01
5.750708209175159880e+01
3.888533445450938331e+01
8.197050674312474428e+01
2.799964623379452533e+01
8.062424284790466800e+01
5.618080484554761256e+01
3.198329190311337200e+01
4.048335162444475799e+01
7.414713396481558050e+01
6.250754211401460481e+01
1.936814738327493401e+01
6.428786837466344650e+01
2.812448467780706096e+01
4.010082664718955670e+01
8.975210992600236182e+01
2.674787209102799679e+01
2.386433534943030921e+01
7.117602037586942743e+01
4.300613194201496015e+01
1.788103875332063453e+01
8.052080473563560759e+01
-2.367865764563212139e+01
9.760190688427067585e+01
1.644116541191067871e+00
6.378251601624887002e+01
3.444285882945790433e+01
6.033496362100158450e+01
1.825630271232081370e+01
2.514460418046102674e+01
7.022438209092787531e+01
2.678333917315380930e+01
3.305510081902403385e+01
5.127511570860739454e+01
8.519109074869291032e-02
5.490389604908403243e+01
7.621446758848074410e+01
6.950748322685221581e+00
4.770745684492720784e+01
4.844092979922329079e+01
1.549390431407903357e+01
6.069985145062614862e+01
3.395031607746901869e+01
3.107310633225563379e+01
2.359883876088643806e+00
8.682644512562994521e+01
4.151539132777282504e+01
2.638065353974657867e+01
6.556858951325769169e+01
5.160283304778838698e+01
2.001068812279091347e+01
3.139373229650651353e+00
2.547419075681355283e-01
