6.580112117720491316e-01
3.337657746763238453e+00
1.451649796092243605e+01
7.302656665370605538e+00
-1.379794041215990319e+01
-1.839947630458870220e+00
3.978282517927490769e+00
1.154093133053147646e+01
1.594332868248999802e+01
4.314694928677706542e+00
6.552836956690895498e+00
1.911670838275568052e+00
-5.092688883653487819e-01
8.599856888355647655e+00
-1.021423999590883724e+01
-9.708915961888486379e+00
2.483216716616538378e+01
4.395577202839958453e+00
1.695936344209934177e+01
-4.263487349117374592e+00
9.131236590643872830e+00
9.283780069541061053e+00
-9.542706884474362994e+00
1.064062939929513796e+01
-1.558880888892974426e+01
4.979236103547922454e+00
2.423624399381566974e+01
4.186782217092970271e+00
1.353526305838908250e+01
-2.856403241430024220e+00
7.601741404117915657e+00
6.682136521166238907e+00
-4.844421273417766294e+00
-4.165732971039833643e+00
5.152339036410905626e-01
-4.527066142344658428e-01
2.830822200386035803e+01
1.120291063701851542e+01
-3.561728343913526551e+00
4.470153237183822625e+00
2.372396080513885064e+00
-1.453303417338565606e-01
3.380717786727773788e+00
-6.382642806734176055e+00
9.804486064975964865e+00
6.546837989279387315e+00
2.375226670972756438e+01
-5.454004211294506632e+00
1.560777369274064519e+01
-5.473597010871110058e+00
1.811800177034234238e+01
-2.693974096486168079e+01
1.044334192432241082e+01
7.345693200438660142e+00
2.285940126756390578e-01
9.917047934188573777e+00
1.824994862978039123e+01
1.285951525743963231e+01
-7.134237611889912678e+00
4.453078100581322474e+00
-3.749190495712655835e+00
-4.139919896108170683e+00
1.386035660503512190e+01
9.186105264654825797e-01
5.095289316268019952e+00
1.107316842530490320e+01
9.675194295452959281e+00
1.782865418862567708e+01
-1.378109647597900889e+01
1.700916546578241206e+00
1.244675487326640351e+00
7.279889764372716954e+00
2.031881378817463002e+00
1.434627119888993008e+01
-7.008033838194175580e+00
2.672917459171506138e+01
6.998433735383832177e-01
-3.307090063431575855e-01
6.259727322613330536e+00
-9.041231621568993404e+00
1.152768036941407281e+01
-5.662590158471115132e+00
1.160560697392694607e+01
9.325756450441225809e+00
1.591971839393986698e+01
-1.036656379649466997e+00
5.779593209582380986e+00
6.102916839904250601e+00
-7.143277758431547220e+00
1.079692564141945965e+01
-1.169782498124028081e+01
8.940497964222856808e+00
1.299749464560323275e+01
1.694717855603120427e+01
-7.876344972407931522e+00
2.256480039760498002e+01
4.805261624885362792e+00
-2.108756809570432367e+01
1.905796376781136914e+01
-1.323492729727565553e+01
5.032059804068285125e+00
1.851673754809538153e+01
5.200483349504033903e+00
5.688211246393172438e+00
8.339712034518186101e+00
1.578127534887292249e+01
-8.545158296461051961e+00
-4.132438771288803991e+00
9.494925046328209106e+00
-1.590564621268339884e+01
2.592702183377603120e+01
1.101476474876282641e+00
7.498501611410423706e+00
-4.904859398911507462e+00
2.064516512350650146e+01
1.682618480779091152e+00
-1.471055224879708234e+01
1.188775630686139273e+01
-1.320558608739704276e+01
7.743705565116404621e+00
1.987428319566767598e+01
-2.447640120249020335e+00
5.211522704272779194e+00
2.342481522772159153e+00
1.585234024895160587e+01
-1.490027894760112837e+01
1.491762164510219923e+00
-1.798206624880055671e+00
-3.641587160658084521e+00
2.950883578775229310e+01
-4.602055192004455897e+00
1.031458686894207055e+01
-7.341585391464051646e+00
1.834308062647527038e+01
9.936371018050320636e-01
-1.484369788995656059e+01
5.002361041470172687e+00
-2.760704962320609468e+00
1.292467501928618034e+01
1.167587838124165600e+01
4.295095318061926126e-01
3.943626138594115815e+00
7.330274748142417529e+00
1.548276653369946132e+01
-1.224200227599257218e+01
-9.384762582437179645e+00
-3.288025917477348958e+00
1.159961790257071534e+01
1.716348452517845402e+01
3.139385044635327748e+00
6.676700685833801607e+00
6.652320558841195108e+00
1.360887850752699002e+01
-6.006816127331990884e-01
-1.934784830095453323e+00
-1.981210741748828141e+01
1.695430410120562925e+01
2.809158265660480680e+01
-1.138790586870285892e+01
2.339678648266088601e+01
1.308706854458193014e+00
2.210358261401062308e+01
1.816893118532526330e+01
-1.005817790421552615e+01
-2.012103874374242540e+00
9.400007240259458996e+00
2.550841654733806152e+01
1.724132908617504611e+01
1.321536187860213296e+01
2.602144003659905280e+01
5.224964598610636557e+00
4.833148719814088423e+01
1.762995597990233776e+01
-1.220415630041306088e+01
2.702070864112272019e+01
4.160632634972935051e+01
1.818766428184080652e+01
2.774899777445410010e+01
5.175392844677005399e+01
1.547031162932690496e+00
5.586358821614643944e+01
6.447242896312462790e+01
-2.164457144477373518e+01
3.809723688291582278e+01
4.484141922582351469e+01
4.240209946185192535e+01
-4.779253178284810666e+00
9.063380501056157357e+01
-1.362891387592031123e+01
5.170302718611329595e+01
7.979425401635647574e+01
-8.283927239869072423e+00
2.739478284909619177e+01
1.987729141743725947e+01
8.380701064946320855e+01
-4.289873112604493777e+00
3.515430472436342768e+01
2.365347516036518627e+01
5.678831296873466528e+01
2.657332576417072545e+01
2.497084002497651412e+01
-7.726105434195453370e+00
4.121728125497224937e+01
1.952002994825538806e+01
3.283974539612049881e+01
9.662839900198170184e+00
7.871585522075245756e+00
4.798555256150854120e+01
3.492818204825027095e+01
-2.831609328223870747e+01
2.931344302046030137e+01
1.221217789100279738e+01
-3.080216829829659719e+00
4.893421238448935640e+01
2.238592796385040629e+01
-3.745442562693367705e+01
4.208371164853254243e+01
2.998011830209556905e+01
8.065906379144825777e+00
8.661307147568408915e-01
1.540049293489573579e+01
1.982896136878975923e+00
2.661062792054049098e+01
4.143867410687560948e+01
-1.324803334196947802e+01
1.221739897731117352e+01
4.984268895361513074e+01
-1.350698021325476006e+01
4.607419269974471376e+01
-1.642460626761084086e+01
4.624538013848252405e+01
3.214090334891757550e+01
-3.973256951102491108e+00
4.885803937277621856e+01
2.946918979919548320e+01
1.489755372843190884e+01
1.575164166507955166e+01
4.795550151778729742e+01
3.646420456534173837e+01
-2.436366225790992601e+01
1.039747951554632976e+02
9.254908625148377865e+00
4.886723828191872343e+00
5.621595135261075882e+01
5.911259540442488003e+01
-4.592037196597167359e+00
2.465676637178103903e+01
9.260805367851580172e+01
-3.108887642733293788e+01
6.530714930803181062e+01
3.530797952301148257e+01
-5.732786174586132155e+00
8.190056301299266295e+01
8.902611706099614608e+00
3.895058839862479516e+01
-2.048110612696782695e+01
1.173192641642973228e+02
-3.156058902244262399e+01
7.522110820233959316e+01
2.800683494163761500e-01
9.884730693679051328e+00
5.637381266999911134e+01
3.415271786282682598e+01
4.478904549394772516e+01
-3.517657081712932410e+01
5.813497012722895363e+01
4.720253835624255601e+01
-2.934053633917679704e+00
6.517027682619219320e+01
-8.545370086509956664e+00
4.892127239157849772e+01
4.843760671469951262e+01
4.906751110638094104e+01
-9.954271701060619648e+00
1.549454659133771983e+01
5.473093297058390760e+01
2.286077047388613792e+01
7.937334833049926885e+01
4.855884968871460927e+01
1.008523611120243402e+01
8.013518999141317067e+01
1.579566074825705613e+01
4.285613604090757889e+01
4.819134712463450398e+01
3.892379405413854698e+01
1.923141898322859689e+01
1.132631139304027386e+02
4.487883225178848079e+01
5.182727784328938725e+01
5.618411900806364656e+01
7.638586176060766775e+01
-1.084245149408110009e+00
1.012423276096645850e+02
6.517190457537927273e+01
1.096339970483048987e+01
9.255280917027509702e+01
9.658619258184840461e+00
1.583318611628918120e+02
1.287767055360093948e+01
9.503646213951545008e+01
4.279031885352977405e+00
7.108518702092383990e+01
1.305960317038997403e+02
-5.237193578216095347e+01
1.124519871571714447e+02
7.017029513312400013e+01
7.970213606562649034e+01
4.290986888534144583e+01
1.114505176405960043e+02
-2.574482241480000511e+01
6.841350031357308126e+01
1.119524416494632248e+02
2.044531284081352851e+01
3.526095122778219348e+01
1.010418536448463556e+02
3.259250756356824041e+01
7.672016734841504615e+01
5.504631372029471947e+01
4.020155096847778253e+01
2.131167097416173384e+00
1.120679852095296098e+02
6.404680141377886571e+01
-2.002049378988857242e+01
9.020754109968127921e+01
3.617780269991420283e+01
4.103035237773774924e+01
8.262789207966997651e+01
4.077883482804518422e+01
-4.921105569884884012e+00
7.047187612865788253e+01
8.403655434307360395e+01
-2.603934373917883960e+01
8.124730016451945858e+01
9.962147681024084989e-01
9.765755024186584876e+01
-2.749586814069900687e+00
7.063719767600603916e+01
2.771102452355032497e+01
3.028869057554324229e+01
5.968898296837596718e+01
1.641059932430870560e+01
3.640969960220642321e+01
5.462874208295682621e+01
4.205683336177663989e+01
4.764233754118887276e+01
1.387021822584950437e+00
6.008258920011340365e+01
4.560941204526504578e+01
1.794898632232182223e+01
7.486802838480222988e+01
9.893397502157775136e+00
1.945081511448210421e+01
8.435042930727685473e+01
3.256488675843866787e+01
3.004310605846970716e+01
8.757837737254968502e+00
6.990230864254203880e+01
2.668736065989014605e+01
5.739690485281673205e+01
5.340365148794415262e+01
2.926357085966213489e+01
4.304121242215957466e+01
8.490484106119451368e+00
9.266450444797652564e-01
