6.956227586538885760e-03
5.364794941048457722e-02
2.834454685312097766e-01
7.268409095086201255e-01
1.248540684337769324e+00
1.817163276063281874e+00
2.416620779453548806e+00
3.027489013150777897e+00
3.629349468086068953e+00
4.210244527642348800e+00
4.739355900240780350e+00
5.155520760978378192e+00
5.261132191157782856e+00
5.222984389084277090e+00
5.096166422602299129e+00
4.909164926794918671e+00
4.688765405199285752e+00
4.462481425852500294e+00
4.256298891944358509e+00
4.092633351377268802e+00
3.988471754879676645e+00
3.953595867107916995e+00
3.989073480705249697e+00
4.087450948630046099e+00
4.234574639540880092e+00
4.411729146443608585e+00
4.597840756244468530e+00
4.771708565101002719e+00
4.914152930305727196e+00
5.009906120566046894e+00
5.049073120581777374e+00
5.028025617983637119e+00
4.949644494646366688e+00
4.822893918216291986e+00
4.661784121737250430e+00
4.483842773544995275e+00
4.308258891637033905e+00
4.153889567887009804e+00
4.037328592074835854e+00
3.971226753767614248e+00
3.963026590749199052e+00
4.014231997898523474e+00
4.120279457597988859e+00
4.271017963615270752e+00
4.451744888050741977e+00
4.644690963691105345e+00
4.830804434953238413e+00
4.991656325446008680e+00
5.111278240001640327e+00
5.177752021996278486e+00
5.184396011021450867e+00
5.130433002998742609e+00
5.021076293561717918e+00
4.867027344914286680e+00
4.683436077309620416e+00
4.488426974093161270e+00
4.301336072349303485e+00
4.140831484063628665e+00
4.023100756638240405e+00
3.960281187846384388e+00
3.959284943240910515e+00
4.021131916754077551e+00
4.140853566893418325e+00
4.307975319205299414e+00
4.507528971668159912e+00
4.721495321221295782e+00
4.930535894149554288e+00
5.115845180615215426e+00
5.260943756427880480e+00
5.353239129370423122e+00
5.385204381447045385e+00
5.355062375545896813e+00
5.266911743072580698e+00
5.130285324712216877e+00
4.959186887945870481e+00
4.770702429150611934e+00
4.583323290988642107e+00
4.415145736172348734e+00
4.282122889724838011e+00
4.196539043187362594e+00
4.165853830822816128e+00
4.192026976090247103e+00
4.271386794075456628e+00
4.395052085922689145e+00
4.549862719440561420e+00
4.719724370673982428e+00
4.887232471452347404e+00
5.035413313578498418e+00
5.149409142034356179e+00
5.217940005835624007e+00
5.234397537281988200e+00
5.197462499532398361e+00
5.111185283490132569e+00
4.984521905937571162e+00
4.830372224706390938e+00
4.664216721436098112e+00
4.502488420200822183e+00
4.360843334532251703e+00
4.252503590865341465e+00
4.186840952931513371e+00
4.168345436122974590e+00
4.196086247031525218e+00
4.263724022800201574e+00
4.360078959950223876e+00
4.470204213900689005e+00
4.576863324429765179e+00
4.662269364277273453e+00
4.709916096417684273e+00
4.706320431402448712e+00
4.642502088372303604e+00
4.515050065433439563e+00
4.326664137163640511e+00
4.086109478581308352e+00
3.807578909928695854e+00
3.509514747807696899e+00
3.212995277223934742e+00
2.939834262660303565e+00
2.710571426620452584e+00
2.542544485212721472e+00
2.448227790116537683e+00
2.433999275136395468e+00
2.499458348458897472e+00
2.637366235064813491e+00
2.834221865237285698e+00
3.071426258813790167e+00
3.326932204461394260e+00
3.577229264049155422e+00
3.799481263827468425e+00
3.973617684358198066e+00
4.084183332210236550e+00
4.121772194709383719e+00
4.083909503735993596e+00
3.975297235337325930e+00
3.807397758731633441e+00
3.597392522690158856e+00
3.366611652271866983e+00
3.138580526921388447e+00
2.936866037094689741e+00
2.782924755750147749e+00
2.694155805556911254e+00
2.682342637735866564e+00
2.752631957514818595e+00
2.903147979417870506e+00
3.125280756059521270e+00
3.404624076203681682e+00
3.722477320082905550e+00
4.057772446930660415e+00
4.389246986843519771e+00
4.697660317432142740e+00
4.967845851343625441e+00
5.190406483926846448e+00
5.362893364124674989e+00
5.490355674036525357e+00
5.585207149321288256e+00
5.666418083407723572e+00
5.758103615313632240e+00
5.887634389244237987e+00
6.083439033782691574e+00
6.372695320994624879e+00
6.779115832729626590e+00
7.321023737092195560e+00
8.009885934734175095e+00
8.849427154425718811e+00
9.835393781447573147e+00
1.095597554345862079e+01
1.219283243621952550e+01
1.352261919877143725e+01
1.491885542130379783e+01
1.635396009768554038e+01
1.780125777068346693e+01
1.923677030978582181e+01
2.064063297144085496e+01
2.199801318446614573e+01
2.329946149965382318e+01
2.454068130824414595e+01
2.572176167169785188e+01
2.684597029806500856e+01
2.791824625513091718e+01
2.894356034943440292e+01
2.992532255161878041e+01
3.086400940099273171e+01
3.175616071632605042e+01
3.259385659000483315e+01
3.336473639540123770e+01
3.405256629192747653e+01
3.463830593897965571e+01
3.510157433381238690e+01
3.542237387038417040e+01
3.558290488499907411e+01
3.556929273545537029e+01
3.537305684036265063e+01
3.499217533841463990e+01
3.443163771030479836e+01
3.370342701540014474e+01
3.282592846499185413e+01
3.182281645373311818e+01
3.072152244109546260e+01
2.955142626365542213e+01
2.834193961084606883e+01
2.712065994145182302e+01
2.591176512553933264e+01
2.473479436948938215e+01
2.360392197818571702e+01
2.252778110011625756e+01
2.150983969308061106e+01
2.054927599465210974e+01
1.964225124705612302e+01
1.878343824411010132e+01
1.796763935016355873e+01
1.719131948707124735e+01
1.645388902996059954e+01
1.575859767781806120e+01
1.511294058481242608e+01
1.452852834996131826e+01
1.402042783910528989e+01
1.360603569901311971e+01
1.330359528685587733e+01
1.313050562258901444e+01
1.310159399368667899e+01
1.322752958575438420e+01
1.351354328227713175e+01
1.395858967621869162e+01
1.455504417305755105e+01
1.528897508300605246e+01
1.614097306695928324e+01
1.708746398873933359e+01
1.810238183997380901e+01
1.915904100807622967e+01
2.023202566324709295e+01
2.129891080054599684e+01
2.234164503069075636e+01
2.334745822523775516e+01
2.430920447108897520e+01
2.522510787467489024e+01
2.609793993383134847e+01
2.693371632965769535e+01
2.774005206107827703e+01
2.852435154996036459e+01
2.929203064251338162e+01
3.004496796381437562e+01
3.078036343147141096e+01
3.149014350329345291e+01
3.216099941419649610e+01
3.277508131522392176e+01
3.331130402481643671e+01
3.374715570440956469e+01
3.406084569143059326e+01
3.423358767700374017e+01
3.425179373574186314e+01
3.410895589696083618e+01
3.380701536848090427e+01
3.335706336824360818e+01
3.277927790957303245e+01
3.210207223211790506e+01
3.136050608411094487e+01
3.059408340244193880e+01
2.984412192474339420e+01
2.915092559093298519e+01
2.855101444580670744e+01
2.807466634334093669e+01
2.774399960478319471e+01
2.757177784054790237e+01
2.756105162979229561e+01
2.770567278908172426e+01
2.799163302806131881e+01
2.839909800458023170e+01
2.890493813617758789e+01
2.948550606050449474e+01
3.011938279497734428e+01
3.078981366059126401e+01
3.148658158182585609e+01
3.220711744822161648e+01
3.295672027320610198e+01
3.374784720444035457e+01
3.459852676772576530e+01
3.553003902140808634e+01
3.656408459872406524e+01
3.771972291497895924e+01
3.901039186471658127e+01
4.044132328756419525e+01
4.200763933517654181e+01
4.369335662674065190e+01
4.547144262490377287e+01
4.730496937203361796e+01
4.914930280847298860e+01
5.095516155250106749e+01
5.267228749148486600e+01
5.425340109680042389e+01
5.565807443949064037e+01
5.685614922046605102e+01
5.783035734286102780e+01
5.857786584262389340e+01
5.911056122690033732e+01
5.945400239065600090e+01
5.964509599391413275e+01
5.972867187049070736e+01
5.975324684205959613e+01
5.976635224146642855e+01
5.980985446337628275e+01
5.991571277371539139e+01
6.010259176332465358e+01
6.037367844629404345e+01
6.071595117565705380e+01
6.110101788120310573e+01
6.148749602646685730e+01
6.182475934115936411e+01
6.205774063627234227e+01
6.213236901589618100e+01
6.200114481310217940e+01
6.162832482541792700e+01
6.099420825654487999e+01
6.009808013209691069e+01
5.895947926806934447e+01
5.761760331407609925e+01
5.612883160470219934e+01
5.456252265677403557e+01
5.299541105934245167e+01
5.150507235968016317e+01
5.016303019462251456e+01
4.902813625015658516e+01
4.814085372446087518e+01
4.751901682707158159e+01
4.715552573131642333e+01
4.701827665894615649e+01
4.705243321318444316e+01
4.718493391138250814e+01
4.733092049599771656e+01
4.740158121951238002e+01
4.731275131180220228e+01
4.699351488967962354e+01
4.639401945791054516e+01
4.549175022403505864e+01
4.429561358562510520e+01
4.284733687698496141e+01
4.121989153834963560e+01
3.951288420063730200e+01
3.784514271133861740e+01
3.634503645582317688e+01
3.513933577359202332e+01
3.434156204487738506e+01
3.404079793145330513e+01
3.429177213132657442e+01
3.510652835165947749e+01
3.644742405409674291e+01
3.822189377220718853e+01
4.028455362481152946e+01
4.245127860758571359e+01
4.451786603884657723e+01
4.627612151194090018e+01
4.752830669569365796e+01
4.810089088292185977e+01
4.781128881137944830e+01
4.637356691716006907e+01
4.290960825996565831e+01
3.770592016028545856e+01
3.217735606749729982e+01
2.662330128430195586e+01
2.117605818227320924e+01
1.598251277292190586e+01
1.118304362279693187e+01
6.847662959421337625e+00
3.178917330792241813e+00
5.317396594809158383e-01
4.784764727587335897e-02
