4.469082071780764581e-03
3.472897977187669460e-02
1.844592290536615498e-01
4.806233795983876900e-01
8.466117225433751337e-01
1.269222419674341573e+00
1.743705410146540791e+00
2.261591412065801165e+00
2.811576299052856776e+00
3.385156734633896214e+00
3.959125951674132615e+00
4.487425527755219079e+00
4.831684757426236487e+00
5.077657301582033433e+00
5.241986702092032324e+00
5.325840569487654719e+00
5.331846539300638455e+00
5.267020007108362378e+00
5.142477853640489371e+00
4.972857816663169395e+00
4.775376171692675697e+00
4.568452791449976402e+00
4.369993959314182774e+00
4.196038635652112880e+00
4.059885033278860966e+00
3.971292369526019161e+00
3.935814349211812058e+00
3.954406943841579647e+00
4.023400016005105329e+00
4.134858392774424907e+00
4.277312734696662844e+00
4.436802928279322877e+00
4.598144751534359642e+00
4.746307787869832318e+00
4.867781103129861897e+00
4.951802287753412912e+00
4.991335147340572043e+00
4.983702118695822136e+00
4.930808224411291185e+00
4.838931261338968781e+00
4.718094221257931764e+00
4.581076563665465784e+00
4.442156821572286418e+00
4.315706446626754733e+00
4.214770888058256837e+00
4.149776829382182619e+00
4.127493742209938254e+00
4.150354289102491379e+00
4.216203758334283513e+00
4.318506901909689333e+00
4.446995341364444521e+00
4.588694581047024990e+00
4.729231066395147565e+00
4.854290599062547784e+00
4.951082830187170991e+00
5.009664337202137219e+00
5.023985364005397969e+00
4.992551597810780173e+00
4.918629897767398340e+00
4.809972040799971538e+00
4.678078853331305353e+00
4.537073722011281340e+00
4.402294699313808124e+00
4.288744106006530110e+00
4.209550561417726655e+00
4.174598966045373061e+00
4.189468880106565152e+00
4.254792327963373921e+00
4.366101117479891158e+00
4.514185296987895057e+00
4.685933186912488502e+00
4.865574651305657028e+00
5.036207860422604377e+00
5.181459991342403981e+00
5.287117242665283712e+00
5.342560868028112253e+00
5.341863688235866547e+00
5.284434091267077527e+00
5.175138731971905770e+00
5.023886651966371630e+00
4.844711231213059577e+00
4.654436866960663721e+00
4.471059441850488092e+00
4.311999177527041205e+00
4.192398300655292509e+00
4.123632565141352124e+00
4.112185296163029413e+00
4.158997186904930032e+00
4.259358063196733823e+00
4.403352906585756621e+00
4.576818996450963795e+00
4.762719689205075824e+00
4.942798312689391516e+00
5.099347222092094789e+00
5.216915192001801316e+00
5.283782296092240927e+00
5.293054733850151017e+00
5.243270419031464513e+00
5.138455717572409043e+00
4.987629517394729817e+00
4.803807167549029700e+00
4.602607985697990678e+00
4.400610741747081889e+00
4.213627557502605647e+00
4.055075268335359695e+00
3.934613490716943662e+00
3.857191327929259117e+00
3.822602527586770105e+00
3.825596222267822366e+00
3.856532500532585672e+00
3.902514909891595440e+00
3.948881499270998408e+00
3.980897445716150784e+00
3.985469776201564063e+00
3.952700674398804903e+00
3.877110953461142984e+00
3.758398113812369878e+00
3.601640779460638875e+00
3.416918473248598875e+00
3.218376843261736120e+00
3.022827303563665247e+00
2.848020478592094396e+00
2.710769510552980766e+00
2.625118220796776036e+00
2.600748101345779162e+00
2.641796965792467144e+00
2.746222690910438136e+00
2.905791613281789587e+00
3.106708128884668962e+00
3.330836211783099188e+00
3.557401634724699502e+00
3.765012052765420503e+00
3.933796254742282006e+00
4.047447721357093187e+00
4.094963127640444789e+00
4.071893388130994218e+00
3.980970873515821129e+00
3.832037160006629861e+00
3.641265179095891646e+00
3.429741005881715932e+00
3.221536554009420961e+00
3.041458359507966502e+00
2.912693780577291225e+00
2.854590370007935807e+00
2.880795076109788688e+00
2.997947824880212941e+00
3.205071781710875811e+00
3.493735104739176922e+00
3.848982806166984627e+00
4.250959924557865754e+00
4.677076304131174034e+00
5.104506061499854752e+00
5.512777216491016929e+00
5.886193019064569931e+00
6.215837965333006032e+00
6.500957604666371736e+00
6.749558779859010649e+00
6.978150527677430937e+00
7.210628453638691759e+00
7.476388960953131324e+00
7.807836045704741323e+00
8.237504876028888035e+00
8.795066840044007961e+00
9.504495973167232492e+00
1.038166490337802905e+01
1.143260056874379949e+01
1.265256942975040388e+01
1.402608444308900637e+01
1.552783911868206168e+01
1.712448597353045798e+01
1.877709621543876750e+01
2.044407244543164737e+01
2.208424299963220960e+01
2.365984958464652621e+01
2.513915086460506032e+01
2.649840265670519202e+01
2.772303674436463083e+01
2.880793906298720941e+01
2.975681645196047498e+01
3.058073060996164827e+01
3.129595952011565174e+01
3.192141235071540706e+01
3.247586715638151844e+01
3.297531727486887121e+01
3.343070044677680386e+01
3.384624550710844915e+01
3.421860885268715435e+01
3.453689296506409789e+01
3.478354998812382348e+01
3.493608359993078238e+01
3.496938112886579830e+01
3.485844317517737778e+01
3.458123640889665751e+01
3.412138093616076162e+01
3.347039815763945825e+01
3.262928701285767374e+01
3.160926179747558251e+01
3.043156690147302257e+01
2.912637468715083244e+01
2.773086325815332032e+01
2.628665202697879266e+01
2.483683664718508055e+01
2.342290464768071345e+01
2.208182497622673424e+01
2.084358739822620166e+01
1.972942299065534755e+01
1.875086925832301077e+01
1.790975943367856615e+01
1.719912369707806832e+01
1.660489956896980246e+01
1.610826865553815423e+01
1.568837531775218253e+01
1.532514587753143154e+01
1.500191839677894734e+01
1.470761373338882017e+01
1.443822641230210024e+01
1.419748402324747083e+01
1.399660928003307880e+01
1.385321090696487367e+01
1.378941883257364509e+01
1.382945670694755513e+01
1.399690263456710149e+01
1.431192133052589988e+01
1.478875435240527914e+01
1.543372925163083664e+01
1.624399602363438078e+01
1.720712543495730529e+01
1.830161617623226533e+01
1.949826527236404416e+01
2.076226823834949187e+01
2.205584112305373523e+01
2.334110349066462931e+01
2.458293505291521441e+01
2.575152185967505503e+01
2.682434043208763441e+01
2.778738671854307185e+01
2.863553531287117337e+01
2.937200494298621933e+01
3.000699948291233810e+01
3.055567999980222282e+01
3.103569362323724690e+01
3.146453191627708179e+01
3.185700990692006584e+01
3.222314488317306314e+01
3.256667249303794165e+01
3.288437072068932565e+01
3.316627670377981474e+01
3.339678588430651018e+01
3.355652752791428384e+01
3.362482518559615130e+01
3.358248425888324817e+01
3.341460864010108622e+01
3.311313896962108316e+01
3.267882778071307825e+01
3.212241976826901890e+01
3.146488353735777821e+01
3.073663670237688450e+01
2.997580944994431462e+01
2.922569204596574011e+01
2.853159880414931848e+01
2.793744551306953383e+01
2.748237221357145543e+01
2.719774445485784398e+01
2.710483308135489366e+01
2.721340809524768645e+01
2.752139237578488817e+01
2.801561489676451444e+01
2.867359128155856496e+01
2.946615354159920486e+01
3.036066171764458232e+01
3.132446738223960736e+01
3.232826950106496611e+01
3.334901060206899359e+01
3.437200542353336630e+01
3.539207126010852278e+01
3.641353168712212351e+01
3.744908303867867261e+01
3.851763399392963549e+01
3.964134036374861125e+01
4.084214784595254599e+01
4.213821524455173773e+01
4.354061253163280298e+01
4.505066903619374585e+01
4.665828800403067333e+01
4.834144996726432453e+01
5.006700768122841083e+01
5.179274160115124204e+01
5.347051049291299307e+01
5.505021071008897593e+01
5.648416281585356558e+01
5.773148611608373670e+01
5.876200733877385574e+01
5.955928188526630862e+01
6.012238284395012755e+01
6.046622774013174961e+01
6.062035517620522285e+01
6.062621938077062822e+01
6.053322473575257590e+01
6.039385882469446187e+01
6.025838700368824874e+01
6.016963231628892572e+01
6.015837419993437152e+01
6.023985525067866575e+01
6.041179005726631601e+01
6.065413174023591836e+01
6.093068286958225599e+01
6.119245387480707166e+01
6.138249185415502041e+01
6.144174401480961478e+01
6.131539943881904975e+01
6.095908380653476399e+01
6.034427276594900036e+01
5.946234377068675769e+01
5.832680022785415730e+01
5.697336648113731172e+01
5.545785298297762012e+01
5.385190941854363444e+01
5.223699862035560670e+01
5.069711456700640895e+01
4.931091400011457893e+01
4.814401729321281209e+01
4.724224956607888970e+01
4.662653356725883214e+01
4.629001452664176952e+01
4.619780395011628116e+01
4.628949035271563162e+01
4.648430136318074801e+01
4.668853802489629601e+01
4.680466428771225651e+01
4.674124696811091439e+01
4.642282365478641282e+01
4.579874083617223590e+01
4.485005560311014250e+01
4.359372576136456701e+01
4.208351423607496145e+01
4.040730032730226640e+01
3.868083099325360763e+01
3.703833981492444849e+01
3.562081893338739746e+01
3.456296323687760008e+01
3.397989849963115461e+01
3.395470294963764246e+01
3.452723900634612164e+01
3.568423626675714644e+01
3.735132071004226617e+01
3.939321864881078028e+01
4.162732704864777844e+01
4.384283533242345499e+01
4.581772084172852999e+01
4.733459327919148762e+01
4.819633013632893892e+01
4.819286776914721315e+01
4.700424230442283857e+01
4.369020881865510830e+01
3.853138175239456586e+01
3.299624506914312860e+01
2.739294798242073625e+01
2.185828353325719320e+01
1.654718683249211608e+01
1.161032014385305011e+01
7.126608977218944041e+00
3.314976391294772284e+00
5.547721338205864328e-01
4.994324695895309418e-02
