-5.269703283714650879e-04
-4.110324513441464961e-03
-2.189066949898285652e-02
-5.749922953762218181e-02
-1.026214987249520760e-01
-1.563958458197989843e-01
-2.190667797778300674e-01
-2.905591962321338872e-01
-3.705521164143097401e-01
-4.591014429622164439e-01
-5.545397167715560016e-01
-6.524132405482168107e-01
-7.371329838535580770e-01
-8.188540901461545118e-01
-8.994161706005265877e-01
-9.784809257404001315e-01
-1.055467393306453339e+00
-1.129896414182608222e+00
-1.201393160379234271e+00
-1.269686218684834333e+00
-1.334593763546895850e+00
-1.395984286728302326e+00
-1.453714003859865045e+00
-1.507606720166933201e+00
-1.557478414409374068e+00
-1.603153048691617677e+00
-1.644465965867482282e+00
-1.681262306579181853e+00
-1.713395044835591463e+00
-1.740723841503911906e+00
-1.763114794306399169e+00
-1.780440806835807521e+00
-1.792582144796655896e+00
-1.799426844082464783e+00
-1.800870912547724245e+00
-1.796818430953415202e+00
-1.787181643730801461e+00
-1.771881068410392501e+00
-1.750845616331885957e+00
-1.724012709604444638e+00
-1.691328384202156698e+00
-1.652747375916151285e+00
-1.608233190238737009e+00
-1.557758158365617263e+00
-1.501303480634051724e+00
-1.438859257574584660e+00
-1.370424508197247704e+00
-1.296007175118079502e+00
-1.215624116338091198e+00
-1.129301083653313498e+00
-1.037072687761892098e+00
-9.389823501382803528e-01
-8.350822417428229727e-01
-7.254332086235564248e-01
-6.101046844871778063e-01
-4.891745903302950893e-01
-3.627292212496779911e-01
-2.308631205690225840e-01
-9.367894143714927679e-02
4.871270392670723481e-02
1.961934071531352686e-01
3.486371385984901039e-01
5.059104339538773587e-01
6.678725923452502045e-01
8.343758856671321666e-01
1.005265778876059279e+00
1.180381160953825059e+00
1.359554586235480755e+00
1.542612525781613009e+00
1.729375628460360304e+00
1.919658991389630032e+00
2.113272439376964407e+00
2.310020812980621230e+00
2.509704264802739004e+00
2.712118563613584499e+00
2.917055405893056452e+00
3.124302734365534739e+00
3.333645063092688154e+00
3.544863808678829109e+00
3.757737627133794334e+00
3.972042755929799718e+00
4.187553360779572742e+00
4.404041886655951643e+00
4.621279412565865385e+00
4.839036009584582132e+00
5.057081101651444754e+00
5.275183828621772264e+00
5.493113411066056884e+00
5.710639516303545271e+00
5.927532625153695278e+00
6.143564398887228606e+00
6.358508045855998603e+00
6.572138687280559388e+00
6.784233721673242457e+00
6.994573187375109136e+00
7.202940122686474211e+00
7.409120923071899512e+00
7.612905694923032485e+00
7.814088605366341866e+00
8.012468227605596738e+00
8.207847881294398462e+00
8.400035967438554962e+00
8.588846297334113089e+00
8.774098415053785516e+00
8.955617913000835983e+00
9.133236740058247705e+00
9.306793501868817486e+00
9.476133752791191966e+00
9.641110279086692714e+00
9.801583372902012314e+00
9.957421096623802370e+00
1.010849953719284855e+01
1.025470304997763904e+01
1.039592449181986034e+01
1.053206544287729685e+01
1.066303641690399395e+01
1.078875705962123632e+01
1.090915633484812375e+01
1.102417269807527589e+01
1.113375425718168188e+01
1.123785892001010467e+01
1.133645452853345148e+01
1.142951897936156058e+01
1.151704033035484009e+01
1.159901689312944484e+01
1.167545731125611397e+01
1.174638062397374760e+01
1.181181631525705811e+01
1.187180434809669727e+01
1.192639518386937780e+01
1.197564978669506175e+01
1.201963961269728465e+01
1.205844658410338077e+01
1.209216304814038168e+01
1.212089172070247400e+01
1.214474561478684578e+01
1.216384795371349270e+01
1.217833206916593625e+01
1.218834128410960993e+01
1.219402878066448714e+01
1.219555745302943706e+01
1.219309974557506315e+01
1.218683747624255354e+01
1.217696164540535442e+01
1.216367223037049428e+01
1.214717796571612851e+01
1.212769610968081047e+01
1.210545219683949547e+01
1.208067977732028098e+01
1.205362014283426930e+01
1.202452203980936218e+01
1.199364136993721175e+01
1.196124087845953099e+01
1.192758983053825617e+01
1.189296367607009230e+01
1.185764370332319828e+01
1.182191668178957045e+01
1.178607449466240986e+01
1.175041376136294602e+01
1.171523545055599413e+01
1.168084448410752429e+01
1.164754933245143675e+01
1.161566160184548302e+01
1.158549561400919714e+01
1.155736797864837229e+01
1.153159715938202723e+01
1.150850303359869997e+01
1.148840644677865441e+01
1.147162876182841451e+01
1.145849140398251720e+01
1.144931540183565666e+01
1.144442092507573250e+01
1.144412681949511423e+01
1.144875013986322543e+01
1.145860568124933287e+01
1.147400550938823294e+01
1.149525849068633399e+01
1.152266982246766958e+01
1.155654056406276808e+01
1.159716716934398306e+01
1.164484102131251930e+01
1.169984796934186022e+01
1.176246786968198776e+01
1.183297412982735608e+01
1.191163325734919809e+01
1.199870441378998187e+01
1.209443897421384762e+01
1.219908009300301899e+01
1.231286227648415732e+01
1.243601096296323227e+01
1.256874211074064540e+01
1.271126179467094985e+01
1.286376581182316059e+01
1.302643929678885293e+01
1.319945634717610083e+01
1.338297965981630355e+01
1.357716017820030352e+01
1.378213675164875696e+01
1.399803580670934089e+01
1.422497103125983031e+01
1.446304307178341020e+01
1.471233924426791972e+01
1.497293325916551154e+01
1.524488496083479916e+01
1.552824008187034011e+01
1.582303001270945231e+01
1.612927158688697915e+01
1.644696688229371873e+01
1.677610303877396802e+01
1.711665209238016416e+01
1.746857082658405247e+01
1.783180064072293547e+01
1.820626743594115382e+01
1.859188151886634444e+01
1.898853752323906718e+01
1.939611434969405224e+01
1.981447512387008913e+01
2.024346717300363707e+01
2.068292202114008660e+01
2.113265540307460810e+01
2.159246729711171042e+01
2.206214197671150146e+01
2.254144808106702413e+01
2.303013870463484380e+01
2.352795150561897231e+01
2.403460883338432552e+01
2.454981787475423616e+01
2.507327081912277578e+01
2.560464504229075189e+01
2.614360330891057771e+01
2.668979399340339853e+01
2.724285131918864877e+01
2.780239561604404841e+01
2.836803359539160851e+01
2.893935864328343399e+01
2.951595113083857314e+01
3.009737874186119200e+01
3.068319681734841708e+01
3.127294871657533548e+01
3.186616619442379061e+01
3.246236979460083205e+01
3.306106925837364230e+01
3.366176394842605646e+01
3.426394328742491524e+01
3.486708721086371554e+01
3.547066663373364293e+01
3.607414393055373836e+01
3.667697342827497664e+01
3.727860191155548364e+01
3.787846913988896347e+01
3.847600837605089907e+01
3.907064692531424299e+01
3.966180668486952499e+01
4.024890470287204636e+01
4.083135374652484728e+01
4.140856287859360663e+01
4.197993804173801635e+01
4.254488265003261915e+01
4.310279818704000121e+01
4.365308480978916350e+01
4.419514195800315548e+01
4.472836896791144312e+01
4.525216568997537081e+01
4.576593310984814167e+01
4.626907397188521998e+01
4.676099340451467157e+01
4.724109954677457779e+01
4.770880417531944317e+01
4.816352333119537832e+01
4.860467794568237565e+01
4.903169446450036162e+01
4.944400546967511900e+01
4.984105029836211287e+01
5.022227565792605475e+01
5.058713623657714464e+01
5.093509530886800007e+01
5.126562533535846455e+01
5.157820855576139252e+01
5.187233757488623809e+01
5.214751594070552443e+01
5.240325871387494772e+01
5.263909302804638912e+01
5.285455864032158502e+01
5.304920847120402527e+01
5.322260913341637689e+01
5.337434144896210597e+01
5.350400095382163101e+01
5.361119838968568274e+01
5.369556018214191084e+01
5.375672890474451293e+01
5.379436372841158231e+01
5.380814085560934501e+01
5.379775393879962309e+01
5.376291448264212391e+01
5.370335222946109610e+01
5.361881552750367064e+01
5.350907168153485571e+01
5.337390728533408435e+01
5.321312853567681600e+01
5.302656152740490825e+01
5.281405252921014437e+01
5.257546823977641282e+01
5.231069602394615714e+01
5.201964412860040454e+01
5.170224187796172544e+01
5.135843984805293871e+01
5.098821002006737046e+01
5.059154591243061816e+01
5.016846269135847081e+01
4.971899725973999296e+01
4.924320832419539329e+01
4.874117644017533024e+01
4.821300403498418774e+01
4.765881540863677657e+01
4.707875671250910443e+01
4.647299590582188245e+01
4.584172269006519684e+01
4.518514842145056321e+01
4.450350600128084011e+01
4.379704974379531990e+01
4.306605522087480153e+01
4.231081908353964849e+01
4.153165886189415090e+01
4.072891274757386526e+01
3.990293936337651104e+01
3.905411751944760823e+01
3.818284594215042915e+01
3.728954294798229796e+01
3.637464604032915361e+01
3.543861145216412467e+01
3.448191374208808924e+01
3.350504562809122433e+01
3.250851819373232843e+01
3.149286123484590760e+01
3.045862278833164893e+01
2.940636643594243438e+01
2.833666630531882902e+01
2.725010310869416585e+01
2.614726711624811273e+01
2.502877293632914046e+01
2.389528623246172856e+01
2.274754980260533443e+01
2.158636078600189379e+01
2.041241655173824299e+01
1.922602312571830296e+01
1.802711111208020611e+01
1.681593437534966995e+01
1.559384317112158591e+01
1.436360431828475015e+01
1.312945500185279180e+01
1.189706574429421870e+01
1.066787609428781103e+01
9.426320887406184568e+00
8.079673967391205025e+00
6.672687893523240099e+00
5.377137135750581720e+00
4.216916918077973975e+00
3.191966108461922857e+00
2.302322381071456370e+00
1.546377966535350534e+00
9.140333045627516695e-01
4.124333547192990945e-01
6.849446119798885402e-02
6.122384006831008661e-03
