1.359630741022628715e-02
1.031412766730635672e-01
5.388252692915871389e-01
1.333739221371126105e+00
2.164827288931401306e+00
2.945643879510953411e+00
3.638708447652208910e+00
4.217699921085572790e+00
4.671357565852250815e+00
5.018607092346292653e+00
5.248148755453561520e+00
5.295343732477410192e+00
4.838753137265393356e+00
4.309618052325865811e+00
3.870221953988732366e+00
3.590418992286446453e+00
3.498419515870196506e+00
3.589890797351096285e+00
3.832450654704733228e+00
4.174170630737290111e+00
4.553561307425999516e+00
4.908328167508053674e+00
5.181876471155120178e+00
5.332007582060318995e+00
5.339904495294186759e+00
5.213225116509947910e+00
4.983059454643771424e+00
4.696471041261897739e+00
4.406706432018763664e+00
4.163119670630320179e+00
4.002656171378107253e+00
3.944271682372576304e+00
3.987005285042194203e+00
4.111760116290296807e+00
4.286258632388182832e+00
4.472124503957344288e+00
4.632677625877947847e+00
4.739929812278719012e+00
4.779473226751904669e+00
4.752412076027631826e+00
4.674097213547599772e+00
4.570056221799474017e+00
4.470043726912249049e+00
4.401469629280561513e+00
4.383541339470139242e+00
4.423274700357323397e+00
4.514129385016803830e+00
4.637489266538787902e+00
4.766641567949744029e+00
4.872419900243592394e+00
4.929358550333960309e+00
4.921117446787302008e+00
4.844092905312073150e+00
4.708495175681435718e+00
4.536676511234340126e+00
4.359034069478910922e+00
4.208285428074889367e+00
4.113229942543883411e+00
4.093206960652801207e+00
4.154324792493050644e+00
4.288190326608059877e+00
4.473385807066518005e+00
4.679410353072134932e+00
4.872331258562821787e+00
5.021064469116217843e+00
5.103086722924559560e+00
5.108495130593540878e+00
5.041650680618634972e+00
4.920107865568544625e+00
4.771053390255688420e+00
4.625952641737089088e+00
4.514442206086206610e+00
4.458645583518746847e+00
4.469001478056744858e+00
4.542397273056261398e+00
4.662952247794608596e+00
4.805282324441413344e+00
4.939599460460728508e+00
5.037646270074537469e+00
5.078307723700934417e+00
5.051807139251874190e+00
4.961670308410029762e+00
4.824076001557657811e+00
4.664719389629155444e+00
4.513798950021503664e+00
4.400103597643505005e+00
4.345354082146571706e+00
4.359906369467860365e+00
4.440663072109096277e+00
4.571611871562824447e+00
4.726899272845241029e+00
4.875852405856474725e+00
4.988977010124267863e+00
5.043761394621757432e+00
5.029143782352778480e+00
4.947750452389764853e+00
4.815438002317327992e+00
4.658194126170029037e+00
4.506967776991531061e+00
4.391411683541090127e+00
4.333747265312733354e+00
4.343958135342823823e+00
4.417281545624982542e+00
4.534539917173490586e+00
4.665316540382239197e+00
4.773432264876914743e+00
4.823728075801909654e+00
4.788889442828144993e+00
4.655015954124365862e+00
4.424853319397067608e+00
4.118027008670732236e+00
3.768170217587696769e+00
3.417420384163241120e+00
3.109258524589574524e+00
2.880988834608991134e+00
2.757239371963274621e+00
2.745689900283283524e+00
2.835830382112842329e+00
3.000996688948646351e+00
3.203322175433884755e+00
3.400698725222032870e+00
3.554461750654484220e+00
3.636373058278640436e+00
3.633601753241289423e+00
3.550774643028921318e+00
3.408715722181012264e+00
3.240117177594486808e+00
3.082964940829099998e+00
2.972970181722604632e+00
2.936452225840300301e+00
2.985039751628248528e+00
3.113218606111074038e+00
3.299218271007057890e+00
3.509094978006394250e+00
3.703257151124146329e+00
3.844204638666018692e+00
3.904008383842085372e+00
3.870090457178695154e+00
3.748172186071151213e+00
3.561784841294026283e+00
3.348385283377915300e+00
3.152766436747942880e+00
3.018976536218771489e+00
2.982260912336164971e+00
3.062556161726363246e+00
3.260792496601600199e+00
3.558744398257677855e+00
3.922507273662942495e+00
4.308992419500069282e+00
4.674253855642048983e+00
4.982099486571331504e+00
5.211366697363259526e+00
5.360476170557123332e+00
5.448376915982088953e+00
5.511668870778867912e+00
5.598411356577399189e+00
5.759759678431743524e+00
6.040996522427685811e+00
6.473655929598018943e+00
7.070246331484639768e+00
7.822597071985548212e+00
8.704167405100387001e+00
9.675895623892532882e+00
1.069447281218593737e+01
1.172143438315978159e+01
1.273127085914929957e+01
1.371691000749456535e+01
1.469139410133102253e+01
1.568528603197579230e+01
1.674015666452050155e+01
1.789928018676069854e+01
1.919724614864797374e+01
2.065047116965610741e+01
2.225049982119986325e+01
2.396153049083565989e+01
2.572286327412630769e+01
2.745607336690328992e+01
2.907582729902084040e+01
3.050254544784396415e+01
3.167470940290995784e+01
3.255859983403603763e+01
3.315364212027375856e+01
3.349227160868171183e+01
3.363418220762709154e+01
3.365582286735355666e+01
3.363687573516924090e+01
3.364602716237728686e+01
3.372851806559961574e+01
3.389769414411613013e+01
3.413210912736389702e+01
3.437877879939352965e+01
3.456210700080714560e+01
3.459699834953242714e+01
3.440391715684599916e+01
3.392328603761394845e+01
3.312671061580915932e+01
3.202305626781989645e+01
3.065829633915279118e+01
2.910914157837546412e+01
2.747155391279597225e+01
2.584614852189291767e+01
2.432303429851781473e+01
2.296873509636525412e+01
2.181745485597896206e+01
2.086816600170763891e+01
2.008795289254612371e+01
1.942091920840432806e+01
1.880097269439071894e+01
1.816611276219331117e+01
1.747159069967081635e+01
1.669953499669088615e+01
1.586329489589447306e+01
1.500573322392271791e+01
1.419181627526509004e+01
1.349689980288300184e+01
1.299290344183158652e+01
1.273495547340102796e+01
1.275100374861120933e+01
1.303634195490143632e+01
1.355409293758528833e+01
1.424158873173091777e+01
1.502149280145313881e+01
1.581562535171223871e+01
1.655894119350965710e+01
1.721106709189134776e+01
1.776324144309283071e+01
1.823933512440898852e+01
1.869071613533326115e+01
1.918585374510035990e+01
1.979653202734630213e+01
2.058317814026986525e+01
2.158198942155795663e+01
2.279623084974145542e+01
2.419332644323762693e+01
2.570832072369644550e+01
2.725313087679791835e+01
2.872995842166846003e+01
3.004647411252113542e+01
3.113007021803763053e+01
3.193864903876200856e+01
3.246605332952747602e+01
3.274122580770300317e+01
3.282133015225389272e+01
3.278016362412406437e+01
3.269403931474186464e+01
3.262775807725732591e+01
3.262324579004442171e+01
3.269291051527630998e+01
3.281887476805214021e+01
3.295812931060756767e+01
3.305254438925031479e+01
3.304177005821687629e+01
3.287652834087364084e+01
3.252974507603028798e+01
3.200339779555737607e+01
3.132978611420709214e+01
3.056700510802717474e+01
2.978951577279329044e+01
2.907564763386127638e+01
2.849445683101660265e+01
2.809448493202147645e+01
2.789659421706104681e+01
2.789226294602737610e+01
2.804765934101068936e+01
2.831267932894181527e+01
2.863314920085613480e+01
2.896375235922625535e+01
2.927906768289030381e+01
2.958044514484772947e+01
2.989723382516045547e+01
3.028197208482103164e+01
3.080034191830069545e+01
3.151774951202839503e+01
3.248511326615952299e+01
3.372667216227569753e+01
3.523231557713580742e+01
3.695612815195853074e+01
3.882168430488371769e+01
4.073333151384403550e+01
4.259151600400956994e+01
4.430936026101855418e+01
4.582737053190393794e+01
4.712341200484207349e+01
4.821590652592045956e+01
4.915944191225518978e+01
5.003340911314101191e+01
5.092563660291774852e+01
5.191400999649211201e+01
5.304954470131576016e+01
5.434421268115509207e+01
5.576602292346529310e+01
5.724255153526394224e+01
5.867254325730239373e+01
5.994365157771225228e+01
6.095314482576280568e+01
6.162772570896689217e+01
6.193863893236612483e+01
6.190899447184277449e+01
6.161159539772417304e+01
6.115729323135268203e+01
6.067568719827676915e+01
6.029150131184360362e+01
6.010092020239949306e+01
6.015234292025804308e+01
6.043536233442564054e+01
6.088038775465533803e+01
6.136943241451360365e+01
6.175652028257598403e+01
6.189430688471949793e+01
6.166221005589481052e+01
6.099087116188871960e+01
5.987823477699483021e+01
5.839389456323047511e+01
5.667038809148333200e+01
5.488248401120331721e+01
5.321776876370393694e+01
5.184358624805044968e+01
5.087627071729612993e+01
5.035844332474083274e+01
5.024890480072625110e+01
5.042753471802736698e+01
5.071495492153554352e+01
5.090399501537945781e+01
5.079770499331632294e+01
5.024722779096207148e+01
4.918256534878251784e+01
4.763024171059412026e+01
4.571396571722879543e+01
4.363730416959676006e+01
4.165061751556253711e+01
4.000751751179087279e+01
3.891831319537773481e+01
3.850885251441360424e+01
3.879257145376593741e+01
3.966144778672632754e+01
4.089832564257904579e+01
4.220950470995484238e+01
4.327328075792376438e+01
4.379742743844438024e+01
4.357648062367101005e+01
4.253863924723727763e+01
4.077242616194102709e+01
3.852430285460196302e+01
3.616096238297046028e+01
3.409853965598527736e+01
3.272733996967105696e+01
3.236273452456665467e+01
3.320786207484195529e+01
3.531218692087316668e+01
3.854002529329614646e+01
4.256284893158243676e+01
4.678642112569737321e+01
5.018405830501085774e+01
5.033488328923459676e+01
4.711752008577813200e+01
4.287368572522289867e+01
3.787738133694990950e+01
3.214976650017091941e+01
2.583492380963805601e+01
1.917303520166765196e+01
1.236840325366017268e+01
5.992238170300567823e+00
1.012826664508877039e+00
9.203569638031616762e-02
