8.220695162919296195e-03
6.338338082846717292e-02
3.347602436473436360e-01
8.574816308184598501e-01
1.468756523162338512e+00
2.125950675591396166e+00
2.802485176501983144e+00
3.467114636821611029e+00
4.088551835976065085e+00
4.648632072230568291e+00
5.111648407488309509e+00
5.411603879040010945e+00
5.326805497496450492e+00
5.071596932343233277e+00
4.733412550180263523e+00
4.370797129317440799e+00
4.038949157093228770e+00
3.787919007938724381e+00
3.655558256594570121e+00
3.662043393253399337e+00
3.806803056431375065e+00
4.068177787287048375e+00
4.405841936426082128e+00
4.766660629265693672e+00
5.093246798040165224e+00
5.333184628701781449e+00
5.447476202451404070e+00
5.416943821842545859e+00
5.245525666470496340e+00
4.959832287344763557e+00
4.604949811814440075e+00
4.237137044717086631e+00
3.914622358654636702e+00
3.688044392034405039e+00
3.592144704373192887e+00
3.640118617361716602e+00
3.821594591059870538e+00
4.104601740771165019e+00
4.441197570999278810e+00
4.775784981474560986e+00
5.054667767437006631e+00
5.235168700246842555e+00
5.292709427317300097e+00
5.224616392059629355e+00
5.050006448387408753e+00
4.805812534138378389e+00
4.539704962348663386e+00
4.301220959057710402e+00
4.132732187906805521e+00
4.061898707175267909e+00
4.096974160548423782e+00
4.225792850019294278e+00
4.418583194126072478e+00
4.634041125044274345e+00
4.827493464335111284e+00
4.959597748693020947e+00
5.003932922575680564e+00
4.952051831712189767e+00
4.815050746242460988e+00
4.621372110190926641e+00
4.411269970223737680e+00
4.228998760054214934e+00
4.114216334185756274e+00
4.094240191875293533e+00
4.178633738905210393e+00
4.357157794317653376e+00
4.601484822559775090e+00
4.870360168933938638e+00
5.117240871670502678e+00
5.298972206488854475e+00
5.383864127520599396e+00
5.357641764911249993e+00
5.226144954793474184e+00
5.014265494483960417e+00
4.761321154104704689e+00
4.513737852042823739e+00
4.316418478540668957e+00
4.204422716881660804e+00
4.196520583389442116e+00
4.291825398717255879e+00
4.470127672110909778e+00
4.695851116373890299e+00
4.924868734991993513e+00
5.112880150009505797e+00
5.223762440018559161e+00
5.236319714503049561e+00
5.148167882818265539e+00
4.976040263342417447e+00
4.752481414828391593e+00
4.519580604002303659e+00
4.320952488468805974e+00
4.193495679395573106e+00
4.160489610416565398e+00
4.227322655862622014e+00
4.380632642658146558e+00
4.590984196527531758e+00
4.818532390209077754e+00
5.020558360398254649e+00
5.159417301065573724e+00
5.209377274861420659e+00
5.161058470741958892e+00
5.022660186112620551e+00
4.817792943517584803e+00
4.580392841098157142e+00
4.347756499950945930e+00
4.153089555469673400e+00
4.019041911801951805e+00
3.953494896662259173e+00
3.948411110073215546e+00
3.981947029196470922e+00
4.023381357537884284e+00
4.039855469579832103e+00
4.003564908780809617e+00
3.897952411458867950e+00
3.721650344099460384e+00
3.489364822422198031e+00
3.229497906570837351e+00
2.978949680235650099e+00
2.776102161716334393e+00
2.653351912906283694e+00
2.630656050304570392e+00
2.711367411839467945e+00
2.881195226265826470e+00
3.110523099619914245e+00
3.359664198023844417e+00
3.586061334562894665e+00
3.752059055531654419e+00
3.831760348067426492e+00
3.815655014030359116e+00
3.712136497734171314e+00
3.545625590143246519e+00
3.351675904660578187e+00
3.170019461239145908e+00
3.036907401530970496e+00
2.978233436079159357e+00
3.004770268122277432e+00
3.110432747389898278e+00
3.273887344711543967e+00
3.463171948429993208e+00
3.642401278678934595e+00
3.779226665757326131e+00
3.851574176926450654e+00
3.852330448069322344e+00
3.791052520614329513e+00
3.692366560186329583e+00
3.591374848014838417e+00
3.526982116587795257e+00
3.534464587006687974e+00
3.638756554575472979e+00
3.849789900277736709e+00
4.160818597019884990e+00
4.550072301586933321e+00
4.985426202314230615e+00
5.431177961308911506e+00
5.855604647931160756e+00
6.237815770626548684e+00
6.572554150352414304e+00
6.871997897409666045e+00
7.164204891570180145e+00
7.488499505311161819e+00
7.888699279923393703e+00
8.405498052986954960e+00
9.069478293835317118e+00
9.896088009172242295e+00
1.088351408939960230e+01
1.201379538843332284e+01
1.325686369090657202e+01
1.457661149143414825e+01
1.593768205085243750e+01
1.731154248729066936e+01
1.868056371492404466e+01
2.003926046868558331e+01
2.139245431394529362e+01
2.275078831991570283e+01
2.412460653446041547e+01
2.551759149474359134e+01
2.692164537250083711e+01
2.831427899788219449e+01
2.965927579627820165e+01
3.091072004328363221e+01
3.201975578286197788e+01
3.294282242348631229e+01
3.364972711292639929e+01
3.412985064902903076e+01
3.439506852294228167e+01
3.447855779139699450e+01
3.442944708924063235e+01
3.430410105668463672e+01
3.415554675464999690e+01
3.402300073021877580e+01
3.392354096499736471e+01
3.384765622007015651e+01
3.375974146322629821e+01
3.360370781739104018e+01
3.331290457767135393e+01
3.282269439367041031e+01
3.208344971918776878e+01
3.107156881681336458e+01
2.979638884627008366e+01
2.830156297323461700e+01
2.666044951691068121e+01
2.496615643969589371e+01
2.331788999593265999e+01
2.180597995568246361e+01
2.049825215211360074e+01
1.943022606389809681e+01
1.860095619508149412e+01
1.797532530823604091e+01
1.749241810652211626e+01
1.707847423351064009e+01
1.666205266042284094e+01
1.618860302164516440e+01
1.563172220959298819e+01
1.499896888860407707e+01
1.433111006350028127e+01
1.369489937570434179e+01
1.317070818706878832e+01
1.283731695671504269e+01
1.275673626886517376e+01
1.296195220038641338e+01
1.344996768336172721e+01
1.418153205118697890e+01
1.508769478842770795e+01
1.608202129160187610e+01
1.707621400088719454e+01
1.799620205082297986e+01
1.879563132072015108e+01
1.946413681553067931e+01
2.002873321349484570e+01
2.054794313747101597e+01
2.109965738362794241e+01
2.176492776333533996e+01
2.261070070369893514e+01
2.367475023702440140e+01
2.495570785571493388e+01
2.641017430171124403e+01
2.795760000757378805e+01
2.949217674146808932e+01
3.089966336809802172e+01
3.207612324271962478e+01
3.294516126236699449e+01
3.347049356909516860e+01
3.366152196264574314e+01
3.357086547937724674e+01
3.328428610294742640e+01
3.290485666149729127e+01
3.253429099689384429e+01
3.225488607913975159e+01
3.211541070393573705e+01
3.212353481540735345e+01
3.224616479715188433e+01
3.241756376017816166e+01
3.255367220869737110e+01
3.256988056382544272e+01
3.239886201703343005e+01
3.200507488272974399e+01
3.139318860784654319e+01
3.060885454284840179e+01
2.973170904623944111e+01
2.886198206169864378e+01
2.810330405891772187e+01
2.754502344435135086e+01
2.724742608364512364e+01
2.723267216065385909e+01
2.748314362927768784e+01
2.794744446322824416e+01
2.855279707303093062e+01
2.922132367335016667e+01
2.988693721328857578e+01
3.050944483379595340e+01
3.108301536794170516e+01
3.163727792217133583e+01
3.223078584885495701e+01
3.293811314851968319e+01
3.383314638127158247e+01
3.497193549400067525e+01
3.637860695267397659e+01
3.803728548750268601e+01
3.989181677990015373e+01
4.185355193743189517e+01
4.381584298740116168e+01
4.567252506153236169e+01
4.733680227967018794e+01
4.875679091048635172e+01
4.992455180901315970e+01
5.087666556652674643e+01
5.168604049050480143e+01
5.244638085975208242e+01
5.325223939070833978e+01
5.417853162065915740e+01
5.526359884475834150e+01
5.649930998419183936e+01
5.783038796564193973e+01
5.916337142873095445e+01
6.038371516321193866e+01
6.137786515098052575e+01
6.205605221893275569e+01
6.237126441550646661e+01
6.233046289669420759e+01
6.199550818122714446e+01
6.147321303249010782e+01
6.089607005441910559e+01
6.039710429468144071e+01
6.008359327297657160e+01
6.001480498702157718e+01
6.018831779107970448e+01
6.053798360860977112e+01
6.094443741276538162e+01
6.125663730336237478e+01
6.132070115473591443e+01
6.101072563486398082e+01
6.025566175047435280e+01
5.905683345502387738e+01
5.749226698334707919e+01
5.570638558950378894e+01
5.388638974984513652e+01
5.222927020891876282e+01
5.090538041018492521e+01
5.002541975262020202e+01
4.961732922344402397e+01
4.961799079852017513e+01
4.988200746782416672e+01
5.020667911332058964e+01
5.036915902319780258e+01
5.016926951356614950e+01
4.947006908341533915e+01
4.822830357800395262e+01
4.650839797679493159e+01
4.447644720910713545e+01
4.237429235028095320e+01
4.047758330398274040e+01
3.904500494565088076e+01
3.826790136323485569e+01
3.822987650429343631e+01
3.888441284896315153e+01
4.005544882674777085e+01
4.146200130451853738e+01
4.276409778353505686e+01
4.362366021920404791e+01
4.377068677359924465e+01
4.306286744255742605e+01
4.152620711663772113e+01
3.936476683118780073e+01
3.693024710223479445e+01
3.465193694610967157e+01
3.295785937516446040e+01
3.222106081018581847e+01
3.271486695614571971e+01
3.455948662835373852e+01
3.767682084265027243e+01
4.177070260157911008e+01
4.624100285013216194e+01
5.000310340322945279e+01
5.047201457578882611e+01
4.746991183809699777e+01
4.342346559760834168e+01
3.858835174131304058e+01
3.295392691088973436e+01
2.664296295683982052e+01
1.988830289176457455e+01
1.289661645283834090e+01
6.274756174075332815e+00
1.061653647330879746e+00
9.656503785027358011e-02
