2.200325719496438667e-02
1.639339839917828001e-01
8.461109570102975930e-01
2.012590711369056873e+00
3.057552669693451186e+00
3.841067792443801920e+00
4.353347046242965313e+00
4.635188049845262448e+00
4.762043570335179332e+00
4.843950118967253360e+00
4.905877613715328600e+00
4.853183490406637546e+00
4.164515116830528996e+00
3.594476057378286349e+00
3.362041655774571147e+00
3.471962349593213926e+00
3.828882377441729545e+00
4.291674976146925502e+00
4.719337214120340462e+00
5.010829275418643647e+00
5.125295498563414931e+00
5.076192234841573558e+00
4.906259740867358943e+00
4.672769235784544506e+00
4.443461585075537457e+00
4.284010419774447520e+00
4.240064453515064002e+00
4.322484860258804851e+00
4.502500112245297892e+00
4.719315167935204336e+00
4.898235736157216635e+00
4.973512436547670390e+00
4.908349463725182993e+00
4.705932756704088504e+00
4.408947971446670167e+00
4.088585521596672656e+00
3.826386316173110202e+00
3.693565285933521736e+00
3.732781354557204168e+00
3.946701824666276615e+00
4.296184460364906421e+00
4.708689130311388915e+00
5.095055658625083694e+00
5.370640338370783695e+00
5.475605141210798443e+00
5.389293817760014704e+00
5.135101694403668482e+00
4.774648541697246173e+00
4.392746717925740896e+00
4.076924764770355480e+00
3.896562565105777143e+00
3.886724434579888143e+00
4.040562912796206163e+00
4.312025203644075155e+00
4.628056657423067932e+00
4.907181153210989244e+00
5.079810135289336337e+00
5.105260959845440816e+00
4.981335755051294889e+00
4.744199963584699198e+00
4.458727943790973924e+00
4.201842462688513358e+00
4.043079266946538297e+00
4.027240634451656476e+00
4.163418453870304958e+00
4.423028083858569381e+00
4.747219793101694840e+00
5.061698509707377447e+00
5.295166915076976011e+00
5.396757381584425417e+00
5.348134979948186540e+00
5.167343785553981661e+00
4.903571913372505975e+00
4.624292437037654580e+00
4.398123822296732044e+00
4.277776078557531392e+00
4.287360674545175776e+00
4.417178374088394754e+00
4.627165003341897176e+00
4.857967398855919328e+00
5.046701381876712134e+00
5.143293804134057901e+00
5.123215589939911219e+00
4.993386803328379919e+00
4.789821261018785137e+00
4.567715633634495731e+00
4.386628429147697794e+00
4.294642917141629823e+00
4.315648705477920899e+00
4.443051475406471162e+00
4.641543839447334285e+00
4.856474104967272609e+00
5.028372503957433182e+00
5.108844359904289867e+00
5.073664909084877550e+00
4.929610389974171447e+00
4.713159251074022116e+00
4.481289995509318835e+00
4.296654481057521124e+00
4.210891197096655603e+00
4.250377438018241527e+00
4.408157708866735192e+00
4.644261498202904903e+00
4.894515837774046751e+00
5.085796978578834171e+00
5.153998837249289977e+00
5.060250516761113815e+00
4.801288515209400032e+00
4.411297653491075721e+00
3.954633118932555202e+00
3.511102900009882788e+00
3.157357739810157327e+00
2.948933384378140232e+00
2.907361478843347058e+00
3.015535839716771527e+00
3.222490842672172562e+00
3.456421045753780064e+00
3.642725500501176050e+00
3.722608074172669035e+00
3.667621735863106025e+00
3.486549368997487353e+00
3.222918725634644765e+00
2.943781382897622034e+00
2.722563800730742223e+00
2.620278808805090343e+00
2.669797466262722629e+00
2.867120149037362342e+00
3.171840902901670312e+00
3.516705793038581440e+00
3.823897071397290404e+00
4.023997709589266947e+00
4.072924675043657849e+00
3.962630682314131292e+00
3.722934465805697091e+00
3.414057391410945552e+00
3.111763120658149528e+00
2.888835538025353422e+00
2.797527661510141428e+00
2.857346996669114958e+00
3.051180188531404269e+00
3.330647114914706997e+00
3.629245873504140629e+00
3.879893752628378767e+00
4.032379155276605509e+00
4.066290111201524837e+00
3.996161910845923426e+00
3.867589188928523214e+00
3.745366081960951554e+00
3.696760652949911741e+00
3.774274700524926196e+00
4.002367822141756903e+00
4.371600194337299072e+00
4.841731614195239786e+00
5.352994280038647190e+00
5.842628796658473789e+00
6.262386385900391872e+00
6.592417845213707217e+00
6.847872788001892808e+00
7.076397993554948584e+00
7.347078076917607170e+00
7.733600808008362471e+00
8.295971580436317439e+00
9.065537526718765449e+00
1.003728231668739923e+01
1.117150564694322235e+01
1.240456841599180215e+01
1.366598666845984944e+01
1.489741834148146715e+01
1.606847295359477812e+01
1.718497177884519189e+01
1.828714732294004008e+01
1.943784574869941295e+01
2.070343951778232849e+01
2.213219082065302956e+01
2.373568808914218664e+01
2.547844548106401774e+01
2.727889826298587295e+01
2.902227323104014900e+01
3.058282910642716956e+01
3.185049057223264413e+01
3.275557697885817987e+01
3.328551910735465214e+01
3.348916391108762269e+01
3.346711140116075001e+01
3.334984254594002806e+01
3.326838286494942309e+01
3.332416635773295610e+01
3.356512668506595531e+01
3.397372592133253022e+01
3.446992154874385506e+01
3.492859937673207327e+01
3.520758878319818308e+01
3.517984885605960699e+01
3.476238770060147232e+01
3.393521361361681699e+01
3.274595295528902028e+01
3.129915360528841362e+01
2.973291539126185867e+01
2.818847783686014097e+01
2.678002856641749574e+01
2.557187689567206235e+01
2.456829556354646726e+01
2.371821789311308493e+01
2.293334810790673473e+01
2.211498569064730901e+01
2.118277657427855587e+01
2.009819432017267005e+01
1.887692062856266872e+01
1.758709657380952507e+01
1.633395935058182857e+01
1.523478564746340602e+01
1.439048649127932045e+01
1.386103635220171881e+01
1.365096097894707228e+01
1.370858964969654537e+01
1.393932345542066464e+01
1.422964251183284112e+01
1.447585447540385850e+01
1.461035956690854931e+01
1.461878897030394242e+01
1.454362888534510745e+01
1.447331687276576417e+01
1.451945168078780846e+01
1.478777731262497852e+01
1.535022329836485255e+01
1.622508647299494910e+01
1.737045727716775545e+01
1.869270566806044442e+01
2.006806004897258333e+01
2.137198124667851928e+01
2.250899402166675500e+01
2.343541851197975490e+01
2.416912187358199660e+01
2.478359093568240823e+01
2.538753419373728093e+01
2.609488875554291454e+01
2.699261517656712073e+01
2.811436775526832221e+01
2.942682740241299300e+01
3.083247215476754022e+01
3.218855919030153956e+01
3.333807892627230984e+01
3.414540893936865018e+01
3.452810525994281932e+01
3.447706184123730111e+01
3.405997628344282901e+01
3.340703825169055818e+01
3.268204409835050939e+01
3.204568970063341027e+01
3.161972878805283926e+01
3.146052101395410006e+01
3.154825972731467232e+01
3.179439970353740463e+01
3.206541579567728206e+01
3.221708659812872355e+01
3.213097734796864557e+01
3.174431195615778023e+01
3.106609356634328023e+01
3.017574345810169945e+01
2.920483589891764709e+01
2.830664552574310022e+01
2.762116943183965034e+01
2.724431040638599555e+01
2.720876158329800276e+01
2.748110919552727083e+01
2.797553265917174414e+01
2.858027362316534337e+01
2.918983071039739841e+01
2.973442866868703049e+01
3.019906856480968216e+01
3.062720006331836231e+01
3.110807442827321978e+01
3.175111285894952928e+01
3.265406067971355242e+01
3.387340075856764088e+01
3.540501169101888479e+01
3.718047739770891269e+01
3.908042344533699719e+01
4.096179335504108820e+01
4.269223456387373972e+01
4.418272287078380600e+01
4.540978050035843694e+01
4.642112825395244613e+01
4.732276665709884611e+01
4.825027165772260673e+01
4.933129610989100655e+01
5.064878770274440711e+01
5.221457024161193772e+01
5.396058378537859568e+01
5.575076986995625816e+01
5.741136649114103108e+01
5.877255261611820458e+01
5.971120019887247565e+01
6.018381837681711488e+01
6.024086337474115993e+01
6.001799836443934311e+01
5.970557692425771990e+01
5.950319164757150503e+01
5.957016195528119340e+01
5.998426133272192828e+01
6.071935674435884778e+01
6.164826003757627149e+01
6.257098188823277951e+01
6.326221127278440548e+01
6.352680800442762177e+01
6.324970054889652715e+01
6.242751583307706653e+01
6.117341144929037000e+01
5.969300592082574752e+01
5.823647869688917922e+01
5.703806513356864372e+01
5.625772241772549620e+01
5.593970658855029399e+01
5.599906204394797271e+01
5.624039483126284011e+01
5.640534526252456970e+01
5.623784017667156121e+01
5.555133708117894287e+01
5.428115714972759065e+01
5.250804408127561373e+01
5.044569189773957163e+01
4.839369396087791841e+01
4.666614810482548847e+01
4.551284533063925153e+01
4.505276220398653209e+01
4.523748021245222617e+01
4.585536098862686316e+01
4.657732656943415606e+01
4.703450145086650025e+01
4.690965082650376416e+01
4.602050414933650302e+01
4.437452204216743468e+01
4.218079827129525938e+01
3.981382353768729843e+01
3.773370828349941064e+01
3.637693124288629321e+01
3.604075925222153387e+01
3.679168792853977976e+01
3.842787848583351007e+01
4.051323918242447064e+01
4.247990438342198871e+01
4.377351646345422864e+01
4.399646046668630817e+01
4.299622526092627339e+01
4.086756111317695428e+01
3.792774608984792906e+01
3.473617664756484658e+01
3.207720828632807297e+01
3.082192813632248374e+01
3.170793747843586985e+01
3.510816073567103501e+01
4.069706740707455594e+01
4.702620867330524845e+01
4.984671118059856809e+01
4.843250412826127871e+01
4.622938285841641459e+01
4.331359914528709254e+01
3.923638213858394153e+01
3.371291345019216834e+01
2.669289426460071724e+01
1.823652492258975144e+01
9.254476436935068051e+00
1.581214261351233441e+00
1.451603056128440705e-01
