3.380631534436596974e-02
2.480421737690345907e-01
1.265794641691687428e+00
2.897311079463095407e+00
4.086193198770097013e+00
4.620274474735817094e+00
4.628064030057380762e+00
4.398052143838543593e+00
4.237693460321026784e+00
4.366834765407554997e+00
4.702051083079656912e+00
4.889171490502336681e+00
3.987816185339182251e+00
3.254872812186574649e+00
3.136548756931783366e+00
3.634059414776258379e+00
4.438815980343543188e+00
5.117229931508954444e+00
5.350472609408772229e+00
5.107018764503445496e+00
4.632038004783194829e+00
4.254905870957221836e+00
4.149437673194861453e+00
4.264070445931670506e+00
4.441624061966191306e+00
4.569584910336179640e+00
4.649643332727787737e+00
4.753986290303699569e+00
4.922244018864344817e+00
5.093510653070513428e+00
5.134028452384902685e+00
4.939395349992241613e+00
4.527306122469369143e+00
4.045516015437191193e+00
3.689059729795419962e+00
3.588600610190149087e+00
3.746921882508571944e+00
4.059169722303888506e+00
4.391015550518011068e+00
4.653797370219729501e+00
4.828862665091746109e+00
4.938572671528484115e+00
5.000572568871406887e+00
5.006472118396630755e+00
4.937930649505259950e+00
4.799127250196471905e+00
4.632392519621300053e+00
4.500490568434729610e+00
4.448292198154248922e+00
4.473848707414781245e+00
4.531334359009716373e+00
4.563593648130554570e+00
4.540317362872666074e+00
4.475299723452955014e+00
4.413027801612088297e+00
4.396875302344243508e+00
4.442026974946255535e+00
4.529684011513914754e+00
4.622260697342102098e+00
4.685691831877703883e+00
4.703657340491536942e+00
4.678056804959305204e+00
4.621233140530137007e+00
4.549455883471139828e+00
4.482319698248769413e+00
4.444657062894801669e+00
4.463854188031376680e+00
4.559224040815632151e+00
4.727910816509218961e+00
4.936958112096983875e+00
5.129204679724449711e+00
5.242726739985528184e+00
5.235205717186654617e+00
5.101493166377769839e+00
4.876447351253784035e+00
4.622825480337409587e+00
4.410608510088126266e+00
4.296232496239797527e+00
4.307957241667114801e+00
4.439763021675625865e+00
4.653474749032486812e+00
4.888018395607503841e+00
5.074578723096809796e+00
5.155391204009627693e+00
5.101792867837674272e+00
4.925496347656376450e+00
4.677783098843924847e+00
4.435085442034530701e+00
4.274832482844960424e+00
4.249775002295531401e+00
4.369995400049244694e+00
4.598962543039321282e+00
4.864772811386810503e+00
5.082519970751071980e+00
5.180501588073660457e+00
5.122389076416795639e+00
4.919115441979059256e+00
4.627167188476949633e+00
4.333438036375341085e+00
4.130282376757239859e+00
4.087331311305320014e+00
4.228202931586399593e+00
4.519617526494308812e+00
4.877291317044283758e+00
5.187974226941229894e+00
5.341707962624853145e+00
5.264742540859510100e+00
4.942974561249640963e+00
4.428518022490622208e+00
3.827121457927176174e+00
3.269878860157648504e+00
2.877265521835176809e+00
2.725704559064054955e+00
2.826160781555244306e+00
3.120952906224553125e+00
3.499958353973203096e+00
3.831941149275148728e+00
4.002310816728206433e+00
3.946514170099015395e+00
3.669230986613879253e+00
3.243483347176724152e+00
2.789619547897231655e+00
2.440149885088382486e+00
2.300715416125008961e+00
2.418697157354364524e+00
2.768736359815194170e+00
3.259439651228746015e+00
3.759315271724420260e+00
4.134378569580432483e+00
4.286491893415056431e+00
4.181307019039588901e+00
3.857694166537423808e+00
3.415911278602807410e+00
2.987965063038899416e+00
2.698854684351670308e+00
2.630118945665373964e+00
2.796477029855680474e+00
3.142496536952143593e+00
3.560259090378222524e+00
3.922706560610901505e+00
4.122643571799393669e+00
4.105674454345840552e+00
3.887177492276310709e+00
3.548209864455297069e+00
3.211549663577037084e+00
3.005030527940342644e+00
3.023143602102470240e+00
3.298439672572516912e+00
3.791390121734012908e+00
4.401896509458895324e+00
4.999183012356572142e+00
5.461277927482018235e+00
5.712348601848955099e+00
5.746702464964603685e+00
5.632171082747103874e+00
5.491707896261702082e+00
5.468531295939127901e+00
5.685082781758020509e+00
6.207958172316414114e+00
7.029234883989829541e+00
8.069772723951610160e+00
9.203551457698932126e+00
1.029586365892401822e+01
1.124406193481203076e+01
1.200878870072803117e+01
1.262642279830156156e+01
1.319902650855100390e+01
1.386471905163352503e+01
1.475716255805430599e+01
1.596601157816469296e+01
1.750981316939355281e+01
1.932907728734309671e+01
2.130121488104529703e+01
2.327258597922220318e+01
2.509795431870953308e+01
2.667568084315002608e+01
2.796856272464810189e+01
2.900481494568744267e+01
2.985986116872046736e+01
3.062544180212167433e+01
3.137626647172552907e+01
3.214490633778268602e+01
3.291272073275602850e+01
3.361927299913102019e+01
3.418660621676541922e+01
3.454985466126790072e+01
3.468353190622903526e+01
3.461417171781133817e+01
3.441441887314218917e+01
3.417980031629559790e+01
3.399530802690622977e+01
3.390268187198245187e+01
3.387961875446664806e+01
3.383883129123161382e+01
3.364886014008445159e+01
3.317162092741441626e+01
3.230599662998861277e+01
3.102420947714889010e+01
2.938916428341177678e+01
2.754616819729134036e+01
2.568994441361877534e+01
2.401544568977459093e+01
2.266630469923948610e+01
2.169610558496054153e+01
2.105445633129188110e+01
2.060288868379691607e+01
2.015688545502544571e+01
1.954241172948708893e+01
1.865062135509771224e+01
1.747443916531561570e+01
1.611561904209483487e+01
1.475932828664879537e+01
1.362289054316303272e+01
1.289320661857324701e+01
1.267116261795042398e+01
1.293977702844853894e+01
1.356624115446827972e+01
1.433819481536634122e+01
1.502439264695916776e+01
1.544239159235629444e+01
1.551334867748304980e+01
1.528734614040927120e+01
1.493100549539740207e+01
1.468013962596787891e+01
1.477061237761972912e+01
1.536732719751721277e+01
1.651227992887168483e+01
1.810747016907641793e+01
1.993855343378533362e+01
2.173323949586618298e+01
2.323804393714448580e+01
2.429117561357005073e+01
2.486992913169895658e+01
2.509794815128059753e+01
2.520923125851825830e+01
2.547846571871955490e+01
2.613744081203032010e+01
2.730182946962054302e+01
2.893008045793362726e+01
3.082717858709890990e+01
3.269317644098831721e+01
3.420340405763664648e+01
3.509789916953217670e+01
3.525459959523864484e+01
3.472511674216483613e+01
3.372232262934333136e+01
3.256264659550306817e+01
3.157903692432373433e+01
3.102921849716712188e+01
3.102554002530187205e+01
3.150669134922512171e+01
3.225949278140000587e+01
3.298432076119282641e+01
3.338492145468355687e+01
3.325626558710114722e+01
3.254484874446759335e+01
3.136414321532718574e+01
2.996117765863634119e+01
2.864448164511685846e+01
2.769476635812560872e+01
2.728463115323945587e+01
2.743097921393715311e+01
2.799440538766789999e+01
2.872611000000192760e+01
2.934866903703672492e+01
2.964640355651730985e+01
2.953753976297674200e+01
2.910533289355683095e+01
2.857767716478288023e+01
2.826070687112123636e+01
2.844634352124218069e+01
2.932190684117626134e+01
3.090922049606024657e+01
3.305161049090149561e+01
3.545297504236027919e+01
3.775812408561471756e+01
3.965195870553871771e+01
4.094956565252174130e+01
4.165112166167329377e+01
4.194435796300243169e+01
4.215153618215394005e+01
4.263420239466098849e+01
4.368281484272835513e+01
4.542476900993531785e+01
4.778011683879435623e+01
5.047978731885228143e+01
5.314102707241291057e+01
5.537643849754126535e+01
5.690315122290714811e+01
5.762030891411835398e+01
5.763429780193314400e+01
5.722681995208881744e+01
5.677570598902578780e+01
5.664920324752647929e+01
5.710066787947881295e+01
5.819201941395959210e+01
5.976983995633441538e+01
6.150597089056510214e+01
6.299538413199724118e+01
6.388309246424175569e+01
6.397797213826437002e+01
6.331302259969131541e+01
6.213061582599655708e+01
6.080011130781775819e+01
5.970012795640634806e+01
5.910698116470278762e+01
5.912185691443748681e+01
5.965027949592122525e+01
6.043060271948965578e+01
6.110081498060284844e+01
6.129221207439272945e+01
6.073577740822236848e+01
5.935743956425309875e+01
5.732758117325371927e+01
5.503213602737570653e+01
5.295724545821202156e+01
5.152063108607669761e+01
5.091759612518241340e+01
5.105208660100087315e+01
5.158510775860209208e+01
5.207337188847594689e+01
5.212735605363406677e+01
5.151868749521985080e+01
5.020966008708876416e+01
4.832898897875148947e+01
4.613743884292369302e+01
4.400097941529111978e+01
4.234476905893094312e+01
4.154695220306444980e+01
4.177385220057657733e+01
4.283207437463347134e+01
4.415330896166913277e+01
4.498187988957740657e+01
4.471276093193178269e+01
4.320535061735689908e+01
4.087350015446154572e+01
3.847365851813390236e+01
3.671772036820945573e+01
3.596391620094986763e+01
3.617204922198830275e+01
3.710369243937181238e+01
3.856700887310758930e+01
4.047258684554432051e+01
4.260455659322845179e+01
4.426472104694671827e+01
4.430460922253802636e+01
4.187288766908583426e+01
3.727635068788801220e+01
3.218328990880167595e+01
2.903820861720536683e+01
2.999906116910752019e+01
3.566277340904851911e+01
4.403091444165352186e+01
4.788956764643859998e+01
4.596901862801604466e+01
4.446817632922351748e+01
4.393329906616411051e+01
4.329985912172176654e+01
4.105540806115774188e+01
3.577708278346651838e+01
2.647268306963081130e+01
1.423982949846823942e+01
2.464302946656973692e+00
2.289173645221463660e-01
