2.812697574108050796e-02
2.066252450735825696e-01
1.057249126007679063e+00
2.440118138774419965e+00
3.534852724817356684e+00
4.224321983941657699e+00
4.580094889123919266e+00
4.700173882917042079e+00
4.678095632131447523e+00
4.639791801981002273e+00
4.629107287152922190e+00
4.573737638478705847e+00
3.857367179667226420e+00
3.484883675920755319e+00
3.565169732462723839e+00
3.868604699026842120e+00
4.167636085259050382e+00
4.401916860180629776e+00
4.644163876072211927e+00
4.942551232274650985e+00
5.199803598934318316e+00
5.212786414825238523e+00
4.850534072610902747e+00
4.240446565249136768e+00
3.761315785175757487e+00
3.780526080465894001e+00
4.345413419291264567e+00
5.102923056719317785e+00
5.541792443274539792e+00
5.379319527778123167e+00
4.780093399127843590e+00
4.218126479583643729e+00
4.084685313967740150e+00
4.363715459129646312e+00
4.653175232920906623e+00
4.526006854088588049e+00
3.931875844279864030e+00
3.291420539449095184e+00
3.181089728684657114e+00
3.851411709050444721e+00
4.976675475607119203e+00
5.860828774546400943e+00
5.955273510402362191e+00
5.280377174209643698e+00
4.407108993969574229e+00
4.004703264832949472e+00
4.313471789185462590e+00
4.967931512846788245e+00
5.314512465247691608e+00
4.965377696368579841e+00
4.134254141500249169e+00
3.474834846892872697e+00
3.548203566279378940e+00
4.352341355708134962e+00
5.301673027259500515e+00
5.681350756558031456e+00
5.213897338913474400e+00
4.280862764263414277e+00
3.618537512916076615e+00
3.731324559724761070e+00
4.494597804227199234e+00
5.265406024712027566e+00
5.408852312266101414e+00
4.813327294315935312e+00
3.979357187729623213e+00
3.613384669655403503e+00
4.057148996981128519e+00
5.012748553701708687e+00
5.781155698159591516e+00
5.817225281361209532e+00
5.153189972259767160e+00
4.355076761243172889e+00
4.056505337087218166e+00
4.452005252186564732e+00
5.156605667693980877e+00
5.536012809858864792e+00
5.231565784798275942e+00
4.453300763589108868e+00
3.809229471459508964e+00
3.815584628387775901e+00
4.485247039628576182e+00
5.320629190384109641e+00
5.707795240104510448e+00
5.390571229927976660e+00
4.650050504351506575e+00
4.060414783544969097e+00
4.030965373995733181e+00
4.503762840092343289e+00
5.036342184909604391e+00
5.182984471480469146e+00
4.854973992595073007e+00
4.372433009465969356e+00
4.180574690250953296e+00
4.473713687910575665e+00
5.034444463038979301e+00
5.410813952171790397e+00
5.279400106773953105e+00
4.700195572200039251e+00
4.066865824410373698e+00
3.804039597079613255e+00
4.057586425465358637e+00
4.613995407863914266e+00
5.091242763470275712e+00
5.230675085041832872e+00
5.056616418322740003e+00
4.796087361976556274e+00
4.650920645620767679e+00
4.623512386141325869e+00
4.535402976724186352e+00
4.208168343666327083e+00
3.644105380726427423e+00
3.054019603201947319e+00
2.712727992562520729e+00
2.762834711894401440e+00
3.120717306433400395e+00
3.547381251675126190e+00
3.814853681220135684e+00
3.835229035835563849e+00
3.667583093491359136e+00
3.425893570127590770e+00
3.183784450154727885e+00
2.954190675773211705e+00
2.740893855988888905e+00
2.592449496699009703e+00
2.594602013427688370e+00
2.803148239952664156e+00
3.180340316787698018e+00
3.597640624593664072e+00
3.908223388574684876e+00
4.030483662602904360e+00
3.976112291383255837e+00
3.808622642771227529e+00
3.580683743890462623e+00
3.312788750072087396e+00
3.029022912686217150e+00
2.803119366071259666e+00
2.750967380685284791e+00
2.954339983734356245e+00
3.372733450855041060e+00
3.827670407915465312e+00
4.094449421309478865e+00
4.046530926457190702e+00
3.744468359135141977e+00
3.395564966549579289e+00
3.210033366389033027e+00
3.263599531696468325e+00
3.472909523988627178e+00
3.697962697532475751e+00
3.879933982161508865e+00
4.092693362251638156e+00
4.460245255075694359e+00
5.010478033195606251e+00
5.598003457487672030e+00
5.978834315617721273e+00
5.993883894602880069e+00
5.719549140178132873e+00
5.456897126016686528e+00
5.551465002951530003e+00
6.169645285132607349e+00
7.196815973546249801e+00
8.332442682825130120e+00
9.307517571251551658e+00
1.005821988882726181e+01
1.072897578703630472e+01
1.151604614113287717e+01
1.248846005770414003e+01
1.353616818713251924e+01
1.448658003726685806e+01
1.528913976609847936e+01
1.610821908103052280e+01
1.723572646961588717e+01
1.887979780251158957e+01
2.098898223619761083e+01
2.325016375813767411e+01
2.526910547743424118e+01
2.680560506384496833e+01
2.789605338721172245e+01
2.878274254365434359e+01
2.971278682844185326e+01
3.076021840148661468e+01
3.179724453051282040e+01
3.262150026429666383e+01
3.312957916714605489e+01
3.340020021811763229e+01
3.362785534849021474e+01
3.396540708297356304e+01
3.440142527134577932e+01
3.476738502530680108e+01
3.486882004808303037e+01
3.464094378117278694e+01
3.421127787901888695e+01
3.381963178498997991e+01
3.364816073093206938e+01
3.367844035953552861e+01
3.367555230297062252e+01
3.331482183010172093e+01
3.237284594400741611e+01
3.086249905917092917e+01
2.902780930291956452e+01
2.720455877786345766e+01
2.563793172125054909e+01
2.437416775731956164e+01
2.329144695866513004e+01
2.223895455351777173e+01
2.117670640198767273e+01
2.020728158365182026e+01
1.947042684142866520e+01
1.898008419494851751e+01
1.854064203912253816e+01
1.783405755450250751e+01
1.664348777043511518e+01
1.506051976737958142e+01
1.350762974088667079e+01
1.252311212122377171e+01
1.243019074672523416e+01
1.311610983966136956e+01
1.409003762275607841e+01
1.479634514271272572e+01
1.496828467005359542e+01
1.476624585394544731e+01
1.459933746587418391e+01
1.477157952370382432e+01
1.523703175230958884e+01
1.566921006378904124e+01
1.579754045763271186e+01
1.573221543003955247e+01
1.598249287467755231e+01
1.710486382173904119e+01
1.922669203881762812e+01
2.182797712848937621e+01
2.399850885283489887e+01
2.502720157122191225e+01
2.490162756472255268e+01
2.433156903361040335e+01
2.425562098303761971e+01
2.518802726373597167e+01
2.689800562255997818e+01
2.866386243214829577e+01
2.989248842001622464e+01
3.059798476538724543e+01
3.133940033502502942e+01
3.265756060528953242e+01
3.447776024316836185e+01
3.600438503010045110e+01
3.625509266273648734e+01
3.485344116108397117e+01
3.244806981397849199e+01
3.037823023172925474e+01
2.978471781704189425e+01
3.081958010179360841e+01
3.256292144322814863e+01
3.372352230428648312e+01
3.358932771824078856e+01
3.249183370783452318e+01
3.142976966492867064e+01
3.117027500298820542e+01
3.157230151228523596e+01
3.170350909616864854e+01
3.067361703190256961e+01
2.850194846892193112e+01
2.627496033476645465e+01
2.540292844881455636e+01
2.652322225074729545e+01
2.892222573246752049e+01
3.097589187063605110e+01
3.131492155097065577e+01
2.983229775236026882e+01
2.774976244779329448e+01
2.668557037186683445e+01
2.745042815029037087e+01
2.951338140345333372e+01
3.154323619780134891e+01
3.256625122993337129e+01
3.278280981396722638e+01
3.336366198950349116e+01
3.538475001273521769e+01
3.878226926136883890e+01
4.222147208324624046e+01
4.404707461760398957e+01
4.359520487073915262e+01
4.181771485614709150e+01
4.068232852140024391e+01
4.177239499748792895e+01
4.515348636787949488e+01
4.937843567635515996e+01
5.261352292860199498e+01
5.399140750416851375e+01
5.413245315329375273e+01
5.445708041374908248e+01
5.588941577781465497e+01
5.803741206119811125e+01
5.953384235061722052e+01
5.926026814989926805e+01
5.743472094242797255e+01
5.563168377540297627e+01
5.565850203453562983e+01
5.814883739543849117e+01
6.199136054218313774e+01
6.507278161714140197e+01
6.578285041800009481e+01
6.412851615633243796e+01
6.161530336306578448e+01
6.002647704181903521e+01
6.008642703739194246e+01
6.105376573125728612e+01
6.151583892733216175e+01
6.068240383114675751e+01
5.908917092105356517e+01
5.812729984181380161e+01
5.879375927933524792e+01
6.070987984602998466e+01
6.225025933976763781e+01
6.172734317693687700e+01
5.871426754070634502e+01
5.445709432670832939e+01
5.103429961495442058e+01
4.990050965528191540e+01
5.092340528171310865e+01
5.261986529530828705e+01
5.335259795661523441e+01
5.251881674145712253e+01
5.081830200945525888e+01
4.946200433453185497e+01
4.903643584711323911e+01
4.898766855741925497e+01
4.814771470887128402e+01
4.584969625916262714e+01
4.268242339424442378e+01
4.021866295374342570e+01
3.988121764689496018e+01
4.181699821819862706e+01
4.466686255490904500e+01
4.643710909277525900e+01
4.583733584205882750e+01
4.310230731760367462e+01
3.971920782452878740e+01
3.731486859298640013e+01
3.657600145107866751e+01
3.699949082286388347e+01
3.757462956032291146e+01
3.776482149028600332e+01
3.796411143402730204e+01
3.905679136296945586e+01
4.141378896020074052e+01
4.410690589252018157e+01
4.517399005631994413e+01
4.303607915294854536e+01
3.789858497113230840e+01
3.195526344001433827e+01
2.832605930949708295e+01
2.946317121151681562e+01
3.570389818337763188e+01
4.451159369276344080e+01
4.827460215336519411e+01
4.586571555483934048e+01
4.397389743498214898e+01
4.342505108121343227e+01
4.313551622502217242e+01
4.134065459709166390e+01
3.633585947814729167e+01
2.700412543934979936e+01
1.453626702666487880e+01
2.515893861129452347e+00
2.336938642689500578e-01
