5.441844602405495213e-04
4.249010207802227795e-03
2.264626222867234528e-02
5.961611120250462359e-02
1.067786119586075916e-01
1.634420131794283582e-01
2.300905130318565417e-01
3.069198236680245606e-01
3.939121754329563130e-01
4.914775497244465718e-01
5.982867597655383562e-01
7.101582391961337448e-01
8.114051180622982029e-01
9.128092573661270581e-01
1.016613541578026192e+00
1.122814699509684377e+00
1.231146636863576171e+00
1.341431047252341857e+00
1.453577309539622719e+00
1.567579527933596673e+00
1.683501288918654915e+00
1.801435538553253446e+00
1.921441414012214022e+00
2.043523231888622060e+00
2.167654007753892831e+00
2.293790473881231584e+00
2.421875944883730813e+00
2.551838365172938605e+00
2.683588076185877469e+00
2.817016479879401292e+00
2.951995672757869116e+00
3.088378781465181966e+00
3.226000584500649193e+00
3.364678097002434587e+00
3.504211060633347419e+00
3.644382437340717651e+00
3.784958991901546277e+00
3.925691989161836037e+00
4.066317997041502430e+00
4.206559778655540427e+00
4.346127261088605032e+00
4.484718574384564782e+00
4.622021158049288481e+00
4.757712933093506180e+00
4.891463536558613434e+00
5.022935614128638093e+00
5.151786165636620396e+00
5.277667938008366200e+00
5.400230860123928167e+00
5.519123514028578370e+00
5.633994636799214639e+00
5.744494647220582451e+00
5.850277191262797771e+00
5.951000700235134389e+00
6.046329955392803157e+00
6.135937652725420577e+00
6.219505961619814727e+00
6.296728071084613632e+00
6.367309717242017442e+00
6.430970685825927902e+00
6.487446283496533184e+00
6.536488771862021707e+00
6.577868758216014022e+00
6.611376537131584463e+00
6.636823377213126207e+00
6.654042747487378229e+00
6.662891478117440869e+00
6.663250850346941867e+00
6.655027610824484796e+00
6.638154905721051158e+00
6.612593130332606428e+00
6.578330690158066041e+00
6.535384669755115894e+00
6.483801406004107371e+00
6.423656962751609356e+00
6.355057504157132442e+00
6.278139564431507225e+00
6.193070212027616428e+00
6.100047106725348556e+00
5.999298448440022469e+00
5.891082816976548564e+00
5.775688902346864495e+00
5.653435125666949723e+00
5.524669151048394511e+00
5.389767289296669261e+00
5.249133794625017835e+00
5.103200055983053041e+00
4.952423684986509755e+00
4.797287502814003624e+00
4.638298428807839713e+00
4.475986273878553412e+00
4.310902442163726533e+00
4.143618544731416442e+00
3.974724929444084953e+00
3.804829131410747411e+00
3.634554248751450611e+00
3.464537248677175718e+00
3.295427209150462833e+00
3.127883501635921881e+00
2.962573920673096328e+00
2.800172766209269248e+00
2.641358884812435637e+00
2.486813676046726762e+00
2.337219070433355306e+00
2.193255485536757199e+00
2.055599766811750051e+00
1.924923119918960257e+00
1.801889041264854718e+00
1.687151253548585972e+00
1.581351653099974719e+00
1.485118275772166596e+00
1.399063288108708614e+00
1.323781010437893091e+00
1.259845978458080218e+00
1.207811049765877831e+00
1.168205561646704194e+00
1.141533546292098134e+00
1.128272009434252876e+00
1.128869278192760950e+00
1.143743423715835039e+00
1.173280763965477869e+00
1.217834451747057845e+00
1.277723152818064145e+00
1.353229818628882919e+00
1.444600557953328313e+00
1.552043611356616948e+00
1.675728432127475909e+00
1.815784876968082440e+00
1.972302509392651615e+00
2.145330018434128405e+00
2.334874754899261440e+00
2.540902387046247490e+00
2.763336677189571766e+00
3.002059380360973861e+00
3.256910265778721669e+00
3.527687261499420135e+00
3.814146722246679388e+00
4.116003820034394245e+00
4.432933056826788842e+00
4.764568898105236094e+00
5.110506525845340597e+00
5.470302709045829381e+00
5.843476789597105814e+00
6.229511780930281795e+00
6.627855576550539141e+00
7.037922265231507879e+00
7.459093549330576778e+00
7.890720262381038630e+00
8.332123981825336756e+00
8.782598732475449310e+00
9.241412776022606579e+00
9.707810481670328784e+00
1.018101427273078130e+01
1.066022664380873231e+01
1.114463224299620236e+01
1.163340001331884643e+01
1.212568538750944747e+01
1.262063253003677765e+01
1.311737662018884976e+01
1.361504616989932615e+01
1.411276536991353225e+01
1.460965645781750766e+01
1.510484210139886763e+01
1.559744779077253263e+01
1.608660423268729289e+01
1.657144974043033514e+01
1.705113261276703795e+01
1.752481349539051081e+01
1.799166771841150236e+01
1.845088760349207035e+01
1.890168473431653595e+01
1.934329218420011998e+01
1.977496669475857516e+01
2.019599079970040734e+01
2.060567488795763680e+01
2.100335920053833760e+01
2.138841575566735287e+01
2.176025019697584639e+01
2.211830355970947082e+01
2.246205395014377260e+01
2.279101813362736806e+01
2.310475302691424204e+01
2.340285709069836528e+01
2.368497161852350175e+01
2.395078191850987892e+01
2.420001838461480048e+01
2.443245745442672856e+01
2.464792245078101729e+01
2.484628430477817673e+01
2.502746215808340935e+01
2.519142384268734247e+01
2.533818623661144898e+01
2.546781549434759384e+01
2.558042715112796017e+01
2.567618610042935146e+01
2.575530644442309836e+01
2.581805121738750586e+01
2.586473198240544846e+01
2.589570830197141049e+01
2.591138708343151364e+01
2.591222180047658696e+01
2.589871159219936914e+01
2.587140024151371520e+01
2.583087503501564797e+01
2.577776550664080446e+01
2.571274206774321769e+01
2.563651452648067064e+01
2.554983049964889119e+01
2.545347372035187306e+01
2.534826224513541248e+01
2.523504656444126226e+01
2.511470762045869520e+01
2.498815473666386922e+01
2.485632346353821731e+01
2.472017334514891829e+01
2.458068561145660880e+01
2.443886080138641859e+01
2.429571632185820107e+01
2.415228394812159252e+01
2.400960727087967683e+01
2.386873909581077058e+01
2.373073880121434343e+01
2.359666965960928664e+01
2.346759612920491378e+01
2.334458112124518081e+01
2.322868324929361350e+01
2.312095406658290742e+01
2.302243529759616436e+01
2.293415607007889534e+01
2.285713015369958256e+01
2.279235321158435568e+01
2.274080007094612199e+01
2.270342201901125634e+01
2.268114413041807964e+01
2.267486263222009057e+01
2.268544231257331845e+01
2.271371397912268719e+01
2.276047197302478153e+01
2.282647174445607163e+01
2.291242749535548384e+01
2.301900989503796069e+01
2.314684387419383427e+01
2.329650650265273981e+01
2.346852495614763257e+01
2.366337457715703607e+01
2.388147703473750738e+01
2.412319858808131912e+01
2.438884845834691006e+01
2.467867731311257273e+01
2.499287586759734836e+01
2.533157360657575197e+01
2.569483763068924631e+01
2.608267163062144789e+01
2.649501499236277269e+01
2.693174203653850540e+01
2.739266139451621385e+01
2.787751552374216146e+01
2.838598036448340878e+01
2.891766513987289144e+01
2.947211230086875844e+01
3.004879761744804512e+01
3.064713041705762819e+01
3.126645397104479684e+01
3.190604602948303992e+01
3.256511950450070714e+01
3.324282330190573020e+01
3.393824330058662042e+01
3.465040347885142324e+01
3.537826718654790170e+01
3.612073856148987261e+01
3.687666408839379528e+01
3.764483429821151361e+01
3.842398560542733321e+01
3.921280228057076300e+01
4.000991855488332050e+01
4.081392085376736389e+01
4.162335015533781757e+01
4.243670447009697710e+01
4.325244143745425163e+01
4.406898103452385840e+01
4.488470839234857834e+01
4.569797671442175613e+01
4.650711029211121428e+01
4.731040761133019856e+01
4.810614454455019739e+01
4.889257762201124535e+01
4.966794737575746410e+01
5.043048174990859422e+01
5.117839957037402598e+01
5.190991406702481470e+01
5.262323644116170129e+01
5.331657947095298056e+01
5.398816114736894178e+01
5.463620833300508650e+01
5.525896043606994112e+01
5.585467309171236394e+01
5.642162184277900394e+01
5.695810581202632505e+01
5.746245135776280222e+01
5.793301570486513441e+01
5.836819054310153376e+01
5.876640558470003839e+01
5.912613207312485031e+01
5.944588623506870562e+01
5.972423266773098760e+01
5.995978765353392248e+01
6.015122239453204145e+01
6.029726615889197205e+01
6.039670933196247660e+01
6.044840636461400152e+01
6.045127861170093553e+01
6.040431705368397530e+01
6.030658489465267991e+01
6.015722003022413844e+01
5.995543737908719351e+01
5.970053107231367306e+01
5.939187649491400123e+01
5.902893217434222350e+01
5.861124151062118415e+01
5.813843434252252962e+01
5.761022834426645289e+01
5.702643024838802432e+01
5.638693689346754923e+01
5.569173609956948212e+01
5.494090737559093895e+01
5.413462245472265977e+01
5.327314563370417488e+01
5.235683387017701307e+01
5.138613660130690874e+01
5.036159531858025673e+01
4.928384306686707106e+01
4.815360415760410717e+01
4.697169430855264238e+01
4.573902084694143610e+01
4.445658147104631297e+01
4.312545935920525864e+01
4.174681450130210436e+01
4.032187649487154602e+01
3.885194806201796780e+01
3.733842693168108440e+01
3.578284629002001083e+01
3.418691411107381128e+01
3.255247590271531521e+01
3.088127188564873649e+01
2.917447888836882086e+01
2.743273253825096702e+01
2.565721664395530155e+01
2.385086892391480617e+01
2.201887806096165789e+01
2.016876310635392500e+01
1.831030941662517719e+01
1.644674527280185217e+01
1.455485003483310891e+01
1.249131363005614404e+01
1.032672830902252414e+01
8.329423744014970765e+00
6.537675878477651636e+00
4.952388086557393265e+00
3.574500904970602910e+00
2.402278681781259806e+00
1.420655988647821388e+00
6.412900219721391348e-01
1.065125029330149520e-01
9.521527767320858010e-03
