1.182928200573903250e-02
9.285686857109309855e-02
4.935745557496495906e-01
1.291504457694120811e+00
2.225012958740976821e+00
3.121583972869780954e+00
3.879544330312771905e+00
4.490556191279145182e+00
4.987827024942654397e+00
5.364602346037737668e+00
5.507863985915431471e+00
5.267897274695489074e+00
4.403258759548591250e+00
3.449167476962544665e+00
2.922098626611926431e+00
3.094877965585732582e+00
3.784287318224993424e+00
4.473793851434719748e+00
4.740304498134406685e+00
4.612553080773262870e+00
4.516793341605653822e+00
4.838015399929949112e+00
5.493838733242390582e+00
5.919014271235136349e+00
5.542787977410479350e+00
4.379508170901710962e+00
3.156234298380159231e+00
2.784998069970087808e+00
3.597406949384893693e+00
5.020089714760755051e+00
6.012253109365740755e+00
5.913063492156359402e+00
4.965025236293265642e+00
4.050334165753847415e+00
3.876463193251940886e+00
4.350171457356450944e+00
4.714518955708197012e+00
4.323077789796841763e+00
3.326971510297890955e+00
2.614231159704926810e+00
3.024101839673859704e+00
4.540399007042662305e+00
6.214212522109590964e+00
6.918972115109325749e+00
6.282550797251368557e+00
4.967941407755961158e+00
4.054728070866462808e+00
4.085100398373595176e+00
4.638968084369745171e+00
4.813749695022130126e+00
4.150493244740751209e+00
3.134149033012247454e+00
2.785470448911924191e+00
3.702065980272815970e+00
5.427312115593743158e+00
6.746519342049340118e+00
6.678051959507969038e+00
5.296004558128715622e+00
3.662560283418425655e+00
2.934255887607535751e+00
3.428754129080268775e+00
4.453696743174592854e+00
5.006693472631842390e+00
4.688150555674040376e+00
4.010663305610751017e+00
3.860792558049331191e+00
4.635795804904044637e+00
5.848020820519991503e+00
6.541193334134587367e+00
6.125165072290243096e+00
4.879282085762095988e+00
3.699505975761570475e+00
3.347835191233454299e+00
3.877874230175974990e+00
4.705382769862452186e+00
5.191054594460863036e+00
5.169529692960275646e+00
4.968794350344921007e+00
4.974599413844455142e+00
5.207625707401806636e+00
5.323558470508539919e+00
5.005915371903633115e+00
4.338338882030626564e+00
3.778148565476191489e+00
3.753159539836861569e+00
4.271360703797584257e+00
4.916653708092080244e+00
5.229956981277023687e+00
5.109719812706468467e+00
4.856848332398328694e+00
4.836196414247241115e+00
5.092324746789887335e+00
5.294266271144252300e+00
5.064254492582673350e+00
4.377347409878752593e+00
3.649328570121040283e+00
3.418673938407301272e+00
3.900328799982727190e+00
4.801756102555757799e+00
5.552387209011568459e+00
5.736875888240478005e+00
5.366968554316198237e+00
4.796709518367913816e+00
4.401952990889146378e+00
4.316659164094287959e+00
4.416237175107810664e+00
4.494494732284196381e+00
4.435809036547915696e+00
4.248650428483153441e+00
3.994955513488307908e+00
3.734032425653435183e+00
3.530692864090796412e+00
3.463812730235745985e+00
3.563813316983948543e+00
3.720898182900867379e+00
3.698037586487057826e+00
3.314504706373607501e+00
2.673623957979513577e+00
2.193576042129064874e+00
2.325596602943965863e+00
3.139468967540638200e+00
4.146928712121106031e+00
4.594329407052755165e+00
4.056247627867567651e+00
2.846195837189333222e+00
1.848404040831787443e+00
1.842990026253162217e+00
2.858552333692142788e+00
4.115074365291988556e+00
4.646893643522806983e+00
4.105449829125028316e+00
3.056135964740785305e+00
2.493887517206014870e+00
2.974700021276418749e+00
4.110175945939563036e+00
4.877379068282339247e+00
4.496008322006059821e+00
3.124598392414767112e+00
1.770144076567906621e+00
1.476172435075681744e+00
2.473370009707599682e+00
4.006878540088265162e+00
4.971942575662483321e+00
4.804397620127319968e+00
3.876661238155485023e+00
3.099451961767512920e+00
3.116595283709212794e+00
3.803282120171661340e+00
4.472977481380799425e+00
4.558620727326283095e+00
4.133888871779141105e+00
3.819070570230251871e+00
4.187891062461829073e+00
5.231785406227101198e+00
6.362092198779264685e+00
6.929742936022210920e+00
6.781935727946947878e+00
6.364611596308169972e+00
6.306998281220378644e+00
6.886976721273263102e+00
7.857245268396504834e+00
8.757663619626800511e+00
9.389980740467525067e+00
9.999778394694875061e+00
1.100388139633398410e+01
1.253527438160437057e+01
1.424807870318595882e+01
1.558104293703175003e+01
1.625100752392925685e+01
1.653170867362077345e+01
1.706217959237314830e+01
1.834638395981281889e+01
2.037320291179435117e+01
2.266908533470944676e+01
2.471007057392587924e+01
2.631626485220429146e+01
2.769461871688406163e+01
2.913030848268253337e+01
3.064096622742684772e+01
3.192164990607831143e+01
3.262394973707075962e+01
3.270058595637029697e+01
3.249176302193610155e+01
3.247224615759056832e+01
3.288763494663444931e+01
3.360069529429722479e+01
3.426688857715391379e+01
3.465638318128385009e+01
3.481808994275075264e+01
3.494685753261438776e+01
3.510643026551715451e+01
3.510087483316806356e+01
3.464165569259819222e+01
3.366139406060823092e+01
3.246023070887980566e+01
3.150399742698848016e+01
3.101698136413939721e+01
3.073130761634106634e+01
3.005343069916424881e+01
2.855236476929231060e+01
2.636967157978670429e+01
2.417946311448762486e+01
2.268970582496947941e+01
2.207684405363303881e+01
2.183344319324582372e+01
2.118489270203393815e+01
1.975124205655091103e+01
1.790005207003781607e+01
1.646902897030231117e+01
1.605941086341992019e+01
1.648135418978773004e+01
1.683869077901222155e+01
1.622724409383831912e+01
1.450136443022010013e+01
1.247444761704246474e+01
1.135441672915016476e+01
1.183311923133415888e+01
1.354430751697249491e+01
1.532615063941007705e+01
1.608766130033889752e+01
1.559883710890478881e+01
1.459275094275031215e+01
1.412711052586926463e+01
1.474331482445449737e+01
1.610143697026740028e+01
1.735529008205979906e+01
1.791723378683805379e+01
1.795929927299594198e+01
1.824511823890269824e+01
1.946003711173297290e+01
2.161546674936479207e+01
2.401500951019749053e+01
2.578262865730048503e+01
2.649616563854187490e+01
2.642301824258018073e+01
2.622743456287839692e+01
2.646045363753115609e+01
2.727007211800282249e+01
2.850280440428273110e+01
2.998780216027406453e+01
3.166367500239255151e+01
3.343138127757150357e+01
3.495106464915612321e+01
3.569617140312433889e+01
3.532169820286139839e+01
3.403982287626055836e+01
3.260159444111248206e+01
3.179681283063676034e+01
3.184669054034177904e+01
3.223431866719553085e+01
3.218596134691561872e+01
3.143167345476677710e+01
3.055947740867468454e+01
3.056494736305341320e+01
3.189668282877256189e+01
3.381477046576966217e+01
3.471932514624538868e+01
3.333138827824145523e+01
2.983638371710533477e+01
2.600928649454258235e+01
2.408082495995999750e+01
2.512356682091321503e+01
2.820102238750297019e+01
3.100281343087392116e+01
3.154689820934843070e+01
2.966239024346970155e+01
2.709045445933068663e+01
2.609779448593148388e+01
2.767236070165011697e+01
3.072760412843342692e+01
3.297244062008214627e+01
3.279235206837813621e+01
3.066082378730753177e+01
2.892523927626800528e+01
3.005882747656109899e+01
3.468321115760677742e+01
4.089683924088983957e+01
4.549182879768314791e+01
4.621508241237270198e+01
4.341303417068525761e+01
3.982501854861515511e+01
3.865257886089472095e+01
4.131329654497508130e+01
4.652369606562634630e+01
5.136401812996319194e+01
5.349896410458758567e+01
5.287323019036002592e+01
5.161352202503319830e+01
5.223973092300790455e+01
5.558040904688084538e+01
6.001822836069192846e+01
6.267692298247285976e+01
6.166707854981714831e+01
5.767313750591674193e+01
5.363509331391777835e+01
5.270973519926157280e+01
5.600416608059481405e+01
6.176130498122169854e+01
6.659760167738961911e+01
6.786764359016694925e+01
6.541541955687787890e+01
6.147237809313208601e+01
5.887304676297090822e+01
5.899135067771038621e+01
6.093158221291850651e+01
6.248242175285175648e+01
6.198805034799462277e+01
5.964927769278238401e+01
5.728840773822099663e+01
5.683505410168312721e+01
5.874951766688228361e+01
6.158858316915963371e+01
6.300750690395305753e+01
6.142065871236946606e+01
5.711019183618243034e+01
5.203735968669692369e+01
4.856008743686221152e+01
4.797978033842693435e+01
4.986346640036878597e+01
5.248619820520341506e+01
5.399176809650029440e+01
5.347511318528810165e+01
5.133993279764570161e+01
4.880782560262503011e+01
4.698921210528352788e+01
4.615917570277959214e+01
4.570420469535847019e+01
4.474194357015835521e+01
4.294949518354719942e+01
4.096762336848086505e+01
4.001965622746920559e+01
4.095409200623796409e+01
4.340567861639299707e+01
4.577965728006681445e+01
4.620749226535617993e+01
4.385842646930731803e+01
3.962797876958354948e+01
3.562665012547869736e+01
3.379485223642590341e+01
3.465940873205966000e+01
3.716057622626649248e+01
3.964910502412379856e+01
4.119572256015207756e+01
4.205408976737138005e+01
4.282790547948615512e+01
4.330870944524415478e+01
4.240677306237031274e+01
3.922228259102785586e+01
3.425250837981376861e+01
2.978844610611137611e+01
2.900552759732274666e+01
3.384605894836440143e+01
4.282442301303599663e+01
4.761366659963193371e+01
4.601883446737567596e+01
4.453481141800727983e+01
4.393235314158902582e+01
4.347924573372338131e+01
4.181705829604991465e+01
3.725981046595307333e+01
2.823047633265245793e+01
1.548696666879844663e+01
2.691404315731448005e+00
2.510299316850669871e-01
