4.278644830344112415e-02
3.113181650317768945e-01
1.577194911399586230e+00
3.522168513348726826e+00
4.694470060511871878e+00
4.835357670156200882e+00
4.313634965010074929e+00
3.761590748476340895e+00
3.686730768698361249e+00
4.236063862815114156e+00
5.013093675076060407e+00
5.338302335853593483e+00
4.035851707799920085e+00
2.983304534997428981e+00
2.980924583763965963e+00
3.908122839357691447e+00
5.002038522675753107e+00
5.481313017393670606e+00
5.126733505732889995e+00
4.386242926545592447e+00
3.940691788604423706e+00
4.105271107629750560e+00
4.573524323570625327e+00
4.794951644933446389e+00
4.586156231434038943e+00
4.303283355931600163e+00
4.439577134303143602e+00
5.069492622750606969e+00
5.695110625107751012e+00
5.667038985395799422e+00
4.807941556390172622e+00
3.655452115463029727e+00
3.062806953183340397e+00
3.477296767822072532e+00
4.532250472701661259e+00
5.331756437126171200e+00
5.200673943381345588e+00
4.259708726133748513e+00
3.330182789450668590e+00
3.245565177798200640e+00
4.150272390052767157e+00
5.373454106678143383e+00
5.979171506997609242e+00
5.532025149113543705e+00
4.447813760123790594e+00
3.650066932980227552e+00
3.820908525163117631e+00
4.852139898627597425e+00
5.926909775406769221e+00
6.155181809700494000e+00
5.259774099768034006e+00
3.789180729169840944e+00
2.712153223305054262e+00
2.717650973103435952e+00
3.745604740896042451e+00
5.075373270263153103e+00
5.872002112324396172e+00
5.764357659996499628e+00
5.037100901154373034e+00
4.332974785131100681e+00
4.131086158246545459e+00
4.412539221169273773e+00
4.750547090254058524e+00
4.718036619731625692e+00
4.265030140631091982e+00
3.762977887925996523e+00
3.695427701436484469e+00
4.259248885688228015e+00
5.199504805286811582e+00
5.996781286167252034e+00
6.237956034431761942e+00
5.870869201456255126e+00
5.167519774015783440e+00
4.475609524820933771e+00
3.995953217999542062e+00
3.755665340796682461e+00
3.736924529176159915e+00
3.977127121908680341e+00
4.513138151845368817e+00
5.233940745151830498e+00
5.831490363902601892e+00
5.961710695627159495e+00
5.512497448391487254e+00
4.736039605286002541e+00
4.092507084487170488e+00
3.907460322808853359e+00
4.131686136424504774e+00
4.421894005227971824e+00
4.479187684109644074e+00
4.340393891631188161e+00
4.345370480106335975e+00
4.791656092307197135e+00
5.583013896211123317e+00
6.208043102144973346e+00
6.108278177291582622e+00
5.148533351868133323e+00
3.792656127724790327e+00
2.818542640405168775e+00
2.783058003832409977e+00
3.649920124498356788e+00
4.855176625797782641e+00
5.732064835043194861e+00
5.949120680056521948e+00
5.642104781514222900e+00
5.192722468356071985e+00
4.881327875989967424e+00
4.699825194348632884e+00
4.439458006714562366e+00
3.936765014654846961e+00
3.258886432424496604e+00
2.689634672894333445e+00
2.543180497217981895e+00
2.946285078257517842e+00
3.730569836423422991e+00
4.496006240706607038e+00
4.812003192195779988e+00
4.454643708383896339e+00
3.552114266889744520e+00
2.539383337354990555e+00
1.918979079076303051e+00
1.955975164557113066e+00
2.512075593814721231e+00
3.157041253873075881e+00
3.496860241529318181e+00
3.470272445395019112e+00
3.362773917023741621e+00
3.509274909380615703e+00
3.936019618985131086e+00
4.276580138623074845e+00
4.077851671578204495e+00
3.255052442655339551e+00
2.279360121917688886e+00
1.876763625531933100e+00
2.443346966492787153e+00
3.668097601943834274e+00
4.719660028796584861e+00
4.882601352499935210e+00
4.123749180135089176e+00
3.102062839450579812e+00
2.602973642705934676e+00
2.881285401859935202e+00
3.485000352260946510e+00
3.712571599033612557e+00
3.291406035421765797e+00
2.661003375896208833e+00
2.592019820380558226e+00
3.469867408472053327e+00
4.884347528739168887e+00
5.909243430493827276e+00
5.850777906081917834e+00
4.827305241949764181e+00
3.684203272500736315e+00
3.321005607378804125e+00
4.005617032516053833e+00
5.240850691968095276e+00
6.255022146415209150e+00
6.657529699396117273e+00
6.694314582022816040e+00
6.926227238424349508e+00
7.668067770351924217e+00
8.708545325674421633e+00
9.542311268356272080e+00
9.870900727098778304e+00
9.902940772998249486e+00
1.019075185533717942e+01
1.116806278465845637e+01
1.280676584160502429e+01
1.467687423708185790e+01
1.632095589931987334e+01
1.759244480210901784e+01
1.867942398173124730e+01
1.984644296279390829e+01
2.117388818843128817e+01
2.253846219268250550e+01
2.381824800973495826e+01
2.508375016464169249e+01
2.656099761095638101e+01
2.838852845686087889e+01
3.040307684667112653e+01
3.217494947326955668e+01
3.328824191891847306e+01
3.363556560607213441e+01
3.347951297957794736e+01
3.323676392916927824e+01
3.317836226047005255e+01
3.329916887569032724e+01
3.344450254856873528e+01
3.354726886327193824e+01
3.373598610485660032e+01
3.420251131009448642e+01
3.494910190260301874e+01
3.565945412459620911e+01
3.584339621175286794e+01
3.516849172892242592e+01
3.371723664140855448e+01
3.195044089941102783e+01
3.038927057413791388e+01
2.926116552023193051e+01
2.839149170870883054e+01
2.742400130462711871e+01
2.617716098179008455e+01
2.482237268206314340e+01
2.371731051224646691e+01
2.303196864187978932e+01
2.250926049291165754e+01
2.161403484582024959e+01
1.999299495104740387e+01
1.786567411951031303e+01
1.597171170166986442e+01
1.504718009221590513e+01
1.522257074763533247e+01
1.585781701935698074e+01
1.600809158051916725e+01
1.518313590195027629e+01
1.377299394630819940e+01
1.274788914135908335e+01
1.284234281334069117e+01
1.390152047236418120e+01
1.497334162651098310e+01
1.511174676288139729e+01
1.422545013182866569e+01
1.322375265125555721e+01
1.328686930051702575e+01
1.485115218016774463e+01
1.718214280611360323e+01
1.893499995007798020e+01
1.925702031602708431e+01
1.850230523267605776e+01
1.794262396121099812e+01
1.871433224957671726e+01
2.089621182762526530e+01
2.349138988740713074e+01
2.529575057237958902e+01
2.587637823365074752e+01
2.582438284433967723e+01
2.612189638700568395e+01
2.724890843898937121e+01
2.884253921072848925e+01
3.016300603918770662e+01
3.085846501073998027e+01
3.127114969823426094e+01
3.200867159140464224e+01
3.323869343726057224e+01
3.443748140041099504e+01
3.486780883697102240e+01
3.432258507005573023e+01
3.337734605991062864e+01
3.285627312025090419e+01
3.300455672237924887e+01
3.320199359367801151e+01
3.257535221189301211e+01
3.098418668175234814e+01
2.940938639127195486e+01
2.924487033120646728e+01
3.100820986557845771e+01
3.362047396261598209e+01
3.502144453473631813e+01
3.375060944024004073e+01
3.021734685530466891e+01
2.654116304711311258e+01
2.499215456737289642e+01
2.624863450330617809e+01
2.889009295020917278e+01
3.055917848611776932e+01
2.986435826422052742e+01
2.748798966349636075e+01
2.561234644358708579e+01
2.613640168313400736e+01
2.911611569905751651e+01
3.266366914481314154e+01
3.438006095679409668e+01
3.321173284341681864e+01
3.032208033476642939e+01
2.833192599915608412e+01
2.948648178996537794e+01
3.405754988800318017e+01
4.009199085084433989e+01
4.466953515774264361e+01
4.581458040667995135e+01
4.378496536506045800e+01
4.088017222187536248e+01
3.988656234692783187e+01
4.218919144008107480e+01
4.683824468093229854e+01
5.125440049925126118e+01
5.313284030196125229e+01
5.220234484993093105e+01
5.049974340471884915e+01
5.083965815934024590e+01
5.453605844222575882e+01
6.012617485387109895e+01
6.421959995563818779e+01
6.399766186875690011e+01
5.951433459118416636e+01
5.394697944973177783e+01
5.144281945809459700e+01
5.410081507535576151e+01
6.039597931306736456e+01
6.630175021875882635e+01
6.827111566820680366e+01
6.577063340450294504e+01
6.142846614993133159e+01
5.877413985014692344e+01
5.945061021473411955e+01
6.212119111077093692e+01
6.383445134081262040e+01
6.259846885275917572e+01
5.901501836214688268e+01
5.571284462887960842e+01
5.516858136407326896e+01
5.774700264195377741e+01
6.147130297593443515e+01
6.354884247387109042e+01
6.233678432398505720e+01
5.828003224032791252e+01
5.334023364210329277e+01
4.960044297376695255e+01
4.813827726372509375e+01
4.877048389739423584e+01
5.050292979105496016e+01
5.215742914528797769e+01
5.282520966868903400e+01
5.212137330673634494e+01
5.029282049923726561e+01
4.809717942596277851e+01
4.635999435392881196e+01
4.539308222029863771e+01
4.474398843158559913e+01
4.362034073014414304e+01
4.175057921846134690e+01
3.991135770498564739e+01
3.948055868134473911e+01
4.120892730168097273e+01
4.424117660561909560e+01
4.639774000941812915e+01
4.570583876127994216e+01
4.199880814945875329e+01
3.720494987293709244e+01
3.398835425144699229e+01
3.380804014421133274e+01
3.600183256354275585e+01
3.864853826449602536e+01
4.037468370909312654e+01
4.135270086815510382e+01
4.245531893818997560e+01
4.362885338689282122e+01
4.351608483471972733e+01
4.068497607728298959e+01
3.529527048327248195e+01
2.986712789948694180e+01
2.828053151479639027e+01
3.307927896020582637e+01
4.268212136262201284e+01
4.760568445594978471e+01
4.534065370386224458e+01
4.340273483483541384e+01
4.300062906935680473e+01
4.346530668606997949e+01
4.309727323339727434e+01
3.957158259013372259e+01
3.067675233729514872e+01
1.707035710563518904e+01
2.975250583572658147e+00
2.782187924405132851e-01
