3.985830959066014728e-02
2.876866686284124675e-01
1.453877734419763534e+00
3.211289576037542393e+00
4.277008653371010993e+00
4.581210651445226212e+00
4.473842094823175408e+00
4.320910831484265913e+00
4.311565682860119431e+00
4.490072784518287285e+00
4.693061990298632580e+00
4.664414858294457567e+00
3.570431968365864961e+00
3.124105186718081129e+00
3.572836180661247418e+00
4.381940124342141196e+00
4.896732561001773121e+00
4.864282590062253497e+00
4.532410311918134482e+00
4.340011282413897220e+00
4.504093304724265501e+00
4.841242745422682070e+00
4.940487146779665828e+00
4.592661854542107847e+00
4.055628956019309506e+00
3.841393902850914976e+00
4.250603210246142183e+00
5.084993038816541855e+00
5.775609872680180779e+00
5.807145292620690569e+00
5.101201737365150812e+00
4.077898726373549998e+00
3.362946191444617039e+00
3.357121453176526327e+00
3.970750327915911093e+00
4.700898597441747206e+00
4.994142284443511492e+00
4.648111479786273037e+00
3.970594052070764324e+00
3.563894411268945461e+00
3.862606171320210446e+00
4.760128356651038395e+00
5.638187820882632373e+00
5.827681291476160652e+00
5.166200505998002512e+00
4.183944060495955242e+00
3.710155701832728248e+00
4.178875521784743086e+00
5.215685842252446136e+00
5.900866969867963441e+00
5.536981256995631817e+00
4.279583329081397380e+00
3.061328455495642142e+00
2.834611945326661608e+00
3.769055754452824480e+00
5.107531473902652053e+00
5.817617480494156723e+00
5.467613098363723445e+00
4.551850347866916557e+00
3.987635434124238820e+00
4.258065034150442685e+00
4.990194318885444957e+00
5.344905110358738831e+00
4.838800124821153403e+00
3.824371537508179042e+00
3.185142342037901919e+00
3.538640628513245456e+00
4.687954667134166087e+00
5.811657629624197519e+00
6.186631488151051350e+00
5.762981101577956622e+00
5.089694129261346234e+00
4.724670598797489518e+00
4.731198630046484332e+00
4.729418371969674517e+00
4.396891799356813735e+00
3.875772626457098635e+00
3.664706825175661820e+00
4.109511241009434102e+00
5.013343693861609829e+00
5.765053593889405192e+00
5.867680582689819069e+00
5.357545695183302925e+00
4.720807232003375375e+00
4.411163896140030793e+00
4.451690270272820271e+00
4.498013374831990596e+00
4.269448995620542142e+00
3.893832386662218425e+00
3.811528500255851437e+00
4.331456305003805518e+00
5.277318742730556345e+00
6.072279004418677850e+00
6.188472318906743652e+00
5.553097218935411306e+00
4.567012499340100895e+00
3.764333518004276069e+00
3.446089159793271683e+00
3.582471039942013658e+00
3.980419111848781277e+00
4.480219996058113274e+00
4.992429617389698926e+00
5.415714970507343295e+00
5.609934121911457794e+00
5.496193564469949777e+00
5.159245544549230011e+00
4.789088540049365683e+00
4.482748400549525059e+00
4.125822798600879970e+00
3.533357260775181530e+00
2.751114020649671144e+00
2.188625002280452758e+00
2.357085170134184171e+00
3.372906752372013095e+00
4.689109032216700612e+00
5.390005156838547862e+00
4.888113912897229518e+00
3.444773352986199022e+00
2.022826217446826114e+00
1.542514991554721160e+00
2.156055421527920846e+00
3.169112323801930753e+00
3.679097065237121988e+00
3.364744131015646289e+00
2.728728216759136238e+00
2.590742039223798976e+00
3.302106611059190122e+00
4.393709535053095472e+00
4.967716541370249317e+00
4.476243405805339748e+00
3.200510559914825137e+00
2.029155546645183161e+00
1.751752155746445938e+00
2.475330549477105180e+00
3.618544848500237610e+00
4.421467830851515401e+00
4.504682871876314110e+00
4.043292480543269285e+00
3.499621065330059899e+00
3.213987904212874724e+00
3.198672555089997704e+00
3.241888457648684607e+00
3.162397685266983505e+00
2.980637838694156549e+00
2.895108277408727115e+00
3.119768850672721250e+00
3.714292942904454442e+00
4.511856522791660495e+00
5.183138906955436553e+00
5.412998266463941555e+00
5.106165258650647409e+00
4.492118350113382341e+00
4.023223374530790153e+00
4.090348604291396128e+00
4.745256565357096612e+00
5.662779315268038793e+00
6.408376954154843652e+00
6.806752207039791891e+00
7.083323728819931553e+00
7.627214995485958937e+00
8.576464595396041446e+00
9.625640419754784460e+00
1.028004614388359528e+01
1.035738049373168579e+01
1.026268962421560715e+01
1.072878092491348667e+01
1.220396084328230657e+01
1.442957932359286488e+01
1.661614259620641221e+01
1.809112216286249719e+01
1.884626721473326327e+01
1.949009684334932402e+01
2.065799944734997950e+01
2.243731285318264668e+01
2.434248862355273957e+01
2.584091859245702594e+01
2.689686900092235788e+01
2.798900556315207666e+01
2.958158105505332713e+01
3.157777218399504093e+01
3.331299208405147283e+01
3.412008842522631369e+01
3.393133923865268287e+01
3.333633935969547224e+01
3.304227669664018663e+01
3.326627470039422718e+01
3.364894300451912557e+01
3.375021323168936505e+01
3.359692651555268128e+01
3.369339187891797138e+01
3.445278283258183194e+01
3.562024314161050853e+01
3.631447798055829423e+01
3.572946408437251620e+01
3.386991908899308612e+01
3.160869403130630673e+01
2.996596988905061210e+01
2.925039769132030187e+01
2.885565399377032136e+01
2.790456335944987387e+01
2.613413884051865566e+01
2.417851013288052542e+01
2.296860416052813036e+01
2.280599129139288550e+01
2.299263410182319944e+01
2.239577177103059569e+01
2.046040209020533140e+01
1.775520511479378882e+01
1.554667642065673050e+01
1.476466850471801351e+01
1.525964630455494664e+01
1.598198840858662528e+01
1.589782976029552763e+01
1.483198573287397792e+01
1.353270702591235342e+01
1.295615519902285762e+01
1.342867667638856410e+01
1.440130545057551359e+01
1.496179224331842228e+01
1.462638928177590181e+01
1.373968056216365952e+01
1.318212406588861008e+01
1.366299149083444320e+01
1.517832342693672487e+01
1.703581522133165294e+01
1.838593476546518346e+01
1.883243819106763439e+01
1.867876269745791262e+01
1.866497418594391178e+01
1.941751913811136276e+01
2.101534949453453294e+01
2.296871154782106927e+01
2.460282702483599593e+01
2.555083326208884387e+01
2.598860051976127394e+01
2.644442590830353979e+01
2.734829695542283545e+01
2.869291181611994190e+01
3.008331766718741918e+01
3.111660828392350453e+01
3.173971635969957106e+01
3.225261507498237279e+01
3.295799627652318264e+01
3.380603064890640752e+01
3.440249202602846879e+01
3.439488262756983517e+01
3.385408800550410291e+01
3.323766564203612006e+01
3.292846356025478372e+01
3.280835757897077798e+01
3.235871079458106436e+01
3.127669548663352117e+01
3.001449411285898350e+01
2.959868812696625540e+01
3.072065094493805049e+01
3.286617892783806383e+01
3.439458104565475338e+01
3.372415408920285529e+01
3.073111502100910286e+01
2.710500531978857452e+01
2.517709013061341139e+01
2.606717135673315866e+01
2.870328338353764863e+01
3.064075361422441190e+01
3.009456859002288098e+01
2.749757308694667657e+01
2.521633019571267553e+01
2.558865631600527735e+01
2.889845115673060150e+01
3.300939341307176278e+01
3.501877157726207912e+01
3.360914748381152606e+01
3.018770528551401000e+01
2.788892328372699581e+01
2.923093236037378873e+01
3.424787710503247240e+01
4.048439555698779202e+01
4.477023037122776827e+01
4.539812178825051348e+01
4.315527359946050723e+01
4.060361297116065771e+01
4.025275291211626438e+01
4.292782974325018586e+01
4.736731898576208977e+01
5.121207656317564982e+01
5.267516302441183740e+01
5.179543023036576699e+01
5.044165431643814657e+01
5.100165151503588845e+01
5.456717589661045054e+01
5.988094441116677302e+01
6.394454784932874247e+01
6.407377218873490676e+01
6.002464295523549254e+01
5.453104699216508067e+01
5.161122176649327997e+01
5.370700952181073973e+01
5.978935139372781293e+01
6.599788702847342847e+01
6.846095280901795377e+01
6.615615210390531331e+01
6.154702212084888657e+01
5.848224585975970768e+01
5.907688320329164355e+01
6.213125633751337773e+01
6.434332997680364485e+01
6.322240377944724088e+01
5.921750677750114278e+01
5.530782127822592997e+01
5.448965952118403777e+01
5.732587814357478351e+01
6.155143472463440446e+01
6.390908928274674849e+01
6.257367184687706185e+01
5.823525963179244513e+01
5.323019770547208651e+01
4.972971383180247784e+01
4.851712694789921443e+01
4.905523004838039469e+01
5.033737345355988424e+01
5.156728034610714673e+01
5.224765566138539441e+01
5.201617740856514871e+01
5.071063346360624990e+01
4.863534440643427104e+01
4.655459624559477305e+01
4.516039649679455437e+01
4.443471617779367477e+01
4.363832095780942666e+01
4.212441877162180504e+01
4.025326900334453484e+01
3.937576842838101499e+01
4.064538718603262168e+01
4.364874055777599438e+01
4.625610956429419218e+01
4.610629529831160056e+01
4.258221910626934203e+01
3.752008714205172168e+01
3.390402346825123203e+01
3.357595404752439094e+01
3.593383490396853119e+01
3.876621132308514461e+01
4.040623723398753242e+01
4.107277349562325242e+01
4.198590379118007831e+01
4.336645811019382535e+01
4.375630652457987679e+01
4.131102626316089754e+01
3.583795526176309920e+01
2.991058195604520265e+01
2.784937494048217133e+01
3.262382278423348225e+01
4.264453379403228439e+01
4.787506380105460835e+01
4.549387393852799732e+01
4.326519370967713485e+01
4.264642795316486001e+01
4.317710979876479627e+01
4.316742246111420656e+01
4.006308420851376439e+01
3.133789749412581216e+01
1.753461086763616095e+01
3.059600836143188562e+00
2.863857272817862398e-01
