2.392833306138920577e-02
1.805770246255421763e-01
9.357620860627300363e-01
2.260994311931520340e+00
3.437067063823939339e+00
4.142653209941423498e+00
4.339445964102916165e+00
4.270653037548488129e+00
4.291295693003124967e+00
4.618114291038505570e+00
5.093175176196277576e+00
5.279665404232718906e+00
4.403199709451901533e+00
3.354780776414040488e+00
2.841088025742904755e+00
3.208479126060749920e+00
4.180687585584997201e+00
5.049098836207961405e+00
5.257215871807090046e+00
4.855914589749828814e+00
4.400801860555659140e+00
4.392988622535717980e+00
4.796398454835007819e+00
5.096739007349426309e+00
4.855531321551684876e+00
4.209856037913514371e+00
3.790055923118273551e+00
4.101247646114787315e+00
4.973365071710248664e+00
5.652116092002570369e+00
5.486811539839609786e+00
4.569328830950946774e+00
3.691206555730503602e+00
3.620747334005574025e+00
4.363434724685368415e+00
5.119639292235017791e+00
5.018827465988926484e+00
3.970323629928284692e+00
2.829188788379338959e+00
2.684405369403889186e+00
3.883019666152819571e+00
5.664274679164026161e+00
6.748474566280078690e+00
6.383571733434945550e+00
4.952224408061020711e+00
3.630355570153966482e+00
3.407301880372200831e+00
4.304908761943205597e+00
5.428875142035574086e+00
5.761148179002756997e+00
4.998519527455536071e+00
3.754910906548874827e+00
3.014515172684466116e+00
3.334312970055719028e+00
4.446675064832748880e+00
5.530955642556455665e+00
5.872049151179036031e+00
5.360198601615189240e+00
4.479463451613527880e+00
3.868831893990269055e+00
3.847435520606768744e+00
4.258102079909405369e+00
4.685766279942262358e+00
4.818583028283971004e+00
4.656468829907488782e+00
4.441796775866818869e+00
4.419902793550185116e+00
4.645382775941404141e+00
4.973808738809628593e+00
5.208360436144221062e+00
5.254733361507005540e+00
5.158272206655936110e+00
5.017645344891858983e+00
4.877151924687534112e+00
4.705063955163918621e+00
4.472231660436960077e+00
4.242337878964323572e+00
4.167759071903532231e+00
4.371616602552171216e+00
4.811506493393019390e+00
5.257129562273611612e+00
5.429584020065860273e+00
5.208758033499132800e+00
4.739990601312499940e+00
4.337840663578830913e+00
4.249246882628131772e+00
4.464386392535677928e+00
4.736228241820017004e+00
4.800125271706985330e+00
4.610950012229261041e+00
4.390079930186799650e+00
4.430513036584979858e+00
4.819737207128421907e+00
5.323268520450326058e+00
5.545499544262107783e+00
5.248098001607984564e+00
4.562113773281294193e+00
3.908988179512800976e+00
3.687318436839297053e+00
3.980703439226185303e+00
4.523956769443765680e+00
4.944111904961655313e+00
5.060837595998665783e+00
4.989777254117891303e+00
4.974489689974548767e+00
5.113638599094247006e+00
5.236901220090234510e+00
5.044123951812670370e+00
4.386561726365457048e+00
3.444974150908872712e+00
2.648354533308746817e+00
2.392268993271522870e+00
2.771233938451321599e+00
3.516953683134259823e+00
4.172383532548404439e+00
4.370425735480823803e+00
4.037078229434589716e+00
3.408074099959222281e+00
2.864943496226292741e+00
2.691091532185036606e+00
2.889830230898897678e+00
3.183778768112148327e+00
3.221200074493087318e+00
2.872506845708647116e+00
2.395765382798763721e+00
2.295532272093737447e+00
2.918821154991859235e+00
4.082995030126089553e+00
5.081430791884637088e+00
5.153971011922521051e+00
4.105676033010661641e+00
2.559168992511641871e+00
1.562619326145944898e+00
1.804284665212160910e+00
3.060494577289845530e+00
4.360852361699025792e+00
4.766161658690213798e+00
4.116907585853978979e+00
3.114770820163515808e+00
2.672078285041556978e+00
3.108074137630389089e+00
3.903790793168163908e+00
4.219730076921368145e+00
3.690657892960236275e+00
2.770282691840707745e+00
2.323026839502904117e+00
2.851271540892180045e+00
4.064057569658939606e+00
5.156442431935436943e+00
5.510899548836832196e+00
5.172179669767455579e+00
4.700450877719599241e+00
4.603399303147041266e+00
4.911356320208543735e+00
5.268934600058790885e+00
5.392964110073617867e+00
5.409892360135857281e+00
5.741660664780091849e+00
6.671741728758310508e+00
8.028141384271815895e+00
9.288801516619910714e+00
1.000464616535844620e+01
1.015343968261155005e+01
1.013137035483187631e+01
1.043093834482918680e+01
1.130434907550649193e+01
1.266558836814432887e+01
1.423947756625013028e+01
1.577854574940503163e+01
1.718224125628927013e+01
1.848987786028606450e+01
1.981236894691567940e+01
2.125589405332785020e+01
2.284927695836960027e+01
2.449723998739889552e+01
2.601464551165041073e+01
2.726167448625680478e+01
2.828947070094316629e+01
2.934137948285435726e+01
3.065205233277274033e+01
3.219063819225338108e+01
3.359736903487883808e+01
3.442008375979894197e+01
3.447301436600332636e+01
3.399649785206968033e+01
3.346431421256605887e+01
3.322032358416429076e+01
3.328945058639227028e+01
3.351833555430446410e+01
3.384611121857155069e+01
3.436692541945814838e+01
3.509099164649131097e+01
3.568885498929191868e+01
3.558663273742175193e+01
3.442936198171588558e+01
3.248628049294097764e+01
3.053208865202937616e+01
2.921678875491972605e+01
2.848782288884222780e+01
2.766130472400462281e+01
2.614291854453364650e+01
2.412198147254945013e+01
2.250696480670345423e+01
2.206985838268225564e+01
2.258189491945715233e+01
2.282923303536119164e+01
2.161354155004734423e+01
1.887441267868267047e+01
1.586810076016463000e+01
1.415924617329489443e+01
1.429336272306233369e+01
1.535728384706813898e+01
1.584202245536763343e+01
1.501762997317363002e+01
1.354963178750888098e+01
1.279755145539339800e+01
1.347337898582366300e+01
1.493229671551533677e+01
1.576127025042814900e+01
1.510604567962050027e+01
1.349344988474500262e+01
1.239324814681754461e+01
1.293861091319896239e+01
1.497570819510612594e+01
1.726589090549133942e+01
1.859060205169294377e+01
1.873036704555491028e+01
1.848992383925015659e+01
1.886052870298052397e+01
2.015351630153885765e+01
2.185652066084189826e+01
2.322448284805002672e+01
2.396905441049892005e+01
2.442468262298926973e+01
2.513850656712454068e+01
2.635314999221845511e+01
2.785890704202436652e+01
2.926622633933935091e+01
3.036051894795992823e+01
3.120240193143303742e+01
3.194976225826215099e+01
3.264476979737440843e+01
3.318509763817779401e+01
3.346849543060172039e+01
3.352926029293838184e+01
3.352464737188265076e+01
3.359367420289075312e+01
3.371999286060741241e+01
3.370898092808394608e+01
3.330115607928505028e+01
3.237119755596660298e+01
3.111234114415255547e+01
3.006565553681180347e+01
2.987626041949888389e+01
3.082346000661828000e+01
3.242649729621427213e+01
3.353236951575729563e+01
3.302311002297723519e+01
3.073472119391097834e+01
2.782183109275484156e+01
2.607935381993322466e+01
2.657386548780375080e+01
2.866449384040952708e+01
3.036242593209370710e+01
2.992675387175234292e+01
2.744839293967687510e+01
2.499985765427872408e+01
2.503619840534276619e+01
2.826657770308204221e+01
3.282027097051615527e+01
3.556275397755933909e+01
3.461035881482269616e+01
3.099059998333806121e+01
2.800729996984266279e+01
2.873669263280347863e+01
3.363658543685521352e+01
4.017498424542248614e+01
4.474789155730374546e+01
4.534032914779326973e+01
4.287334199521458800e+01
4.031116348971204388e+01
4.036464309201660683e+01
4.359413496283170986e+01
4.823561705692289792e+01
5.168754011964706763e+01
5.244063572979640497e+01
5.108369196358288633e+01
4.979684986758417864e+01
5.077633642329502806e+01
5.465603788004965224e+01
5.993587453957407973e+01
6.381653469100460541e+01
6.399989949401030032e+01
6.035522504450045034e+01
5.528411953806314472e+01
5.233780602921597591e+01
5.384309639334331621e+01
5.917047081841858613e+01
6.503181138400283601e+01
6.778233574548114859e+01
6.609440414287209364e+01
6.191335201299084190e+01
5.885085022292103218e+01
5.924019723161376305e+01
6.225442873179870418e+01
6.467938821935284466e+01
6.372164397672141689e+01
5.947931285361347875e+01
5.495940830142112787e+01
5.361198374963960589e+01
5.646983939165401978e+01
6.128918564126342261e+01
6.434061901093593860e+01
6.326810631824231734e+01
5.866001568055254012e+01
5.323756482610214391e+01
4.962147671452315478e+01
4.864452936552672924e+01
4.938804367473368728e+01
5.046347794165894385e+01
5.113349435974331669e+01
5.138648772934200082e+01
5.130356330928704267e+01
5.067122414293112342e+01
4.927409814561290347e+01
4.737239533064384744e+01
4.562694253953731760e+01
4.443911871033223804e+01
4.347933524836775376e+01
4.209111888825810865e+01
4.027204985913824942e+01
3.911550795701266026e+01
3.996772471884944622e+01
4.289971993195725020e+01
4.603977580167573791e+01
4.672052566263486995e+01
4.367479330172453444e+01
3.833961776652748910e+01
3.394006448312353541e+01
3.298036400233392840e+01
3.531553699317886696e+01
3.857663154729905841e+01
4.054464173274221395e+01
4.109553059197710212e+01
4.165005808980568247e+01
4.292131914728226150e+01
4.371336565716426747e+01
4.191574660817190079e+01
3.674896328626986275e+01
3.044972532850672309e+01
2.763728945051204988e+01
3.196667288436282561e+01
4.222418095049739151e+01
4.779653934307899021e+01
4.540397723899926774e+01
4.307258441999696430e+01
4.238283563751504346e+01
4.305199560756496169e+01
4.347857058233383043e+01
4.092694540459122976e+01
3.245467295037533972e+01
1.835012673183360121e+01
3.208758694235088971e+00
3.009608207424190329e-01
