286.690000	1200.000000	110730.000000	5.684839
287.690000	1199.000000	112220.000000	5.689028
288.690000	1198.000000	112590.000000	5.693218
289.690000	1197.000000	112600.000000	5.697407
290.690000	1196.000000	113970.000000	5.701597
291.690000	1195.000000	113910.000000	5.705786
292.690000	1194.000000	115060.000000	5.709976
293.690000	1193.000000	116090.000000	5.714165
294.690000	1192.000000	113380.000000	5.718355
295.690000	1191.000000	113660.000000	5.722545
296.690000	1190.000000	115140.000000	5.726734
297.690000	1189.000000	112940.000000	5.730924
298.690000	1188.000000	114200.000000	5.735113
299.690000	1187.000000	116120.000000	5.739303
300.690000	1186.000000	116970.000000	5.743492
301.690000	1185.000000	116780.000000	5.747682
302.690000	1184.000000	118630.000000	5.751871
303.690000	1183.000000	116990.000000	5.756061
304.690000	1182.000000	115020.000000	5.760250
305.690000	1181.000000	115460.000000	5.764440
306.690000	1180.000000	117080.000000	5.768630
307.690000	1179.000000	117910.000000	5.772819
308.690000	1178.000000	116160.000000	5.777009
309.690000	1177.000000	116760.000000	5.781198
310.690000	1176.000000	117150.000000	5.785388
311.690000	1175.000000	116650.000000	5.789577
312.690000	1174.000000	117470.000000	5.793767
313.690000	1173.000000	119400.000000	5.797956
314.690000	1172.000000	120220.000000	5.802146
315.690000	1171.000000	119640.000000	5.806335
316.690000	1170.000000	121940.000000	5.810525
317.690000	1169.000000	122950.000000	5.814715
318.690000	1168.000000	125050.000000	5.818904
319.690000	1167.000000	126140.000000	5.823094
320.690000	1166.000000	126790.000000	5.827283
321.690000	1165.000000	128850.000000	5.831473
322.690000	1164.000000	130070.000000	5.835662
323.690000	1163.000000	128470.000000	5.839852
324.690000	1162.000000	126170.000000	5.844041
325.690000	1161.000000	125020.000000	5.848231
326.690000	1160.000000	123820.000000	5.852421
327.690000	1159.000000	121290.000000	5.856610
328.690000	1158.000000	119880.000000	5.861690
329.690000	1157.000000	119110.000000	5.867871
330.690000	1156.000000	116460.000000	5.874052
331.690000	1155.000000	114200.000000	5.880232
332.690000	1154.000000	112080.000000	5.886413
333.690000	1153.000000	111790.000000	5.892594
334.690000	1152.000000	109750.000000	5.898775
335.690000	1151.000000	110030.000000	5.904956
336.690000	1150.000000	109190.000000	5.911137
337.690000	1149.000000	115890.000000	5.917318
338.690000	1148.000000	121900.000000	5.923499
339.690000	1147.000000	148990.000000	5.929680
340.690000	1146.000000	221000.000000	5.935860
341.690000	1145.000000	276030.000000	5.942041
342.690000	1144.000000	222430.000000	5.948222
343.690000	1143.000000	147400.000000	5.954403
344.690000	1142.000000	125030.000000	5.960584
345.690000	1141.000000	123310.000000	5.966765
346.690000	1140.000000	119150.000000	5.972946
347.690000	1139.000000	120540.000000	5.979127
348.690000	1138.000000	121590.000000	5.985308
349.690000	1137.000000	119430.000000	5.991488
350.690000	1136.000000	116820.000000	5.997669
351.690000	1135.000000	113530.000000	6.003850
352.690000	1134.000000	109750.000000	6.010031
353.690000	1133.000000	104710.000000	6.016212
354.690000	1132.000000	102040.000000	6.022393
355.690000	1131.000000	98560.000000	6.028574
356.690000	1130.000000	92850.000000	6.034755
357.690000	1129.000000	89180.000000	6.040936
358.690000	1128.000000	84980.000000	6.047116
359.690000	1127.000000	83940.000000	6.053297
360.690000	1126.000000	82390.000000	6.059478
361.690000	1125.000000	79450.000000	6.065659
362.690000	1124.000000	77270.000000	6.071840
363.690000	1123.000000	79460.000000	6.078021
364.690000	1122.000000	84320.000000	6.084202
365.690000	1121.000000	100990.000000	6.090383
366.690000	1120.000000	165370.000000	6.096563
367.690000	1119.000000	324890.000000	6.102744
368.690000	1118.000000	409290.000000	6.108925
369.690000	1117.000000	276000.000000	6.115106
370.690000	1116.000000	128810.000000	6.121287
371.690000	1115.000000	85900.000000	6.127468
372.690000	1114.000000	75800.000000	6.133649
373.690000	1113.000000	71090.000000	6.139830
374.690000	1112.000000	67570.000000	6.146011
375.690000	1111.000000	64670.000000	6.152191
376.690000	1110.000000	65060.000000	6.158372
377.690000	1109.000000	65210.000000	6.164553
378.690000	1108.000000	65760.000000	6.170734
379.690000	1107.000000	66710.000000	6.176915
380.690000	1106.000000	65890.000000	6.183096
381.690000	1105.000000	66090.000000	6.189277
382.690000	1104.000000	65160.000000	6.195458
383.690000	1103.000000	63430.000000	6.201639
384.690000	1102.000000	64890.000000	6.207819
385.690000	1101.000000	63470.000000	6.214000
386.690000	1100.000000	63540.000000	6.220181
387.690000	1099.000000	63360.000000	6.226362
388.690000	1098.000000	61570.000000	6.232543
389.690000	1097.000000	60480.000000	6.238724
390.690000	1096.000000	60030.000000	6.244905
391.690000	1095.000000	60190.000000	6.251086
392.690000	1094.000000	61030.000000	6.257267
393.690000	1093.000000	61140.000000	6.263447
394.690000	1092.000000	59840.000000	6.269628
395.690000	1091.000000	59060.000000	6.275809
396.690000	1090.000000	60700.000000	6.281990
397.690000	1089.000000	61000.000000	6.288171
398.690000	1088.000000	60440.000000	6.294352
399.690000	1087.000000	60660.000000	6.300533
400.690000	1086.000000	62060.000000	6.306714
401.690000	1085.000000	61320.000000	6.312895
402.690000	1084.000000	61440.000000	6.319075
403.690000	1083.000000	61850.000000	6.325256
404.690000	1082.000000	61850.000000	6.331437
405.690000	1081.000000	63370.000000	6.337618
406.690000	1080.000000	62420.000000	6.343799
407.690000	1079.000000	62050.000000	6.349980
408.690000	1078.000000	61830.000000	6.356161
409.690000	1077.000000	61350.000000	6.362342
410.690000	1076.000000	62380.000000	6.368523
411.690000	1075.000000	62040.000000	6.374703
412.690000	1074.000000	62850.000000	6.380884
413.690000	1073.000000	63210.000000	6.387065
414.690000	1072.000000	62440.000000	6.393246
415.690000	1071.000000	62530.000000	6.399427
416.690000	1070.000000	62890.000000	6.405608
417.690000	1069.000000	63530.000000	6.411789
418.690000	1068.000000	63570.000000	6.417970
419.690000	1067.000000	63210.000000	6.424151
420.690000	1066.000000	63380.000000	6.430331
421.690000	1065.000000	64840.000000	6.436512
422.690000	1064.000000	66130.000000	6.442693
423.690000	1063.000000	64810.000000	6.448874
424.690000	1062.000000	64430.000000	6.455055
425.690000	1061.000000	65360.000000	6.461236
426.690000	1060.000000	66120.000000	6.467417
427.690000	1059.000000	65240.000000	6.473598
428.690000	1058.000000	64510.000000	6.479779
429.690000	1057.000000	64130.000000	6.485959
430.690000	1056.000000	65160.000000	6.492140
431.690000	1055.000000	65130.000000	6.498321
432.690000	1054.000000	65230.000000	6.504502
433.690000	1053.000000	65960.000000	6.510683
434.690000	1052.000000	65890.000000	6.516864
435.690000	1051.000000	65640.000000	6.523045
436.690000	1050.000000	65270.000000	6.529226
437.690000	1049.000000	66290.000000	6.535407
438.690000	1048.000000	66780.000000	6.541587
439.690000	1047.000000	67550.000000	6.547768
440.690000	1046.000000	67470.000000	6.553949
441.690000	1045.000000	67780.000000	6.560130
442.690000	1044.000000	68350.000000	6.566311
443.690000	1043.000000	68030.000000	6.572492
444.690000	1042.000000	67920.000000	6.578673
445.690000	1041.000000	68210.000000	6.584854
446.690000	1040.000000	68900.000000	6.591035
447.690000	1039.000000	69490.000000	6.597215
448.690000	1038.000000	68670.000000	6.603396
449.690000	1037.000000	69770.000000	6.609577
450.690000	1036.000000	69770.000000	6.615758
451.690000	1035.000000	70980.000000	6.621939
452.690000	1034.000000	69990.000000	6.628120
453.690000	1033.000000	70080.000000	6.634301
454.690000	1032.000000	70420.000000	6.640482
455.690000	1031.000000	68690.000000	6.646663
456.690000	1030.000000	68830.000000	6.652792
457.690000	1029.000000	70090.000000	6.658895
458.690000	1028.000000	71370.000000	6.664998
459.690000	1027.000000	71090.000000	6.671101
460.690000	1026.000000	70040.000000	6.677204
461.690000	1025.000000	71810.000000	6.683308
462.690000	1024.000000	71030.000000	6.689411
463.690000	1023.000000	71840.000000	6.695514
464.690000	1022.000000	72250.000000	6.701617
465.690000	1021.000000	72670.000000	6.707720
466.690000	1020.000000	72450.000000	6.713823
467.690000	1019.000000	73870.000000	6.719926
468.690000	1018.000000	73030.000000	6.726029
469.690000	1017.000000	72610.000000	6.732132
470.690000	1016.000000	73840.000000	6.738235
471.690000	1015.000000	74800.000000	6.744339
472.690000	1014.000000	73650.000000	6.750442
473.690000	1013.000000	74060.000000	6.756545
474.690000	1012.000000	74340.000000	6.762648
475.690000	1011.000000	74860.000000	6.768751
476.690000	1010.000000	75500.000000	6.774854
477.690000	1009.000000	76470.000000	6.780957
478.690000	1008.000000	75400.000000	6.787060
479.690000	1007.000000	75590.000000	6.793163
480.690000	1006.000000	75450.000000	6.799266
481.690000	1005.000000	75550.000000	6.805370
482.690000	1004.000000	76530.000000	6.811473
483.690000	1003.000000	77820.000000	6.817576
484.690000	1002.000000	77940.000000	6.823679
485.690000	1001.000000	79300.000000	6.829782
486.690000	1000.000000	80500.000000	6.835885
487.690000	999.000000	81440.000000	6.841988
488.690000	998.000000	82470.000000	6.848091
489.690000	997.000000	81000.000000	6.854194
490.690000	996.000000	80200.000000	6.860297
491.690000	995.000000	79990.000000	6.866401
492.690000	994.000000	77900.000000	6.872504
493.690000	993.000000	77730.000000	6.878607
494.690000	992.000000	79730.000000	6.884710
495.690000	991.000000	78390.000000	6.890813
496.690000	990.000000	77670.000000	6.896916
497.690000	989.000000	77850.000000	6.903019
498.690000	988.000000	78280.000000	6.909122
499.690000	987.000000	77570.000000	6.915225
500.690000	986.000000	77950.000000	6.921328
501.690000	985.000000	76730.000000	6.927432
502.690000	984.000000	78890.000000	6.933535
503.690000	983.000000	81480.000000	6.939638
504.690000	982.000000	81830.000000	6.945741
505.690000	981.000000	84040.000000	6.951844
506.690000	980.000000	87330.000000	6.957947
507.690000	979.000000	89040.000000	6.964050
508.690000	978.000000	91870.000000	6.970153
509.690000	977.000000	92930.000000	6.976256
510.690000	976.000000	91480.000000	6.982359
511.690000	975.000000	91160.000000	6.988463
512.690000	974.000000	86500.000000	6.994566
513.690000	973.000000	84070.000000	7.000669
514.690000	972.000000	82380.000000	7.006772
515.690000	971.000000	80290.000000	7.012875
516.690000	970.000000	79180.000000	7.018978
517.690000	969.000000	76870.000000	7.025081
518.690000	968.000000	75720.000000	7.031184
519.690000	967.000000	75580.000000	7.037287
520.690000	966.000000	73660.000000	7.043390
521.690000	965.000000	72780.000000	7.049494
522.690000	964.000000	72000.000000	7.055597
523.690000	963.000000	72610.000000	7.061700
524.690000	962.000000	71980.000000	7.067803
525.690000	961.000000	72920.000000	7.073906
526.690000	960.000000	73450.000000	7.080009
527.690000	959.000000	72880.000000	7.086112
528.690000	958.000000	71490.000000	7.092215
529.690000	957.000000	73070.000000	7.098318
530.690000	956.000000	73420.000000	7.104421
531.690000	955.000000	73500.000000	7.110525
532.690000	954.000000	73560.000000	7.116628
533.690000	953.000000	72010.000000	7.122731
534.690000	952.000000	72200.000000	7.128834
535.690000	951.000000	73330.000000	7.134937
536.690000	950.000000	73540.000000	7.141040
537.690000	949.000000	74370.000000	7.147143
538.690000	948.000000	73530.000000	7.153246
539.690000	947.000000	73520.000000	7.159349
540.690000	946.000000	74680.000000	7.165452
541.690000	945.000000	74320.000000	7.171556
542.690000	944.000000	74700.000000	7.177659
543.690000	943.000000	75790.000000	7.183762
544.690000	942.000000	75130.000000	7.189865
545.690000	941.000000	75340.000000	7.195968
546.690000	940.000000	76390.000000	7.202071
547.690000	939.000000	75350.000000	7.208174
548.690000	938.000000	75040.000000	7.214277
549.690000	937.000000	75320.000000	7.220380
550.690000	936.000000	75080.000000	7.226483
551.690000	935.000000	76810.000000	7.232587
552.690000	934.000000	77420.000000	7.238690
553.690000	933.000000	77580.000000	7.244793
554.690000	932.000000	77400.000000	7.250896
555.690000	931.000000	77410.000000	7.256999
556.690000	930.000000	77460.000000	7.263102
557.690000	929.000000	76920.000000	7.269205
558.690000	928.000000	77730.000000	7.275308
559.690000	927.000000	77900.000000	7.281411
560.690000	926.000000	77860.000000	7.287514
561.690000	925.000000	76820.000000	7.293618
562.690000	924.000000	78300.000000	7.299721
563.690000	923.000000	77650.000000	7.305824
564.690000	922.000000	78180.000000	7.311927
565.690000	921.000000	77580.000000	7.318030
566.690000	920.000000	78420.000000	7.324133
567.690000	919.000000	77810.000000	7.330236
568.690000	918.000000	79180.000000	7.336339
569.690000	917.000000	80150.000000	7.342442
570.690000	916.000000	78310.000000	7.348545
571.690000	915.000000	78270.000000	7.354649
572.690000	914.000000	77890.000000	7.360752
573.690000	913.000000	78600.000000	7.366855
574.690000	912.000000	79800.000000	7.372958
575.690000	911.000000	79390.000000	7.379061
576.690000	910.000000	79650.000000	7.385164
577.690000	909.000000	79290.000000	7.391267
578.690000	908.000000	79310.000000	7.397370
579.690000	907.000000	78840.000000	7.403473
580.690000	906.000000	80700.000000	7.409576
581.690000	905.000000	80650.000000	7.415680
582.690000	904.000000	80680.000000	7.421783
583.690000	903.000000	80590.000000	7.427886
584.690000	902.000000	81250.000000	7.433989
585.690000	901.000000	81110.000000	7.440092
586.690000	900.000000	82140.000000	7.446195
587.690000	899.000000	81790.000000	7.452298
588.690000	898.000000	82300.000000	7.458401
589.690000	897.000000	81990.000000	7.464504
590.690000	896.000000	81900.000000	7.470607
591.690000	895.000000	82340.000000	7.476711
592.690000	894.000000	81700.000000	7.482814
593.690000	893.000000	82010.000000	7.488917
594.690000	892.000000	83560.000000	7.495020
595.690000	891.000000	82980.000000	7.501123
596.690000	890.000000	82640.000000	7.507226
597.690000	889.000000	81970.000000	7.513329
598.690000	888.000000	81860.000000	7.519432
599.690000	887.000000	82660.000000	7.525535
600.690000	886.000000	84670.000000	7.531639
601.690000	885.000000	85260.000000	7.537742
602.690000	884.000000	83980.000000	7.543845
603.690000	883.000000	85260.000000	7.549948
604.690000	882.000000	85180.000000	7.556051
605.690000	881.000000	84380.000000	7.562154
606.690000	880.000000	84670.000000	7.568257
607.690000	879.000000	84530.000000	7.574360
608.690000	878.000000	83280.000000	7.580463
609.690000	877.000000	84540.000000	7.586566
610.690000	876.000000	84640.000000	7.592670
611.690000	875.000000	86170.000000	7.598773
612.690000	874.000000	86090.000000	7.604876
613.690000	873.000000	84610.000000	7.610979
614.690000	872.000000	84710.000000	7.617082
615.690000	871.000000	85260.000000	7.623185
616.690000	870.000000	86320.000000	7.629288
617.690000	869.000000	85140.000000	7.635391
618.690000	868.000000	86340.000000	7.641494
619.690000	867.000000	86320.000000	7.647597
620.690000	866.000000	87330.000000	7.653701
621.690000	865.000000	87340.000000	7.659804
622.690000	864.000000	87180.000000	7.665907
623.690000	863.000000	86570.000000	7.672010
624.690000	862.000000	86490.000000	7.678113
625.690000	861.000000	87310.000000	7.684216
626.690000	860.000000	89720.000000	7.690319
627.690000	859.000000	87930.000000	7.696422
628.690000	858.000000	87980.000000	7.702525
629.690000	857.000000	88720.000000	7.708628
630.690000	856.000000	88510.000000	7.714732
631.690000	855.000000	89830.000000	7.720835
632.690000	854.000000	89280.000000	7.726938
633.690000	853.000000	88730.000000	7.733041
634.690000	852.000000	89180.000000	7.739144
635.690000	851.000000	90540.000000	7.745247
636.690000	850.000000	89850.000000	7.751350
637.690000	849.000000	89860.000000	7.757453
638.690000	848.000000	90830.000000	7.763556
639.690000	847.000000	90520.000000	7.769659
640.690000	846.000000	90700.000000	7.775763
641.690000	845.000000	91110.000000	7.781866
642.690000	844.000000	91060.000000	7.787969
643.690000	843.000000	91310.000000	7.794072
644.690000	842.000000	91270.000000	7.800175
645.690000	841.000000	91010.000000	7.806278
646.690000	840.000000	90850.000000	7.812381
647.690000	839.000000	92060.000000	7.818484
648.690000	838.000000	91880.000000	7.824587
649.690000	837.000000	91310.000000	7.830690
650.690000	836.000000	91950.000000	7.836794
651.690000	835.000000	92070.000000	7.842897
652.690000	834.000000	92900.000000	7.849000
653.690000	833.000000	93210.000000	7.855103
654.690000	832.000000	93030.000000	7.861206
655.690000	831.000000	93760.000000	7.867309
656.690000	830.000000	93010.000000	7.873412
657.690000	829.000000	93870.000000	7.879515
658.690000	828.000000	93340.000000	7.885618
659.690000	827.000000	94410.000000	7.891721
660.690000	826.000000	94120.000000	7.897825
661.690000	825.000000	93360.000000	7.903928
662.690000	824.000000	94550.000000	7.910031
663.690000	823.000000	94050.000000	7.916134
664.690000	822.000000	95970.000000	7.922237
665.690000	821.000000	95360.000000	7.926931
666.690000	820.000000	96340.000000	7.931169
667.690000	819.000000	95820.000000	7.935407
668.690000	818.000000	95290.000000	7.939645
669.690000	817.000000	95400.000000	7.943883
670.690000	816.000000	95070.000000	7.948121
671.690000	815.000000	96410.000000	7.952358
672.690000	814.000000	95890.000000	7.956596
673.690000	813.000000	95720.000000	7.960834
674.690000	812.000000	97010.000000	7.965072
675.690000	811.000000	94710.000000	7.969310
676.690000	810.000000	96120.000000	7.973548
677.690000	809.000000	96630.000000	7.977786
678.690000	808.000000	96600.000000	7.982024
679.690000	807.000000	97160.000000	7.986262
680.690000	806.000000	97470.000000	7.990500
681.690000	805.000000	97460.000000	7.994738
682.690000	804.000000	97770.000000	7.998976
683.690000	803.000000	99040.000000	8.003214
684.690000	802.000000	97360.000000	8.007451
685.690000	801.000000	97680.000000	8.011689
686.690000	800.000000	98870.000000	8.015927
687.690000	799.000000	99950.000000	8.020165
688.690000	798.000000	100180.000000	8.024403
689.690000	797.000000	99660.000000	8.028641
690.690000	796.000000	100350.000000	8.032879
691.690000	795.000000	101650.000000	8.037117
692.690000	794.000000	100380.000000	8.041355
693.690000	793.000000	100630.000000	8.045593
694.690000	792.000000	101250.000000	8.049831
695.690000	791.000000	101070.000000	8.054069
696.690000	790.000000	100070.000000	8.058307
697.690000	789.000000	101640.000000	8.062544
698.690000	788.000000	100360.000000	8.066782
699.690000	787.000000	101790.000000	8.071020
700.690000	786.000000	101890.000000	8.075258
701.690000	785.000000	104210.000000	8.079496
702.690000	784.000000	102200.000000	8.083734
703.690000	783.000000	103410.000000	8.087972
704.690000	782.000000	103160.000000	8.092210
705.690000	781.000000	103710.000000	8.096448
706.690000	780.000000	103850.000000	8.100686
707.690000	779.000000	102860.000000	8.104924
708.690000	778.000000	102650.000000	8.109162
709.690000	777.000000	104830.000000	8.113400
710.690000	776.000000	102830.000000	8.117637
711.690000	775.000000	103920.000000	8.121875
712.690000	774.000000	106840.000000	8.126113
713.690000	773.000000	106010.000000	8.130351
714.690000	772.000000	108160.000000	8.134589
715.690000	771.000000	106940.000000	8.138827
716.690000	770.000000	106270.000000	8.143065
717.690000	769.000000	106800.000000	8.147303
718.690000	768.000000	105650.000000	8.151541
719.690000	767.000000	106840.000000	8.155779
720.690000	766.000000	107380.000000	8.160017
721.690000	765.000000	108260.000000	8.164255
722.690000	764.000000	106900.000000	8.168493
723.690000	763.000000	106850.000000	8.172730
724.690000	762.000000	108170.000000	8.176968
725.690000	761.000000	108330.000000	8.181206
726.690000	760.000000	108950.000000	8.185444
727.690000	759.000000	109160.000000	8.189682
728.690000	758.000000	108920.000000	8.193920
729.690000	757.000000	109210.000000	8.198158
730.690000	756.000000	109400.000000	8.202396
731.690000	755.000000	111570.000000	8.206634
732.690000	754.000000	109530.000000	8.210872
733.690000	753.000000	109640.000000	8.215110
734.690000	752.000000	110480.000000	8.219348
735.690000	751.000000	110790.000000	8.223586
736.690000	750.000000	110570.000000	8.227823
737.690000	749.000000	110560.000000	8.232061
738.690000	748.000000	110130.000000	8.236299
739.690000	747.000000	111170.000000	8.240537
740.690000	746.000000	113080.000000	8.244775
741.690000	745.000000	114100.000000	8.249013
742.690000	744.000000	111900.000000	8.253251
743.690000	743.000000	112930.000000	8.257489
744.690000	742.000000	113170.000000	8.261727
745.690000	741.000000	113190.000000	8.265965
746.690000	740.000000	113270.000000	8.270203
747.690000	739.000000	114020.000000	8.274441
748.690000	738.000000	113880.000000	8.278679
749.690000	737.000000	114760.000000	8.282917
750.690000	736.000000	115110.000000	8.287154
751.690000	735.000000	114640.000000	8.291392
752.690000	734.000000	116790.000000	8.295630
753.690000	733.000000	115290.000000	8.299868
754.690000	732.000000	116210.000000	8.304106
755.690000	731.000000	115380.000000	8.308344
756.690000	730.000000	115940.000000	8.312582
757.690000	729.000000	116370.000000	8.316820
758.690000	728.000000	116890.000000	8.321058
759.690000	727.000000	118900.000000	8.325296
760.690000	726.000000	118210.000000	8.329534
761.690000	725.000000	116880.000000	8.333772
762.690000	724.000000	118070.000000	8.338010
763.690000	723.000000	120090.000000	8.342247
764.690000	722.000000	119970.000000	8.346485
765.690000	721.000000	119180.000000	8.350723
766.690000	720.000000	121390.000000	8.354961
767.690000	719.000000	121040.000000	8.359199
768.690000	718.000000	119450.000000	8.363437
769.690000	717.000000	119720.000000	8.367675
770.690000	716.000000	120900.000000	8.371913
771.690000	715.000000	122220.000000	8.376151
772.690000	714.000000	122320.000000	8.380389
773.690000	713.000000	122890.000000	8.384627
774.690000	712.000000	125210.000000	8.388865
775.690000	711.000000	121850.000000	8.393103
776.690000	710.000000	124210.000000	8.397340
777.690000	709.000000	124600.000000	8.401578
778.690000	708.000000	123840.000000	8.405816
779.690000	707.000000	125430.000000	8.410054
780.690000	706.000000	124200.000000	8.414292
781.690000	705.000000	126190.000000	8.418530
782.690000	704.000000	124840.000000	8.422768
783.690000	703.000000	124850.000000	8.427006
784.690000	702.000000	125480.000000	8.431244
785.690000	701.000000	125020.000000	8.435482
786.690000	700.000000	125710.000000	8.439720
787.690000	699.000000	124810.000000	8.443958
788.690000	698.000000	126390.000000	8.448196
789.690000	697.000000	127510.000000	8.452433
790.690000	696.000000	127520.000000	8.456671
791.690000	695.000000	128040.000000	8.460909
792.690000	694.000000	128910.000000	8.465147
793.690000	693.000000	128850.000000	8.469385
794.690000	692.000000	130800.000000	8.473623
795.690000	691.000000	130890.000000	8.477861
796.690000	690.000000	130350.000000	8.482099
797.690000	689.000000	130060.000000	8.486337
798.690000	688.000000	130050.000000	8.490575
799.690000	687.000000	132470.000000	8.494813
800.690000	686.000000	132800.000000	8.499051
801.690000	685.000000	133030.000000	8.503289
802.690000	684.000000	131530.000000	8.507526
803.690000	683.000000	132470.000000	8.511764
804.690000	682.000000	133250.000000	8.516002
805.690000	681.000000	134600.000000	8.520240
806.690000	680.000000	135500.000000	8.524478
807.690000	679.000000	134740.000000	8.528716
808.690000	678.000000	135720.000000	8.532954
809.690000	677.000000	134200.000000	8.537192
810.690000	676.000000	133960.000000	8.541430
811.690000	675.000000	136050.000000	8.545668
812.690000	674.000000	137100.000000	8.549906
813.690000	673.000000	136510.000000	8.554144
814.690000	672.000000	137770.000000	8.558382
815.690000	671.000000	137790.000000	8.562620
816.690000	670.000000	138760.000000	8.566857
817.690000	669.000000	138300.000000	8.571095
818.690000	668.000000	140080.000000	8.575333
819.690000	667.000000	139910.000000	8.579571
820.690000	666.000000	140430.000000	8.583809
821.690000	665.000000	139410.000000	8.588047
822.690000	664.000000	141230.000000	8.592285
823.690000	663.000000	144310.000000	8.596523
824.690000	662.000000	144770.000000	8.600761
825.690000	661.000000	146350.000000	8.604999
826.690000	660.000000	147310.000000	8.609237
827.690000	659.000000	146700.000000	8.613475
828.690000	658.000000	146830.000000	8.617713
829.690000	657.000000	143820.000000	8.621950
830.690000	656.000000	144840.000000	8.626188
831.690000	655.000000	143400.000000	8.630426
832.690000	654.000000	144060.000000	8.634664
833.690000	653.000000	145440.000000	8.638902
834.690000	652.000000	143400.000000	8.643140
835.690000	651.000000	145390.000000	8.647378
836.690000	650.000000	146100.000000	8.651616
837.690000	649.000000	149010.000000	8.655854
838.690000	648.000000	149180.000000	8.660092
839.690000	647.000000	148390.000000	8.664330
840.690000	646.000000	153000.000000	8.668568
841.690000	645.000000	154030.000000	8.672806
842.690000	644.000000	154030.000000	8.677043
843.690000	643.000000	152320.000000	8.681281
844.690000	642.000000	152060.000000	8.685519
845.690000	641.000000	149220.000000	8.689757
846.690000	640.000000	148160.000000	8.693995
847.690000	639.000000	148990.000000	8.698233
848.690000	638.000000	149800.000000	8.702471
849.690000	637.000000	149140.000000	8.706709
850.690000	636.000000	149120.000000	8.710947
851.690000	635.000000	151580.000000	8.715185
852.690000	634.000000	152940.000000	8.719423
853.690000	633.000000	154550.000000	8.723661
854.690000	632.000000	154530.000000	8.727899
855.690000	631.000000	153710.000000	8.732136
856.690000	630.000000	152800.000000	8.736374
857.690000	629.000000	151960.000000	8.740612
858.690000	628.000000	153040.000000	8.744850
859.690000	627.000000	154320.000000	8.749088
860.690000	626.000000	155420.000000	8.753326
861.690000	625.000000	154260.000000	8.757564
862.690000	624.000000	154210.000000	8.761802
863.690000	623.000000	158940.000000	8.766040
864.690000	622.000000	159750.000000	8.770278
865.690000	621.000000	159710.000000	8.774516
866.690000	620.000000	158930.000000	8.778754
867.690000	619.000000	158980.000000	8.782992
868.690000	618.000000	158770.000000	8.787229
869.690000	617.000000	159120.000000	8.791467
870.690000	616.000000	158390.000000	8.795705
871.690000	615.000000	161200.000000	8.799943
872.690000	614.000000	160680.000000	8.804181
873.690000	613.000000	160550.000000	8.808419
874.690000	612.000000	161660.000000	8.812657
875.690000	611.000000	159280.000000	8.816895
876.690000	610.000000	161910.000000	8.821133
877.690000	609.000000	163780.000000	8.825371
878.690000	608.000000	163360.000000	8.829609
879.690000	607.000000	162340.000000	8.833847
880.690000	606.000000	164910.000000	8.838085
881.690000	605.000000	168330.000000	8.842323
882.690000	604.000000	168440.000000	8.846560
883.690000	603.000000	174940.000000	8.850798
884.690000	602.000000	176100.000000	8.855036
885.690000	601.000000	176160.000000	8.859274
886.690000	600.000000	174850.000000	8.863512
887.690000	599.000000	173310.000000	8.866119
888.690000	598.000000	171670.000000	8.868583
889.690000	597.000000	172070.000000	8.871047
890.690000	596.000000	172850.000000	8.873510
891.690000	595.000000	176600.000000	8.875974
892.690000	594.000000	176350.000000	8.878437
893.690000	593.000000	176330.000000	8.880901
894.690000	592.000000	175160.000000	8.883364
895.690000	591.000000	169360.000000	8.885828
896.690000	590.000000	163860.000000	8.888291
897.690000	589.000000	155810.000000	8.890755
898.690000	588.000000	152230.000000	8.893219
899.690000	587.000000	149200.000000	8.895682
900.690000	586.000000	147270.000000	8.898146
901.690000	585.000000	146490.000000	8.900609
902.690000	584.000000	146150.000000	8.903073
903.690000	583.000000	145840.000000	8.905536
904.690000	582.000000	146660.000000	8.908000
905.690000	581.000000	146950.000000	8.910464
906.690000	580.000000	149010.000000	8.912927
907.690000	579.000000	149940.000000	8.915391
908.690000	578.000000	152070.000000	8.917854
909.690000	577.000000	151430.000000	8.920318
910.690000	576.000000	155690.000000	8.922781
911.690000	575.000000	152800.000000	8.925245
912.690000	574.000000	152260.000000	8.927708
913.690000	573.000000	152000.000000	8.930172
914.690000	572.000000	151800.000000	8.932636
915.690000	571.000000	151560.000000	8.935099
916.690000	570.000000	149170.000000	8.937563
917.690000	569.000000	150170.000000	8.940026
918.690000	568.000000	150510.000000	8.942490
919.690000	567.000000	150100.000000	8.944953
920.690000	566.000000	151190.000000	8.947417
921.690000	565.000000	150920.000000	8.949880
922.690000	564.000000	149960.000000	8.952344
923.690000	563.000000	145240.000000	8.954808
924.690000	562.000000	143580.000000	8.957271
925.690000	561.000000	143330.000000	8.959735
926.690000	560.000000	145040.000000	8.962198
927.690000	559.000000	142720.000000	8.964662
928.690000	558.000000	144920.000000	8.967125
929.690000	557.000000	147560.000000	8.969589
930.690000	556.000000	144200.000000	8.972053
931.690000	555.000000	145500.000000	8.974516
932.690000	554.000000	144660.000000	8.976980
933.690000	553.000000	146680.000000	8.979443
934.690000	552.000000	144950.000000	8.981907
935.690000	551.000000	144420.000000	8.984370
936.690000	550.000000	143410.000000	8.986834
937.690000	549.000000	143550.000000	8.989297
938.690000	548.000000	143230.000000	8.991761
939.690000	547.000000	140640.000000	8.994225
940.690000	546.000000	142440.000000	8.996688
941.690000	545.000000	142490.000000	8.999152
942.690000	544.000000	142290.000000	9.001615
943.690000	543.000000	142500.000000	9.004079
944.690000	542.000000	143930.000000	9.006542
945.690000	541.000000	143200.000000	9.009006
946.690000	540.000000	145290.000000	9.011470
947.690000	539.000000	149550.000000	9.013933
948.690000	538.000000	149150.000000	9.016397
949.690000	537.000000	147280.000000	9.018860
950.690000	536.000000	148290.000000	9.021324
951.690000	535.000000	150850.000000	9.023787
952.690000	534.000000	164870.000000	9.026251
953.690000	533.000000	201600.000000	9.028714
954.690000	532.000000	241390.000000	9.031178
955.690000	531.000000	229700.000000	9.033642
956.690000	530.000000	184630.000000	9.036105
957.690000	529.000000	154960.000000	9.038569
958.690000	528.000000	146950.000000	9.041032
959.690000	527.000000	146000.000000	9.043496
960.690000	526.000000	145700.000000	9.045959
961.690000	525.000000	143520.000000	9.048423
962.690000	524.000000	143910.000000	9.050886
963.690000	523.000000	145820.000000	9.053350
964.690000	522.000000	152120.000000	9.055814
965.690000	521.000000	157260.000000	9.058277
966.690000	520.000000	169390.000000	9.060741
967.690000	519.000000	181360.000000	9.063204
968.690000	518.000000	186380.000000	9.065668
969.690000	517.000000	181070.000000	9.068131
970.690000	516.000000	168420.000000	9.070595
971.690000	515.000000	157610.000000	9.073059
972.690000	514.000000	148200.000000	9.075522
973.690000	513.000000	143990.000000	9.077986
974.690000	512.000000	145420.000000	9.080449
975.690000	511.000000	149790.000000	9.082913
976.690000	510.000000	156710.000000	9.085376
977.690000	509.000000	164030.000000	9.087840
978.690000	508.000000	163510.000000	9.090303
979.690000	507.000000	159690.000000	9.092767
980.690000	506.000000	150220.000000	9.095231
981.690000	505.000000	138310.000000	9.097694
982.690000	504.000000	130170.000000	9.100158
983.690000	503.000000	124940.000000	9.102621
984.690000	502.000000	119810.000000	9.105085
985.690000	501.000000	117350.000000	9.107548
986.690000	500.000000	116030.000000	9.110012
987.690000	499.000000	111640.000000	9.112476
988.690000	498.000000	111490.000000	9.114939
989.690000	497.000000	112820.000000	9.117403
990.690000	496.000000	113720.000000	9.119866
991.690000	495.000000	116910.000000	9.122330
992.690000	494.000000	122420.000000	9.124793
993.690000	493.000000	129490.000000	9.127257
994.690000	492.000000	134180.000000	9.129720
995.690000	491.000000	140620.000000	9.132184
996.690000	490.000000	137700.000000	9.134648
997.690000	489.000000	128220.000000	9.137111
998.690000	488.000000	121490.000000	9.139575
999.690000	487.000000	116190.000000	9.142038
1000.690000	486.000000	115700.000000	9.144502
1001.690000	485.000000	116800.000000	9.146965
1002.690000	484.000000	117950.000000	9.149429
1003.690000	483.000000	117420.000000	9.151892
1004.690000	482.000000	116140.000000	9.154356
1005.690000	481.000000	113680.000000	9.156820
1006.690000	480.000000	110290.000000	9.159283
1007.690000	479.000000	107320.000000	9.161747
1008.690000	478.000000	106340.000000	9.164210
1009.690000	477.000000	104440.000000	9.166674
1010.690000	476.000000	102160.000000	9.169137
1011.690000	475.000000	101150.000000	9.171601
1012.690000	474.000000	101590.000000	9.174065
1013.690000	473.000000	100950.000000	9.176528
1014.690000	472.000000	100890.000000	9.178992
1015.690000	471.000000	102310.000000	9.181455
1016.690000	470.000000	102090.000000	9.183919
1017.690000	469.000000	101980.000000	9.186382
1018.690000	468.000000	102790.000000	9.188846
1019.690000	467.000000	101990.000000	9.191309
1020.690000	466.000000	103870.000000	9.193773
1021.690000	465.000000	104830.000000	9.196237
1022.690000	464.000000	106100.000000	9.198700
1023.690000	463.000000	107660.000000	9.201164
1024.690000	462.000000	106310.000000	9.203627
1025.690000	461.000000	107840.000000	9.206091
1026.690000	460.000000	109520.000000	9.208554
1027.690000	459.000000	110060.000000	9.211018
1028.690000	458.000000	109090.000000	9.213482
1029.690000	457.000000	109960.000000	9.215945
1030.690000	456.000000	111860.000000	9.218409
1031.690000	455.000000	111820.000000	9.220872
1032.690000	454.000000	112100.000000	9.223336
1033.690000	453.000000	112390.000000	9.225799
1034.690000	452.000000	115800.000000	9.228263
1035.690000	451.000000	117250.000000	9.231356
1036.690000	450.000000	115390.000000	9.234726
1037.690000	449.000000	116940.000000	9.238096
1038.690000	448.000000	120220.000000	9.241466
1039.690000	447.000000	121830.000000	9.244836
1040.690000	446.000000	121580.000000	9.248206
1041.690000	445.000000	122770.000000	9.251576
1042.690000	444.000000	125050.000000	9.254946
1043.690000	443.000000	126900.000000	9.258316
1044.690000	442.000000	126030.000000	9.261686
1045.690000	441.000000	125520.000000	9.265056
1046.690000	440.000000	124620.000000	9.268426
1047.690000	439.000000	124130.000000	9.271796
1048.690000	438.000000	121780.000000	9.275166
1049.690000	437.000000	117610.000000	9.278536
1050.690000	436.000000	116760.000000	9.281906
1051.690000	435.000000	115010.000000	9.285276
1052.690000	434.000000	114040.000000	9.288646
1053.690000	433.000000	113860.000000	9.292016
1054.690000	432.000000	115160.000000	9.295386
1055.690000	431.000000	116590.000000	9.298756
1056.690000	430.000000	119630.000000	9.302126
1057.690000	429.000000	123880.000000	9.305496
1058.690000	428.000000	125710.000000	9.308866
1059.690000	427.000000	130080.000000	9.312237
1060.690000	426.000000	153270.000000	9.315607
1061.690000	425.000000	194060.000000	9.318977
1062.690000	424.000000	252040.000000	9.322347
1063.690000	423.000000	281540.000000	9.325717
1064.690000	422.000000	249870.000000	9.329087
1065.690000	421.000000	199090.000000	9.332457
1066.690000	420.000000	172970.000000	9.335827
1067.690000	419.000000	151370.000000	9.339197
1068.690000	418.000000	122390.000000	9.342567
1069.690000	417.000000	98000.000000	9.345937
1070.690000	416.000000	85520.000000	9.349307
1071.690000	415.000000	77440.000000	9.352677
1072.690000	414.000000	73490.000000	9.356047
1073.690000	413.000000	68960.000000	9.359417
1074.690000	412.000000	64500.000000	9.362787
1075.690000	411.000000	61160.000000	9.366157
1076.690000	410.000000	57810.000000	9.369527
1077.690000	409.000000	56840.000000	9.372897
1078.690000	408.000000	54910.000000	9.376267
1079.690000	407.000000	54410.000000	9.379637
1080.690000	406.000000	52890.000000	9.383007
1081.690000	405.000000	52020.000000	9.386377
1082.690000	404.000000	53250.000000	9.389747
1083.690000	403.000000	54260.000000	9.393117
1084.690000	402.000000	55530.000000	9.396487
1085.690000	401.000000	58740.000000	9.399857
1086.690000	400.000000	68840.000000	9.403227
1087.690000	399.000000	106130.000000	9.406597
1088.690000	398.000000	153750.000000	9.409967
1089.690000	397.000000	169580.000000	9.413337
1090.690000	396.000000	149120.000000	9.416707
1091.690000	395.000000	118770.000000	9.420077
1092.690000	394.000000	86310.000000	9.423447
1093.690000	393.000000	66290.000000	9.426817
1094.690000	392.000000	52680.000000	9.430187
1095.690000	391.000000	40440.000000	9.433557
1096.690000	390.000000	33050.000000	9.436927
1097.690000	389.000000	28360.000000	9.440297
1098.690000	388.000000	25330.000000	9.443667
1099.690000	387.000000	25070.000000	9.447037
1100.690000	386.000000	24270.000000	9.450407
1101.690000	385.000000	23270.000000	9.453777
1102.690000	384.000000	22820.000000	9.457147
1103.690000	383.000000	22360.000000	9.460517
1104.690000	382.000000	22440.000000	9.463887
1105.690000	381.000000	22270.000000	9.467257
1106.690000	380.000000	22370.000000	9.470627
1107.690000	379.000000	22400.000000	9.473997
1108.690000	378.000000	21600.000000	9.477367
1109.690000	377.000000	21590.000000	9.480737
1110.690000	376.000000	22200.000000	9.484107
1111.690000	375.000000	22290.000000	9.487477
1112.690000	374.000000	22360.000000	9.490847
1113.690000	373.000000	22430.000000	9.494217
1114.690000	372.000000	22630.000000	9.497587
1115.690000	371.000000	23210.000000	9.500957
1116.690000	370.000000	22690.000000	9.504327
1117.690000	369.000000	22420.000000	9.507697
1118.690000	368.000000	21950.000000	9.511067
1119.690000	367.000000	21160.000000	9.514437
1120.690000	366.000000	20380.000000	9.517807
1121.690000	365.000000	19940.000000	9.521177
1122.690000	364.000000	20100.000000	9.524547
1123.690000	363.000000	20340.000000	9.527917
1124.690000	362.000000	19910.000000	9.531287
1125.690000	361.000000	20160.000000	9.534657
1126.690000	360.000000	19690.000000	9.538027
1127.690000	359.000000	19300.000000	9.541397
1128.690000	358.000000	20080.000000	9.544767
1129.690000	357.000000	19850.000000	9.548137
1130.690000	356.000000	19070.000000	9.551507
1131.690000	355.000000	19750.000000	9.554877
1132.690000	354.000000	19660.000000	9.558247
1133.690000	353.000000	20120.000000	9.561617
1134.690000	352.000000	20310.000000	9.564987
1135.690000	351.000000	20070.000000	9.568357
1136.690000	350.000000	20140.000000	9.571727
1137.690000	349.000000	20900.000000	9.575097
1138.690000	348.000000	20960.000000	9.578467
1139.690000	347.000000	20780.000000	9.581837
1140.690000	346.000000	19780.000000	9.585207
1141.690000	345.000000	19920.000000	9.588577
1142.690000	344.000000	20260.000000	9.591947
1143.690000	343.000000	20390.000000	9.595317
1144.690000	342.000000	20010.000000	9.598687
1145.690000	341.000000	20590.000000	9.602057
1146.690000	340.000000	20170.000000	9.605427
1147.690000	339.000000	20480.000000	9.608797
1148.690000	338.000000	20220.000000	9.612167
1149.690000	337.000000	21160.000000	9.615537
1150.690000	336.000000	20870.000000	9.618907
1151.690000	335.000000	20660.000000	9.622277
1152.690000	334.000000	20740.000000	9.625647
1153.690000	333.000000	21290.000000	9.629017
1154.690000	332.000000	20890.000000	9.632387
1155.690000	331.000000	20830.000000	9.635757
1156.690000	330.000000	21180.000000	9.639127
1157.690000	329.000000	20820.000000	9.642497
1158.690000	328.000000	20240.000000	9.645867
1159.690000	327.000000	20660.000000	9.649237
1160.690000	326.000000	20890.000000	9.652607
1161.690000	325.000000	20860.000000	9.655977
1162.690000	324.000000	21170.000000	9.659347
1163.690000	323.000000	20870.000000	9.662717
1164.690000	322.000000	20940.000000	9.666087
1165.690000	321.000000	21290.000000	9.669457
1166.690000	320.000000	21150.000000	9.672827
1167.690000	319.000000	20590.000000	9.676197
1168.690000	318.000000	20840.000000	9.679567
1169.690000	317.000000	21330.000000	9.682937
1170.690000	316.000000	21360.000000	9.686307
1171.690000	315.000000	21270.000000	9.689677
1172.690000	314.000000	21400.000000	9.693047
1173.690000	313.000000	21220.000000	9.696417
1174.690000	312.000000	20910.000000	9.699787
1175.690000	311.000000	20980.000000	9.703157
1176.690000	310.000000	21650.000000	9.706527
1177.690000	309.000000	21760.000000	9.709897
1178.690000	308.000000	21670.000000	9.713267
1179.690000	307.000000	21450.000000	9.716637
1180.690000	306.000000	21920.000000	9.720007
1181.690000	305.000000	21950.000000	9.723377
1182.690000	304.000000	21750.000000	9.726747
1183.690000	303.000000	21980.000000	9.730117
1184.690000	302.000000	22110.000000	9.733487
1185.690000	301.000000	21700.000000	9.736857
1186.690000	300.000000	22060.000000	9.740227
1187.690000	299.000000	21650.000000	9.743597
1188.690000	298.000000	21300.000000	9.746967
1189.690000	297.000000	21350.000000	9.750337
1190.690000	296.000000	21690.000000	9.753707
1191.690000	295.000000	22510.000000	9.757077
1192.690000	294.000000	21590.000000	9.760447
1193.690000	293.000000	22320.000000	9.763817
1194.690000	292.000000	21920.000000	9.767187
1195.690000	291.000000	22530.000000	9.770557
1196.690000	290.000000	23850.000000	9.773927
1197.690000	289.000000	24990.000000	9.777297
1198.690000	288.000000	24980.000000	9.780667
1199.690000	287.000000	28090.000000	9.784037
1200.690000	286.000000	33130.000000	9.787407
1201.690000	285.000000	36020.000000	9.790777
1202.690000	284.000000	30130.000000	9.794147
1203.690000	283.000000	23770.000000	9.797517
1204.690000	282.000000	21770.000000	9.800887
1205.690000	281.000000	22320.000000	9.804257
1206.690000	280.000000	22450.000000	9.807627
1207.690000	279.000000	22080.000000	9.810997
1208.690000	278.000000	21700.000000	9.814367
1209.690000	277.000000	22340.000000	9.817737
1210.690000	276.000000	22200.000000	9.821107
1211.690000	275.000000	22200.000000	9.824477
1212.690000	274.000000	22410.000000	9.827847
1213.690000	273.000000	22660.000000	9.831217
1214.690000	272.000000	22560.000000	9.834587
1215.690000	271.000000	22830.000000	9.837957
1216.690000	270.000000	22650.000000	9.841327
1217.690000	269.000000	22900.000000	9.844697
1218.690000	268.000000	22610.000000	9.848067
1219.690000	267.000000	20590.000000	9.851437
1220.690000	266.000000	19310.000000	9.854807
1221.690000	265.000000	18250.000000	9.858177
1222.690000	264.000000	17280.000000	9.861547
1223.690000	263.000000	16020.000000	9.864917
1224.690000	262.000000	14930.000000	9.868287
1225.690000	261.000000	13090.000000	9.871657
1226.690000	260.000000	11700.000000	9.875027
1227.690000	259.000000	10700.000000	9.878397
1228.690000	258.000000	9140.000000	9.881767
1229.690000	257.000000	7700.000000	9.885137
1230.690000	256.000000	5770.000000	9.888507
1231.690000	255.000000	4310.000000	9.891877
1232.690000	254.000000	2410.000000	9.895247
1233.690000	253.000000	910.000000	9.898617
1234.690000	252.000000	1480.000000	9.901987
1235.690000	251.000000	3320.000000	9.905357
1236.690000	250.000000	4770.000000	9.909562
1237.690000	249.000000	6150.000000	9.914044
1238.690000	248.000000	7430.000000	9.918526
1239.690000	247.000000	8580.000000	9.923009
1240.690000	246.000000	10070.000000	9.927491
1241.690000	245.000000	11350.000000	9.931974
1242.690000	244.000000	13010.000000	9.936456
1243.690000	243.000000	14730.000000	9.940939
1244.690000	242.000000	16510.000000	9.945421
1245.690000	241.000000	18580.000000	9.949903
1246.690000	240.000000	20640.000000	9.954386
1247.690000	239.000000	23290.000000	9.958868
1248.690000	238.000000	25450.000000	9.963351
1249.690000	237.000000	26960.000000	9.967833
1250.690000	236.000000	26230.000000	9.972316
1251.690000	235.000000	26250.000000	9.976798
1252.690000	234.000000	25170.000000	9.981280
1253.690000	233.000000	25160.000000	9.985763
1254.690000	232.000000	24510.000000	9.990245
1255.690000	231.000000	25190.000000	9.994728
1256.690000	230.000000	25670.000000	9.999210
1257.690000	229.000000	24820.000000	10.003693
1258.690000	228.000000	25340.000000	10.008175
1259.690000	227.000000	26210.000000	10.012658
1260.690000	226.000000	26210.000000	10.017140
1261.690000	225.000000	25100.000000	10.021622
1262.690000	224.000000	25250.000000	10.026105
1263.690000	223.000000	25400.000000	10.030587
1264.690000	222.000000	26100.000000	10.035070
1265.690000	221.000000	25860.000000	10.039552
1266.690000	220.000000	26870.000000	10.044035
1267.690000	219.000000	25750.000000	10.048517
1268.690000	218.000000	25990.000000	10.052999
1269.690000	217.000000	26960.000000	10.057482
1270.690000	216.000000	26940.000000	10.061964
1271.690000	215.000000	26560.000000	10.066447
1272.690000	214.000000	26180.000000	10.070929
1273.690000	213.000000	26120.000000	10.075412
1274.690000	212.000000	27210.000000	10.079894
1275.690000	211.000000	26440.000000	10.084377
1276.690000	210.000000	26540.000000	10.088859
1277.690000	209.000000	27660.000000	10.093341
1278.690000	208.000000	27880.000000	10.097824
1279.690000	207.000000	27560.000000	10.102306
1280.690000	206.000000	27120.000000	10.106789
1281.690000	205.000000	27330.000000	10.111271
1282.690000	204.000000	28240.000000	10.115754
1283.690000	203.000000	27610.000000	10.120236
1284.690000	202.000000	28280.000000	10.124718
1285.690000	201.000000	29690.000000	10.129201
1286.690000	200.000000	30300.000000	10.133683
1287.690000	199.000000	30350.000000	10.138166
1288.690000	198.000000	29760.000000	10.142648
1289.690000	197.000000	29410.000000	10.147131
1290.690000	196.000000	28490.000000	10.151613
1291.690000	195.000000	28620.000000	10.156095
1292.690000	194.000000	28890.000000	10.160578
1293.690000	193.000000	28550.000000	10.165060
1294.690000	192.000000	29200.000000	10.169543
1295.690000	191.000000	29430.000000	10.174025
1296.690000	190.000000	29500.000000	10.178508
1297.690000	189.000000	29280.000000	10.182990
1298.690000	188.000000	30460.000000	10.187473
1299.690000	187.000000	29940.000000	10.191955
1300.690000	186.000000	31210.000000	10.196437
1301.690000	185.000000	30770.000000	10.200920
1302.690000	184.000000	31720.000000	10.205402
1303.690000	183.000000	31770.000000	10.209885
1304.690000	182.000000	32970.000000	10.214367
1305.690000	181.000000	32030.000000	10.218850
1306.690000	180.000000	33040.000000	10.223332
1307.690000	179.000000	32750.000000	10.227814
1308.690000	178.000000	31940.000000	10.232297
1309.690000	177.000000	31540.000000	10.236779
1310.690000	176.000000	30800.000000	10.241262
1311.690000	175.000000	30610.000000	10.245744
1312.690000	174.000000	29660.000000	10.250227
1313.690000	173.000000	30330.000000	10.254709
1314.690000	172.000000	29890.000000	10.259191
1315.690000	171.000000	28830.000000	10.263674
1316.690000	170.000000	29860.000000	10.268156
1317.690000	169.000000	29970.000000	10.272639
1318.690000	168.000000	29730.000000	10.277121
1319.690000	167.000000	30440.000000	10.281604
1320.690000	166.000000	30630.000000	10.286086
1321.690000	165.000000	31530.000000	10.290569
1322.690000	164.000000	35950.000000	10.295051
1323.690000	163.000000	45370.000000	10.299533
1324.690000	162.000000	60830.000000	10.304016
1325.690000	161.000000	67240.000000	10.308498
1326.690000	160.000000	57310.000000	10.312981
1327.690000	159.000000	42410.000000	10.317463
1328.690000	158.000000	34900.000000	10.321946
1329.690000	157.000000	31550.000000	10.326488
1330.690000	156.000000	30670.000000	10.331218
1331.690000	155.000000	30260.000000	10.335948
1332.690000	154.000000	29530.000000	10.340679
1333.690000	153.000000	29620.000000	10.345409
1334.690000	152.000000	29630.000000	10.350140
1335.690000	151.000000	29090.000000	10.354870
1336.690000	150.000000	29090.000000	10.359601
1337.690000	149.000000	28820.000000	10.364331
1338.690000	148.000000	28740.000000	10.369062
1339.690000	147.000000	28830.000000	10.373792
1340.690000	146.000000	28990.000000	10.378523
1341.690000	145.000000	29860.000000	10.383253
1342.690000	144.000000	30050.000000	10.387984
1343.690000	143.000000	29760.000000	10.392714
1344.690000	142.000000	30040.000000	10.397444
1345.690000	141.000000	30170.000000	10.402175
1346.690000	140.000000	30200.000000	10.406905
1347.690000	139.000000	29680.000000	10.411636
1348.690000	138.000000	29700.000000	10.416366
1349.690000	137.000000	30290.000000	10.421097
1350.690000	136.000000	30730.000000	10.425827
1351.690000	135.000000	30230.000000	10.430558
1352.690000	134.000000	30710.000000	10.435288
1353.690000	133.000000	31170.000000	10.440019
1354.690000	132.000000	32000.000000	10.444749
1355.690000	131.000000	32580.000000	10.449480
1356.690000	130.000000	33270.000000	10.454210
1357.690000	129.000000	34230.000000	10.458940
1358.690000	128.000000	33040.000000	10.463671
1359.690000	127.000000	33550.000000	10.468401
1360.690000	126.000000	33500.000000	10.473132
1361.690000	125.000000	33030.000000	10.477862
1362.690000	124.000000	31840.000000	10.482593
1363.690000	123.000000	30770.000000	10.487323
1364.690000	122.000000	32040.000000	10.492054
1365.690000	121.000000	35570.000000	10.496784
1366.690000	120.000000	41630.000000	10.501515
1367.690000	119.000000	38650.000000	10.506245
1368.690000	118.000000	30960.000000	10.510975
1369.690000	117.000000	24980.000000	10.515706
1370.690000	116.000000	22960.000000	10.520436
1371.690000	115.000000	22410.000000	10.525167
1372.690000	114.000000	23420.000000	10.529897
1373.690000	113.000000	24800.000000	10.534628
1374.690000	112.000000	30730.000000	10.539358
1375.690000	111.000000	43510.000000	10.544089
1376.690000	110.000000	59490.000000	10.548819
1377.690000	109.000000	67930.000000	10.553550
1378.690000	108.000000	72130.000000	10.558280
1379.690000	107.000000	84800.000000	10.563011
1380.690000	106.000000	96820.000000	10.567741
1381.690000	105.000000	84080.000000	10.572471
1382.690000	104.000000	54960.000000	10.577202
1383.690000	103.000000	34270.000000	10.581932
1384.690000	102.000000	24500.000000	10.586663
1385.690000	101.000000	19080.000000	10.591393
1386.690000	100.000000	15310.000000	10.596124
1387.690000	99.000000	13610.000000	10.600854
1388.690000	98.000000	12510.000000	10.605585
1389.690000	97.000000	12200.000000	10.610315
1390.690000	96.000000	11590.000000	10.615046
1391.690000	95.000000	11220.000000	10.619776
1392.690000	94.000000	10930.000000	10.624507
1393.690000	93.000000	10000.000000	10.629237
1394.690000	92.000000	10320.000000	10.633967
1395.690000	91.000000	9890.000000	10.638698
1396.690000	90.000000	9660.000000	10.643428
1397.690000	89.000000	9430.000000	10.648159
1398.690000	88.000000	9620.000000	10.652889
1399.690000	87.000000	8720.000000	10.657620
1400.690000	86.000000	8440.000000	10.662350
1401.690000	85.000000	8040.000000	10.667081
1402.690000	84.000000	8380.000000	10.671811
1403.690000	83.000000	8120.000000	10.676542
1404.690000	82.000000	8350.000000	10.681272
1405.690000	81.000000	8620.000000	10.686003
1406.690000	80.000000	8330.000000	10.690733
1407.690000	79.000000	8690.000000	10.695463
1408.690000	78.000000	8330.000000	10.700194
1409.690000	77.000000	10210.000000	10.704924
1410.690000	76.000000	17140.000000	10.709655
1411.690000	75.000000	23580.000000	10.714385
1412.690000	74.000000	19980.000000	10.719116
1413.690000	73.000000	13260.000000	10.723846
1414.690000	72.000000	8590.000000	10.728577
1415.690000	71.000000	8350.000000	10.733307
1416.690000	70.000000	8310.000000	10.738038
1417.690000	69.000000	8040.000000	10.742768
1418.690000	68.000000	8520.000000	10.747499
1419.690000	67.000000	8630.000000	10.752229
1420.690000	66.000000	8340.000000	10.756959
1421.690000	65.000000	8130.000000	10.761690
1422.690000	64.000000	7740.000000	10.766420
1423.690000	63.000000	7270.000000	10.771151
1424.690000	62.000000	6800.000000	10.775881
1425.690000	61.000000	6340.000000	10.780612
1426.690000	60.000000	6060.000000	10.785342
1427.690000	59.000000	5680.000000	10.790073
1428.690000	58.000000	4990.000000	10.794803
1429.690000	57.000000	4670.000000	10.799534
1430.690000	56.000000	4210.000000	10.804264
1431.690000	55.000000	3350.000000	10.808995
1432.690000	54.000000	2920.000000	10.813725
1433.690000	53.000000	2240.000000	10.818455
1434.690000	52.000000	1340.000000	10.823186
1435.690000	51.000000	900.000000	10.827916
1436.690000	50.000000	330.000000	10.832647
1437.690000	49.000000	670.000000	10.837377
1438.690000	48.000000	1470.000000	10.842108
1439.690000	47.000000	2090.000000	10.846838
1440.690000	46.000000	2570.000000	10.851569
1441.690000	45.000000	3360.000000	10.856299
1442.690000	44.000000	3950.000000	10.861030
1443.690000	43.000000	5110.000000	10.865760
1444.690000	42.000000	5950.000000	10.870491
1445.690000	41.000000	7020.000000	10.875221
1446.690000	40.000000	8020.000000	10.879951
1447.690000	39.000000	8490.000000	10.884682
1448.690000	38.000000	8840.000000	10.889412
1449.690000	37.000000	9110.000000	10.894143
1450.690000	36.000000	8700.000000	10.898873
1451.690000	35.000000	8910.000000	10.903604
1452.690000	34.000000	8550.000000	10.908334
1453.690000	33.000000	7770.000000	10.913065
1454.690000	32.000000	6850.000000	10.917795
1455.690000	31.000000	6900.000000	10.922526
1456.690000	30.000000	6500.000000	10.927256
1457.690000	29.000000	6410.000000	10.931986
1458.690000	28.000000	5940.000000	10.936717
1459.690000	27.000000	5570.000000	10.941447
1460.690000	26.000000	6470.000000	10.946178
1461.690000	25.000000	7870.000000	10.950908
1462.690000	24.000000	10160.000000	10.955639
1463.690000	23.000000	16210.000000	10.955923
1464.690000	22.000000	40750.000000	10.955923
1465.690000	21.000000	76000.000000	10.955923
1466.690000	20.000000	69970.000000	10.955923
1467.690000	19.000000	29460.000000	10.955923
1468.690000	18.000000	10010.000000	10.955923
1469.690000	17.000000	6500.000000	10.955923
1470.690000	16.000000	4200.000000	10.955923
1471.690000	15.000000	2300.000000	10.955923
1472.690000	14.000000	1710.000000	10.955923
1473.690000	13.000000	1340.000000	10.955923
1474.690000	12.000000	1760.000000	10.955923
1475.690000	11.000000	2700.000000	10.955923
1476.690000	10.000000	3910.000000	10.955923
1477.690000	9.000000	4250.000000	10.955923
1478.690000	8.000000	4210.000000	10.955923
1479.690000	7.000000	4110.000000	10.955923
1480.690000	6.000000	4550.000000	10.955923
1481.690000	5.000000	3880.000000	10.955923
1482.690000	4.000000	2310.000000	10.955923
1483.690000	3.000000	1160.000000	10.955923
1484.690000	2.000000	410.000000	10.955923
1485.690000	1.000000	140.000000	10.955923
1486.690000	0.000000	120.000000	10.955923
1487.690000	-1.000000	90.000000	10.955923
1488.690000	-2.000000	70.000000	10.955923
1489.690000	-3.000000	20.000000	10.955923
1490.690000	-4.000000	0.000000	10.955923
1491.690000	-5.000000	10.000000	10.955923