5.386837078703635484e+00
9.652339892242215669e+00
1.215573912976204873e+01
1.290387885546484270e+01
1.250102999074470667e+01
1.181368982131052192e+01
1.151691511361912568e+01
1.181281892622719987e+01
1.241902196187851892e+01
1.279548582438203219e+01
1.257620645359720513e+01
1.195470925006150154e+01
1.155082520274116575e+01
1.172741036728923447e+01
1.214000765679867300e+01
1.220349700817334515e+01
1.193378342087023114e+01
1.196128323599055143e+01
1.261270706876284997e+01
1.337336881233943586e+01
1.359566000621088477e+01
1.350828877290813068e+01
1.405635998120103025e+01
1.570443965005855880e+01
1.238057380061976254e+01
1.033155556437483469e+01
9.820426177537388668e+00
1.055710250001674844e+01
1.176004397845121119e+01
1.259264317161796853e+01
1.266591231595230482e+01
1.210513572768607382e+01
1.136937819656777116e+01
1.112403084670265230e+01
1.185273775947133323e+01
1.316977977048514958e+01
1.384823301566948750e+01
1.312684518424997115e+01
1.180830809305316365e+01
1.135033474595212688e+01
1.190291107924282521e+01
1.214417867449993160e+01
1.137371313502430858e+01
1.081604766322140954e+01
1.199728109917665897e+01
1.439823629469743871e+01
1.583477797629173267e+01
1.514003229608327850e+01
1.348758752646445558e+01
1.189042331674809638e+01
1.099208581762410830e+01
1.093676423271853437e+01
1.169446882668047394e+01
1.287010433874915272e+01
1.363419033592303897e+01
1.350592085938741960e+01
1.294270277247397871e+01
1.261214476417343811e+01
1.242688544279236318e+01
1.197473733068900259e+01
1.155774676049609972e+01
1.184387730091886226e+01
1.255953809073175087e+01
1.261691800780851125e+01
1.181819630699645884e+01
1.136947585765867252e+01
1.209354514585005447e+01
1.308335185225943853e+01
1.306831072654722448e+01
1.239481005745487785e+01
1.241426193187909277e+01
1.325117328595841215e+01
1.358989994660213263e+01
1.282595016563549173e+01
1.183368092100835334e+01
1.148492339760356451e+01
1.152626826524468484e+01
1.159449409640644113e+01
1.226336751053958274e+01
1.394917427726188208e+01
1.547681957408526010e+01
1.513460503484731312e+01
1.302601024205402425e+01
1.112274702533348503e+01
1.082289154544942988e+01
1.156150232513679832e+01
1.214866287020511315e+01
1.237343473672200744e+01
1.265713031130210986e+01
1.303101090970111642e+01
1.327180631758961660e+01
1.338084135681639175e+01
1.312909835012357007e+01
1.183756845819518233e+01
9.679715033211326869e+00
8.589230482394974331e+00
1.035699348037542045e+01
1.390533781531588353e+01
1.605604779055202869e+01
1.535496801921294718e+01
1.366774535351303399e+01
1.325157323408319243e+01
1.372782913466992127e+01
1.336458357974098732e+01
1.229316654907123585e+01
1.243781348482836968e+01
1.435135347765315217e+01
1.602158926098001857e+01
1.551010963361729544e+01
1.346579517126259873e+01
1.210052675454420523e+01
1.250115805659404877e+01
1.382842471370379833e+01
1.459920488778975134e+01
1.397985862513563760e+01
1.231139203377094660e+01
1.110063216650799234e+01
1.192662957782363975e+01
1.444063509637017795e+01
1.602839773334621398e+01
1.473682805215845626e+01
1.219959969432039770e+01
1.200966403972865137e+01
1.498982265944091807e+01
1.786622991377055669e+01
1.756075955961820512e+01
1.524236884159738992e+01
1.451706174039172303e+01
1.655934911436041190e+01
1.904501881822014653e+01
1.976537947357233094e+01
1.929214256077023393e+01
1.938200660990119673e+01
2.029262992268172994e+01
2.087646608486162236e+01
2.051161293779491857e+01
1.978511534666237637e+01
1.958649799675822223e+01
2.033341366434055431e+01
2.179230902956620852e+01
2.299542867936891355e+01
2.278832012873819579e+01
2.129675797792764769e+01
2.037243054415072407e+01
2.142279650477416197e+01
2.308033474918791939e+01
2.254765811235147766e+01
1.950293658636572047e+01
1.704256830735200268e+01
1.780035117233712683e+01
2.042925060187472397e+01
2.138451728560671938e+01
1.946337294881550406e+01
1.693619448950138562e+01
1.635927380965767952e+01
1.791169242873223055e+01
2.021989562649670802e+01
2.228312198682324663e+01
2.367590473701087461e+01
2.393026842717208780e+01
2.295583064141374763e+01
2.167375562154210300e+01
2.125340637581561509e+01
2.185512366871296308e+01
2.276602351661946955e+01
2.342229077121958269e+01
2.350018519039783271e+01
2.240489194872216672e+01
1.989312788752926409e+01
1.725314409366565727e+01
1.658562770986647905e+01
1.835126972028812986e+01
2.059062902609345969e+01
2.127299639426872702e+01
2.060749158460459896e+01
2.017881792404820374e+01
2.053030728502827174e+01
2.081146387397586750e+01
2.048464701838403101e+01
2.003534595460448386e+01
1.985312229698924824e+01
1.965243924200365910e+01
1.950120794691128623e+01
2.033970628677970538e+01
2.259684753048414407e+01
2.495887260381022799e+01
2.549962270546212295e+01
2.380102418535091147e+01
2.121266553031783175e+01
1.925198922224761944e+01
1.853155031573099620e+01
1.905042174098051078e+01
2.047584885614971739e+01
2.187582387761808533e+01
2.207181884987304343e+01
2.082511520500177582e+01
1.918570432981567819e+01
1.827450469929587129e+01
1.823274769086748037e+01
1.875640873706875311e+01
1.995323565454647863e+01
2.186275878850015886e+01
2.360098654361453185e+01
2.406476590378954583e+01
2.348687218548030486e+01
2.329941318314019227e+01
2.415080499976122397e+01
2.490267648297455594e+01
2.413858558490465711e+01
2.206266253375465780e+01
2.024572420855945154e+01
1.984384512749769414e+01
2.069260601972904112e+01
2.191810875359119493e+01
2.276762266615456909e+01
2.289835908138099541e+01
2.248941382128424138e+01
2.217356985954205584e+01
2.235646424697613810e+01
2.252929099132061097e+01
2.181132623132177528e+01
2.032891486582247964e+01
1.942353848681139183e+01
2.009975166375657452e+01
2.178899817983599263e+01
2.318125501297046043e+01
2.385283171576188721e+01
2.435178907173585472e+01
2.489039171917301729e+01
2.485188480031630220e+01
2.385069808634990807e+01
2.263511915301955568e+01
2.245172455277222667e+01
2.374205110975862709e+01
2.573898252128559250e+01
2.716935178480104440e+01
2.720965247777841611e+01
2.604832477355142117e+01
2.474776656725952506e+01
2.428444725532422055e+01
2.446982161816885792e+01
2.414387858322972846e+01
2.280630827068721800e+01
2.167191637684688743e+01
2.239505181744960183e+01
2.480831699691271552e+01
2.672587922317097409e+01
2.633310620167986116e+01
2.421888458156816171e+01
2.258206601216387099e+01
2.281212682976984851e+01
2.438833908369858605e+01
2.592109861120360392e+01
2.661267584905431249e+01
2.660117964695013626e+01
2.639142014227881816e+01
2.628635077460172909e+01
2.625704102988965261e+01
2.624004196135245692e+01
2.650227666841621854e+01
2.747322632424027233e+01
2.898388312855131588e+01
2.993777424124326458e+01
2.930319907691068337e+01
2.747175814826180229e+01
2.602649743089396495e+01
2.586230942106978503e+01
2.608159596124218638e+01
2.529802385466899750e+01
2.364447798887283270e+01
2.269724700312625032e+01
2.342149525008425215e+01
2.495519578430105412e+01
2.573866202916554968e+01
2.529951210362678182e+01
2.449232117226632610e+01
2.435777455652949186e+01
2.524674669157983331e+01
2.684302094650448467e+01
2.848795048713336797e+01
2.948188787409316092e+01
2.953879968993919647e+01
2.895833386332970605e+01
2.823652920046250259e+01
2.762562003114162579e+01
2.719809716967052182e+01
2.706530564798104166e+01
2.716827873961205597e+01
2.703935520922378899e+01
2.629785031636663817e+01
2.538083203419196110e+01
2.518978067330495563e+01
2.581282508967830580e+01
2.621406347876511589e+01
2.564951804041312400e+01
2.484626009364007970e+01
2.500543428121495637e+01
2.591105899565955539e+01
2.603109308061097238e+01
2.470043222813099248e+01
2.326866176052195456e+01
2.343230986907155966e+01
2.504728645835457002e+01
2.650055280848128092e+01
2.704262498689752547e+01
2.730308086005802792e+01
2.813280691631620556e+01
2.936648767789870362e+01
2.989390906294391215e+01
2.885821874564917877e+01
2.674227693342809786e+01
2.522490200689986750e+01
2.570781266560936373e+01
2.779914980534904245e+01
2.952815741363309243e+01
2.942610300913556642e+01
2.812956414616363787e+01
2.728783184621810065e+01
2.702688282036606182e+01
2.561827291239028170e+01
2.229445948025025359e+01
1.939928404660564354e+01
2.023217354749295893e+01
2.473772641952319518e+01
2.883390546610222671e+01
2.895333162097892910e+01
2.639736753642566214e+01
2.588188344040605671e+01
2.818860449148252911e+01
3.113407416587957144e+01
3.180926155574939074e+01
2.947816307995171670e+01
2.619737065685056621e+01
2.471523547271141297e+01
2.587048288886740721e+01
2.805455541323794932e+01
2.915058638216104470e+01
2.877000582264342654e+01
2.827068249605793326e+01
2.864065657926651909e+01
2.906038587423979891e+01
2.818702965139461369e+01
2.644180585462171607e+01
2.581479883022683097e+01
2.695132781936977295e+01
2.755778715079889096e+01
2.511611613912476670e+01
2.103499493366118145e+01
2.050155053504291658e+01
2.712386644655648738e+01
3.832487046170184897e+01
3.539931764887416676e+01
3.095783275473706908e+01
2.666386119313432701e+01
2.448262630559115038e+01
2.501573822909910660e+01
2.706836572260824170e+01
2.877584904315481040e+01
2.914037792222091028e+01
2.855109111510386910e+01
2.796660939207849950e+01
2.780038938303113127e+01
2.774834793924476628e+01
2.757972560293465136e+01
2.768398536497662121e+01
2.852409905449150429e+01
2.974090581200692540e+01
3.031772636096777873e+01
2.980419618679696825e+01
2.889622119766921671e+01
2.823851673298072740e+01
2.677273797570282099e+01
2.202076484475047380e+01
1.255200040910078840e+01
