1.994413223748331410e-01
4.184166931657041233e-01
6.572710232341169023e-01
9.162859668723248863e-01
1.195676948986482024e+00
1.495590435616410474e+00
1.816101467228104172e+00
2.157211473296764659e+00
2.518846385660757026e+00
2.900855066969836749e+00
3.303008069277854730e+00
3.724996736448525247e+00
4.166432662549822474e+00
4.626847516823659134e+00
5.105693244130844910e+00
5.602342647995144809e+00
6.116090361520729601e+00
6.646154209526700996e+00
7.191676963256814048e+00
7.751728486978842092e+00
8.325308273705692486e+00
8.911348365151159356e+00
9.508716648897587831e+00
1.011622052360371349e+01
1.053316959856641155e+01
1.093854773123130286e+01
1.133107476485675846e+01
1.170952606330416046e+01
1.207273961750736468e+01
1.241962292721466099e+01
1.274915961657021057e+01
1.306041574278303763e+01
1.335254575805504729e+01
1.362479808610880383e+01
1.387652027606812055e+01
1.410716369809896520e+01
1.431628774711170493e+01
1.450356352295186291e+01
1.466877695786029712e+01
1.481183136455595317e+01
1.493274938107616912e+01
1.503167429148807344e+01
1.510887070475009963e+01
1.516472457733709156e+01
1.519974256873307894e+01
1.521455072252416052e+01
1.520989246957118901e+01
1.518662595358933132e+01
1.514572068338732969e+01
1.508787576641854677e+01
1.501385813147141413e+01
1.492449891511260773e+01
1.482068954229392688e+01
1.470337752017705668e+01
1.457356196595291919e+01
1.443228889106284640e+01
1.428064626575681295e+01
1.411975888933614343e+01
1.395078309271490191e+01
1.377490130108363608e+01
1.359331648546140947e+01
1.340724653276836698e+01
1.321791856473139504e+01
1.302656323644368541e+01
1.283440904572676011e+01
1.264267668458624705e+01
1.245257346400485332e+01
1.226528784307525477e+01
1.208198409303808063e+01
1.190379712615718688e+01
1.173182751853453176e+01
1.156713675494312277e+01
1.141074272254214783e+01
1.126361547893699111e+01
1.112667260420007587e+01
1.100077480981646794e+01
1.088672183082769074e+01
1.078524862618038860e+01
1.069702191084257770e+01
1.062263704163484590e+01
1.056261527694475788e+01
1.051740142855746640e+01
1.048736192175517701e+01
1.047278327762288086e+01
1.047387102916048818e+01
1.049074908035574261e+01
1.052345951483146536e+01
1.057196285806211300e+01
1.063613879447251520e+01
1.071578733800448191e+01
1.081063045198181705e+01
1.092031411133896590e+01
1.104441079752239041e+01
1.118242241364425915e+01
1.133378360478592839e+01
1.149786546572978096e+01
1.167397961586494226e+01
1.186138261857868237e+01
1.205928072013354502e+01
1.226683487951035900e+01
1.248316605855923633e+01
1.270736073984864589e+01
1.293847663785204638e+01
1.317554856757747217e+01
1.341759443344360037e+01
1.366362130014582377e+01
1.391263150645032098e+01
1.416362878231127631e+01
1.441562432943359262e+01
1.466764282540510145e+01
1.491872831180340775e+01
1.516794992724187097e+01
1.541440744715898070e+01
1.565723659326910422e+01
1.589561407697937234e+01
1.612876234272608400e+01
1.635595397908937443e+01
1.657651576769229962e+01
1.678983234227044719e+01
1.699534943289242506e+01
1.719257667310652948e+01
1.738108995076424534e+01
1.756053328640798128e+01
1.773062022638709934e+01
1.789113474125845471e+01
1.804193162351021940e+01
1.818293638219764219e+01
1.831414463566936490e+01
1.843562100716849628e+01
1.854749753168642101e+01
1.864997158600297666e+01
1.874330335733824882e+01
1.882781286944120325e+01
1.890387658822482209e+01
1.897192363219858180e+01
1.903243161592535415e+01
1.908592215751583154e+01
1.913295608374791712e+01
1.917412836874004967e+01
1.921006284419858190e+01
1.924140672107968797e+01
1.926882496404309819e+01
1.929299456131284529e+01
1.931459873348880762e+01
1.933432112546199733e+01
1.935284002586904251e+01
1.937082265847556428e+01
1.938891958949668037e+01
1.940775929415080725e+01
1.942794292470286877e+01
1.945003932088454235e+01
1.947458030190005829e+01
1.950205627723624602e+01
1.953291221121558863e+01
1.956754397367129883e+01
1.960629510630289829e+01
1.964945403120902157e+01
1.969725172481097530e+01
1.974985987690049072e+01
1.980738955089240605e+01
1.986989035756370470e+01
1.993735015064213556e+01
2.000969524859907978e+01
2.008679118293375865e+01
2.016844396913540294e+01
2.025440189241261635e+01
2.034435779621237828e+01
2.043795185754655819e+01
2.053477482923349839e+01
2.063437172537557984e+01
2.073624592275983858e+01
2.083986364741872777e+01
2.094465881234612326e+01
2.105003816935980865e+01
2.115538673535741410e+01
2.126007345075299781e+01
2.136345702572700844e+01
2.146489192809070801e+01
2.156373446507621949e+01
2.165934891022660480e+01
2.175111362579161067e+01
2.183842713063967977e+01
2.192071406368409470e+01
2.199743099319266548e+01
2.206807202310865179e+01
2.213217414864969257e+01
2.218932231497058183e+01
2.223915413456344581e+01
2.228136422131459327e+01
2.231570810172945230e+01
2.234200566675594501e+01
2.236014413086576624e+01
2.237008046856866628e+01
2.237184330231621132e+01
2.236553421976675082e+01
2.235132850261209825e+01
2.232947525357074881e+01
2.230029691270681269e+01
2.226418815890175651e+01
2.222161419705447116e+01
2.217310843637987361e+01
2.211926956997883664e+01
2.206075807063043470e+01
2.199829212247115251e+01
2.193264301284119711e+01
2.186463001305908804e+01
2.179511478119596291e+01
2.172499532402900613e+01
2.165519955922249906e+01
2.158667852238767537e+01
2.152039926697594296e+01
2.145733750793789341e+01
2.139847006270653296e+01
2.134476714531442454e+01
2.129718457130993059e+01
2.125665593257910757e+01
2.122408480219301552e+01
2.120033702997124792e+01
2.118623318957521917e+01
2.118254123761017027e+01
2.118996944442294961e+01
2.120915965503432687e+01
2.124068093694166492e+01
2.128502366938180757e+01
2.134259412606277451e+01
2.141370960037221494e+01
2.149859411866846770e+01
2.159737478347565087e+01
2.171007878426339133e+01
2.183663110901883897e+01
2.197685298504483598e+01
2.213046107237369853e+01
2.229706742790612850e+01
2.247618025290512023e+01
2.266720543083267358e+01
2.286944885675347550e+01
2.308211955368372870e+01
2.330433356537834300e+01
2.353511860916636067e+01
2.377341946660725469e+01
2.401810408399231633e+01
2.426797034909639805e+01
2.452175350514161778e+01
2.477813415770451400e+01
2.503574682532274664e+01
2.529318897987711878e+01
2.554903051847323425e+01
2.580182360456398172e+01
2.605011281246700250e+01
2.629244550627623767e+01
2.652738238146601901e+01
2.675350809526737095e+01
2.696944191018202730e+01
2.717384827380211476e+01
2.736544725744608897e+01
2.754302477600617749e+01
2.770544251184308138e+01
2.785164746655917156e+01
2.798068106603401617e+01
2.809168774619939413e+01
2.818392294965986267e+01
2.825676046641706662e+01
2.830969905561558519e+01
2.834236828937835995e+01
2.835453356441654904e+01
2.834610023215704189e+01
2.831711680360101369e+01
2.826777719097719910e+01
2.819842195444734045e+01
2.810953852862115099e+01
2.800176041040158026e+01
2.787586529666786461e+01
2.773277216746331320e+01
2.757353731764510485e+01
2.739934934732184146e+01
2.721152312880244750e+01
2.701149277515707681e+01
2.680080364279372418e+01
2.658110340763368384e+01
2.635413226147211674e+01
2.612171228188549321e+01
2.588573603554795355e+01
2.564815447668583204e+01
2.541096420868778338e+01
2.517619418281012500e+01
2.494589191342231160e+01
2.472210929427602366e+01
2.450688810480470892e+01
2.430224529942695710e+01
2.411015817619441393e+01
2.393254952385752787e+01
2.377127284848833710e+01
2.362809778217066281e+01
2.350469577692229706e+01
2.340262618693366647e+01
2.332332284138033884e+01
2.326808120848761519e+01
2.323804624919060302e+01
2.323420105565244498e+01
2.325735636608124324e+01
2.330814104274518783e+01
2.338699359484427021e+01
2.349415482198476468e+01
2.362966164745334652e+01
2.379334220333984007e+01
2.398481016194146065e+01
2.420346064468384739e+01
2.444846776247472775e+01
2.471878382904576554e+01
2.501314027607541846e+01
2.533005028582048723e+01
2.566781314371677780e+01
2.602452030004658923e+01
2.639806311641378400e+01
2.678614225952474115e+01
2.718627869174748568e+01
2.759582619521533076e+01
2.801198535395701583e+01
2.843181890676886425e+01
2.885226837239011033e+01
2.927017183809011769e+01
2.968228279310763540e+01
3.008528987957746992e+01
3.047583742570783016e+01
3.085054661909790497e+01
3.120603717226472185e+01
3.153894932772995574e+01
3.184596604643980200e+01
3.212283422256438570e+01
3.236549370450299534e+01
3.257010299097612460e+01
3.273306340090810806e+01
3.285104156137285969e+01
3.292099007015491452e+01
3.294016620270847540e+01
3.290614854738304729e+01
3.281685146761768124e+01
3.267053730527804589e+01
3.246582625530522392e+01
3.220170385824667392e+01
3.187752607392562609e+01
3.149302191635606718e+01
3.104829364690213822e+01
3.054381453949324055e+01
2.998042424831730202e+01
2.935932182470783047e+01
2.868205644579827407e+01
2.795051593283096025e+01
2.716691315166781351e+01
2.633377040195777852e+01
2.545390191447414807e+01
2.403645533956669311e+01
2.262932088674521935e+01
2.123604301789130133e+01
1.986008319217893359e+01
1.850480365553662310e+01
1.717345189875288369e+01
1.586914587153323808e+01
1.459486003441233137e+01
1.335341232452119442e+01
1.214745210485051352e+01
1.097944915988280457e+01
9.851683793338580131e+00
8.766238076345105767e+00
7.724988286644499880e+00
6.729598571565143850e+00
5.781515859441645588e+00
4.881966036040769730e+00
4.031951394389245991e+00
3.232249358260703698e+00
2.483412471518175568e+00
1.785769637580355118e+00
1.139428585536603755e+00
5.442795319291822143e-01
