4.778705568298830642e+00
8.487553363999415623e+00
1.080788428838948256e+01
1.196618380691705319e+01
1.229406998819662178e+01
1.208378434889023367e+01
1.174005535444569404e+01
1.164496165688764862e+01
1.178335122258011225e+01
1.186140303392513218e+01
1.191361214668883939e+01
1.237264165119942838e+01
1.328164736933844559e+01
1.387374249538670234e+01
1.343503081963564405e+01
1.235747184775856411e+01
1.176488096496029101e+01
1.212855899309812990e+01
1.281026903301344788e+01
1.308646839256421224e+01
1.308058521704628774e+01
1.339108931921803247e+01
1.423873783277529448e+01
1.539573822638879186e+01
1.186859089886480767e+01
9.944110050277918944e+00
9.714597916785892906e+00
1.029422835779948464e+01
1.103782874975252781e+01
1.178934856419282085e+01
1.217712157468504941e+01
1.176455309063127075e+01
1.108582354733161424e+01
1.140628922923637489e+01
1.289763139196685948e+01
1.403975930624005919e+01
1.364458079703341120e+01
1.260772267175934225e+01
1.253326820354129900e+01
1.324271064546451804e+01
1.309289197623781220e+01
1.164595857381468846e+01
1.051267617385060049e+01
1.110535502428311894e+01
1.279694369034808332e+01
1.404223466233840867e+01
1.433933820836409190e+01
1.416648234088505376e+01
1.377332589841604538e+01
1.259947988751134318e+01
1.120820400136326356e+01
1.073889497811958371e+01
1.125412501397245890e+01
1.179350350225494637e+01
1.208374362161978333e+01
1.285613673029825144e+01
1.410920822475385528e+01
1.446710024838491648e+01
1.314578827609164158e+01
1.144159627313039351e+01
1.109138435244903498e+01
1.192509004328579536e+01
1.245585597717249726e+01
1.228267245906408789e+01
1.237664818249285759e+01
1.306049932349523601e+01
1.330711258114861373e+01
1.252565816978549051e+01
1.169761497530080341e+01
1.190567060426647039e+01
1.273402105446852062e+01
1.309918972181285746e+01
1.290557487901698863e+01
1.277274181540817288e+01
1.256742412787080632e+01
1.165769509660639613e+01
1.050669448817864726e+01
1.063903657572843997e+01
1.257979516271253040e+01
1.485370914628093608e+01
1.565514742206006993e+01
1.477381091742711305e+01
1.326642238424732057e+01
1.194436560500372480e+01
1.101261439304497891e+01
1.069620438258020556e+01
1.121233544042365082e+01
1.220099589090421510e+01
1.299208713794361181e+01
1.346231160147518047e+01
1.391288009724196151e+01
1.407091287155844839e+01
1.309406793014258419e+01
1.096325490221667742e+01
9.156815254336413190e+00
9.254870227305371344e+00
1.116467445647218781e+01
1.330847782115045064e+01
1.443225161310607518e+01
1.467164228030710049e+01
1.478061333580529890e+01
1.486993622762931011e+01
1.436414192449778682e+01
1.309350876510362482e+01
1.197673286139140991e+01
1.225250685879146317e+01
1.398711188269568773e+01
1.565121306937590617e+01
1.556155973351679833e+01
1.374815740128750541e+01
1.200615480478530372e+01
1.191488967126925225e+01
1.314510213717516152e+01
1.404069335807179364e+01
1.361589724321932060e+01
1.254540902885961806e+01
1.224079328881995821e+01
1.328723043137983773e+01
1.480093336774403312e+01
1.519036313503608504e+01
1.379299638350622992e+01
1.199266878029749783e+01
1.221164483190640127e+01
1.512398031320709535e+01
1.829750475849719393e+01
1.869684813314449912e+01
1.645965097326102722e+01
1.483988952179634424e+01
1.600693254977638702e+01
1.838995479974144942e+01
1.926463876707238398e+01
1.865617567484737194e+01
1.882060839731871127e+01
2.042640293643716731e+01
2.146109362983461111e+01
2.037399376153654984e+01
1.846637780819256491e+01
1.812072416796265628e+01
1.987090054479660850e+01
2.228684283854699189e+01
2.381989213756342139e+01
2.373658724672174714e+01
2.216524979446521471e+01
2.043848682849632681e+01
2.050164260874634437e+01
2.246703468337045351e+01
2.353533838003754397e+01
2.130677939942647470e+01
1.769908699781463213e+01
1.706397143044077680e+01
2.010026725238137146e+01
2.239637736274301716e+01
2.038832465359140755e+01
1.632207090352905965e+01
1.501824112990438209e+01
1.745617141089747548e+01
2.044991687545087800e+01
2.178520324445214129e+01
2.239202545567522762e+01
2.322714671288878918e+01
2.323947003210711415e+01
2.178487787879012316e+01
2.055719371696185860e+01
2.122303993178186232e+01
2.285601235128086017e+01
2.359083450649303160e+01
2.335674508065108768e+01
2.293681906867503173e+01
2.171370909157141327e+01
1.899255381045302116e+01
1.670378672768859118e+01
1.764266949453081423e+01
2.095046874059164921e+01
2.251157879533142747e+01
2.071995897468151782e+01
1.881655591416580364e+01
1.983280732956842485e+01
2.199809599416104788e+01
2.176334129309632814e+01
1.930993293791998155e+01
1.781382303830035241e+01
1.838729522631182078e+01
1.929846914804233649e+01
1.997298536237293831e+01
2.201033565764420885e+01
2.527369868830427890e+01
2.642925705273551884e+01
2.347180540866651910e+01
1.921153872240494209e+01
1.778400024111734368e+01
1.943648560433287642e+01
2.133768974560312515e+01
2.214436873259731442e+01
2.271872444937128677e+01
2.301002860387669813e+01
2.161081994010794816e+01
1.883392883592829747e+01
1.724462391527740479e+01
1.806954145178935889e+01
1.956331122180850457e+01
2.020197926255858079e+01
2.103860648271172806e+01
2.306703807710044885e+01
2.454434605934596547e+01
2.358776350865425186e+01
2.184852614022101491e+01
2.242474984889991774e+01
2.477670831502997117e+01
2.508155210819386127e+01
2.199036357671781872e+01
1.885172423527091468e+01
1.895690202315269346e+01
2.125246642272750464e+01
2.266617967455763960e+01
2.259959007257293351e+01
2.271746938116020686e+01
2.358097761833170480e+01
2.405547756957210837e+01
2.357934729992934919e+01
2.274605112803313034e+01
2.174198801874286602e+01
2.028242475002842227e+01
1.917818958542969909e+01
1.986314763525659188e+01
2.193730479301119374e+01
2.321840554671080525e+01
2.297517007064773864e+01
2.307253864093479123e+01
2.470490073569496303e+01
2.595401824680400793e+01
2.452301024080552594e+01
2.157164720266829860e+01
2.055020785271804939e+01
2.271839504269376775e+01
2.590454251966129817e+01
2.765008656679372834e+01
2.763455091429832677e+01
2.671240075517779999e+01
2.544152428132424504e+01
2.431447946886784095e+01
2.392618165008485676e+01
2.402150229652940538e+01
2.361178847314011264e+01
2.282226064562335921e+01
2.323391380662892658e+01
2.530908683662058323e+01
2.688452770179227258e+01
2.582081197596703248e+01
2.314931174605905539e+01
2.178667036265579071e+01
2.275211071088813952e+01
2.452938833034308530e+01
2.578079052581856700e+01
2.659406746208539829e+01
2.698873272075668339e+01
2.637307319810584971e+01
2.512507717768657045e+01
2.483650017260546150e+01
2.611360723960265773e+01
2.765768294942462191e+01
2.842114723088827333e+01
2.905569339530975981e+01
2.998750450666116407e+01
2.978676801538597729e+01
2.743727481052339456e+01
2.491753454611300000e+01
2.495814541955072130e+01
2.681546725454014535e+01
2.705792812695075256e+01
2.466269273705120568e+01
2.248903339800411061e+01
2.287522329096380247e+01
2.449962363876594651e+01
2.509933450824564005e+01
2.485497893008092518e+01
2.500687258255312528e+01
2.519332034300178336e+01
2.477131755898092180e+01
2.517877633454667219e+01
2.788638550725016074e+01
3.095643130703121315e+01
3.106613631113613394e+01
2.847813718919993065e+01
2.682872545615209248e+01
2.769451118359847541e+01
2.859337228043519374e+01
2.747566612173743650e+01
2.600747188442268865e+01
2.627598219822071002e+01
2.697291298558761596e+01
2.587402726133407072e+01
2.416322256271564228e+01
2.465394469087328844e+01
2.672985699490678613e+01
2.704391980433922882e+01
2.519217758075505387e+01
2.450609518625179462e+01
2.619370786504310900e+01
2.688764692629408870e+01
2.429966670310403032e+01
2.159659901068365784e+01
2.271305475047427080e+01
2.611920308859226836e+01
2.749338065660584718e+01
2.683007922516322452e+01
2.735911706225845563e+01
2.960908235447123715e+01
3.055042067811065465e+01
2.875094300225210020e+01
2.660455276121490087e+01
2.626943422724004407e+01
2.669077923200907776e+01
2.648203477805447648e+01
2.675862168287330434e+01
2.849765741018460474e+01
2.960003438965329536e+01
2.795339812510117028e+01
2.560288229155030493e+01
2.585762396529003126e+01
2.726710062424743342e+01
2.527343556267549474e+01
2.021605657774743747e+01
1.847740767352748392e+01
2.335465787418870676e+01
2.939432529454585108e+01
2.979899986352354091e+01
2.620795114402865877e+01
2.603191579886701135e+01
2.942717954490584020e+01
3.221021197060379393e+01
3.161031296787730938e+01
2.889009305078429435e+01
2.640578352286753372e+01
2.498369091185959689e+01
2.487188853135941713e+01
2.654097523756642829e+01
2.906598050132447852e+01
2.992695609345974006e+01
2.828882698157714515e+01
2.668539584874137560e+01
2.734746299882435494e+01
2.858996712541159013e+01
2.763567280874325860e+01
2.562428304962261905e+01
2.597442986556645295e+01
2.804145121859587775e+01
2.703808508728578630e+01
2.201863174560841330e+01
1.972381354402712006e+01
2.668491300145033662e+01
3.981627089938255182e+01
3.634695072633680013e+01
3.099460664367048679e+01
2.635488103509543123e+01
2.446933480707175335e+01
2.520352536565863844e+01
2.709607716658374699e+01
2.873613606381639229e+01
2.917899381809016646e+01
2.817534524250791605e+01
2.664090768209311477e+01
2.611657792014813850e+01
2.705197441938202019e+01
2.820760225979396552e+01
2.840997108026414963e+01
2.818338552766409677e+01
2.866968420245019189e+01
2.958118018959498130e+01
2.967241989018107873e+01
2.898746320921591035e+01
2.874370300853482973e+01
2.835496989143045354e+01
2.439527983724412508e+01
1.423821233108264472e+01
