4.732243183454754920e+00
8.394198001728648606e+00
1.061946978845139355e+01
1.183180424178752332e+01
1.251947450759024960e+01
1.263632682293467724e+01
1.205803538096381367e+01
1.128585830539448942e+01
1.112173547050725908e+01
1.173546667795635656e+01
1.256481760823857030e+01
1.311763856636789249e+01
1.336353862870560683e+01
1.331173194687393035e+01
1.282197848480277358e+01
1.209124401747887489e+01
1.178647323711246564e+01
1.225509033105620915e+01
1.296196282096421726e+01
1.318876756872801614e+01
1.304973875137603301e+01
1.329590724291868220e+01
1.424537383982436900e+01
1.547322257424732328e+01
1.183656085656694046e+01
9.785419449481141285e+00
9.834259519249377135e+00
1.074139537949042023e+01
1.116334881321391492e+01
1.122616729297146065e+01
1.164983390636949956e+01
1.217046401026608748e+01
1.207215947224281649e+01
1.173459727754014459e+01
1.219350245964831103e+01
1.330031510674101192e+01
1.376747686876629650e+01
1.320933581571095594e+01
1.270745072206822535e+01
1.287278770816893569e+01
1.275601089290844747e+01
1.159987589346239290e+01
1.050697771264860414e+01
1.105290935453658818e+01
1.291420364916455199e+01
1.426649543390163366e+01
1.427026589963613290e+01
1.380596175733403008e+01
1.372108952806274651e+01
1.314423466219515646e+01
1.170747677001247844e+01
1.050816815639184476e+01
1.060266777850256048e+01
1.155182728773517198e+01
1.243677396383725231e+01
1.329761094785426323e+01
1.432319048903243441e+01
1.454986545348795524e+01
1.304944203488637378e+01
1.095666303559191412e+01
1.049520914934295490e+01
1.192936435999475897e+01
1.319202987487617307e+01
1.291976801741321701e+01
1.217941805118728382e+01
1.237734421692303677e+01
1.299236624657922867e+01
1.271806187849814940e+01
1.180734645776299629e+01
1.168021605423966847e+01
1.263828027070160864e+01
1.347984643495723134e+01
1.336256909838055407e+01
1.273130025948225708e+01
1.211348825384875738e+01
1.138214425003017283e+01
1.071827069507581065e+01
1.108078709487235614e+01
1.282135423748646019e+01
1.470331402117122543e+01
1.526008727027941525e+01
1.450219702383333953e+01
1.339214535116479254e+01
1.229731797873606780e+01
1.109373746067307742e+01
1.032239885440401572e+01
1.085883087472604736e+01
1.242408976912394536e+01
1.364061147159598875e+01
1.380459244740503522e+01
1.353977419190943365e+01
1.336523286894800222e+01
1.273355175689856367e+01
1.119905960934923250e+01
9.677891128611793903e+00
9.571849847643788323e+00
1.102358044923728109e+01
1.287914571082615289e+01
1.418482847995137597e+01
1.493311008889365965e+01
1.533633123393213182e+01
1.515904095939772311e+01
1.413351151172438414e+01
1.264660466534343186e+01
1.169196773896740815e+01
1.215671671209624627e+01
1.399201630851276157e+01
1.585831592569390125e+01
1.596941766305097055e+01
1.394530413522520185e+01
1.165889730430885862e+01
1.141019921737005305e+01
1.318301918659305194e+01
1.460663645151759837e+01
1.395864289961899907e+01
1.229108892304454059e+01
1.189840026587842381e+01
1.335203276413480822e+01
1.496249101970928486e+01
1.494934198545689874e+01
1.340457464292057921e+01
1.211073764434686417e+01
1.281167806607392912e+01
1.549215078768303933e+01
1.808468268001778156e+01
1.832438114112816763e+01
1.635012068819937880e+01
1.485804871049877818e+01
1.591348029201370906e+01
1.830171253115771179e+01
1.931831528462736358e+01
1.868453967405630323e+01
1.875461809445829431e+01
2.057057029311291174e+01
2.188964524187656124e+01
2.049531285641812062e+01
1.785293383139389789e+01
1.745368438768607788e+01
2.021200350269001689e+01
2.346493418153952248e+01
2.443846210358804072e+01
2.302601093624146600e+01
2.102160304253864354e+01
2.015498281528233449e+01
2.112661082854419803e+01
2.306222417445309958e+01
2.358995786637716918e+01
2.111345440228068426e+01
1.754164014478928735e+01
1.684718300752050624e+01
1.984818408054642447e+01
2.241694827763751618e+01
2.070973909895123199e+01
1.650547407977138192e+01
1.481072697532923677e+01
1.718843747978147007e+01
2.048670047993824284e+01
2.197913125849257554e+01
2.243323403517833725e+01
2.318711042282563639e+01
2.334999399565854006e+01
2.194145757946495578e+01
2.050710835680570554e+01
2.108305159135928974e+01
2.295952949042539970e+01
2.388520501010766139e+01
2.343470240307000552e+01
2.269689645682971602e+01
2.152166663456438300e+01
1.906298387592129373e+01
1.676283425547394401e+01
1.743262985412279065e+01
2.068912928660802919e+01
2.252908627522226936e+01
2.091742710184793808e+01
1.885593507484099263e+01
1.969766515906828275e+01
2.198409887134843288e+01
2.196347783211681914e+01
1.945087600834946073e+01
1.765053996961798077e+01
1.803104234521820004e+01
1.910355016523085681e+01
2.021705679830388291e+01
2.262474825101322295e+01
2.576263218225676965e+01
2.623266594848958277e+01
2.266844098650913963e+01
1.868403789383491187e+01
1.828212981381981450e+01
2.054731290736212657e+01
2.185960803279151321e+01
2.154323393660214947e+01
2.172409709982282422e+01
2.258447167174630366e+01
2.182230628794316019e+01
1.910234756026589054e+01
1.728449340622079689e+01
1.806177050068523826e+01
1.961368979861701689e+01
2.019222348664984423e+01
2.097991530114478209e+01
2.311426816877063573e+01
2.462860892794692447e+01
2.348388006565954811e+01
2.165901581899581174e+01
2.251755040903232441e+01
2.512940029483623405e+01
2.520770091564270032e+01
2.173103238491329847e+01
1.869666619069592883e+01
1.923747837913655445e+01
2.155260999197092886e+01
2.253507421584318138e+01
2.237311154045269745e+01
2.295543971219423796e+01
2.401261125874518143e+01
2.389659468825488631e+01
2.281012142402128973e+01
2.223659319053437144e+01
2.196629752738490993e+01
2.069204918512335567e+01
1.918115519513191103e+01
1.970386590125476900e+01
2.207104118321803554e+01
2.340558163031721861e+01
2.273390522908998079e+01
2.267272371443544188e+01
2.486788775292498599e+01
2.664187383628141248e+01
2.485140179028131513e+01
2.108842519591662068e+01
1.988553792163652290e+01
2.266055805510759313e+01
2.642642767789030955e+01
2.820724511070271490e+01
2.789887591563732983e+01
2.660921314579373131e+01
2.495233529253226479e+01
2.372931877646921706e+01
2.387146143368840967e+01
2.467150950843874568e+01
2.419028763441184537e+01
2.250935528165808108e+01
2.235696643062541966e+01
2.494796693571083424e+01
2.735896257878412996e+01
2.630772669078081805e+01
2.295980851211424323e+01
2.132146149099700594e+01
2.277828512028284891e+01
2.502876523100293227e+01
2.608960472153502153e+01
2.642093900505019377e+01
2.669887366682563012e+01
2.631411471420932102e+01
2.521579451604223365e+01
2.491996382544732569e+01
2.623414391559345304e+01
2.782658671685039309e+01
2.848946821638920923e+01
2.896585766056901079e+01
2.984355412185553291e+01
2.961117900444707374e+01
2.719879861044373115e+01
2.482647551476791037e+01
2.529759853190613228e+01
2.737425005336245931e+01
2.719142154306405601e+01
2.412685764067824934e+01
2.181736562760722009e+01
2.268669948039806883e+01
2.478831747360403526e+01
2.546693110122433268e+01
2.509291932912138634e+01
2.511097787120075608e+01
2.509005260341473686e+01
2.444566091789674900e+01
2.493828331127248887e+01
2.810100300824739961e+01
3.151685837364246012e+01
3.138039364052623270e+01
2.820006343684879724e+01
2.630511743479861764e+01
2.746095052091680699e+01
2.872820004091144241e+01
2.771745767721208864e+01
2.618048987905829605e+01
2.627902924198858869e+01
2.670290443646005230e+01
2.554463885727524541e+01
2.430627445062745906e+01
2.531632626450622681e+01
2.708645090486584195e+01
2.646251677044285344e+01
2.432136449308807613e+01
2.447879436815056309e+01
2.696579508282578885e+01
2.731691673550950483e+01
2.386935641186208201e+01
2.107276523562276083e+01
2.285633365699624164e+01
2.664840373645836635e+01
2.774067277131969078e+01
2.667865713056801269e+01
2.723386437605491395e+01
2.964204764733267083e+01
3.040427795137280853e+01
2.835910762990681988e+01
2.642312309130246462e+01
2.653598235075593337e+01
2.702692632617744195e+01
2.655148965674678152e+01
2.673682042911518053e+01
2.852079599478908634e+01
2.939633457491715873e+01
2.753366248495936119e+01
2.563935780617439164e+01
2.664766179707442717e+01
2.791610437016098700e+01
2.482562524526000303e+01
1.915985645959021255e+01
1.810038474329362046e+01
2.389242755657604533e+01
2.993318796076238897e+01
2.986217936139829732e+01
2.620453947207958123e+01
2.607557572552329717e+01
2.938122751639231822e+01
3.190338067139254008e+01
3.130896644323142652e+01
2.900162138002282930e+01
2.674592650737606547e+01
2.494916643380195609e+01
2.442709795136332218e+01
2.637552275566375215e+01
2.952138435655404081e+01
3.040854332981746211e+01
2.815974319661270542e+01
2.619539050777872546e+01
2.716229308469969439e+01
2.884887951105302406e+01
2.801674298641630401e+01
2.593289501923232621e+01
2.608686767046679478e+01
2.768517550582821229e+01
2.631477738484804618e+01
2.174053860230907276e+01
2.038833000709034593e+01
2.744489847961478191e+01
3.948655235090956950e+01
3.594446092277187432e+01
3.075223614853997489e+01
2.638071499671324460e+01
2.459140444862890362e+01
2.519640711388007048e+01
2.701901228880107553e+01
2.881352998699233936e+01
2.936376199430138101e+01
2.814063508137417813e+01
2.630431772342683061e+01
2.587403265481545134e+01
2.727957112972599774e+01
2.873585993242558345e+01
2.872636140469176169e+01
2.803036616831827743e+01
2.824980511280993412e+01
2.929409167338831210e+01
2.981851850940105209e+01
2.955637624080799242e+01
2.927532087448689779e+01
2.821371934927589464e+01
2.350427477836397117e+01
1.338144135466103180e+01
