7.488298190094828222e+00
1.094908469725004707e+01
1.200453208202026900e+01
1.212238394014939402e+01
1.198698659375612863e+01
1.271306749732793406e+01
1.272187264910527027e+01
1.063103089836160287e+01
9.911490428538254349e+00
1.233996021401962828e+01
1.377632082078623732e+01
1.221828700763502162e+01
1.089782468292526829e+01
1.189338553123838693e+01
1.381060546717784732e+01
1.432565464567989544e+01
1.288491927411813620e+01
1.221387245119907128e+01
1.413751647442043868e+01
1.543679097605658690e+01
1.343795895898617410e+01
1.093141676985156252e+01
1.124855295153564327e+01
1.435283212652345419e+01
1.055642766469833838e+01
1.088205318856507020e+01
1.088141942026375730e+01
1.129083993699867605e+01
1.311607575975278905e+01
1.158521919884918105e+01
9.330521146667170029e+00
1.234751040380936793e+01
1.452454537819410341e+01
1.086223910568714679e+01
9.114719508751548460e+00
1.273175388660418506e+01
1.536979583470531097e+01
1.433818193209424408e+01
1.196959137118691174e+01
1.117964419788548369e+01
1.372409339526036653e+01
1.531438629066242996e+01
1.172630925942336866e+01
8.793763300731063381e+00
1.156053341367898746e+01
1.506330315520870933e+01
1.549753106483136555e+01
1.392459752937213402e+01
1.131318840934969394e+01
9.035567640704318393e+00
1.250102239820204808e+01
1.434634503001006323e+01
1.000465543040936112e+01
1.018959130525594858e+01
1.527746581590881014e+01
1.463893213576539054e+01
1.173958164763779344e+01
1.299110804384284990e+01
1.304713657453279119e+01
1.114473279919486970e+01
1.187075681625152335e+01
1.265577885732786001e+01
1.233142418940803253e+01
1.340110216463960668e+01
1.319867896601187951e+01
1.158447472972427050e+01
1.236293608453454951e+01
1.267338894583646081e+01
1.131772197212058551e+01
1.312337546655312259e+01
1.491718960050037701e+01
1.246422488547203145e+01
1.185729940670680982e+01
1.338798707691514700e+01
9.446289348463489333e+00
7.387610821146197715e+00
1.326189141182604558e+01
1.546396790633949792e+01
1.213987380688414319e+01
1.317411091546878232e+01
1.519805760843942188e+01
1.374123258555478877e+01
1.420311626395783833e+01
1.408410635070857531e+01
9.898584006879326935e+00
9.647412680389550133e+00
1.371681626958384648e+01
1.373676903363736024e+01
1.161531670212917433e+01
1.137305246716375073e+01
1.159581497239555148e+01
1.422074603438121798e+01
1.647662908806249149e+01
1.148750239320474087e+01
7.150210085715221986e+00
1.153240375382820915e+01
1.403201938301175389e+01
1.041524825324411729e+01
1.120558759231129820e+01
1.458517838965350144e+01
1.421492907839300912e+01
1.509811984053995459e+01
1.574811389423538266e+01
1.165571668877904443e+01
1.121949777995472886e+01
1.554958206337463444e+01
1.487896258458057908e+01
1.341885873973246213e+01
1.695150331323631931e+01
1.653206061898923096e+01
1.129126203862543321e+01
1.023392770909109828e+01
1.174998881229260661e+01
1.280434800193810574e+01
1.487948224669291619e+01
1.337664038232448149e+01
9.854339706864475801e+00
1.378729613706836332e+01
1.884021880649186542e+01
1.490425288203394594e+01
1.103040045565952809e+01
1.345392953228962085e+01
1.448407814168406560e+01
1.423313179903108683e+01
1.556275444028297805e+01
1.437141923681787148e+01
1.441177055480076241e+01
1.917627406950256486e+01
1.962567440802733998e+01
1.632742260812228352e+01
1.908418795036746118e+01
2.228686789894358000e+01
1.970197270730516692e+01
1.912122441603552758e+01
2.064056811301731287e+01
1.844263604594410921e+01
1.772131791513840682e+01
1.989325607131803508e+01
1.949080337971002663e+01
2.082609077739759229e+01
2.541089090129062456e+01
2.436178356279244994e+01
2.001603218185942268e+01
2.077612543536475442e+01
2.281151510183173414e+01
2.332391999631426671e+01
2.446425260639438548e+01
2.097429620456485466e+01
1.391343183707501296e+01
1.447331922086360123e+01
2.032327848171052054e+01
2.184332374064373283e+01
2.113541445866025725e+01
1.997405950453199353e+01
1.682002109193742356e+01
1.734459170529341776e+01
2.116137005962695028e+01
2.044488552672973825e+01
1.968871293395682898e+01
2.402307377405970712e+01
2.472172105687171140e+01
2.050040972623054714e+01
2.030051954574150841e+01
2.238521768934894496e+01
2.216904108163288001e+01
2.270290460515117559e+01
2.336009626814904294e+01
2.273755913175043375e+01
2.354953606219602591e+01
2.150382226837889377e+01
1.461467400055482813e+01
1.448645892010760150e+01
2.261057903915546063e+01
2.440724377732792760e+01
1.835518385766169658e+01
1.605827538179703140e+01
1.995573902876708061e+01
2.477495387757742051e+01
2.507116976972390532e+01
1.890893901437816993e+01
1.472194491235586256e+01
1.862292309033738746e+01
2.143078799000276291e+01
1.905565278656188255e+01
2.083993112264660397e+01
2.644898979906255576e+01
2.680493023544135056e+01
2.262470515790641556e+01
1.855420573622869540e+01
1.683522757071496656e+01
2.031915036431804822e+01
2.416867568144917655e+01
2.113355317522010779e+01
1.857098421102848818e+01
2.327729914166929959e+01
2.513738205096911216e+01
1.927544375051197534e+01
1.592664502900705337e+01
1.860925905920407786e+01
2.066586232394830347e+01
1.957727588699218657e+01
1.858009445187062880e+01
2.148423566925790595e+01
2.633041422261361220e+01
2.553920091814657312e+01
2.090808239070077335e+01
2.236487761906933258e+01
2.678764750193035127e+01
2.474955498564296974e+01
2.033949898808526058e+01
1.929338991902538680e+01
1.889796109669975266e+01
2.032667149224462122e+01
2.437397678027067727e+01
2.390759846261777710e+01
1.986767768843857951e+01
2.109907110037105582e+01
2.498964723117754971e+01
2.458169276754844645e+01
2.280891222431792897e+01
2.274283083806689021e+01
2.217726946789588283e+01
2.087287703644691916e+01
1.999914364488828866e+01
2.009507064155620526e+01
2.098833045904169481e+01
2.063928492551605487e+01
2.119866315055706707e+01
2.681827516764078467e+01
3.019390053257064110e+01
2.418377085777587965e+01
1.926644501369383278e+01
2.247009945541276821e+01
2.403388665127101831e+01
2.274736506772497435e+01
2.722781206298252599e+01
3.158063970276716148e+01
2.699994971901270802e+01
2.129435807844310347e+01
2.215977436781227539e+01
2.501263576390524079e+01
2.516430156063669443e+01
2.326721745836442068e+01
2.256954709332184450e+01
2.546718954452315131e+01
2.819948741762207334e+01
2.699766506200656124e+01
2.493838172666158925e+01
2.283739044723557754e+01
1.956261348348904150e+01
2.042342598206243665e+01
2.512128241188774069e+01
2.544918298533526979e+01
2.499082948526535120e+01
2.973397969231263716e+01
2.983245777023952883e+01
2.273187465181253586e+01
2.283014779946656958e+01
2.997501294100172942e+01
2.981948033207687487e+01
2.466431459557109562e+01
2.596358363577177641e+01
3.102483824950082081e+01
3.108893196372715195e+01
2.609814586149097693e+01
2.327147628324375717e+01
2.690334163126620126e+01
3.023007900268012804e+01
2.668137951665786645e+01
2.324842020912956286e+01
2.447984885049476134e+01
2.337910381068464716e+01
2.160979554116410029e+01
2.562406610603654755e+01
2.716667818467634987e+01
2.205784915010434233e+01
2.178001027624458175e+01
2.619286082642068791e+01
2.574276003460425599e+01
2.658460569308831722e+01
3.355066162782608785e+01
3.500481721195482265e+01
2.780678821740541551e+01
2.390577485363501609e+01
2.669105479228143452e+01
2.870078154238453294e+01
2.680935718797822531e+01
2.512023750268229350e+01
2.747523287457762464e+01
2.953727277606186874e+01
2.552936618322321038e+01
2.244270532369951709e+01
2.671287479895280725e+01
2.815218459959224617e+01
2.314632980060164158e+01
2.422930761227559415e+01
2.962303237073156481e+01
2.693450696101939101e+01
2.277131920808747267e+01
2.482071896655566690e+01
2.333449826519036918e+01
1.873426710733907186e+01
2.312944675577090337e+01
3.067235575317775087e+01
3.020238742324383452e+01
2.684609744195820369e+01
2.833462559086257215e+01
3.072839840607384332e+01
2.882481282000207656e+01
2.521455336751504106e+01
2.545492447348698661e+01
2.858724853313239223e+01
2.817945529952871553e+01
2.610893969994551611e+01
2.913357557420260591e+01
3.093730152515662013e+01
2.496489853557093852e+01
2.275264104171240476e+01
2.915569101450811118e+01
2.956953725053151416e+01
2.224134972605552818e+01
2.044435604181051147e+01
2.250654993922054459e+01
2.206692398446229575e+01
2.544561550779499370e+01
3.087266448324985291e+01
2.804122739733514535e+01
2.404922876321579395e+01
2.696944446387355399e+01
3.287252525283080473e+01
3.314719446419353943e+01
2.857418382963111725e+01
2.581081200009597509e+01
2.656252808284573064e+01
2.668197049446211722e+01
2.584362024208311936e+01
2.859604399628835836e+01
3.176998695117143967e+01
2.814681642066100054e+01
2.379493903291603374e+01
2.717187089601921102e+01
3.022189002111008449e+01
2.631535955824528372e+01
2.470443621380327670e+01
2.841420658097146656e+01
2.857701620254326969e+01
2.505283861722460870e+01
2.320134627761838431e+01
2.234155566465258502e+01
2.584666067100299358e+01
3.838069863677536375e+01
3.486532851375775977e+01
2.932653951432184414e+01
2.439676648373716716e+01
2.385384096802929932e+01
2.696557552152069803e+01
2.977690310477523639e+01
3.034834657825688353e+01
2.993450109671258019e+01
2.892836764293245722e+01
2.622370662167170963e+01
2.409230799967572523e+01
2.601536459977307558e+01
2.910941807187993646e+01
2.876873789564886508e+01
2.747604359721125178e+01
2.857141877812144060e+01
2.944558254968180577e+01
2.874840743367688134e+01
2.918498765808068285e+01
3.041656227591935391e+01
2.952119380031310314e+01
2.517443824831164534e+01
1.546141121691107223e+01
