7.915690190607234555e+00
1.081751036715797376e+01
1.193852149707394616e+01
1.287565193079471371e+01
1.256074908913732457e+01
1.247598989669815239e+01
1.285231319934797511e+01
1.141791683925342760e+01
9.810107207993677747e+00
1.112687494249860265e+01
1.310042609424570692e+01
1.241990742734479980e+01
1.086458992869692253e+01
1.171093162017375633e+01
1.425731789973204577e+01
1.492036114485750886e+01
1.299099799417277978e+01
1.234156986697319880e+01
1.460980572740520955e+01
1.566855039802126726e+01
1.316727493011577721e+01
1.054756927237919761e+01
1.086640051535419005e+01
1.376445289460126453e+01
9.631487000696896672e+00
1.159890671334910728e+01
1.185201686923914366e+01
1.068356514709089566e+01
1.282202143344778200e+01
1.295674600779182128e+01
9.859633725969276341e+00
1.102621707638596860e+01
1.411969565261244419e+01
1.189945215710539372e+01
8.894760657372721369e+00
1.141183300314662752e+01
1.546220298800304427e+01
1.522112875082139993e+01
1.175243330573291622e+01
1.090480214981403329e+01
1.453342418151522075e+01
1.588400889280869421e+01
1.139550447127747645e+01
8.667392105309778216e+00
1.182590742261596972e+01
1.483848978783479922e+01
1.482487008274290119e+01
1.373390405088622046e+01
1.174855171965061551e+01
8.715311305767658112e+00
1.199330172607443856e+01
1.495762220732904346e+01
1.070284599257030678e+01
9.743592686931560110e+00
1.482281009209998146e+01
1.499351137087580277e+01
1.174611213265925258e+01
1.258528941416775737e+01
1.350727025674013149e+01
1.173812835914287867e+01
1.122509747017026882e+01
1.202069631546618211e+01
1.288828735493530075e+01
1.381593461365379838e+01
1.289348208055947076e+01
1.169547973528339391e+01
1.274518017466355069e+01
1.244599985324881430e+01
1.090962114366057101e+01
1.310895148993957804e+01
1.522703331910055091e+01
1.287685834724420531e+01
1.175881177675245759e+01
1.280075990361483029e+01
9.255086699222054847e+00
7.806244957267980844e+00
1.326170083620478124e+01
1.476245710648519882e+01
1.182418855960671067e+01
1.360712247411058939e+01
1.552629122708820653e+01
1.365319719419269084e+01
1.434100193747886287e+01
1.470955658080876383e+01
1.022581452348149966e+01
9.105995566678593889e+00
1.322090443871907617e+01
1.405810074850878344e+01
1.174965517200380916e+01
1.082208325945429550e+01
1.149133147377517083e+01
1.448055621604292575e+01
1.617162741307906870e+01
1.158827399140548131e+01
8.147667831756860934e+00
1.170977580408549024e+01
1.342844251286359736e+01
1.076762797762006230e+01
1.161926877274175673e+01
1.341279456813482795e+01
1.313642439995981981e+01
1.561445104933371120e+01
1.606128573389048242e+01
1.101278056161934593e+01
1.144573944240303298e+01
1.664845966319638393e+01
1.505425221453949369e+01
1.300772190147104190e+01
1.747243147606630487e+01
1.733435235257079654e+01
1.079169339539413031e+01
9.082799394972489893e+00
1.165253938609524198e+01
1.314629852078553540e+01
1.416275416746581328e+01
1.284562228494432823e+01
1.099100041366375358e+01
1.468006940104492308e+01
1.817169394960452777e+01
1.489880124384238513e+01
1.229968271934808932e+01
1.352374288145773207e+01
1.325095304715909172e+01
1.376441362785577738e+01
1.545466530997598120e+01
1.364664019068327860e+01
1.432334185220782174e+01
1.995436429783294230e+01
1.975978194544911659e+01
1.615570613542893241e+01
1.975293390820039363e+01
2.291994857860521506e+01
1.953186241261882472e+01
1.909894125108289842e+01
2.102578410751998206e+01
1.815258998238886790e+01
1.654701934573557409e+01
1.907596539367748889e+01
1.986701211986219562e+01
2.153160310749671424e+01
2.537397351963154790e+01
2.424885606002309757e+01
2.072502659241683531e+01
2.141984419112790405e+01
2.257061342968892959e+01
2.297718227751670028e+01
2.441274689695835320e+01
2.064697780716590714e+01
1.343177362831991672e+01
1.422808917806232820e+01
2.015575840376586925e+01
2.196940821239795127e+01
2.163377417039908934e+01
2.010915189759515798e+01
1.678975787898544780e+01
1.796377005343839883e+01
2.159782732540222838e+01
1.996088977977172618e+01
1.948274722531099101e+01
2.430518268405486282e+01
2.415862709598438940e+01
1.966076735148289600e+01
2.059507738768471441e+01
2.287183150405736143e+01
2.186538659055271694e+01
2.280471552196132734e+01
2.423755284718165370e+01
2.291688957591518161e+01
2.286430610491486703e+01
2.128508632885326435e+01
1.495862773785634303e+01
1.446772099935505196e+01
2.229448282252994673e+01
2.442042228771051526e+01
1.839908717756684808e+01
1.564612379018291399e+01
1.981466746525206801e+01
2.548167560304321100e+01
2.545909433975472425e+01
1.838121276811424565e+01
1.475202003318336175e+01
1.931662516161488696e+01
2.092467920826923589e+01
1.808088438618699811e+01
2.166348747965684396e+01
2.752154913216238441e+01
2.572533823919307849e+01
2.154511316165862667e+01
1.962676506932907117e+01
1.765878392772485483e+01
1.934438196394264153e+01
2.366256689971586624e+01
2.182725524649800164e+01
1.860105933185586835e+01
2.274957289540515859e+01
2.552530662100000569e+01
1.998216547597785464e+01
1.578557346549200169e+01
1.819710746758995867e+01
2.070976564385340879e+01
1.959045439737472094e+01
1.826399823524522503e+01
2.146549774850543812e+01
2.667436795991498144e+01
2.532046497862084067e+01
2.022285243341975303e+01
2.254420806323420834e+01
2.766510408096288032e+01
2.485136590245299359e+01
2.003584449700516856e+01
1.978000373373393117e+01
1.919251893864281655e+01
1.948702911749681732e+01
2.381088281938352580e+01
2.418970737261305715e+01
1.966171197979253193e+01
2.061507535341302244e+01
2.542610449695308006e+01
2.520087111569338134e+01
2.277864901136577558e+01
2.287792323113017190e+01
2.267562917963481439e+01
2.099896150820096352e+01
1.983162356694357342e+01
1.984984059875504059e+01
2.050667225028664831e+01
2.031196652811706471e+01
2.114715744112088913e+01
2.647153744884317916e+01
2.995299886042816695e+01
2.482748961353922112e+01
1.997543942425079422e+01
2.235717195264315293e+01
2.399696926961242482e+01
2.345287739782439118e+01
2.760402080313427220e+01
3.076334902512623515e+01
2.582565114961004582e+01
2.100431201488824229e+01
2.254499036231502984e+01
2.499035259895228478e+01
2.499419126595019947e+01
2.390029813802640390e+01
2.323829305115492971e+01
2.529547307182950178e+01
2.833359495504374692e+01
2.777575529033712698e+01
2.484995302406865036e+01
2.211261140110094559e+01
1.945452435318198781e+01
1.995470781088694423e+01
2.388815731736288583e+01
2.551899633450377891e+01
2.626011174895374367e+01
2.972852805412064470e+01
2.916393291335249671e+01
2.362464791578946688e+01
2.396680850626546899e+01
2.944399484362131147e+01
2.910275225285010237e+01
2.500626511441861766e+01
2.586613420957410980e+01
2.987370993538215913e+01
3.058936332049608708e+01
2.690043759507269883e+01
2.379240444607361837e+01
2.649220479300458564e+01
3.040536863263917766e+01
2.778025711647979890e+01
2.347466187157768047e+01
2.383691272333496158e+01
2.369227565034000449e+01
2.212612674995771656e+01
2.454556142760301185e+01
2.599429436315796593e+01
2.247153033053517390e+01
2.213239000062018746e+01
2.558928395627226848e+01
2.592013208486185860e+01
2.758206343913010983e+01
3.365143322602669684e+01
3.469981553697135013e+01
2.806659839906697940e+01
2.380129135501456972e+01
2.614008558457231146e+01
2.883512001225928145e+01
2.713068890284924350e+01
2.462432567181738463e+01
2.693381576086703433e+01
2.986450329266424220e+01
2.615481641332319640e+01
2.258059099722026986e+01
2.662483940759079815e+01
2.848041821824140740e+01
2.357934135924341845e+01
2.391362236499763938e+01
2.892152157087727105e+01
2.693431638539866313e+01
2.318995334420924692e+01
2.462951631731377233e+01
2.274727109189006669e+01
1.863577947738504292e+01
2.354208021754311986e+01
3.098219947177775779e+01
3.018796344663016384e+01
2.643799661349823182e+01
2.810723649827511750e+01
3.111064249620283917e+01
2.893581782556094595e+01
2.490935648206273001e+01
2.586975692250147674e+01
2.914411169865946860e+01
2.754437275766671789e+01
2.546328035386446587e+01
2.972697113415086179e+01
3.139743520736386273e+01
2.455907990589574652e+01
2.275917152673384436e+01
2.951027024961845058e+01
2.911488152672277607e+01
2.179535110773131024e+01
2.114254660397140384e+01
2.311782711653934896e+01
2.155920331233464893e+01
2.512535917285847731e+01
3.130802779355089527e+01
2.785053391884909502e+01
2.337656778112718570e+01
2.674463109649968473e+01
3.313789926176791312e+01
3.302082326877228269e+01
2.824337904148522327e+01
2.638043460224222869e+01
2.737185886910046406e+01
2.640712844639071832e+01
2.562646217662938497e+01
2.947899081501538632e+01
3.186239410446871645e+01
2.682689553720360109e+01
2.357498018153776442e+01
2.820908394743727143e+01
2.981704029552782842e+01
2.499406623082206735e+01
2.523354879310596743e+01
2.978573338991403219e+01
2.828296187623774927e+01
2.444556382731684252e+01
2.417194372659421475e+01
2.305840918943660967e+01
2.492172000700115575e+01
3.779231940485320251e+01
3.448317607757645220e+01
2.894269201684954140e+01
2.412608245486672232e+01
2.408560038999394592e+01
2.743786477450549910e+01
2.990460052054942963e+01
3.045442529831157685e+01
3.052920759589008526e+01
2.937508007548653666e+01
2.604125271060720692e+01
2.405907324544756776e+01
2.621698501948263171e+01
2.843352334533904724e+01
2.755565262412803662e+01
2.737466037666712992e+01
2.935830471901319072e+01
2.957602309992412515e+01
2.851132983304710322e+01
2.975875015346222696e+01
3.116983026656473044e+01
2.945518321536651030e+01
2.504286391821948499e+01
1.588880321742365886e+01
