7.176785269275431922e+00
9.866672908501922024e+00
1.073956794193093245e+01
1.228128558000714143e+01
1.286419220240074246e+01
1.234454071526205254e+01
1.229408743458807685e+01
1.244824079656324756e+01
1.225744125970981990e+01
1.203960201068719904e+01
1.235971065868066177e+01
1.229112339380481700e+01
1.042715294861625530e+01
9.916493045069353585e+00
1.328879428954250663e+01
1.531756199383713479e+01
1.297348446246630971e+01
1.172534290092355391e+01
1.489166253228763992e+01
1.793398770003836162e+01
1.559213346433915071e+01
1.035806476902554607e+01
9.414809090194443897e+00
1.324600679392210090e+01
9.595978344997549314e+00
1.064304906339500079e+01
1.169027892942873059e+01
1.042593375684587542e+01
1.150942386749826341e+01
1.288156095877457297e+01
1.175173804131082456e+01
1.177912227366598330e+01
1.293113879468119265e+01
1.266985266664798893e+01
1.092742060938547333e+01
1.018992842715504388e+01
1.376272420700542298e+01
1.607641758875056937e+01
1.146367681380827719e+01
9.161043008647538954e+00
1.426737548166561176e+01
1.709756916661117288e+01
1.303145058833412229e+01
8.626683483129198748e+00
1.078588378349508403e+01
1.636540621209099200e+01
1.609933092812554278e+01
1.173290952990393876e+01
1.061934781667099870e+01
9.858508266547518772e+00
1.180625054435956756e+01
1.391013517043856673e+01
1.059086124582844235e+01
1.054031055583748255e+01
1.536141573439543606e+01
1.454591123328422952e+01
1.164639145951139376e+01
1.232553159751316407e+01
1.283504401636657910e+01
1.279388672108968805e+01
1.195506501321539972e+01
1.109160442722542506e+01
1.288725022389048469e+01
1.344764534283516433e+01
1.246931641647601552e+01
1.345656691990348364e+01
1.302317575741029820e+01
1.098450900144329800e+01
1.086790902946208526e+01
1.276451965227428964e+01
1.550806892699935347e+01
1.460770919851578498e+01
1.124418463384103717e+01
1.152172948696845722e+01
9.687732146467437744e+00
8.206044505578129034e+00
1.424884826348859335e+01
1.502287110959650107e+01
1.011179090035361128e+01
1.355030152538766686e+01
1.598382340408827496e+01
1.207536054134272874e+01
1.346112442938833809e+01
1.555858108288365216e+01
1.183461472064633746e+01
9.471515146284291475e+00
1.193775156593895481e+01
1.556442984988142975e+01
1.379373829170093657e+01
8.556443764356497894e+00
1.025462784493949364e+01
1.545030536294567192e+01
1.491933649116489846e+01
1.063166101535431629e+01
8.423590427843844708e+00
1.248741792240881843e+01
1.546268684721703046e+01
1.024074575437228596e+01
1.036700258987075607e+01
1.595631422937669619e+01
1.372643801105443373e+01
1.377052474466561094e+01
1.651629137572922090e+01
1.003616905112053992e+01
9.299780184360171731e+00
1.707395185904313450e+01
1.533087997148368231e+01
1.241453864564036458e+01
1.739392050798686640e+01
1.859526780916785071e+01
1.370150843867731538e+01
9.570091954284318803e+00
1.026318537993710223e+01
1.348070219850039919e+01
1.276512147340417691e+01
1.085546374048388607e+01
1.171903489845926494e+01
1.415989452119708503e+01
1.752310593519339221e+01
1.574129069914683399e+01
1.212165960663908670e+01
1.595751198998221021e+01
1.598451469264001723e+01
1.133786599058252342e+01
1.492224380378828741e+01
1.561918243599131628e+01
1.245477623926288402e+01
1.827812311146635693e+01
1.961130066212783873e+01
1.533608936853431715e+01
2.025819071879727673e+01
2.256432337649546938e+01
1.883188475289347608e+01
2.156544870369584999e+01
2.305248280197248079e+01
1.835149295111440537e+01
1.616489981097152295e+01
1.774168694410018787e+01
1.975860758483295854e+01
2.065306083252355052e+01
2.317503894279677112e+01
2.558467575744074907e+01
2.116372708651919865e+01
1.920855856468131506e+01
2.462850181141477179e+01
2.548947230607097936e+01
2.438843830750114705e+01
2.198566344788648408e+01
1.256306156929631257e+01
1.213894312373670026e+01
2.090960828896075085e+01
2.133115001785055043e+01
2.079286247812217070e+01
2.042910134886090390e+01
1.486182846074779995e+01
1.855045070845583055e+01
2.454667984557872984e+01
1.911742417891708712e+01
1.892591042094302978e+01
2.576786445633837275e+01
2.431351001087897501e+01
1.936323707370446456e+01
1.936506389946795537e+01
2.239973780127972702e+01
2.268308804053390659e+01
2.061274406499352807e+01
2.363784380206507763e+01
2.609059175339319125e+01
2.245048715767314818e+01
2.020711752095552072e+01
1.691014652554023812e+01
1.519738235980465113e+01
2.239504761803453903e+01
2.323421655705054079e+01
1.651162841498442191e+01
1.755892131886663421e+01
1.997526499982805603e+01
2.274079321213272920e+01
2.698878772532762582e+01
1.968071931638259642e+01
1.373321159304638073e+01
2.024567587845418970e+01
1.990830506769989583e+01
1.662954139858710079e+01
2.345987720407368471e+01
2.771921698231444253e+01
2.537218792248532040e+01
2.216881593844057718e+01
1.827399311449174846e+01
1.751775516744836736e+01
2.034253094659514005e+01
2.326341118409079201e+01
2.248626057052556249e+01
1.840311492986554143e+01
2.155008279908998858e+01
2.634364555074586534e+01
2.013267979750347081e+01
1.636650775188023843e+01
1.927182105798407719e+01
1.816458563091921974e+01
1.937533381684663780e+01
2.142895078573184264e+01
2.079703987377268604e+01
2.605412990456355615e+01
2.569749563566756478e+01
1.810329541932539499e+01
2.289086898518688429e+01
2.792764022635492438e+01
2.226483784415775347e+01
2.191762871512240451e+01
2.229981364149634615e+01
1.731587519459823099e+01
1.978804774847871784e+01
2.568771133067823698e+01
2.368239358609199385e+01
1.859091779117617094e+01
2.007303738220124600e+01
2.603449030580831902e+01
2.442129506141383644e+01
2.037300378959590219e+01
2.455886825994687328e+01
2.498951524039623351e+01
1.993827647995341579e+01
2.034077158106979155e+01
2.047021504500010991e+01
2.051651077225708519e+01
2.236355165988599580e+01
1.984798448895973877e+01
2.379660704374107993e+01
3.095295264320290229e+01
2.351553190669474347e+01
1.844340773134187472e+01
2.437360946202655043e+01
2.293596672339502263e+01
2.257521088264396170e+01
3.128370015845739971e+01
3.206115232021320338e+01
2.478629234734322040e+01
2.118509548203788384e+01
2.225616141953226901e+01
2.398908553756679041e+01
2.321348348063025213e+01
2.336395350345413036e+01
2.465528454411336767e+01
2.412450420005277607e+01
2.749509264573067568e+01
3.073048014196917066e+01
2.652872797608639743e+01
2.269426915053921334e+01
1.962114263188351515e+01
1.798276297817740854e+01
2.435213460351613435e+01
2.615200349575232508e+01
2.296307575281066349e+01
2.924572644001911215e+01
3.057096501514334363e+01
2.212948646923135598e+01
2.390351617826759778e+01
3.055687890902061454e+01
2.978760244226012688e+01
2.727737413261734645e+01
2.632353809965092495e+01
2.873719641211860321e+01
3.074051084243666665e+01
2.533968695937850768e+01
2.217647756103303180e+01
2.707318950051326567e+01
3.003331681823074462e+01
2.738278323080634991e+01
2.373981447269566658e+01
2.451052474348813703e+01
2.672945739398080534e+01
2.352464177034571691e+01
2.278105645361357645e+01
2.562835195664088417e+01
2.187836437659894528e+01
2.104484771277616417e+01
2.633689326706649680e+01
2.512060545200142769e+01
2.602076089481309751e+01
3.400882236533733760e+01
3.533110658845605201e+01
2.915552168760814666e+01
2.391906637920192225e+01
2.519542688771453243e+01
3.109058276410973676e+01
2.821612092469442956e+01
2.151449344511845396e+01
2.691231955104895945e+01
3.119980540099595245e+01
2.390874223454946801e+01
2.159731173989158748e+01
2.793438161562515276e+01
2.945985649378893712e+01
2.429321192668370344e+01
2.343759757060808369e+01
2.924718709426496588e+01
2.880377010953801786e+01
2.253542390600743772e+01
2.267929603641683300e+01
2.266948596919999659e+01
1.930031543411710970e+01
2.352180579392057069e+01
2.968809237668286016e+01
3.032213547640989049e+01
2.804464193415554263e+01
2.737631929503897865e+01
3.053235093323134919e+01
3.008115061232673071e+01
2.351200567229760807e+01
2.540762200730913634e+01
3.186202751516026055e+01
2.692227293101747776e+01
2.358052607065956252e+01
3.072228320819089475e+01
3.110428974339619401e+01
2.420702052144892846e+01
2.458073213445245031e+01
2.921230773111041046e+01
2.744523388714845424e+01
2.195542565929811829e+01
2.176129066179238691e+01
2.359928109092407311e+01
2.212071485253833458e+01
2.481317624798997201e+01
3.006235474104690653e+01
2.778247283097093145e+01
2.582423043816906727e+01
2.669265105986461251e+01
3.087185220774828309e+01
3.365523424437467526e+01
2.898922224723598617e+01
2.420972633863916457e+01
2.663831534605173346e+01
2.726960556833939009e+01
2.600278048589287394e+01
3.080031499276144302e+01
3.203028279225645747e+01
2.586377424883686515e+01
2.538001911189057580e+01
2.904978378822916696e+01
2.717294979669510724e+01
2.452839647575390458e+01
2.644250669520534203e+01
2.809553223695762725e+01
2.676786322676159458e+01
2.640067831303822388e+01
2.613961954585590419e+01
2.234946088077636972e+01
2.443143485544849369e+01
3.935952379694969494e+01
3.431744719018569612e+01
2.910528509301868638e+01
2.445673653065735920e+01
2.252133856487181873e+01
2.570183361294718694e+01
2.997291902348376524e+01
3.056904810825997387e+01
2.999117370408903227e+01
2.925742768283677719e+01
2.677960541598731936e+01
2.617922699017339028e+01
2.812496259442896829e+01
2.781471848983207096e+01
2.639207683321401632e+01
2.724559609166223595e+01
2.820585984168836902e+01
2.798539476499311007e+01
2.874160681253504279e+01
3.023134758187617521e+01
3.027213845959224869e+01
2.948641934785944940e+01
2.759388425332402051e+01
1.837204593763365423e+01
