6.206733151045034091e+00
9.164985885053026138e+00
1.109355058617706824e+01
1.313000979361685516e+01
1.308823832577435553e+01
1.116445630322196436e+01
1.207633963138658295e+01
1.413815105035277320e+01
1.252062189205859077e+01
1.078314728035731029e+01
1.169592803033503081e+01
1.218220438882647905e+01
1.130940132515723739e+01
1.044952150326939133e+01
1.207378324614407816e+01
1.523089263642987845e+01
1.416850776805045875e+01
1.174320549353343246e+01
1.471562394732700341e+01
1.755285950809297546e+01
1.456682968847464998e+01
1.073416733948036317e+01
1.033640189626322403e+01
1.282242681489167069e+01
1.003364462325135165e+01
1.081937852513574505e+01
1.142397450206738085e+01
1.002642887080348721e+01
1.080982500826283577e+01
1.438715608960796821e+01
1.263988445608978139e+01
9.661468709365818697e+00
1.307396132297834690e+01
1.382700806410535144e+01
1.023699015016501157e+01
1.057313677727515611e+01
1.309625053308181819e+01
1.505049070469583050e+01
1.352632467681857698e+01
9.175394183321989416e+00
1.271405971429027026e+01
1.830468166188091317e+01
1.273639995999979391e+01
7.724150871042669841e+00
1.219861580127468592e+01
1.574983426243110607e+01
1.481833633684131257e+01
1.272843081499000384e+01
1.118146524703518629e+01
1.074616392952893840e+01
1.125551296152312908e+01
1.202121374281370514e+01
1.188912818636840463e+01
1.151600222570461796e+01
1.457469626581286271e+01
1.465438501995072151e+01
1.026394136165511206e+01
1.262588844769603114e+01
1.542859209394836384e+01
1.124992804707557070e+01
1.059124314365725006e+01
1.236573646013219197e+01
1.232462762001454237e+01
1.427189458466479444e+01
1.302579974909720129e+01
1.084082443509055160e+01
1.382597397191616473e+01
1.291997490238029478e+01
9.580810728197397097e+00
1.280312963716963104e+01
1.543553873218485784e+01
1.384919405950799742e+01
1.284273965539948392e+01
1.109840893017136132e+01
8.943359367647266467e+00
1.002535763282401682e+01
1.349850233184904980e+01
1.385643840798589288e+01
1.070709117706889657e+01
1.310261415145610897e+01
1.673605640651284787e+01
1.221007403017671678e+01
1.198354266657937472e+01
1.707168493634136297e+01
1.249134728000380257e+01
7.948178384612345049e+00
1.255380938912376187e+01
1.518722838194017299e+01
1.312353128964258353e+01
9.761374967520978885e+00
9.441419906350377644e+00
1.528089212996171931e+01
1.621849147355889897e+01
9.517502249128140690e+00
8.940312529431674093e+00
1.359141203648655960e+01
1.298311145963367963e+01
1.043580643262990115e+01
1.277366239428480199e+01
1.558763517288839573e+01
1.341452498788224190e+01
1.291093616397848187e+01
1.530590011753222157e+01
1.166349407611547662e+01
1.000086293269078830e+01
1.594102465818225056e+01
1.513283309231230334e+01
1.244161170018006857e+01
1.860140707546712591e+01
1.932888940953530366e+01
1.178082788241378331e+01
8.795491145126035804e+00
1.093058709069229195e+01
1.401140592225917203e+01
1.339421308352216045e+01
9.482528659908991742e+00
1.115263143220135866e+01
1.663177800485836499e+01
1.734284094842062984e+01
1.388475051734991617e+01
1.286192690081595025e+01
1.617419764122244530e+01
1.579296127286486850e+01
1.209955765530904337e+01
1.430091483031308641e+01
1.531521144586785077e+01
1.309544639018300138e+01
1.760454586967111013e+01
1.934769385292739230e+01
1.607277687685792600e+01
2.036928000963449037e+01
2.235826947204563808e+01
1.874164020426264088e+01
2.189525598423300679e+01
2.301320246590118046e+01
1.757499318049237758e+01
1.630318190250977750e+01
1.789939911639813275e+01
1.941603880213937572e+01
2.126669495886938677e+01
2.330679291202973502e+01
2.512787138892932504e+01
2.147048511730668352e+01
1.922274192329575371e+01
2.492584809684196046e+01
2.601344889493977774e+01
2.314911884460649816e+01
2.107345240255429175e+01
1.369500292803430064e+01
1.309333282529078168e+01
2.072971814107483368e+01
2.044835542035758991e+01
2.019278319017494283e+01
2.110426863981168211e+01
1.575384237956623679e+01
1.856160353174501410e+01
2.344470147522406478e+01
1.821801095885658839e+01
2.031848564217537145e+01
2.687353524637366320e+01
2.294170875045228186e+01
1.849507053615682395e+01
1.972572083550856803e+01
2.339799977615150439e+01
2.335952743458095071e+01
1.876976433051909510e+01
2.321685757465080613e+01
2.866417451944734296e+01
2.225528705822503639e+01
1.866029918443997460e+01
1.708241203894023030e+01
1.467634134014823211e+01
2.257905385270497689e+01
2.436750673068432960e+01
1.615537336342546482e+01
1.746086653297934177e+01
2.011874758402787222e+01
2.228834367732055810e+01
2.738566401960787644e+01
1.956415950154846328e+01
1.314029015570649506e+01
2.054106134208004164e+01
1.980783803875852556e+01
1.707041998627934021e+01
2.396008524010937180e+01
2.670686597781692484e+01
2.574434934166246336e+01
2.243809586555410718e+01
1.703073704931448162e+01
1.875319849945818973e+01
2.095931037872850666e+01
2.186293772032123428e+01
2.342090663057606648e+01
1.827811529365291321e+01
2.035612746922988592e+01
2.780161002819528093e+01
1.972490824924744857e+01
1.488596359676952474e+01
2.063418817189632293e+01
1.887481014330814588e+01
1.937814399081932137e+01
2.143361931415337196e+01
1.911393120879358420e+01
2.591506484476274608e+01
2.717134349753575862e+01
1.808820336478291679e+01
2.238329326770313088e+01
2.716820249211367511e+01
2.281655841858468392e+01
2.406199056979804851e+01
2.102237626312198771e+01
1.524965873230911306e+01
2.113535581446880229e+01
2.649022223159477463e+01
2.377189895160293531e+01
1.811635414883952677e+01
1.828227807283207795e+01
2.740282022733913792e+01
2.602344136111421236e+01
1.861346130382164432e+01
2.458046664858716568e+01
2.533352267268481839e+01
1.894913674988158192e+01
2.187437630342365580e+01
2.115098032785630977e+01
1.898040838493739102e+01
2.231284156974642130e+01
1.979339032415885313e+01
2.380813392122666627e+01
3.175193214977794653e+01
2.282409292112109256e+01
1.830182886530526787e+01
2.533351825863891094e+01
2.247184263401424431e+01
2.265955973846496363e+01
3.168446913871290604e+01
3.147807418543169433e+01
2.497956748015095840e+01
2.088576009792414823e+01
2.187913073230861727e+01
2.459175999506555854e+01
2.264673472145285515e+01
2.375386695749791599e+01
2.561091731412330930e+01
2.271230663801864580e+01
2.782995209182682572e+01
3.197605411285810462e+01
2.488077724225540877e+01
2.242997018356767569e+01
2.089838659616523131e+01
1.783640850179727977e+01
2.442810202323700963e+01
2.554271734949771755e+01
2.197541544281026304e+01
3.072107594361396465e+01
3.162837226056473483e+01
2.062525530823472764e+01
2.315589504609290472e+01
3.165080276339213938e+01
3.116699105229062994e+01
2.685165881445362501e+01
2.438854360400097931e+01
2.855432565542645307e+01
3.170246251817560790e+01
2.578476563183648906e+01
2.217847560150286057e+01
2.582963110133109907e+01
3.024734259896985122e+01
2.932575661599538464e+01
2.310856356011565893e+01
2.355103474869828517e+01
2.690119958991007465e+01
2.247812563040552547e+01
2.339672426503865665e+01
2.736912020960983938e+01
2.101933464680892882e+01
2.010277762991437100e+01
2.687095517832952396e+01
2.545829680497134007e+01
2.584767229226378049e+01
3.382340005493264812e+01
3.546263068443703048e+01
2.958614660721710621e+01
2.387879771113766481e+01
2.515148515288278475e+01
3.088819679716352695e+01
2.743464350105269034e+01
2.179928210831003099e+01
2.743982335526685290e+01
3.082688413490850365e+01
2.397943823319062773e+01
2.149646252674792990e+01
2.834738264256219153e+01
3.036844025704225203e+01
2.278737904565704753e+01
2.271305960336572127e+01
3.081524216680457684e+01
2.815468614830792049e+01
2.175479468283091222e+01
2.385686939291669617e+01
2.322130275693848489e+01
1.932239182081896089e+01
2.245139286255950495e+01
2.887884263373024751e+01
3.174239017595852985e+01
2.910279555857364642e+01
2.622128998382985543e+01
2.960131533640302592e+01
3.034789040485536304e+01
2.442503421803395014e+01
2.590588072627280525e+01
3.069398614445025331e+01
2.609755971047278322e+01
2.432454970071185230e+01
3.152659974055400127e+01
3.140547195655567592e+01
2.304987909209322794e+01
2.374720193759395670e+01
3.079186868550358369e+01
2.757155921932524834e+01
2.093827117757020417e+01
2.225602705840312723e+01
2.276881404118738317e+01
2.224444384303511058e+01
2.698145260707095616e+01
2.907657797988252568e+01
2.671332764012082350e+01
2.659560937880529252e+01
2.691094974733538336e+01
3.063736075216531773e+01
3.368148403088068221e+01
2.836850341120624108e+01
2.406692161993072787e+01
2.748960210852590791e+01
2.767100009758729229e+01
2.558634544769117269e+01
3.005946250262586261e+01
3.219738691323332347e+01
2.672650798580684040e+01
2.502311173837802372e+01
2.830283067308686995e+01
2.698709608159780871e+01
2.486597765676043537e+01
2.771371708366724462e+01
2.749818492942921466e+01
2.519007210216442161e+01
2.810956863544948092e+01
2.652391511949172909e+01
2.015643811148198949e+01
2.587161128448932246e+01
4.058450481776832675e+01
3.393450595179676554e+01
2.811534975067893427e+01
2.387953986346996871e+01
2.271348398387554468e+01
2.652195116518690554e+01
3.008906070755288908e+01
2.978647106776367437e+01
2.979129067551411936e+01
3.013125371314223244e+01
2.756757112828465495e+01
2.556722720328547993e+01
2.682471840237207772e+01
2.769650914145832843e+01
2.721616220842784983e+01
2.766310282923526032e+01
2.769479450537910026e+01
2.727150320370368419e+01
2.959129626972931959e+01
3.137242767553007994e+01
2.928273192764449107e+01
2.875116466975918428e+01
2.813443615298163891e+01
1.778065125090176934e+01
