6.034173349962001609e+00
9.423606235835071843e+00
1.082776975814049436e+01
1.344601254213409192e+01
1.299089117513004155e+01
1.093978730341504324e+01
1.237756068787786035e+01
1.372913152942904169e+01
1.287860123089618192e+01
1.082136306092292521e+01
1.127390661388151116e+01
1.272198092464860153e+01
1.110112314405016676e+01
1.035676375357777701e+01
1.215503257449288377e+01
1.499439064428623958e+01
1.445272513493860878e+01
1.164704962589019033e+01
1.479837348666244168e+01
1.748989754406668595e+01
1.449180574861157744e+01
1.113461087049888754e+01
9.777624613319725100e+00
1.289623430307588414e+01
1.051290489804083705e+01
1.005445273522170879e+01
1.233744840892229533e+01
9.279265027578059488e+00
1.102194433614743119e+01
1.485699436302855680e+01
1.162394363371408623e+01
1.082947592432691053e+01
1.226285392045884493e+01
1.372489285896505429e+01
1.133495362947845209e+01
9.279439161326408225e+00
1.381192540582459927e+01
1.502364915999162065e+01
1.308364049231452420e+01
9.828532509062380740e+00
1.203985949600612138e+01
1.880402495514274364e+01
1.246862498612092018e+01
7.816268566241085125e+00
1.263403319660102397e+01
1.461483308098421929e+01
1.597201181629969646e+01
1.236750763668201714e+01
1.054143545143202587e+01
1.208756133625500517e+01
9.781466086284373418e+00
1.301114718401989734e+01
1.165280680642987221e+01
1.083009521169542566e+01
1.615254157047801797e+01
1.294856272203591097e+01
1.117453204630833064e+01
1.288823584686124057e+01
1.421206044134283886e+01
1.283455486112029043e+01
9.285947612311092669e+00
1.275274430008780868e+01
1.296802408237526194e+01
1.323993911905539278e+01
1.405052918952683960e+01
9.865564104007624735e+00
1.442759109201001344e+01
1.311886810619371779e+01
8.505500879037828810e+00
1.426008453926565345e+01
1.421300033088207826e+01
1.439688096281438234e+01
1.349042918419635306e+01
9.414513199348974126e+00
1.073311387722262999e+01
8.801633046301509111e+00
1.365645198038256503e+01
1.489376454210348122e+01
8.961961411535892097e+00
1.483735376600166944e+01
1.585977010151723476e+01
1.196800896451356699e+01
1.301181207103714144e+01
1.545821672877059072e+01
1.406900677511159437e+01
7.200936556803738675e+00
1.223408952556128781e+01
1.643804853715213099e+01
1.153195985096181708e+01
1.113522223601184358e+01
8.767747345769913991e+00
1.469324420320750058e+01
1.767524127040469750e+01
7.998813972354199109e+00
1.011880043396963025e+01
1.322627969272590498e+01
1.235014757588711021e+01
1.192424836854984349e+01
1.087889734713126977e+01
1.687173301560597949e+01
1.340471217400348714e+01
1.177732898517741233e+01
1.692430489928857540e+01
1.032213413000641822e+01
1.082191486101275046e+01
1.585213597973621091e+01
1.425239609304266430e+01
1.384378564753551544e+01
1.716206546343299877e+01
2.041705317070143977e+01
1.168351964622283568e+01
7.642741697582381200e+00
1.291797983283515450e+01
1.236379205385531677e+01
1.375901090831568574e+01
1.016349015669223732e+01
9.803465858668996447e+00
1.819116249901686544e+01
1.637286305565605815e+01
1.401218631678201021e+01
1.345612440577187741e+01
1.497655791474595510e+01
1.723866633303640938e+01
1.106944815951545102e+01
1.434592784213389827e+01
1.613382588460120104e+01
1.197761971134760550e+01
1.866310164628781720e+01
1.856709543969968479e+01
1.629767985937460040e+01
2.082678594980781028e+01
2.132474628603783628e+01
2.002513683630719044e+01
2.081367408380071282e+01
2.333401042761162714e+01
1.846297222909180036e+01
1.463100727638548726e+01
1.929062066162531153e+01
1.897256944859068639e+01
2.074601115617405966e+01
2.439661208823525840e+01
2.396528059843517866e+01
2.224570128479013675e+01
1.912699197925260108e+01
2.438677022167864195e+01
2.683256197599063952e+01
2.245957746934524835e+01
2.156569482366599999e+01
1.342210510798930478e+01
1.300374236460681665e+01
2.125563222060298330e+01
1.961151422471477446e+01
2.087699799764106245e+01
2.077181447283846438e+01
1.575418842648041284e+01
1.913462945620856814e+01
2.243955619396704648e+01
1.903682774963493785e+01
2.010408813749907964e+01
2.650467142000211140e+01
2.361313082574319466e+01
1.766478334385832483e+01
2.039391575458859052e+01
2.343444915108895898e+01
2.279549880026876707e+01
1.935107746692739994e+01
2.271650603295149295e+01
2.884765245619682972e+01
2.245466754760955297e+01
1.847050573784768801e+01
1.712572262520016864e+01
1.458317943067527267e+01
2.305715022091860078e+01
2.376938543547705862e+01
1.624623690964254408e+01
1.782037376913640969e+01
1.951215619150587699e+01
2.289718718849326962e+01
2.713316656369705981e+01
1.947049660250784697e+01
1.349907526497677246e+01
2.015978798234520042e+01
2.005106947172856735e+01
1.667636445981250404e+01
2.428003791659771693e+01
2.687927251415653629e+01
2.519520812750427652e+01
2.312314415783598776e+01
1.663997326614783745e+01
1.870886742909373623e+01
2.109244606061668748e+01
2.156383046289581529e+01
2.397672697740282288e+01
1.770546134508092706e+01
2.075667508539761030e+01
2.789622536468585423e+01
1.913358225070951235e+01
1.574349368886936062e+01
1.979030725863002971e+01
1.910466427268156409e+01
1.986754996170991916e+01
2.069215469178138989e+01
1.975355431328043565e+01
2.545092922962014015e+01
2.760073411328385617e+01
1.800833108536241056e+01
2.168334662355388431e+01
2.824163198000464803e+01
2.183560225065910743e+01
2.461225250876253057e+01
2.139878522778032988e+01
1.404659592341560881e+01
2.248671911948846258e+01
2.563090439006166577e+01
2.386024614792114562e+01
1.875569148033648403e+01
1.702134002843762062e+01
2.874147959849656786e+01
2.539257779351013511e+01
1.846864074106250797e+01
2.526286129474054931e+01
2.420433343551439620e+01
2.019010865249666864e+01
2.110126214715686643e+01
2.108913728398697884e+01
1.975987220408367406e+01
2.113067421919360100e+01
2.111129903487909232e+01
2.282413765257820870e+01
3.181468360610361756e+01
2.379726397148706241e+01
1.669755594888565398e+01
2.690904525877652276e+01
2.158878773831952458e+01
2.241324456425279976e+01
3.307935182032593247e+01
2.942293521873131468e+01
2.669654899583144925e+01
2.052899576696048456e+01
2.078734114049265003e+01
2.638653659137473539e+01
2.095977653873521263e+01
2.473067173275431685e+01
2.562316268289356103e+01
2.178846501569016070e+01
2.924831006880935291e+01
3.056912938815684200e+01
2.602327163722612013e+01
2.199636491021482243e+01
2.013474696744210490e+01
1.966563003517356378e+01
2.236267900005877252e+01
2.671489293218150607e+01
2.208162197926960602e+01
2.957564731304013961e+01
3.355393417525596789e+01
1.870766489703949631e+01
2.413339181608613870e+01
3.189941177911121173e+01
2.966039665681012849e+01
2.916305591579738277e+01
2.240455034233428222e+01
2.916725672844400208e+01
3.281068041361059784e+01
2.375588485418330009e+01
2.408226342790248253e+01
2.453135385840384686e+01
3.041172654322313562e+01
3.035681149181485594e+01
2.149642027779705344e+01
2.527401006500654645e+01
2.554555374829352132e+01
2.298112171664411463e+01
2.426412824718568118e+01
2.520964621603400602e+01
2.324231580446386047e+01
1.883382786582868107e+01
2.677165475029505615e+01
2.688004942382581675e+01
2.386089863562304458e+01
3.563700867374974735e+01
3.444283045777501684e+01
2.918974354696781504e+01
2.547909753551101986e+01
2.310741415640820051e+01
3.260086235811959909e+01
2.678567343077136798e+01
2.116460602050337059e+01
2.921407646588203377e+01
2.865480831916032400e+01
2.539131257495957783e+01
2.120955771743698648e+01
2.753048674729026146e+01
3.216105836134176599e+01
2.076062028610526156e+01
2.414153094895706175e+01
3.067306453760398099e+01
2.698766294357205098e+01
2.358309786316750589e+01
2.190601757113182657e+01
2.449944475473511574e+01
1.943249198135782407e+01
2.110909906553717619e+01
3.073726661494504242e+01
3.017639996560015092e+01
2.976799789798866769e+01
2.668658358576878697e+01
2.822439158349568089e+01
3.190503513946019254e+01
2.327978982829325716e+01
2.651411075893125968e+01
3.092163208448685552e+01
2.482999818895713062e+01
2.616128313849916509e+01
3.000023649005596127e+01
3.188732639320508255e+01
2.378064896567497755e+01
2.203620975024670869e+01
3.281720183371231769e+01
2.640636223575606678e+01
2.071495971610351461e+01
2.338940852216943256e+01
2.130392863023512717e+01
2.363905302432818445e+01
2.609732180831503712e+01
2.907188635870972959e+01
2.762804911083457426e+01
2.516954400822071491e+01
2.803485613748040706e+01
3.039738998965630401e+01
3.321396515534594585e+01
2.917198338677757263e+01
2.316595972467751707e+01
2.824828845044394754e+01
2.727952337665123750e+01
2.545619213036959394e+01
3.069567943102349972e+01
3.110538453759725996e+01
2.801027466906732499e+01
2.440803259483101684e+01
2.767611000552444622e+01
2.841013892165112864e+01
2.351277997188795865e+01
2.837464650260192300e+01
2.766126349622812342e+01
2.436461756457065775e+01
2.920845393885063146e+01
2.575827076614297795e+01
2.049023218683698744e+01
2.580184934514456785e+01
4.024893930431343136e+01
3.448737719141814040e+01
2.771806246409784436e+01
2.394288926726213873e+01
2.295109416160890703e+01
2.628867922256211287e+01
3.034261878785911293e+01
2.945019434873780995e+01
2.989110933223326683e+01
3.020216209017306142e+01
2.742897399855863583e+01
2.594140476113140181e+01
2.634010506096639759e+01
2.800308390356380883e+01
2.745491375581821458e+01
2.703098057606336013e+01
2.810191066991505338e+01
2.707692996578616018e+01
2.959848575886672606e+01
3.172195979788786602e+01
2.888161416569545992e+01
2.899745507161764024e+01
2.808144116065731666e+01
1.779191330721202391e+01
