5.006970143118564032e+00
8.624354589035142737e+00
1.180968124314789414e+01
1.368952287383505606e+01
1.165598745214190401e+01
1.079423159767520168e+01
1.487776853730037452e+01
1.287513021530850565e+01
1.108174317610453663e+01
1.197519149770740299e+01
1.204437613521626638e+01
1.137755936695402426e+01
1.079477876518302715e+01
1.138689937212643066e+01
1.277519240733885297e+01
1.393819073298010913e+01
1.420494721643258274e+01
1.232953593309488483e+01
1.511425702956978689e+01
1.615313527983602881e+01
1.498152931736758298e+01
1.156616935282892911e+01
9.808154272276537355e+00
1.284459000491827219e+01
1.078466183967621994e+01
1.078046642317002579e+01
1.085539583569630651e+01
8.523483661992777627e+00
1.264111645951859408e+01
1.619188563964777572e+01
7.866997610038920286e+00
1.259037381336712969e+01
1.435522913517004540e+01
1.144603938104912721e+01
1.046115491172020029e+01
1.103631614176909537e+01
1.383464029594053990e+01
1.437499104886727430e+01
1.229579934285057696e+01
1.124297097086091668e+01
1.213726837717305784e+01
1.798714577107196888e+01
1.146612210508146212e+01
1.016912530658907521e+01
1.110983509610996123e+01
1.467643013540561903e+01
1.637218927082173892e+01
1.167009476352257025e+01
1.218448820046800307e+01
1.179217410513490805e+01
8.531687625218035365e+00
1.331469642508817408e+01
1.323200933177888317e+01
8.743717063613866358e+00
1.724225753925223259e+01
1.167399974484872160e+01
1.254624558361985365e+01
1.314984241437112900e+01
1.268124344529974756e+01
1.348672324214845375e+01
1.069991099362509601e+01
1.076298276379943886e+01
1.332174108988241024e+01
1.370391991215705119e+01
1.443763883312685614e+01
8.688435776380899256e+00
1.568814922108348142e+01
1.154337983786555100e+01
1.075254305773039221e+01
1.265560149222276465e+01
1.343249639353089364e+01
1.659415892774146783e+01
1.223958738595622897e+01
8.839066698668570865e+00
1.268899095793514498e+01
9.450867664803924484e+00
1.040978126668090731e+01
1.636048415832028624e+01
9.043182590263809217e+00
1.591917781000548260e+01
1.252223302117297443e+01
1.400643461605049822e+01
1.507668042129040664e+01
1.341877080282926826e+01
1.260141000604253136e+01
9.802437940832248842e+00
1.151316672720627388e+01
1.551925439496453407e+01
1.104877373314089439e+01
1.334562542285151565e+01
7.078141734885988967e+00
1.602734295747258386e+01
1.568916618093331472e+01
9.636308683312989842e+00
1.034787826447142045e+01
1.174185006269591725e+01
1.229363742718250130e+01
1.326716844568296594e+01
1.175192788072491368e+01
1.551304414973935408e+01
1.395477394244496772e+01
1.063935771655975238e+01
1.840302975450010337e+01
8.259071447526098453e+00
1.276321230499920922e+01
1.419417920657014953e+01
1.575337058817443747e+01
1.378423469511914590e+01
1.638393396795167334e+01
2.026388060997351559e+01
1.277067103728652953e+01
6.236610528732205339e+00
1.374112012791636950e+01
1.138260921459880670e+01
1.591582514520623448e+01
8.161876251698092943e+00
1.064328262020837457e+01
1.779377689195697698e+01
1.746063339979756179e+01
1.194900365266943609e+01
1.469917040478560999e+01
1.613138022091539625e+01
1.539786327618567441e+01
1.182515869064961578e+01
1.512715030388535276e+01
1.658588062875868729e+01
8.879329020325512190e+00
2.083374620512787345e+01
1.820292386368830151e+01
1.794493890390240409e+01
1.664856529080509873e+01
2.430542073125010916e+01
2.139366395093805906e+01
1.820604520479979271e+01
2.277150747632657612e+01
2.120323100587417642e+01
1.269654860242818728e+01
2.008486757125428568e+01
1.774878613161207497e+01
2.221197064478612759e+01
2.416447985401433485e+01
2.428639448934654865e+01
1.926401988998693682e+01
2.334297670975750449e+01
2.331637689749021192e+01
2.481407942242591957e+01
2.368450498454701147e+01
2.179910209048216529e+01
1.392862256615375038e+01
1.210936107559991370e+01
2.209637503152938010e+01
1.849164485928399770e+01
2.265521645003731166e+01
1.760500820907612152e+01
1.939928735639929869e+01
1.609726462475865816e+01
2.341224602696902934e+01
2.035146317816251837e+01
1.898387244060493728e+01
2.539310562187286280e+01
2.634572582275484010e+01
1.551529079244672182e+01
2.043791861112363861e+01
2.415979425979914907e+01
2.343048960452106755e+01
1.668643818174387405e+01
2.644728661252798219e+01
2.636912457107156271e+01
2.360892740254550404e+01
1.768232935693604446e+01
1.689577710952362466e+01
1.561563013975588277e+01
2.180993291375770227e+01
2.431256276263178151e+01
1.771291310356643933e+01
1.804106103763143665e+01
1.554022466425605131e+01
2.690505996710501790e+01
2.487426710630072435e+01
2.124686318002824947e+01
1.040017902720040865e+01
2.253441675309369785e+01
2.090425712038996409e+01
1.550114696667941949e+01
2.296737329858165566e+01
2.881147517502827426e+01
2.514673790973042955e+01
2.211759770894822097e+01
1.513499498009849376e+01
2.267281259875543142e+01
1.884953179027477077e+01
2.237540554072278809e+01
2.168332478113087802e+01
2.063629606080439771e+01
1.988161107410379458e+01
2.614192552393900471e+01
2.006335458917665449e+01
1.715649939107014887e+01
1.942933072655673499e+01
1.776382417029006788e+01
2.246152760332320852e+01
1.756305797674871982e+01
2.180437701151385710e+01
2.315718901167628374e+01
3.097979124193708245e+01
1.423438785688744446e+01
2.398584102798720963e+01
2.902583226839050567e+01
1.976265876195908078e+01
2.552264326286803353e+01
2.205543477998674007e+01
1.198560995351096992e+01
2.478573827195963375e+01
2.451492407955651842e+01
2.473185079516160201e+01
1.694333891451322316e+01
1.959134621488113837e+01
2.614268076603852364e+01
2.700857082647993579e+01
1.743282504322703730e+01
2.621178992786853357e+01
2.415371158210934155e+01
1.876387777945444313e+01
2.321827968001631959e+01
2.057552612029087058e+01
2.026906150728781952e+01
1.812805240481940672e+01
2.475305639663717727e+01
1.967856223270996807e+01
3.536426842784624824e+01
1.982897736400970246e+01
1.800027659881329001e+01
3.016947725604674702e+01
1.796137517274006967e+01
2.151406185310572994e+01
3.699275516776572204e+01
2.772959782530496398e+01
2.581207406960506745e+01
2.010448864178300354e+01
2.312195467979620744e+01
2.434954121248658154e+01
2.245040200707504496e+01
2.158598412415052792e+01
3.021815056630009622e+01
1.979644308005856246e+01
2.706087441878979405e+01
3.332250614441644387e+01
2.530805219100220071e+01
2.188564771105605899e+01
1.994702333821105356e+01
2.171848773851532499e+01
1.845417477921816385e+01
3.058165856162931107e+01
1.863201027327306747e+01
3.227634523345768258e+01
3.210194768713911628e+01
1.811072094277111688e+01
2.596411625389426447e+01
3.142010987823066870e+01
2.906272239507975996e+01
2.982312540877448370e+01
2.164266810790270057e+01
2.954441410689463510e+01
3.225207881403584054e+01
2.498713597324250557e+01
2.137954386165379006e+01
2.933951499473968383e+01
2.598734306099776248e+01
3.174165403259381080e+01
2.277169146313227444e+01
2.337354945206421775e+01
2.617078860034371957e+01
2.270105610345224534e+01
2.560758046615431738e+01
2.411693188726712123e+01
2.554979300873755577e+01
1.459440948811580796e+01
2.980500001849728875e+01
2.597439153300430448e+01
2.453801962326683039e+01
3.300277540897506867e+01
3.675037153302150728e+01
3.143610308522112717e+01
2.166901426430334965e+01
2.357853163950979791e+01
3.436912105427705200e+01
2.596343359549316787e+01
2.049154143229202063e+01
2.788545489842077885e+01
3.331140175085970156e+01
2.128843359689012260e+01
2.285265518551846498e+01
2.648562297466157034e+01
3.358264443527504284e+01
2.019819473947073973e+01
2.246548330874125554e+01
3.287369349515353179e+01
2.575914458751114466e+01
2.514092694435074904e+01
2.050251187467369363e+01
2.600587436028603960e+01
1.779378673317241066e+01
2.189337084018627522e+01
2.889256511873707822e+01
3.369146824200527135e+01
2.757517332022177214e+01
2.544154771669832016e+01
3.183134685704678191e+01
2.907702186531493638e+01
2.364444656501346387e+01
2.732389506653505862e+01
2.922958508925450971e+01
2.776068804515545807e+01
2.329841405608872051e+01
3.136458536529148233e+01
3.142708667654089183e+01
2.534285938793943771e+01
1.911674727013093289e+01
3.439551731201622431e+01
2.773767529702729107e+01
1.775127973464657316e+01
2.593776500044997491e+01
1.976575525179183401e+01
2.435992554599899407e+01
2.737611544779616324e+01
2.814481074813028272e+01
2.530504823124580582e+01
2.864252669169016130e+01
2.662888213186540654e+01
3.032626677789540537e+01
3.260235853324721944e+01
2.860994406888297803e+01
2.679064142491785105e+01
2.457840459833751012e+01
2.655598867554523324e+01
3.008801685613525834e+01
2.732375780536676757e+01
3.071498713617492626e+01
2.901603159921239694e+01
2.541900620776213060e+01
2.543412427195625369e+01
3.021852832194189631e+01
2.246322785389578769e+01
2.846873604856071083e+01
2.967427810717871850e+01
2.080043003306204241e+01
3.104916641971265179e+01
2.697671220793730029e+01
1.850677908729521093e+01
2.669445685947665226e+01
4.190582995168968949e+01
3.256641370130849822e+01
2.756063306828975712e+01
2.426107984609848600e+01
2.344045808868407121e+01
2.581039686988253479e+01
2.881503467670168561e+01
3.197044152320135169e+01
3.029975104836639233e+01
2.749229180434016229e+01
2.879094319155984749e+01
2.664126692280280295e+01
2.540545132962014563e+01
2.729551386283452885e+01
2.867078932284996284e+01
2.670783429821003807e+01
2.843795462881552538e+01
2.668896739438604371e+01
2.891597474931731426e+01
3.339525471820994085e+01
2.784336891028972261e+01
2.799949621373064446e+01
2.926205836984691899e+01
1.815417403452838485e+01
