4.503672097009880027e+00
7.183660943580592928e+00
1.281713969054934843e+01
1.419513197247897907e+01
1.249742614689426468e+01
9.123890684805145312e+00
1.529730112707602174e+01
1.265186047470662700e+01
1.199962065334492678e+01
1.148405873088297113e+01
1.154602757316417971e+01
1.208212451714945779e+01
1.078729842841295294e+01
1.174646632242288469e+01
1.118031534954665140e+01
1.467888453974135921e+01
1.459217877851084921e+01
1.352920988561462678e+01
1.397285384474810499e+01
1.483952358746475753e+01
1.551140614892006830e+01
1.242646815094008872e+01
1.119148859295124332e+01
1.139732611554339314e+01
9.941447694757311382e+00
1.232944936967068017e+01
9.245045396500632506e+00
9.802596895323048898e+00
1.090705553794990479e+01
1.859497923627637661e+01
5.878416648600650163e+00
1.396150195023384732e+01
1.306758314008360244e+01
1.211409185367871189e+01
1.104616587584507137e+01
1.002926786082856303e+01
1.481373611852442984e+01
1.272908968200829882e+01
1.443709600371722601e+01
9.606580133188826309e+00
1.354126686651200906e+01
1.640039105039514311e+01
1.230181468553170632e+01
1.058466201132499052e+01
1.033911522217650791e+01
1.565879416038643157e+01
1.481274494305592704e+01
1.279829351981651264e+01
1.254303283186709450e+01
1.145439583021461694e+01
9.685628017992591765e+00
1.006121694478006212e+01
1.532902773872142532e+01
7.624664725433869528e+00
1.971694749481684994e+01
9.352891574255872698e+00
1.303750032529296554e+01
1.329701536442709475e+01
1.291361317939242426e+01
1.398900147630234159e+01
8.589435921541195285e+00
1.271804402300178261e+01
1.260169966101076611e+01
1.565324718802139614e+01
1.153898237565875640e+01
9.144791060401125549e+00
1.588792208691353203e+01
1.314352440609126660e+01
1.115753069669410813e+01
1.005508265531589274e+01
1.348188757522443737e+01
1.730274147245167171e+01
1.383015372763495421e+01
8.556204407772083798e+00
1.135595601717160719e+01
1.035334997646191546e+01
8.700792013097508715e+00
1.783003078090635896e+01
8.528835389647577259e+00
1.655970150423899767e+01
1.207381176615265517e+01
1.393552207761207029e+01
1.525306078273311705e+01
1.281841459328394706e+01
1.326554090170023947e+01
9.428543055526994010e+00
1.260933193236722438e+01
1.449200963247464102e+01
1.109930094754687069e+01
1.257193081450809657e+01
8.198157224220446793e+00
1.638658278950333269e+01
1.581531288180728190e+01
8.346417126342204895e+00
1.034056852469395338e+01
1.214048569402529942e+01
1.276666715968110388e+01
1.367563100640875184e+01
1.086260597673870798e+01
1.628680231424267788e+01
1.360844593915279610e+01
1.010615715591319841e+01
1.767675003846787618e+01
9.855455610244462150e+00
1.264713140280474235e+01
1.384064902914935402e+01
1.496662378535888394e+01
1.390101871259608401e+01
1.775092154256704546e+01
1.976167493699500000e+01
1.251589574638753888e+01
5.097115930869948741e+00
1.504709029231349504e+01
1.181107806310818020e+01
1.552742906147459578e+01
7.812872620056220185e+00
9.376306943011524453e+00
2.030205788608611428e+01
1.654223396884998110e+01
1.182186164659983163e+01
1.383106498323307143e+01
1.621297136519081761e+01
1.752482099349990818e+01
1.002483904527058556e+01
1.700905495237820375e+01
1.400077078188220803e+01
1.015427195414146944e+01
1.986803671005550598e+01
1.967192972300690812e+01
1.719792591826657358e+01
1.600586404857243039e+01
2.547888194255848759e+01
2.073553462096120015e+01
1.939374779432826656e+01
2.022698176159972761e+01
2.281830220029092615e+01
1.237401109058216520e+01
2.176909547106944487e+01
1.659140010129054232e+01
2.031325363684828744e+01
2.564930869113518241e+01
2.421481682572024141e+01
2.121574600508900232e+01
2.127676877618036499e+01
2.262976317034004836e+01
2.551258164787401483e+01
2.359000001179506611e+01
2.415004250317690548e+01
1.076738294719536526e+01
1.488225777091032143e+01
1.997369676816604667e+01
1.907824402365342920e+01
2.171195212046736955e+01
1.836122017436824549e+01
2.049020556279693750e+01
1.505109059426228058e+01
2.400483026743105697e+01
1.838885903165905589e+01
2.100859795382830342e+01
2.442739839139931490e+01
2.783829722893843694e+01
1.416715841816170673e+01
2.045697739184492292e+01
2.426905887749005331e+01
2.336108548173443467e+01
1.714500296904728671e+01
2.594730684484192906e+01
2.712718608927499631e+01
2.313242969955284067e+01
1.706146873981031931e+01
1.747605882749404316e+01
1.503596648341143371e+01
2.372381913671601339e+01
2.284724513903534771e+01
1.896059554608399367e+01
1.647080456584706099e+01
1.495855323195456243e+01
2.804048773171983555e+01
2.541246565799987422e+01
2.136972116306535696e+01
8.548395467107624768e+00
2.318673459500600842e+01
2.138132575491518494e+01
1.671200662773509293e+01
2.157384400409586789e+01
2.820009791486118544e+01
2.515488167631491834e+01
2.411746719543840811e+01
1.402002178180532255e+01
2.241727058065987066e+01
1.776265663355816926e+01
2.383600651216992361e+01
2.234947654628392399e+01
1.995627187323134422e+01
1.895773324842992480e+01
2.589621867718739523e+01
2.184839445826886006e+01
1.683925507069510630e+01
1.917963369186545108e+01
1.739754574415031385e+01
2.286455166041855946e+01
1.703668409604043177e+01
2.197792069321466712e+01
2.305140808677683140e+01
3.064606279388467769e+01
1.510107528975672331e+01
2.377083345792500779e+01
2.943148570814744858e+01
1.850862518632931852e+01
2.544237071907618741e+01
2.332610200133260392e+01
1.130820942226831072e+01
2.623213501334669928e+01
2.192912294015424379e+01
2.613923477352875224e+01
1.607069119732227591e+01
2.101305916670472484e+01
2.629328535090969154e+01
2.544359266401603747e+01
1.866924089442552770e+01
2.425465695771072205e+01
2.692466174646930810e+01
1.681355852030327114e+01
2.480221039181017417e+01
2.053599074601524066e+01
1.944642782999797248e+01
1.716692122574154666e+01
2.443450854150301410e+01
2.206926993395121528e+01
3.448713959123187323e+01
2.033241071518703080e+01
1.571134998260284554e+01
3.150120804589736068e+01
1.858866544017307021e+01
2.109642184799823639e+01
3.724990916140278330e+01
2.626709803323672432e+01
2.807033196413595633e+01
1.838613455284501086e+01
2.404195857035362849e+01
2.327398159764396723e+01
2.308678804259085382e+01
2.335329985392061047e+01
2.767204901085881730e+01
2.110017569438234375e+01
2.456744317582484882e+01
3.692787309286708108e+01
2.430846438095772655e+01
2.208350087949049367e+01
1.953221383236973097e+01
2.020652419234556163e+01
1.980234486229126745e+01
3.042453342087996049e+01
2.002758255782993047e+01
2.990748033773365222e+01
3.270589319272844619e+01
1.828842557140107772e+01
2.698654604776300658e+01
3.079043844878856362e+01
2.814137480512746592e+01
3.024606047131003450e+01
2.197644823398139735e+01
3.059735977751379465e+01
3.079433733868923184e+01
2.470075062418084144e+01
2.196859446566575258e+01
2.964581550797276321e+01
2.692080713840617534e+01
2.952540778427850654e+01
2.371576117620326940e+01
2.312088735515024851e+01
2.766605895270391002e+01
2.159651069464263173e+01
2.511693432627474110e+01
2.560633274468120391e+01
2.465762386109142312e+01
1.461594126833397667e+01
2.879797511938991406e+01
2.664105781898732062e+01
2.505165287199537971e+01
3.314419489811348285e+01
3.596768004824799192e+01
3.182596816217796842e+01
2.094234717062448681e+01
2.468239273860564609e+01
3.345772708513705140e+01
2.696865827046405428e+01
1.988316118696184631e+01
2.813207641949374604e+01
3.280875515176779089e+01
2.098997408437834267e+01
2.388666603438168323e+01
2.633760420416067305e+01
3.411411843638320107e+01
1.866375588025384502e+01
2.267329200353021790e+01
3.328137481028507949e+01
2.636334493351081321e+01
2.579780420969828825e+01
2.029004178658970758e+01
2.446434770605538134e+01
1.684497325432024084e+01
2.391838682807170358e+01
2.915653716457227063e+01
3.325021861751463348e+01
2.687873990721826090e+01
2.481065085654068270e+01
3.397504946981414520e+01
2.738850523367067069e+01
2.500898916383548354e+01
2.506772176007766006e+01
3.175043182276566966e+01
2.707648448529668528e+01
2.261248935313403052e+01
3.139180855700153572e+01
3.034851449545667990e+01
2.888729048158640467e+01
1.684689540936780361e+01
3.494534311803549542e+01
2.531059208479135592e+01
1.962567774779601137e+01
2.755007759679982726e+01
1.870081240733845718e+01
2.446969011464401689e+01
2.600943991524872345e+01
2.927172288287461299e+01
2.463234332614546673e+01
2.947000080597521077e+01
2.605957653558220599e+01
2.993421443748157174e+01
3.340928005094822595e+01
2.778829716086575630e+01
2.842673884156287301e+01
2.220874373850926986e+01
2.854288170864170837e+01
2.859733860254747029e+01
2.867802348072518370e+01
3.040627582183217825e+01
2.776425930984231982e+01
2.725751949442376798e+01
2.346989157120666647e+01
3.276969573715911110e+01
2.004509714160408862e+01
2.974481899244283767e+01
2.905230309810472988e+01
2.122349087789610422e+01
3.171319524428547965e+01
2.503527376221314071e+01
2.082256087923406440e+01
2.616291388849945676e+01
4.135460197171194352e+01
3.150589424939157368e+01
2.816113818013827697e+01
2.512638934105525479e+01
2.316806117900987516e+01
2.564622630481462195e+01
2.804534044011773730e+01
3.330108513888321653e+01
2.952173468779922771e+01
2.767977007443257165e+01
2.811627493472930439e+01
2.739953524948132113e+01
2.641462046183117351e+01
2.595739673884915177e+01
2.855193305543513205e+01
2.573053159186923011e+01
3.063539485205485136e+01
2.681687965551243025e+01
2.831036661927425513e+01
3.197821424614033958e+01
2.771482143596661629e+01
3.005794674397881039e+01
2.897050943330105000e+01
1.847181659428357747e+01
