4.310660709657643253e+00
7.608456485841141870e+00
1.238173801653824491e+01
1.466610918693084997e+01
1.212502621917844259e+01
9.210807202690517670e+00
1.533572587814395760e+01
1.267594288867024765e+01
1.203958103659354784e+01
1.136327796881734287e+01
1.139955623983613364e+01
1.251924590603821486e+01
1.043223496156909569e+01
1.199893969267413318e+01
1.078239518725239598e+01
1.495404936480833591e+01
1.477221854312261407e+01
1.321498493048724221e+01
1.409290712849793792e+01
1.462120033254851137e+01
1.587688056884110033e+01
1.238126704917791976e+01
1.094401574375134167e+01
1.136362590583005350e+01
1.044296405160160646e+01
1.148599836818140041e+01
1.032303826070648789e+01
8.776061980457914302e+00
1.165109558944820733e+01
1.824839908457092008e+01
5.941332472169745138e+00
1.401381622999797649e+01
1.295641987585723420e+01
1.211110976351015722e+01
1.141972746485988210e+01
9.285675712285721417e+00
1.565928753356445924e+01
1.190586075035619906e+01
1.517271863563115453e+01
9.221947130502584855e+00
1.337750348265054967e+01
1.688484490098464619e+01
1.176062278476104694e+01
1.115557843649118475e+01
9.850084804388515636e+00
1.579268563140562875e+01
1.492431189527085422e+01
1.287516239271573504e+01
1.212638863958937563e+01
1.214239452787286488e+01
8.827547889617587629e+00
1.085620939423246156e+01
1.474059390581633622e+01
8.124905051840940473e+00
1.945129178770058331e+01
9.296809064959637325e+00
1.301162886050280498e+01
1.363866134902876937e+01
1.252903461892049997e+01
1.438429652567550576e+01
7.843345395878341009e+00
1.358382174675786835e+01
1.217609576467588717e+01
1.575721061342488483e+01
1.140014152014119020e+01
8.990605122150729045e+00
1.651844352406186900e+01
1.264186864829174972e+01
1.125740405341520756e+01
9.814898876431144004e+00
1.394094532947763376e+01
1.709634005261882450e+01
1.386595754620118193e+01
8.505194479008082453e+00
1.130292304784044610e+01
1.036837090193775701e+01
8.893166143866768181e+00
1.759322636745630319e+01
8.767879720440696190e+00
1.624676445716940520e+01
1.241545621097795404e+01
1.368636356429182044e+01
1.540119961424362671e+01
1.270931514381061511e+01
1.328535224080319033e+01
9.493323448430793121e+00
1.258218178952215460e+01
1.442688701073245738e+01
1.117960564394932454e+01
1.246391589101999031e+01
8.354240848497644478e+00
1.630093185828809510e+01
1.569916244716893949e+01
8.622596969602279060e+00
9.974036781824937137e+00
1.242902279788084030e+01
1.297505838444073234e+01
1.295861416969180624e+01
1.167541171746285400e+01
1.561265244661265150e+01
1.406265644955787586e+01
9.907813157188563480e+00
1.754116790919841762e+01
1.031849232129092364e+01
1.228976472517361351e+01
1.384534768453429976e+01
1.508908352575686074e+01
1.361740228182868506e+01
1.846549173471922956e+01
1.890661417260168164e+01
1.293387020721904968e+01
5.020900192306976706e+00
1.506066822767519042e+01
1.213612073142977366e+01
1.477542786397405727e+01
8.324157472139461333e+00
9.408077312396176950e+00
2.020633036288185380e+01
1.646248535860238960e+01
1.197467837074280439e+01
1.348787373302937631e+01
1.693534993612727391e+01
1.661669543183543141e+01
1.090264424247896535e+01
1.620180110165820864e+01
1.445042857027791072e+01
1.010527435097431237e+01
1.988734236922627474e+01
1.963312181213158070e+01
1.724746885355549963e+01
1.565153465822277568e+01
2.622352569093647290e+01
1.994426179949649125e+01
2.005756377826178749e+01
1.957596317219078585e+01
2.322793114230572797e+01
1.251157457847430798e+01
2.133785173163673932e+01
1.693952976659031151e+01
1.992629146331012180e+01
2.612794575324714330e+01
2.387156101894992588e+01
2.161038694883587041e+01
2.066937948517917079e+01
2.307172393903570651e+01
2.536286861563980466e+01
2.388864544609981522e+01
2.360928233961788436e+01
1.121676955658484154e+01
1.447873530394008057e+01
2.049013986032185386e+01
1.855101945802338648e+01
2.211473540678537830e+01
1.803778770337071435e+01
2.094359014062180790e+01
1.456494208242631316e+01
2.427182626499936902e+01
1.820022400560922549e+01
2.132329626030522363e+01
2.417986150329244310e+01
2.784315879969753382e+01
1.413877778107083039e+01
2.060732603149295628e+01
2.435519691890171501e+01
2.283789263933666192e+01
1.789198976815823627e+01
2.532667251175179501e+01
2.751857655728364094e+01
2.295166140153322942e+01
1.692797316611627423e+01
1.788190784148237000e+01
1.464301836318583305e+01
2.385292777835406852e+01
2.310555639675225592e+01
1.836339221030062419e+01
1.708539635191195316e+01
1.438691936493521162e+01
2.862775421882992433e+01
2.520659859790458412e+01
2.110157914116454592e+01
8.839224184261748718e+00
2.296544405517481380e+01
2.174914697609612801e+01
1.650591720420205988e+01
2.120219574781061311e+01
2.875464697790432567e+01
2.489950437047132681e+01
2.420883922524911824e+01
1.410835881231586342e+01
2.199178036746285514e+01
1.816626598735978959e+01
2.386874107760175434e+01
2.207629792100869182e+01
2.026296126816493270e+01
1.832136808817872620e+01
2.678421058732146420e+01
2.131934518170270820e+01
1.691646228170488087e+01
1.924207680682854260e+01
1.709860687120423961e+01
2.332521085049585352e+01
1.686285178246576066e+01
2.173826946434782315e+01
2.353878181924140733e+01
3.003910740573477156e+01
1.578957881417207254e+01
2.319502277497739584e+01
2.961909303733771281e+01
1.869784388694041155e+01
2.508883130050882215e+01
2.365441764986122664e+01
1.110775363200520971e+01
2.649504287834515637e+01
2.148287057068724337e+01
2.653558292576379429e+01
1.579932822494352784e+01
2.140998621047554451e+01
2.573597134837229916e+01
2.587774161061071965e+01
1.831594097445388769e+01
2.480039575111644723e+01
2.629343180278550207e+01
1.723594444692056271e+01
2.455217562964266520e+01
2.083073396011019085e+01
1.900023854190638062e+01
1.757402656669085061e+01
2.411579493426881982e+01
2.261335692842303402e+01
3.389019880243466787e+01
2.055099288312809591e+01
1.564133002908959114e+01
3.178353654175591103e+01
1.837718631562711380e+01
2.096976954433940321e+01
3.760842109778833020e+01
2.570030343943632900e+01
2.893352589183512080e+01
1.747967829998493983e+01
2.461113806992352337e+01
2.295184215211648038e+01
2.333223181828409665e+01
2.333517046530136341e+01
2.751879915227063478e+01
2.094538449367970756e+01
2.513661769533038282e+01
3.623434306904789537e+01
2.514593902997102148e+01
2.111532772836178040e+01
2.017707729744450873e+01
1.990889893236193942e+01
2.003526185439321949e+01
3.040436375748470965e+01
1.982381792556718025e+01
2.997426655985806931e+01
3.292492869274195044e+01
1.793842973530480478e+01
2.741436306594705385e+01
3.055446325129797458e+01
2.784701068521842870e+01
3.086819935666969172e+01
2.140568953833328081e+01
3.117220221455852425e+01
3.017666634762538180e+01
2.490594427567371127e+01
2.230595319032980228e+01
2.928379966826967973e+01
2.708724637795624091e+01
2.928807666041669577e+01
2.378331008883321473e+01
2.370292384667078522e+01
2.673563749775983922e+01
2.229364923859689895e+01
2.466633704482989131e+01
2.586013895066204071e+01
2.477356122270814254e+01
1.408925018002241103e+01
2.938025367278342870e+01
2.645386858791567519e+01
2.493908208051324493e+01
3.331627287651235747e+01
3.580092058911182562e+01
3.199990360847299442e+01
2.083153364847113309e+01
2.468141099558386387e+01
3.345906966439237351e+01
2.702272117283812136e+01
1.980568595243839880e+01
2.827239075330756535e+01
3.252179558380715463e+01
2.133977443988916534e+01
2.357452268195546452e+01
2.662518053569532483e+01
3.385694970896602740e+01
1.878423418900191422e+01
2.266786593277552342e+01
3.326670822486931911e+01
2.640170211356346286e+01
2.588328481493660860e+01
1.985409678170298164e+01
2.493542287224077825e+01
1.660038108620307185e+01
2.420129876945849645e+01
2.889377186160859168e+01
3.340953326474280516e+01
2.669934659489761941e+01
2.485815208178221525e+01
3.438597292567992980e+01
2.667346860980916645e+01
2.562517467159656093e+01
2.444227541748563581e+01
3.251252281782959841e+01
2.659979609490194008e+01
2.261332732245408650e+01
3.134052567918148569e+01
3.063713398722013181e+01
2.872094332841458098e+01
1.705439090199164909e+01
3.417465736927287878e+01
2.632765722675327780e+01
1.895369014612860425e+01
2.807086046837857651e+01
1.813310520542149007e+01
2.470688594814965100e+01
2.608567973762689363e+01
2.926451359157445253e+01
2.446512500141589186e+01
2.988952196561948682e+01
2.555466650034849607e+01
3.022450013720513695e+01
3.344653349085154304e+01
2.744434476650614840e+01
2.910772269358052711e+01
2.123307167049685873e+01
2.948884285801789318e+01
2.794826577647279464e+01
2.905587313348555867e+01
3.024534407121770840e+01
2.764300648360623924e+01
2.746631793604326433e+01
2.355772670208414610e+01
3.228894803442327088e+01
2.075112412197043454e+01
2.880482154384133864e+01
3.018829918636219745e+01
2.027716869939649769e+01
3.211295163531973174e+01
2.512077772713403689e+01
2.056646410613012321e+01
2.632809184414642090e+01
4.137815553343609309e+01
3.131196627459638293e+01
2.846704875395644407e+01
2.498750203310074980e+01
2.308315615813018695e+01
2.575529699219348956e+01
2.782244373854823039e+01
3.380188605167120386e+01
2.902397465755909067e+01
2.786526427399638806e+01
2.800997915702409102e+01
2.756996375197385163e+01
2.647510401646174572e+01
2.569587755040715749e+01
2.851330870550817664e+01
2.606441645433003984e+01
3.039289006411937777e+01
2.710611122988482080e+01
2.769315147520030962e+01
3.250039104915896360e+01
2.766339767297584018e+01
2.996325533131814467e+01
2.903972900012789538e+01
1.832577071633459198e+01
