4.460503835900210490e+00
7.748106922476658553e+00
1.217941120253730958e+01
1.482934784777259729e+01
1.218592165924096093e+01
8.947897165342737935e+00
1.551146478678365170e+01
1.275544593243906277e+01
1.182833431714213823e+01
1.159240077874576436e+01
1.110836882795693192e+01
1.281432827021260934e+01
1.036367564306111966e+01
1.178814952105180325e+01
1.101735587903582214e+01
1.489707294653879899e+01
1.471525523146110359e+01
1.331623966100779555e+01
1.387110083065803678e+01
1.492131786201501775e+01
1.576079063079403220e+01
1.218568916512827371e+01
1.125149570951786515e+01
1.114816215479319972e+01
1.045717940358522036e+01
1.134446673749649115e+01
1.072034250141914669e+01
8.542755564144878022e+00
1.152430533684387193e+01
1.863165688078181859e+01
5.663765125603327455e+00
1.392847188035364248e+01
1.336478497171541413e+01
1.152607196984191518e+01
1.206634876381598787e+01
8.775723427138196087e+00
1.577837032411635931e+01
1.219337560560063594e+01
1.478250066096013349e+01
9.412393814805044556e+00
1.345461630372704853e+01
1.657822337712698157e+01
1.225492753149081260e+01
1.066064481566595923e+01
1.001935923312165144e+01
1.609080591905186708e+01
1.436227207180730048e+01
1.342452398380426892e+01
1.167833382251121144e+01
1.230832860246328941e+01
8.833396102924908178e+00
1.085106099933063994e+01
1.476810472850059597e+01
8.162034525452488865e+00
1.944336273374039692e+01
9.302122227307991764e+00
1.277930203902017148e+01
1.412516711508019185e+01
1.208947593194719694e+01
1.458258414753532151e+01
7.759716668283666685e+00
1.365253052031825121e+01
1.222717071083220652e+01
1.560692783954151430e+01
1.138217042438843762e+01
9.280088119608391750e+00
1.621172364082885053e+01
1.275315306319419051e+01
1.125833202204807648e+01
9.768550718313839809e+00
1.418025232948899550e+01
1.662333787385454542e+01
1.432127257686303068e+01
8.322578383330391461e+00
1.104366597250051996e+01
1.062837813710499901e+01
9.055451532995293817e+00
1.723788949105124502e+01
9.078997899755085754e+00
1.613011651095058951e+01
1.235303255866870309e+01
1.385038916286309529e+01
1.520085010278797988e+01
1.283635864575671270e+01
1.336703513356303219e+01
9.199178179180872661e+00
1.291884661900714626e+01
1.421865421507823868e+01
1.121498100496527961e+01
1.258366869077629957e+01
8.106020570994873609e+00
1.657065709486755267e+01
1.558520350968038493e+01
8.513934263019802273e+00
1.016893191632284932e+01
1.232406126743113894e+01
1.300637304518882509e+01
1.290313225542178621e+01
1.165606948128735176e+01
1.561492948959311633e+01
1.400385756813126470e+01
1.016349637397017069e+01
1.724399850881171758e+01
1.048836237760964529e+01
1.254320211691599596e+01
1.318617899346197930e+01
1.571420552357104938e+01
1.335729897726443660e+01
1.843242032373834505e+01
1.910272456016650011e+01
1.255973157569558829e+01
5.422963314763419085e+00
1.501444457871025939e+01
1.170278356277222542e+01
1.533650891793002202e+01
7.988206903374575951e+00
9.508886091889824144e+00
2.028812501467316665e+01
1.610158456037871133e+01
1.260737305401205788e+01
1.290613745028408132e+01
1.711118869612518978e+01
1.682496223078334907e+01
1.057710824124603377e+01
1.624019732009110584e+01
1.458207968983782088e+01
1.006415946349556378e+01
2.001874398661819399e+01
1.935817933363817644e+01
1.762694047430484545e+01
1.526349833390084498e+01
2.651889562457468585e+01
1.979825809457539165e+01
2.006642509100298355e+01
1.963211640592071561e+01
2.320255589555633691e+01
1.243559526429545592e+01
2.152225047677386627e+01
1.670693889702924650e+01
2.011503143726028497e+01
2.605726157561906930e+01
2.378474993792325520e+01
2.191092363026502454e+01
2.016846355985946104e+01
2.354818001776099123e+01
2.515547765309043626e+01
2.384464977128174468e+01
2.371674925258518130e+01
1.112296621055846835e+01
1.426090589469244740e+01
2.099770084886399246e+01
1.815337760820536062e+01
2.221038852969291000e+01
1.825084362384697911e+01
2.077202189343669403e+01
1.446255242268938446e+01
2.451819291630531694e+01
1.793066977810452656e+01
2.170056814554571289e+01
2.375325582891548848e+01
2.800097615989127675e+01
1.436685425500332691e+01
2.029152631356511804e+01
2.449169855055772871e+01
2.280190600062523032e+01
1.797851122987519545e+01
2.528115752262395688e+01
2.739157520752340957e+01
2.307845347859458585e+01
1.705537669785516641e+01
1.757553692204151830e+01
1.488455278853290764e+01
2.369238807865918517e+01
2.325811321736133053e+01
1.803772759133229187e+01
1.734391538690118395e+01
1.453460552993641564e+01
2.824893467834975525e+01
2.563608894780547232e+01
2.083836750218734579e+01
8.745161211429538284e+00
2.340288362004019973e+01
2.121808953492241656e+01
1.685464347726658119e+01
2.115806414746089814e+01
2.850593140859989560e+01
2.534474021281460665e+01
2.376360338290582419e+01
1.435707438162032190e+01
2.203591196781253458e+01
1.781753971429529670e+01
2.439979851877546935e+01
2.163885835614326680e+01
2.035702424099719110e+01
1.858457972715589079e+01
2.635472023742059022e+01
2.169816472218288794e+01
1.676877611670363422e+01
1.898355777183937221e+01
1.742427149017256482e+01
2.317265402988670786e+01
1.702339148216064046e+01
2.149673503900083915e+01
2.384515273868225194e+01
2.991170387399577635e+01
1.566278673711075342e+01
2.332202412473772668e+01
2.966460802646546568e+01
1.861132242522341684e+01
2.512481793922028572e+01
2.351791601820530531e+01
1.142355334993296267e+01
2.626696640441258879e+01
2.132505321049357860e+01
2.696218860014081287e+01
1.542205633970294443e+01
2.167954043798023278e+01
2.548960469706640808e+01
2.598013127034770520e+01
1.848750922163889499e+01
2.458733983064016115e+01
2.619777867987809117e+01
1.763358629673856726e+01
2.404461464110045910e+01
2.104856336935782934e+01
1.909404188793277157e+01
1.746655965372356079e+01
2.415979060908691167e+01
2.282074789097235268e+01
3.341374272370942577e+01
2.105190880844778789e+01
1.534079334766043701e+01
3.187034762278255684e+01
1.844787049325521622e+01
2.078102957038924359e+01
3.784101196734939521e+01
2.551590469429915231e+01
2.900950520601401195e+01
1.750505354673432024e+01
2.455498483619359718e+01
2.294298083937528432e+01
2.347823552320520690e+01
2.303980053166315756e+01
2.790683547659254415e+01
2.056591287293035464e+01
2.541156017382382970e+01
3.610294145165595125e+01
2.518705391744974520e+01
2.098367660880190044e+01
2.013868107901162219e+01
2.023443493359481593e+01
1.982699505544526986e+01
3.022852499748693944e+01
2.040555420831239530e+01
2.934157187658875188e+01
3.328582949096568910e+01
1.785663508351353812e+01
2.731355428645337469e+01
3.089041382006278980e+01
2.728592963126251547e+01
3.130153652532732877e+01
2.145191318729809993e+01
3.077013909210205256e+01
3.055080497914892490e+01
2.470983388810892123e+01
2.233902460131062995e+01
2.954390297283386602e+01
2.646212438014215351e+01
2.994724535148904820e+01
2.352987269709070972e+01
2.353305379035209555e+01
2.703280689814660320e+01
2.203796602181528996e+01
2.472513592625646695e+01
2.585786190768153503e+01
2.479290345888369274e+01
1.414473209429243283e+01
2.934893901203533417e+01
2.655883011836535346e+01
2.474418694601533275e+01
3.342493558309489998e+01
3.591487952660031624e+01
3.173017837189352619e+01
2.107975392597392883e+01
2.456165819582758658e+01
3.342369430337638647e+01
2.723095396849231875e+01
1.946902112295342491e+01
2.856653602255751778e+01
3.244011269104726125e+01
2.121273093794308551e+01
2.377487219341113800e+01
2.646115493712404998e+01
3.391937336127524816e+01
1.890088213522070504e+01
2.235674775346120313e+01
3.362204510127436663e+01
2.623941672443488571e+01
2.562327757976941456e+01
2.011335385704292378e+01
2.511803896791836266e+01
1.614506605554128171e+01
2.467430094822282882e+01
2.865446486159720507e+01
3.345588142286003119e+01
2.669841862626480733e+01
2.474686766687981532e+01
3.469269280891292340e+01
2.638398561235141671e+01
2.564314576734943074e+01
2.459255819136901877e+01
3.246144787167321510e+01
2.653108732134150927e+01
2.269695605004883987e+01
3.114223805732171257e+01
3.107669267419335313e+01
2.823443756236312652e+01
1.728671772347437496e+01
3.416934420692452790e+01
2.633558628071338958e+01
1.891656067251707896e+01
2.804334964569435940e+01
1.813825360032333833e+01
2.470103773484223453e+01
2.591974566303650462e+01
2.971256840865259363e+01
2.391576341032743258e+01
3.045156178908300504e+01
2.525654621270219025e+01
3.005522570847205444e+01
3.394146711167681474e+01
2.695004001977630992e+01
2.941434421743820948e+01
2.115595884942036164e+01
2.929839617371549920e+01
2.833848375114374818e+01
2.876835827824108449e+01
3.012626128066588294e+01
2.815295876875376280e+01
2.681969663708711948e+01
2.414276449575238104e+01
3.188058293856512648e+01
2.083646847161480054e+01
2.908238889040768882e+01
2.980504139015128118e+01
2.040395895200094500e+01
3.234625805163268097e+01
2.472347348642138698e+01
2.070799573681503958e+01
2.631387649216283009e+01
4.159361928447287227e+01
3.100448630882988255e+01
2.866262663800616295e+01
2.510359197114776464e+01
2.278303862866363261e+01
2.597710329003346175e+01
2.772118900802770014e+01
3.385884936333267348e+01
2.908095107582857963e+01
2.763030358221303473e+01
2.822076932864645826e+01
2.763852307048173884e+01
2.618002165228733347e+01
2.598706496228642138e+01
2.828418589557978180e+01
2.627566317378138905e+01
3.031338702035053956e+01
2.693037232124520131e+01
2.795606151254809291e+01
3.243949560909635466e+01
2.750015901213414438e+01
3.016558214531911730e+01
2.890007856349237159e+01
1.817592759009199810e+01
