2.441321326485637488e+00
9.570935994715462414e+00
1.033055246090469304e+01
1.452478216544476730e+01
1.414487836942355869e+01
7.908347223478748411e+00
1.423721597372212777e+01
1.440405173124230309e+01
1.187183774140808445e+01
1.032951709310934163e+01
1.145049036543772303e+01
1.401802667418145454e+01
8.516226129593212235e+00
1.303991534623523130e+01
1.089119035579605210e+01
1.379724018584553491e+01
1.611770320900988551e+01
1.261590083338256818e+01
1.404006726472458766e+01
1.378984487630877531e+01
1.776927713128509012e+01
1.147058121874931125e+01
9.393256089694693500e+00
1.303865189055485097e+01
1.275617714410370240e+01
7.464081177286000290e+00
1.314847108213800198e+01
8.436618148983054510e+00
9.614890075495143407e+00
1.955637561699537841e+01
7.140447140126749304e+00
1.176995163783061571e+01
1.374505212613299143e+01
1.254722610932763516e+01
1.183282361958083406e+01
6.927794022173682009e+00
1.861283811618946160e+01
1.020183569823225866e+01
1.464684444855955547e+01
1.135982991307118262e+01
1.104673492244676147e+01
1.813523559135465035e+01
1.103980420834709264e+01
1.271115875838579434e+01
7.517089954602319324e+00
1.663319573640318438e+01
1.643090373189950171e+01
1.093850323460111795e+01
1.347125951850476433e+01
1.236497617940663396e+01
8.386455175072857315e+00
1.198060208243837010e+01
1.214794649969109663e+01
9.729844303426109065e+00
1.987031148214863308e+01
8.629186855787510879e+00
1.178505555441601160e+01
1.596509136700829146e+01
1.104189196136636575e+01
1.453318938561058182e+01
8.055753123059218979e+00
1.320844722701600205e+01
1.285806657358636862e+01
1.498985469146946592e+01
1.196287159615271634e+01
7.988273151546322559e+00
1.785172444995111718e+01
1.230320700527164846e+01
1.002532517345046514e+01
1.042670339076772024e+01
1.525084756890883853e+01
1.683492132522434304e+01
1.100691466365908688e+01
1.310812134562693387e+01
9.262899981504849833e+00
8.976870293611540319e+00
1.204943393214863789e+01
1.500346905773661099e+01
8.680305756072504764e+00
1.743581805048047428e+01
1.257650170281098312e+01
1.197369265175293407e+01
1.629881707980427308e+01
1.420392995600070307e+01
1.019434885950601810e+01
1.180523419434051746e+01
1.237666478100119072e+01
1.300653352489542591e+01
1.245565574372249884e+01
1.212604685851006181e+01
8.640198180737973743e+00
1.467747248786962011e+01
1.781250192723708281e+01
7.987783644110233894e+00
9.201710683118591305e+00
1.340191396471423602e+01
1.346341739748540789e+01
1.095290281736036242e+01
1.398311220000774036e+01
1.435172132756006391e+01
1.528283461643656160e+01
9.299917458871348686e+00
1.627275440015574759e+01
1.127774280039293231e+01
1.333007395472171019e+01
1.158520089976597411e+01
1.680317616565677241e+01
1.237118668881804417e+01
1.979430652101925148e+01
1.808762657577693034e+01
1.222032413187026911e+01
6.650577701207645021e+00
1.337566405494915855e+01
1.400632714464672546e+01
1.255691287384694910e+01
9.403191732516553714e+00
9.913021245950936589e+00
2.034031574093968686e+01
1.528311102626646800e+01
1.222023890100991572e+01
1.568257581434979642e+01
1.388220921097894411e+01
1.702839251611525384e+01
1.453204653372015009e+01
1.178890365676557295e+01
1.729870450415770478e+01
9.435280422791358035e+00
1.928788584492678382e+01
1.859057290392870243e+01
2.034501226367734716e+01
1.274056201943811928e+01
2.645487704028827380e+01
2.218760325670312028e+01
1.748535588564661580e+01
2.070199898349598655e+01
2.298405235996905560e+01
1.331279898964630526e+01
1.972242784044702191e+01
1.765599666333075390e+01
2.094760409252946687e+01
2.489571122394152880e+01
2.427308925078000357e+01
2.224019450024480093e+01
2.024891371730114287e+01
2.160323435345524246e+01
2.806834002827983809e+01
2.209587366568409195e+01
2.346680718286076228e+01
1.303394046806776352e+01
1.232877599435777860e+01
2.333462069206035494e+01
1.588433549937851907e+01
2.271515185422007832e+01
1.836628147115708742e+01
2.066625251924886797e+01
1.548532421539671056e+01
2.190693391824126124e+01
2.055156323378109562e+01
2.059681300993960562e+01
2.354787831683448474e+01
2.865380384940046810e+01
1.284233480593404764e+01
2.243135948151949322e+01
2.339580113547603091e+01
2.302775692435206878e+01
1.748166488234834759e+01
2.643466082967179531e+01
2.678999697633427957e+01
2.185885332367534062e+01
1.840012939249955082e+01
1.884543397469066761e+01
1.090808812327272115e+01
2.754135655210785671e+01
2.243782680075714353e+01
1.695899039402201325e+01
1.898018553171481670e+01
1.398770541460816119e+01
2.589917177820215954e+01
2.888952464800512132e+01
1.929631902535118826e+01
8.005007650471270608e+00
2.454373746292209191e+01
2.089356600970337041e+01
1.725857857657477723e+01
1.903941681998756508e+01
3.158063380707707779e+01
2.358793691074189525e+01
2.405843176967398023e+01
1.468388650904640791e+01
2.210896960846836379e+01
1.717581968109086077e+01
2.417542465868204715e+01
2.351915204503080759e+01
1.806750410955720199e+01
1.877231176390976231e+01
2.903531456856817172e+01
1.752735002159900901e+01
2.080379646575729780e+01
1.636274283851879119e+01
1.954138827130176992e+01
2.164383403280257312e+01
1.811944141037908906e+01
1.998826271598889193e+01
2.385684205040775652e+01
3.232716381064536648e+01
1.235771741219816633e+01
2.555490430908183797e+01
2.826249894159011333e+01
1.969490344718735386e+01
2.484663804410677912e+01
2.332724083021485839e+01
1.172272538255738539e+01
2.615779068811133712e+01
2.166719922725722469e+01
2.566305173685254104e+01
1.665788912717005843e+01
2.169860539526223064e+01
2.499445947985501704e+01
2.500468562286551588e+01
2.040432317788810579e+01
2.420557273832454470e+01
2.371840017213442664e+01
2.207290930581773125e+01
2.015556203804306890e+01
2.356799300869237612e+01
1.938969829425345992e+01
1.448398950621583303e+01
2.656648299459340379e+01
2.180175909653183197e+01
3.438162966038555624e+01
1.923813020817738817e+01
1.628096308115303614e+01
3.333458526572111680e+01
1.617906028939284724e+01
2.223144648038771720e+01
3.759667019290976242e+01
2.540502210359084501e+01
2.824684817929307457e+01
1.875026256960445181e+01
2.419150998894148685e+01
2.175418279613663231e+01
2.477400378782932577e+01
2.363335944221568852e+01
2.480208201998794948e+01
2.435030208490674752e+01
2.315909870758089895e+01
3.618625290707677777e+01
2.632693210040189413e+01
2.100829676828334769e+01
1.877750269397716920e+01
2.254964662560005451e+01
1.792008420859745854e+01
2.956719537154150856e+01
2.240110660861342495e+01
2.751881720886639116e+01
3.493781911189328326e+01
1.624465422443580565e+01
2.903809907146798608e+01
2.983681263395847694e+01
2.748767261189743394e+01
3.103081363781042157e+01
2.157615983380511082e+01
3.147507690959983506e+01
2.944002667551338703e+01
2.493194896648439141e+01
2.275899981413939699e+01
2.937247544891929252e+01
2.687358543318748261e+01
2.749167987299279048e+01
2.812906909527872656e+01
1.830920832419119293e+01
3.165558576723793749e+01
1.897189027072820622e+01
2.597976557273902287e+01
2.729456394161762844e+01
2.247628661594725230e+01
1.547707246292663186e+01
2.709679849708781774e+01
3.009077749953982561e+01
2.230924617543888999e+01
3.380990207624390109e+01
3.665316418339027393e+01
3.142310597835595232e+01
2.040914025687418842e+01
2.487904486275043681e+01
3.439017572010661183e+01
2.562609921276624902e+01
2.012216036227863825e+01
2.924087691280098156e+01
3.139616434553574109e+01
2.114667172573942722e+01
2.507352588672191374e+01
2.547398862220438787e+01
3.230171331172456206e+01
2.342206048539183882e+01
1.709444182223996833e+01
3.680693643721386366e+01
2.674080744523684317e+01
2.310226880263919469e+01
2.320852216499316256e+01
2.300624409535787507e+01
1.657247389679594107e+01
2.469121259715210215e+01
2.877598162320569486e+01
3.420261619470726089e+01
2.512306905288426861e+01
2.555738286739932263e+01
3.475796680037663577e+01
2.652096137960396760e+01
2.502105462581535278e+01
2.469916475048277249e+01
3.291630301982191753e+01
2.626505562656926784e+01
2.245112406280594897e+01
3.148651380137932421e+01
3.013400304898606308e+01
3.037937304041080822e+01
1.453981031673189861e+01
3.603378119872508023e+01
2.524534959004041568e+01
2.012938783080006289e+01
2.710960577457403176e+01
1.837576441814740491e+01
2.525441898055991530e+01
2.574370932610025164e+01
3.089481083004567452e+01
2.092695245230370205e+01
3.333290052844293427e+01
2.397139194985734179e+01
3.005746830728614682e+01
3.345123939138747460e+01
2.814527075362816078e+01
2.885511110366276100e+01
2.021074517989739405e+01
3.066934925961011871e+01
2.779206790053382647e+01
2.818966095664155702e+01
3.107653246260837676e+01
2.745176031518591842e+01
2.712230652946002962e+01
2.304796879993683589e+01
3.548181989232912059e+01
1.427003796164031790e+01
3.613412710510677073e+01
2.542766928233888990e+01
2.091901026253355411e+01
3.467429432937041867e+01
2.162704466693423910e+01
2.421573045813222436e+01
2.409240561117890422e+01
4.327715362637750474e+01
2.898946146385955203e+01
2.926071385198313024e+01
2.556873721402444843e+01
2.285218798054767220e+01
2.507725833917580616e+01
2.799010233005559556e+01
3.464892995670946618e+01
2.818990764563971751e+01
2.771489445276983332e+01
2.860017995480623654e+01
2.715293198696645049e+01
2.653444701911794112e+01
2.586073967276008290e+01
2.840299684493984955e+01
2.478644727413332660e+01
3.389649691299005951e+01
2.266087154932543513e+01
3.032545731234504771e+01
3.243639110775725243e+01
2.629108747733364737e+01
3.228308750559727969e+01
2.707152399943263887e+01
1.976275805519483342e+01
