1.500031013811030656e+00
8.857090855791424744e+00
1.094132534243911081e+01
1.539883655599613199e+01
1.513257314240644646e+01
6.356281215487304515e+00
1.141447103185858580e+01
1.618861129819167033e+01
1.448919367645659051e+01
8.608907627518053829e+00
1.035837520120323596e+01
1.086521565452532379e+01
7.886295069140939695e+00
1.430858820724512270e+01
1.410225706909806398e+01
1.661430937876203728e+01
1.202036945222646658e+01
1.123954041313995766e+01
1.166112340088642441e+01
1.407816125328667667e+01
1.583946177171607594e+01
1.412483031375954390e+01
1.043493256389484714e+01
1.674254744731876698e+01
1.242125529493786651e+01
7.568550154070315727e+00
1.301855106565109743e+01
9.327045683702902323e+00
8.796624706228707069e+00
1.880304340963749965e+01
8.175577753139211978e+00
1.105770095283969567e+01
1.306430761100565086e+01
1.408450734653289871e+01
9.001868482787498849e+00
6.574092992926608758e+00
1.759409867279988049e+01
1.162702894542428389e+01
1.631897491864796734e+01
9.995162397369451668e+00
1.324426618420755375e+01
1.419119308210611230e+01
1.109735574049672202e+01
9.708717067542286472e+00
1.012725037654857374e+01
1.516832280339025552e+01
2.041936366870208985e+01
9.657761530536697947e+00
1.672598232431920451e+01
1.268937259198790279e+01
8.490486973580646080e+00
1.098661925112160276e+01
1.076646350001052710e+01
1.087278414678434935e+01
2.240077308610843332e+01
6.661193473268384402e+00
9.203832914621738581e+00
1.650770319462620961e+01
1.083118137713320195e+01
1.499577360755315958e+01
8.638409258154524650e+00
1.331392884123683018e+01
1.098909402712968841e+01
1.372868380129626509e+01
1.406805420893047121e+01
8.175416498844512603e+00
1.556541375743053024e+01
1.179358954607184984e+01
1.070133883973991473e+01
1.126253096295332590e+01
1.508932943676495064e+01
1.694443223486108607e+01
1.312383789018669411e+01
1.534592611374384674e+01
9.002515600673204332e+00
6.528905428182149251e+00
1.203566518991414291e+01
1.733161809223566507e+01
8.844191618350910389e+00
1.677830668791122193e+01
1.051535892931419625e+01
8.929372225954445241e+00
1.960471072161637451e+01
1.528082358839316690e+01
1.194487280168349308e+01
9.534276018863735658e+00
8.719559871087685821e+00
1.361273660540456731e+01
1.102352893088852959e+01
1.611661628980581895e+01
6.760016855319270768e+00
1.624655373100160105e+01
1.589975969081744722e+01
1.041045943994127043e+01
5.620131956113340266e+00
1.609808191799790933e+01
1.320025257942262265e+01
1.356855620538872742e+01
1.331977585959613819e+01
1.357025581342322340e+01
1.650377218855298622e+01
9.928758612505065528e+00
1.503575027477150527e+01
1.145950549070336777e+01
1.205763240954646065e+01
9.622217441947441330e+00
1.816850948669216947e+01
1.595296644697392630e+01
1.970643720110125940e+01
1.516532994653403676e+01
1.029126770088697285e+01
5.049176055002079444e+00
1.334010249744025067e+01
1.435861843795301596e+01
1.731949835482285138e+01
8.384782820984936436e+00
1.068368041538702506e+01
1.737278865791997617e+01
1.639156326601268887e+01
1.148092710735154753e+01
1.684389459043744353e+01
1.289423783989911776e+01
1.806269919883142805e+01
1.669556106437542553e+01
1.258023141784526544e+01
1.541711208897119434e+01
8.997840561260005643e+00
1.839731787813504127e+01
1.848478705200473726e+01
2.214129180803689323e+01
1.151307822488605304e+01
2.865221067071227878e+01
2.090847680057347091e+01
1.640721016347726291e+01
1.990890163712616712e+01
1.998136270804933545e+01
1.391483264368630124e+01
1.913058491585562848e+01
2.239493218660567564e+01
2.242980811499829841e+01
2.459691466833051265e+01
2.099335516332729412e+01
2.417899883973348807e+01
1.853291680179068734e+01
2.157150972424340907e+01
2.608303600958603496e+01
2.446218649821426894e+01
2.680359444219417142e+01
1.259136584182635410e+01
1.063839350938249773e+01
2.239040258280144613e+01
1.476114614627541322e+01
2.443597103118326075e+01
2.082943978735899648e+01
2.096943758555037718e+01
1.188519272833109497e+01
2.181313291961187062e+01
2.133012417150849771e+01
1.936606198763528397e+01
2.280736362098469527e+01
2.674177075425345862e+01
1.568047898224870629e+01
2.153134624311142176e+01
2.847087754505568213e+01
2.069232889803532061e+01
1.935669866880655121e+01
2.332670291583188060e+01
2.759051636848091960e+01
1.823117210072890160e+01
1.956416319331059839e+01
2.028499558992850282e+01
1.250049644495599210e+01
2.743569906056846719e+01
2.221390872349524059e+01
1.483385797242544513e+01
1.956188307131870374e+01
1.633490169047327001e+01
2.707499691673019626e+01
2.957613990790872549e+01
1.479311853476969496e+01
7.276728992729546874e+00
2.529961234628932942e+01
2.093814932341411250e+01
1.762084042945222606e+01
1.845233926479630782e+01
3.229444024231534627e+01
2.356384804833153979e+01
2.380312523349321197e+01
1.807110796539767605e+01
2.306367669248742658e+01
1.484432216236259627e+01
2.196267997716619291e+01
2.230059821730060321e+01
1.951186753008162000e+01
1.909552634880613198e+01
2.785981973506072862e+01
1.878285937101034264e+01
2.075044648539494574e+01
1.604927837061357820e+01
2.121415877869909039e+01
2.283225887325890113e+01
1.839479832599001341e+01
1.807291006205625905e+01
2.416757271594733680e+01
2.947160561585114991e+01
1.168356220976389359e+01
2.750490065558384956e+01
2.900990499205816064e+01
2.184837854375387423e+01
2.208302830093091984e+01
2.449821694576700182e+01
8.648842744867369703e+00
3.142640257843187612e+01
2.111418793316788722e+01
2.631014224478446195e+01
1.195546699683165670e+01
2.397135199122803684e+01
2.420427459389184932e+01
2.411264756548588650e+01
1.889598465122161386e+01
2.449141399548579301e+01
2.444009838140170388e+01
2.500612328330513279e+01
2.142400916344464079e+01
2.320089626548148232e+01
1.808517184439191183e+01
1.280289364411164499e+01
2.805935265188047367e+01
2.035019369938183331e+01
3.255488762346699616e+01
2.056991459159352686e+01
1.921338724212352389e+01
3.414113497381608653e+01
1.567584951825065609e+01
1.904669276764728991e+01
4.016401263674463706e+01
2.320322302838618711e+01
3.088244513416135106e+01
1.801960597228212890e+01
2.507958671557589270e+01
2.091055037173094533e+01
2.366641828299930594e+01
2.129053647812486005e+01
2.442228874466823285e+01
2.273380177501505983e+01
2.593877942939959524e+01
3.984769329430528728e+01
2.720369378261051452e+01
1.950147421978647699e+01
1.632211076084910317e+01
2.332441097722477252e+01
1.666688309020703329e+01
3.112758617292040242e+01
2.171164621457095834e+01
2.729135576581078482e+01
3.759700380048490587e+01
1.635453274238438226e+01
2.977361002832073922e+01
2.780839314946803142e+01
2.879477897641203654e+01
2.767619820683812648e+01
2.202475254639620772e+01
3.269156416587573943e+01
3.369621769129511080e+01
2.193044832937642497e+01
2.075284649029756423e+01
2.750639114444169309e+01
2.562220203821653186e+01
2.751608966317429505e+01
3.081406686338970147e+01
2.042558508246133187e+01
3.225857297540148494e+01
1.739151105713985501e+01
2.490238061003880787e+01
2.714900891532321836e+01
2.169728837774715302e+01
1.668149291168219861e+01
2.931489436467746401e+01
2.994748079214862102e+01
2.115208579305562964e+01
3.524318919252312554e+01
3.644397140558083237e+01
3.464092429704870568e+01
1.501568572605186880e+01
2.598339884827541724e+01
3.063853104630032931e+01
3.035313154285087123e+01
2.101900660503386220e+01
2.953334698278755255e+01
2.788390156867241387e+01
1.994063320191347444e+01
2.337102634677676249e+01
2.813819530147285874e+01
3.275599603078413935e+01
2.345086878574434053e+01
1.704819579418724018e+01
3.681711797765823491e+01
2.723588661113101850e+01
2.106765487860132424e+01
2.457028929697549202e+01
2.329931637585663040e+01
1.950319749099520550e+01
2.548592097663009426e+01
2.618795283145388453e+01
3.406315633911089691e+01
2.746674146399952932e+01
2.609979702332086404e+01
3.254139866940373338e+01
2.451612154609928496e+01
2.588167412099433307e+01
2.485945157317380705e+01
3.269934532437712704e+01
2.775673302937229536e+01
2.130075592699821385e+01
2.914309245856649255e+01
3.103339163809032186e+01
3.156529559593383993e+01
1.388248168815272976e+01
3.415652951990027475e+01
2.481524987042352848e+01
2.179611898892063593e+01
2.732715440443653065e+01
1.822089826006377322e+01
2.583306652363578593e+01
2.764117721072035749e+01
3.147173654715027524e+01
2.178126279384408903e+01
3.304073097416638660e+01
2.238113057706376097e+01
3.213388840662442192e+01
3.068013446369820940e+01
3.111514845743713309e+01
2.537790394844402186e+01
2.330896277408330874e+01
2.654676140826608588e+01
2.788522874799715723e+01
2.798998344464099119e+01
3.320859042306386755e+01
2.686459057495827807e+01
2.874490229820674614e+01
2.129248282660699232e+01
3.419576906472402555e+01
1.220825500004871955e+01
3.564158483585782733e+01
2.656477535674799029e+01
2.152895905181796010e+01
3.706158524493741169e+01
2.184887940782367721e+01
2.600233077551836658e+01
2.341258313081578990e+01
4.322021154770439466e+01
3.082461302867809039e+01
2.959852735325980788e+01
2.167133567236518488e+01
2.376762042438687672e+01
2.523983113499005526e+01
3.164022287589388682e+01
3.083209740065223414e+01
2.734931194169245572e+01
2.509059819172652794e+01
2.842436577381723950e+01
2.933572587855853442e+01
3.089935975713001426e+01
2.467438352214886876e+01
2.607278008228914956e+01
2.209577591659554230e+01
3.319811544124721792e+01
2.196418345907351721e+01
2.974517560474172129e+01
3.484041570098080598e+01
2.871265068824528655e+01
3.459258736993901096e+01
2.609315918061533068e+01
1.979670743632150121e+01
