1.011199767017947337e+00
5.780354935171462039e+00
2.711425520728061400e+01
3.454301527057314303e+01
2.800911279441462653e+01
4.024021330291454746e+01
3.552270710977755641e+01
2.182885493497511575e+01
2.603794124211846395e+01
3.934683660191026178e+01
3.438131586106975845e+01
2.950867583831018592e+01
2.560305000271966236e+01
4.892755771633230921e+01
2.520366956169179318e+01
2.204934851645422000e+01
3.387318033461386335e+01
3.857109130904555627e+01
3.104357005084531806e+01
2.123858145085691618e+01
3.927023392189871487e+01
3.311327968491968932e+01
2.381951729703853005e+01
4.743001890362236850e+01
2.585667834159942657e+01
2.381407414433391523e+01
4.725686763421300185e+01
1.899207065179278686e+01
2.673755502934498551e+01
4.123587095210292830e+01
2.925414291053923677e+01
3.453228106777748962e+01
1.784090870895846948e+01
3.241815246294342501e+01
5.357330989862204973e+01
2.131253735929390203e+01
3.063868547676522525e+01
3.867856307871002031e+01
1.909357668980023348e+01
3.763643123344564145e+01
3.579029152739366282e+01
2.459704892275659915e+01
3.652494142613955574e+01
3.617261534776255161e+01
3.517327847184568412e+01
2.932010220716566451e+01
2.967129010507645859e+01
4.112313375409838301e+01
2.981335502715471364e+01
2.179646473736004353e+01
3.211501924932746022e+01
3.459946186418022052e+01
3.037658382023917270e+01
3.476607489381699878e+01
4.067512939388016946e+01
3.390781153598673825e+01
3.242836308624031716e+01
3.019899307134311783e+01
2.219640596279165834e+01
3.212553301435222863e+01
3.321399117668469358e+01
2.746964031774439619e+01
3.348903685226167681e+01
3.293543144939813772e+01
4.365490120989952771e+01
4.272570494218863502e+01
2.191346130509467827e+01
2.887947437844864496e+01
2.980827359889296702e+01
2.258423755907691799e+01
3.416532607949991984e+01
3.320362881748940964e+01
3.881609210251008335e+01
4.365794470017745255e+01
2.590239272213919364e+01
3.270970617399340341e+01
4.067906586324213691e+01
2.123715956075581701e+01
2.019244882615099357e+01
3.442024580860597638e+01
3.996619541886892080e+01
3.710506494096965469e+01
2.749520018275416788e+01
2.955521195419252933e+01
3.878172735224674739e+01
3.385373709132304754e+01
2.891253355881089249e+01
3.057034003201056294e+01
3.038110329621578387e+01
3.672678713300035014e+01
3.950065195213136349e+01
2.904914519028153563e+01
2.653826059550133110e+01
3.521449112464061670e+01
3.718268591945626866e+01
3.194823953782811543e+01
3.640815970805239488e+01
4.116168638838990290e+01
2.776358524682689222e+01
2.658429143608096012e+01
3.783187618279177400e+01
3.435529950068261229e+01
3.590113670789951072e+01
3.199975218680360811e+01
2.941378710777500416e+01
4.882423773318798510e+01
3.935965936148849664e+01
2.669488534433202176e+01
3.851762695878488785e+01
2.637185815305935321e+01
3.290075832412309609e+01
5.015014590152441087e+01
3.135609103090152772e+01
3.382385244883521125e+01
3.873604648049794719e+01
3.557057645161930282e+01
5.686103599987112034e+01
3.871814772909058888e+01
1.793720921810629321e+01
4.666979777898670534e+01
4.568134322366746858e+01
3.522546614255123387e+01
5.123349198411443695e+01
4.706768735622058841e+01
4.346031644030846763e+01
4.978807234265423887e+01
4.509032788849609119e+01
5.062664541520887695e+01
5.080597659836669777e+01
3.949180181033877091e+01
5.044989830149400234e+01
5.554468000824540042e+01
4.700312284326464152e+01
6.117448548527806196e+01
6.242881215699166120e+01
4.788030388908184420e+01
5.345553220305617970e+01
4.582214034824612980e+01
3.977110198601496194e+01
5.685797706492513015e+01
5.768382832910818081e+01
5.542070759827126381e+01
5.446458043747161071e+01
5.161997486487113918e+01
5.736304204881061253e+01
4.551281918004367810e+01
4.615946404112727919e+01
5.855248855596424562e+01
5.110880248287762129e+01
6.202872744600984589e+01
5.999283828051144951e+01
4.995585334682601797e+01
6.255832509339796133e+01
4.474553145339507410e+01
4.796920643091059588e+01
6.048182875455039209e+01
3.567381485234513860e+01
5.478159011936602951e+01
5.705175208139535670e+01
4.435491827513220642e+01
8.052231542448242863e+01
6.009172269239972763e+01
4.221250931294627406e+01
5.694754380247592707e+01
3.166259370462009315e+01
5.786350160222168171e+01
7.410016462105463120e+01
3.665587134438570160e+01
4.900686867951983317e+01
5.969451810976966755e+01
6.513272690082852989e+01
6.574362782860958987e+01
3.444343718029364254e+01
4.720595295248358525e+01
6.348106583916597856e+01
5.458130307912173151e+01
5.274107921652118591e+01
4.220408741801725938e+01
5.240654625591921700e+01
5.667302059274857839e+01
5.755921739126221581e+01
6.586005109764130339e+01
4.246100908541769314e+01
6.024753534846487923e+01
6.766125972431740365e+01
2.730650056529957226e+01
5.015501165299853881e+01
5.898454475860322077e+01
4.841371191432155996e+01
6.344783166693592591e+01
4.487980018279311167e+01
6.834696286478526872e+01
7.904801759322670307e+01
3.297641057828320754e+01
5.611994132807097913e+01
6.692706325322230043e+01
4.193778509597518678e+01
5.259382535519083035e+01
4.542449118226060278e+01
4.964902384980383943e+01
6.955431484486329907e+01
6.806345529134115679e+01
6.504063873645854699e+01
4.890649304466688108e+01
4.477385011157726069e+01
6.335290281941695412e+01
6.453447806751390203e+01
4.064937226199300113e+01
3.724770129767951943e+01
7.607713636235938282e+01
7.385319713341689862e+01
5.340089413825782572e+01
6.777643539927292693e+01
4.945825474872199834e+01
4.845121958626485537e+01
6.393806914150003706e+01
4.527134668534888107e+01
5.928149739199209733e+01
5.592898309798489720e+01
5.339936769801932570e+01
8.669573092793314117e+01
5.171226771612691664e+01
4.940992088259509529e+01
8.856137990089604273e+01
4.749224241303813443e+01
4.308192286863284437e+01
6.847900416152745606e+01
5.545814584409883707e+01
6.841489852759974610e+01
6.179678501023175130e+01
5.714667407088510487e+01
8.260380444334398931e+01
5.497066189099641775e+01
4.790290786146431401e+01
7.935408963862705889e+01
5.417290064324431142e+01
5.025217645458917559e+01
7.850464072238888491e+01
6.143951884276394537e+01
6.439145378013462562e+01
7.417808977071416621e+01
5.231199514261024319e+01
6.638334780826670567e+01
6.927015716841877691e+01
5.449664745821173284e+01
7.799037889068461027e+01
6.656109410894525524e+01
5.048999726041701308e+01
7.163910030988931510e+01
6.238371791171952196e+01
6.753209283122295403e+01
8.496371165273299653e+01
6.329094979980942526e+01
6.052470037132275849e+01
7.487634361235909353e+01
7.187212335746616532e+01
6.638866805393683990e+01
5.710411138803080888e+01
4.677363522638894722e+01
6.005223881340275227e+01
8.609309630587566176e+01
7.875304150315950835e+01
7.080676278190453843e+01
7.694100539692188079e+01
6.173379524788571615e+01
7.133899092203411385e+01
6.156257516279645614e+01
2.804812758935345229e+01
7.694310904028530729e+01
9.984413128468688114e+01
6.524034573981869300e+01
7.011696120111177777e+01
6.845234833723337431e+01
7.916657318704125146e+01
7.179173030074250050e+01
3.017034358646372638e+01
6.892661933631242732e+01
8.660409184001007077e+01
5.005101447635372836e+01
7.484030914341026630e+01
8.646678550373702876e+01
6.913208188649292651e+01
6.518649267255939606e+01
6.009464230465558643e+01
7.075621537087859281e+01
6.123186401646949406e+01
5.625539793858164472e+01
8.713083890532927001e+01
7.691418845997888809e+01
5.552830967981655164e+01
7.295574428837169023e+01
7.793571858795246499e+01
6.187191426744185918e+01
4.923728022271937732e+01
5.646295661293030577e+01
8.266615521926317456e+01
7.954551007283654940e+01
5.433450954449244819e+01
6.755634490925132241e+01
8.391649377466586657e+01
7.582136362363458204e+01
7.141692401973114102e+01
5.114080122042866350e+01
5.682128328517813287e+01
8.355684635204427479e+01
6.020570276547482536e+01
6.445635424347101150e+01
8.007830738931185977e+01
5.648211664740203020e+01
7.652268369109037849e+01
7.653692532761320422e+01
5.354687962202216767e+01
7.949396974798044369e+01
7.431351786163185125e+01
6.615887974475214151e+01
6.915203590944534540e+01
4.976383509715510911e+01
7.878833532176163601e+01
8.859598129050621651e+01
5.380025691586023839e+01
6.594744027309816659e+01
7.519040659250404701e+01
6.559360156098072991e+01
7.522143267300219804e+01
7.375527425894175337e+01
6.471771528470999613e+01
6.945325919370719703e+01
6.987230650999181591e+01
6.597296198100080744e+01
7.175315869914207667e+01
6.272090788940619888e+01
6.434499337894580151e+01
8.557675930692539623e+01
7.175985483427024292e+01
7.577503895389773447e+01
8.141001241156477874e+01
5.303843605552827256e+01
7.614739188211247267e+01
7.700654462645410092e+01
6.020000470311278207e+01
8.710447480439559342e+01
5.751934361387066019e+01
5.920205795772422874e+01
8.888384292777180917e+01
6.241146388317487492e+01
8.707471745597317181e+01
7.880066575533339801e+01
4.657959151812747933e+01
8.641919436920684916e+01
7.135449203703338128e+01
6.697849176171851582e+01
7.114136489261554175e+01
4.611175292094841893e+01
9.068871171181845625e+01
9.272397437846352375e+01
6.042960229916319292e+01
7.357028989415076126e+01
7.177739623054341678e+01
7.486908017042405561e+01
8.733328747981522611e+01
6.473289403851022428e+01
6.626001855047067579e+01
1.265471309625777607e+01
1.326689388038150730e+00
