2.991600244754975435e+00
8.161728020149528362e+00
1.106395763426721324e+01
1.388514652738814803e+01
1.349846436367467994e+01
4.161036249453303526e+00
1.039183628530751058e+01
1.641857380268583455e+01
1.533291229026584723e+01
1.175622732997395659e+01
1.369855477954549627e+01
1.394471499588038732e+01
1.116174565906466576e+01
1.545810330407476663e+01
1.446536592339280958e+01
1.504812739985664116e+01
1.055867358749798690e+01
8.176079888657911354e+00
9.709716658102639286e+00
1.289655162680790212e+01
1.366138035066222933e+01
1.515056403883643377e+01
9.442518612804745359e+00
1.899621709784511125e+01
1.176612724156518830e+01
8.643900249903060384e+00
1.166505189419330257e+01
8.704386927751180281e+00
6.956577902760797905e+00
1.758016135809266345e+01
7.242120782906400045e+00
1.093105386630991305e+01
1.485508003338267891e+01
1.601225451609228401e+01
1.208024276113642337e+01
9.847992163808804378e+00
1.956774079904681329e+01
1.351533376895898897e+01
1.601793034825937667e+01
9.657527047598708947e+00
1.075478075275494305e+01
1.276617770678617703e+01
8.911721538425403821e+00
7.537063754693688722e+00
1.036045810001985146e+01
1.316935823027098706e+01
2.247289007350913437e+01
9.191862195083265519e+00
1.664324267673526236e+01
1.307568245306012145e+01
7.529386659424303296e+00
1.011992574115776478e+01
9.762304192353010279e+00
1.049459274847898627e+01
2.183462442783955026e+01
6.827893261864761421e+00
1.092449260984166948e+01
1.778422004552847824e+01
1.305555254182699443e+01
1.763643241449345922e+01
9.941422924144511342e+00
1.475559738522964359e+01
1.127739053212455467e+01
1.336041499800681365e+01
1.249172124640540815e+01
7.273397029736634600e+00
1.365914312629803895e+01
9.979726542135869849e+00
1.067906406683651532e+01
9.868488976547570957e+00
1.636902516146077602e+01
1.545022195244840724e+01
1.365235554628526060e+01
1.396516621794595281e+01
9.317758164604516224e+00
5.277434004747427743e+00
1.227675532101397060e+01
1.738175121162758785e+01
9.162173399910500393e+00
1.769861435117803694e+01
1.104636990953756204e+01
1.032753385096346221e+01
2.064615069702155381e+01
1.630770703768195062e+01
1.337433034088269324e+01
9.803920304033141520e+00
9.893618241624441367e+00
1.286616267991197837e+01
1.149777471973735032e+01
1.473684861488661291e+01
5.801640633120518586e+00
1.575797955423215058e+01
1.380357543743473592e+01
1.195458798112292165e+01
2.966317907446271995e+00
1.636756754673028524e+01
1.201128390506252330e+01
1.256317713476937925e+01
1.300176174491036463e+01
1.371770133831496175e+01
1.703810739824516673e+01
1.062519519003000923e+01
1.646517569436655748e+01
1.255042076991525590e+01
1.211559416310458914e+01
1.043525817999072736e+01
1.824668568682967518e+01
1.555198074855259094e+01
2.041786301823941585e+01
1.541277462538218579e+01
1.071396715042491010e+01
5.787706819297254945e+00
1.400925562172499639e+01
1.390323033284521870e+01
1.727301401336901066e+01
8.066686833319240080e+00
9.533566863927655177e+00
1.731983146272165897e+01
1.394330739135128283e+01
1.094201137340856711e+01
1.490110921579979042e+01
1.258017548316457024e+01
1.696040667487741160e+01
1.821250742603203676e+01
1.330728620245100124e+01
1.703293403025276476e+01
1.092501084838641745e+01
1.928114209884951435e+01
1.905295986606118674e+01
2.154791720504101704e+01
1.078274621186960758e+01
2.771377563989618764e+01
2.003429506494658341e+01
1.697978139662782837e+01
1.964986047657494339e+01
2.200110174531964802e+01
1.413653319277972997e+01
2.050209708003501419e+01
2.285812648546588122e+01
2.196744695310945161e+01
2.550677627414295046e+01
1.733693638602847287e+01
2.442340359645975667e+01
1.524354489692478865e+01
2.068705110855810148e+01
2.501846464172352924e+01
2.457598528489100076e+01
2.772025435772424018e+01
1.445981688161357681e+01
1.286260630335325672e+01
2.398185402168314795e+01
1.586239577107289023e+01
2.503178473726175568e+01
1.942652667056112037e+01
1.938166212997235860e+01
1.062633432004221845e+01
2.009826915524144653e+01
2.095706015268272893e+01
2.021407636667253271e+01
2.369355707949786094e+01
2.829407203029337836e+01
1.758957773463632890e+01
2.256573008335228536e+01
2.915017841714725222e+01
2.025189092568878735e+01
1.700636114019803102e+01
2.193284689176095270e+01
2.503664324083713311e+01
1.689961937888429588e+01
1.852994599971888334e+01
2.141601666908973201e+01
1.289482339580912118e+01
3.006881811404764449e+01
2.450470460763168035e+01
1.614500274343109254e+01
2.082244190694250818e+01
1.615684336243666408e+01
2.587374675714459116e+01
2.745293734501600014e+01
1.280019224207733153e+01
5.737309356767063662e+00
2.393133843345658107e+01
2.220781559148838724e+01
1.770882931739538790e+01
2.115502823699004153e+01
3.401865083712555560e+01
2.545366533175921475e+01
2.519120163367269427e+01
1.583189521375990161e+01
2.366379406447472533e+01
1.060872261812575701e+01
2.156173124862312207e+01
1.994873514512369894e+01
1.963385333213511430e+01
1.954172964046625438e+01
2.943681824703557126e+01
2.069684797580300639e+01
2.270493032051645343e+01
1.763486978458943000e+01
2.180789909780207125e+01
2.211216937017672279e+01
1.747234406518980876e+01
1.604933561918553053e+01
2.160359864506268224e+01
2.801548101844256067e+01
1.069997222466707854e+01
2.699337111769653319e+01
3.052797281204879098e+01
2.352523677120711199e+01
2.436565839682451795e+01
2.677231826789648750e+01
8.982425986483889346e+00
3.111059864515649309e+01
2.021850616188122984e+01
2.431092552975579935e+01
1.033150125998736613e+01
2.318939613467797400e+01
2.424134531568185480e+01
2.432406233383881755e+01
2.118107852597390917e+01
2.552364167549640683e+01
2.578252350086482281e+01
2.650921797983724915e+01
2.120271080302496003e+01
2.250933562712537395e+01
1.698506535576884957e+01
1.119653893758433405e+01
2.587679175975622670e+01
1.864773275187953061e+01
3.194489039351661219e+01
1.917515238070689421e+01
2.107957905995799308e+01
3.504015433185340811e+01
1.812977471412315111e+01
2.060824508731173310e+01
4.015845165016978058e+01
2.484503373928133030e+01
2.822899477152880010e+01
1.911493946232011965e+01
2.249899749656732340e+01
2.173065319882920932e+01
2.321032082435085186e+01
2.236925108534999396e+01
2.548944871029978643e+01
2.375436241594740849e+01
2.659304045164454067e+01
4.016216251124865977e+01
2.690589238750217760e+01
1.888538734057403445e+01
1.497120602545843226e+01
2.210323727163516949e+01
1.551586646223361399e+01
2.948610484062074022e+01
2.044943371490580830e+01
2.733695020249524887e+01
3.732554824440536123e+01
1.800622193310908159e+01
3.088062026220772793e+01
2.833187062284465796e+01
3.024868993869220546e+01
2.785637383766219699e+01
2.230458565646478775e+01
3.254917066653211322e+01
3.430635497277474855e+01
2.162997254640955802e+01
2.142997018424482292e+01
2.855189539378575247e+01
2.544911952212368078e+01
2.830922660587927808e+01
3.081040012825868857e+01
1.939488326810877084e+01
3.202249017572013656e+01
1.668902964618379769e+01
2.373658369058741258e+01
2.630524041614651765e+01
2.126253647830671056e+01
1.558834806388848548e+01
2.795838273963245157e+01
3.049537953394612089e+01
2.003850269197426925e+01
3.620448683249527022e+01
3.621034143611309020e+01
3.493849789808969319e+01
1.668263280923721936e+01
2.550842670237820187e+01
3.352203595414427895e+01
2.968003270072168931e+01
2.386801511696118894e+01
2.917942053445318251e+01
2.936371672011429723e+01
2.002441919784074997e+01
2.320098419902087272e+01
2.770053013441233958e+01
3.194472865653463245e+01
2.213577192238948399e+01
1.615348234060336452e+01
3.602395796489300039e+01
2.673989143115441180e+01
2.062877463513488507e+01
2.421157428083818175e+01
2.303409999378662931e+01
1.925413148771861671e+01
2.450466230208683527e+01
2.642509727371568218e+01
3.237430830501687495e+01
2.697121410132628228e+01
2.657319878036249250e+01
3.244385528545072361e+01
2.655947806891892427e+01
2.733293304279462532e+01
2.779741109848993119e+01
3.385515107917622402e+01
3.027814896383709709e+01
2.170948877800932664e+01
2.892721967809285744e+01
3.084518759017037937e+01
2.985736789021411397e+01
1.217653342769076197e+01
3.308904345523964707e+01
2.311832170932075314e+01
2.096590422256593200e+01
2.743193825871194491e+01
1.816050367689734557e+01
2.554793480109467652e+01
2.817084637840368089e+01
3.188354369494146923e+01
2.041011620136464444e+01
3.281390020286711717e+01
1.987237031431173762e+01
3.119416441162929843e+01
3.051267775408080851e+01
3.078512648343872726e+01
2.834622040952729094e+01
2.455774131317939535e+01
3.116344504227823009e+01
2.916625376963513716e+01
3.138163608453934472e+01
3.339051703491562506e+01
2.672839957889047469e+01
2.766558435891210976e+01
1.918124710676094224e+01
3.198248577950787919e+01
1.066236507323233873e+01
3.399442879743465085e+01
2.576280939801057812e+01
2.156203996301832859e+01
3.737448120933753160e+01
2.223444469711755644e+01
2.673240789030026576e+01
2.357694919206626594e+01
4.312388785902997057e+01
2.814551685603460029e+01
2.855892635171085558e+01
1.976171168095475394e+01
2.250997794740945324e+01
2.663152675929750757e+01
3.262480559249119239e+01
3.484482504769430733e+01
2.970458747487179707e+01
2.966347098088537493e+01
2.958919230237274078e+01
3.096209183800134568e+01
3.048224259336538111e+01
2.267914335542710802e+01
2.408819004721479473e+01
1.984192026395006536e+01
3.074343202941163966e+01
2.088178308766143232e+01
2.901491368646672697e+01
3.441679088270340259e+01
2.931690030874877451e+01
3.579766754104556270e+01
2.647154697223304964e+01
1.989833140999392569e+01
