4.999620010201484277e+00
1.182933744034954415e+01
1.201225317240228740e+01
1.564868932130358559e+01
1.367862581285461943e+01
1.824700799933241635e+00
1.006732364314369654e+01
1.842039327097399593e+01
1.176360626581451641e+01
1.351218076103498511e+01
1.258907929529095959e+01
1.274960844237508439e+01
1.015019591774732177e+01
1.899255474034969637e+01
9.833338331494976714e+00
1.456097105712237116e+01
1.193091278814685374e+01
8.675491841445479579e+00
7.851122592740060746e+00
9.672124195030139759e+00
1.724755946666363471e+01
1.509565705847928996e+01
5.612181095174054057e+00
2.229932030523805153e+01
1.382826034658494940e+01
9.834658573624922795e+00
1.432421181382391140e+01
9.356949394737688053e+00
6.803743129035910719e+00
1.740453596774650080e+01
6.960492339025768693e+00
9.256558222581421802e+00
1.648112405201802488e+01
1.389311800616777326e+01
1.227014757181680515e+01
8.467547107646945292e+00
2.139674337564499140e+01
1.022016675057277091e+01
1.761397565277360044e+01
8.000604550682005822e+00
1.098164033488762037e+01
1.225577757328879436e+01
7.775263755608054161e+00
8.199527912837000443e+00
8.777481351094808204e+00
1.310950763607440273e+01
2.429444271180165771e+01
8.974009616965766156e+00
1.898994912236982557e+01
1.306875265837301114e+01
1.002826878323398674e+01
1.031156247537385795e+01
9.674868109026167673e+00
1.242703631870603154e+01
2.103252182339689469e+01
3.666241221154147745e+00
1.445808996587874340e+01
1.462772429921620798e+01
1.258798706007088519e+01
1.871097283585878301e+01
1.006636440285564049e+01
1.001514795929406709e+01
1.476240844063328517e+01
1.322865711529608923e+01
1.016543206760348106e+01
5.998551275591620602e+00
1.423097071369625155e+01
1.264109234224742551e+01
5.749648999500605484e+00
1.011996998264483771e+01
2.173073358811748079e+01
1.424674140547708667e+01
1.336556716623589303e+01
1.552483481260501996e+01
9.270594527889411296e+00
5.914721217791544916e+00
1.328937829502156909e+01
1.918569384754378859e+01
8.137810334994437511e+00
1.730520364727007987e+01
1.010291412237230091e+01
1.053933455879960768e+01
1.902908832475695533e+01
1.897677487735483837e+01
9.118798816146885144e+00
1.068145922512119661e+01
9.257201617211402223e+00
1.495568694718591196e+01
8.063634583128743927e+00
1.340629823355567396e+01
7.904165181925895567e+00
1.577035921014815578e+01
1.193501275150557461e+01
1.244548934170769705e+01
5.858688767756866866e+00
1.819416768978945242e+01
9.322031214788582432e+00
1.394457542734567390e+01
1.186060078439782650e+01
1.443123957593311957e+01
1.923293042024049271e+01
1.065980094176910065e+01
1.692374884990820405e+01
1.439595799951837485e+01
7.362955328969810864e+00
1.263914815422815074e+01
1.864475271838767156e+01
1.407241178804401649e+01
1.789849164489227817e+01
1.831277913917789490e+01
8.515874470560678589e+00
5.727397072535404199e+00
1.328950975548671742e+01
1.310955350586259804e+01
1.830637314728584641e+01
5.466339577975491970e+00
1.299627788056267619e+01
1.780975616194606204e+01
1.275036668518075444e+01
1.392861841465150441e+01
1.441688598357581874e+01
1.019113490518818921e+01
1.708196675751512217e+01
1.879716985887781533e+01
1.482434038300378454e+01
1.655364105541496045e+01
1.333278290085405793e+01
1.957404104045269122e+01
1.689391077326265034e+01
2.170404140465812048e+01
1.318141774293592228e+01
2.209549027760129292e+01
2.305284652763185704e+01
1.612377711352841558e+01
1.979662345355558983e+01
1.837887654013889360e+01
1.643728478321331110e+01
2.090332178012860709e+01
2.048863404608632877e+01
2.150329310994682785e+01
2.973031805617096524e+01
1.837807842391786295e+01
2.218566348539360433e+01
1.535146245165997492e+01
2.350301443492547904e+01
2.105756211935106137e+01
2.461633347370999303e+01
2.867284755765908599e+01
1.391254763831339503e+01
1.407428484300475091e+01
2.591037428932805753e+01
1.440418909535184611e+01
2.791552414723772202e+01
1.753249195300211127e+01
1.857831409580228410e+01
9.180145806397943531e+00
2.242836429751184113e+01
1.896864980721115757e+01
1.992009238814895156e+01
2.169952254848393736e+01
2.960368684101247538e+01
1.868903561073680564e+01
1.920424536484550870e+01
3.233570061735432688e+01
2.100536204149738495e+01
1.875454501571566013e+01
2.130589128709351954e+01
2.255773485014336188e+01
1.820613929480704130e+01
1.864077627920286773e+01
1.946570047348670940e+01
1.316980159930061589e+01
2.923459844014292486e+01
2.674996115842540334e+01
1.548100662628243640e+01
2.135826617180433828e+01
1.991423765552057290e+01
2.458034637324680816e+01
2.251162634284356656e+01
1.806084929579049358e+01
2.910353362471803873e+00
2.433260655616083667e+01
1.933963759480580435e+01
1.994811517481711505e+01
1.977072059995220599e+01
3.388435088921481508e+01
2.632046181202892754e+01
2.763394439578657114e+01
1.476449458752859734e+01
2.451516096489604735e+01
1.172053231265826412e+01
1.952065460134020114e+01
1.710188501137961126e+01
2.339291667831878740e+01
1.791022253656445429e+01
2.717180956024233041e+01
2.174548038328426003e+01
2.312146654814739932e+01
1.619490074664713930e+01
2.540751389639319413e+01
2.272749605061989797e+01
1.735024201026095980e+01
1.388307610685484939e+01
2.453961797642573472e+01
2.566362311916599737e+01
1.015652158073261724e+01
2.596704998140175036e+01
3.225383973363376100e+01
2.214912330077465441e+01
2.305011557896895624e+01
3.190056786996679250e+01
7.964274687204332182e+00
3.125977950742656830e+01
1.912898510050453282e+01
2.558811422480351183e+01
9.893805168022318242e+00
1.988308364702479025e+01
2.543529694919843465e+01
2.581318866666889988e+01
1.813052112999820409e+01
2.635932621670713871e+01
2.394664454616695437e+01
2.769046437673979000e+01
2.391986798946742354e+01
2.086003289113492443e+01
1.756051693142504888e+01
1.539339596133849852e+01
2.112084518226013330e+01
2.069460146876026130e+01
2.882201953595851052e+01
2.202595005913381243e+01
1.914677199393589646e+01
3.533705352708847869e+01
1.884439662431308449e+01
2.370006351708542880e+01
3.912414486284827575e+01
2.519670926274346456e+01
2.691810305483843990e+01
1.868220030950627120e+01
2.295637824065724431e+01
2.162413403700418257e+01
1.976210281633921184e+01
2.460452884324499934e+01
2.596959795042601016e+01
2.088497940779213380e+01
2.533947198231543396e+01
4.351383906312356231e+01
2.565626011249852567e+01
1.805099496988185592e+01
1.709468736588841864e+01
2.642026158513382228e+01
1.087171960553116357e+01
3.000793191931441939e+01
2.028444642128573960e+01
2.857917763372266862e+01
3.559655741466355749e+01
1.882823276069424168e+01
3.445737772853809844e+01
2.632496714115160685e+01
3.198931043425061205e+01
2.661377774043243605e+01
2.232444378017921593e+01
3.038861751540171241e+01
3.483540601110691881e+01
2.328258216930538893e+01
1.808823392890698045e+01
2.753775436674080268e+01
2.885660845521333329e+01
2.418955530188304337e+01
3.148993431199777504e+01
2.053621324496221234e+01
2.921948734553532034e+01
1.792839343805938057e+01
2.692035894080841985e+01
2.526715127458410848e+01
2.390056551379408134e+01
1.132457967131633048e+01
3.219946341820510582e+01
2.761651707602331030e+01
2.163495306827911691e+01
3.745721821651139294e+01
3.825710460700397419e+01
3.268195740579904651e+01
1.800397328555905929e+01
2.448853115632627464e+01
3.338078176996594237e+01
2.814085992048145357e+01
2.364451502621787071e+01
2.962366338531034771e+01
2.979959774052647603e+01
1.671425073615172963e+01
2.351020570235558793e+01
2.869904703773733345e+01
3.233386531181613321e+01
1.869828586259217218e+01
1.594188860820457698e+01
3.834615128357575031e+01
2.773180356818321712e+01
1.824844312109836153e+01
2.887149330791216428e+01
2.155580471352484295e+01
2.022705597894880469e+01
2.341220945322089619e+01
2.873983574663218477e+01
3.469188977012379382e+01
2.489149336086878606e+01
2.796232281607665016e+01
3.047159548916973293e+01
2.750942788150283391e+01
2.569550629485952697e+01
2.821239077436312215e+01
3.264695819716948222e+01
2.929925645652262745e+01
2.383902777113443250e+01
2.711502444911009846e+01
2.646540652065515786e+01
3.548041357464830980e+01
1.074356615532669501e+01
2.833047171461328162e+01
2.527086676152112332e+01
2.253175766334119245e+01
2.522448321463699372e+01
1.951412389750775844e+01
2.554547393327079163e+01
3.402344371393242284e+01
2.711198743925322319e+01
2.417718632031429493e+01
3.372968895799897382e+01
2.116043686337735963e+01
2.913709232238224089e+01
3.188122002270788613e+01
2.865275236082048593e+01
2.889098808110093231e+01
2.337788658928957020e+01
3.167543901891555080e+01
2.812654226126682033e+01
3.035611839550814040e+01
3.360681886414315045e+01
2.710695003807996528e+01
2.495616344810192899e+01
2.082790825783732203e+01
3.067023814972871776e+01
9.694434241728727031e+00
3.461245376539415020e+01
2.512652162114097365e+01
1.996252474323917525e+01
3.975750713116250523e+01
2.114245522317630588e+01
3.188543517000527672e+01
2.256102117242381766e+01
4.600873442246714262e+01
2.922449897406283981e+01
2.695920070346676667e+01
2.126601596356865187e+01
2.029364150846396342e+01
2.739754441428976151e+01
3.066060813141147179e+01
3.577210572044901227e+01
2.867985519882054746e+01
2.964966265576188320e+01
2.902378621992393093e+01
2.881034993086038298e+01
3.136412747244781585e+01
2.546268312749830187e+01
1.798823448793967827e+01
2.030113495742512342e+01
3.432130683812785321e+01
1.841678774734698720e+01
2.636226666663966611e+01
3.595297461067215750e+01
2.894960466588317161e+01
3.852000572202826589e+01
2.464839877454594230e+01
2.781632005724413403e+01
