8.806553910195578538e+00
1.139666804469634620e+01
9.475294240297223780e+00
1.716060799405331849e+01
1.371399938382226580e+01
2.746310015167612750e+00
9.105137402654269962e+00
1.738668240313686297e+01
1.305844563974691575e+01
1.170178318991779243e+01
1.555717524506199290e+01
1.280555739034895524e+01
6.767192840053600555e+00
1.813492623750203592e+01
1.470467141445110748e+01
1.224655137954948181e+01
1.281449896403958988e+01
6.825527043119892667e+00
6.951020121418634012e+00
1.167356309037057116e+01
1.731063799428221373e+01
1.696829096900809830e+01
2.029995447657317431e+00
2.312743322614117503e+01
1.462942753090089631e+01
1.002199155669610953e+01
1.430151906919308757e+01
8.786136012131729345e+00
7.713484166154455757e+00
1.714458562222394988e+01
6.787636322392211596e+00
9.140629095791355851e+00
1.569055417282806353e+01
1.521154031934901241e+01
1.203064233768337488e+01
8.523635304678174762e+00
2.022368381986359509e+01
1.066148531567933944e+01
1.750324647585728854e+01
9.641105973791296080e+00
9.520875707589567583e+00
1.193464270482621359e+01
7.664193511170901196e+00
8.250957686929599078e+00
1.022350712732025890e+01
1.228170735425238291e+01
2.452973591789935881e+01
9.506364150850560080e+00
1.651892523840876237e+01
1.409073502128942579e+01
1.234301637729602419e+01
8.504014584646679253e+00
1.039777455831757536e+01
1.146921057227763896e+01
2.160844611277037686e+01
4.224517976883062076e+00
1.269082445237046386e+01
1.757865674754475904e+01
9.934936470184000612e+00
1.808250680571265434e+01
1.228691069446565720e+01
1.089246718884904297e+01
1.057480675745689425e+01
1.690883378777762402e+01
8.010335306548828527e+00
6.866624115486270163e+00
1.489978552193493222e+01
1.119413781673459241e+01
7.159734769051218528e+00
7.881031720081649539e+00
2.550279443681580105e+01
1.324784184979889545e+01
9.965927207114118502e+00
1.676920705613622076e+01
1.169064769852813690e+01
5.425555794509031138e+00
1.222012661728918559e+01
1.885225426019377437e+01
8.755251894450465144e+00
1.770477141706986046e+01
1.008717692408317923e+01
1.100452366497757950e+01
1.716635400329700190e+01
1.773268421740655754e+01
1.325688323465971230e+01
1.050818040759859784e+01
5.970586593941801468e+00
1.540361577006754601e+01
8.692770734646073194e+00
1.414427604906092384e+01
8.588015491034441951e+00
1.479818590484254415e+01
1.085153923584764968e+01
1.242509979374589513e+01
9.029490214254636271e+00
1.660270287661847988e+01
7.665350994958958886e+00
1.416945080383764832e+01
1.278901512315379740e+01
1.601815284497263292e+01
1.697679363244983364e+01
1.109685357410951312e+01
1.708505058966033374e+01
1.455203909371150495e+01
9.388582921470712606e+00
9.570971660968540462e+00
1.877765520798493881e+01
1.401424888645019173e+01
2.017703910458793359e+01
1.757385569925513380e+01
8.714770446835489182e+00
1.665234959109284540e+00
1.670614019845243448e+01
1.355230481727191361e+01
1.834793637154465173e+01
5.660505945058297073e+00
9.922224018027664627e+00
2.073666211128633563e+01
1.224119177538535475e+01
1.353434641361888069e+01
1.540645765528548772e+01
8.795678746052232100e+00
1.660562360339887178e+01
2.059226568335429164e+01
1.396874343552944353e+01
1.663424422543149461e+01
1.321327869626014184e+01
2.009989849977037579e+01
1.821103087616957694e+01
1.848765968179408148e+01
1.381917862928660767e+01
2.441358539185502963e+01
2.122370627500427176e+01
1.638212098594031119e+01
2.145871095005063012e+01
1.442796578827196363e+01
1.858211213253758132e+01
2.198783981599604687e+01
2.008294486224749420e+01
2.160840679448366686e+01
2.824548207615826101e+01
2.061432683446228964e+01
1.929388612598970099e+01
1.664442121657747720e+01
2.584201708910546813e+01
1.915672891302208924e+01
2.328229533761660264e+01
2.883833068739556538e+01
1.576948537330290101e+01
1.337852841155622308e+01
2.592923900001542492e+01
1.523423901752549092e+01
2.648635307493193736e+01
1.748354886156882770e+01
1.876162328989666506e+01
1.176752932511027794e+01
1.882476124482544222e+01
1.989538369225580894e+01
2.043351471747284265e+01
2.237014059885589390e+01
2.767177547336408594e+01
2.026825378517948550e+01
1.913972119935164073e+01
3.152197719296808032e+01
2.313389185670266812e+01
1.695908081942213386e+01
1.954856576844182570e+01
2.438182037896971721e+01
1.982840182096856552e+01
1.812004025226756454e+01
1.751262868092793212e+01
1.197418310042530543e+01
3.204395336183824838e+01
2.654732325346108013e+01
1.567728819940523799e+01
2.131617052786640798e+01
1.720995653715176132e+01
2.712035505550820957e+01
2.320802081005193074e+01
1.748031790679676689e+01
1.790239054517049233e+00
2.391556789843237141e+01
1.903365547080591469e+01
2.408568047133561052e+01
1.610130961017280882e+01
3.404417064600789899e+01
2.697181059229930966e+01
2.723690523169829447e+01
1.784626320789034892e+01
2.026365625362966227e+01
1.249089285014150796e+01
2.044293750985358926e+01
1.710952058941700571e+01
2.465546701228782567e+01
1.610725278718675213e+01
2.593949757977219761e+01
2.281261548291690389e+01
2.466277997769891073e+01
1.624381438042351178e+01
2.372041064943686806e+01
2.180418062027511539e+01
1.958579273740649285e+01
1.548113615851509373e+01
2.089876779058631584e+01
2.762010147229550938e+01
8.207749304241154675e+00
2.647059900413756850e+01
3.506567927376099902e+01
2.124328279365601446e+01
2.058370741734730913e+01
3.268441580317828965e+01
9.645705130393469773e+00
3.112779825523001520e+01
1.717429789255875150e+01
2.713804770016674084e+01
9.436127450182970833e+00
1.902772352154381963e+01
2.683872021282726905e+01
2.568194774088471632e+01
1.738796411702476874e+01
2.512542312363166630e+01
2.635670411578444927e+01
2.744162828189049108e+01
2.171145196373809938e+01
2.257654043289401358e+01
1.804776508353171494e+01
1.605602453368315707e+01
1.862508294175332324e+01
2.201731536074925089e+01
2.797972239808707329e+01
2.310895325372376163e+01
1.831216617694231275e+01
3.806254195580855537e+01
1.563677478852626557e+01
2.369599562544158644e+01
4.182478685106445937e+01
2.183169689826096160e+01
2.930054787207237865e+01
1.898297668210345535e+01
2.165520552735930337e+01
2.095689722853996884e+01
1.975936089546295804e+01
2.667143691850460741e+01
2.562915111660990419e+01
1.900032789402545674e+01
2.615569119691971878e+01
4.326095949682025577e+01
2.517526683594679326e+01
2.040940763703193639e+01
1.650657965930632898e+01
2.464092372349387006e+01
1.236684554512027390e+01
2.831711725456879591e+01
2.221343957957523685e+01
2.866743384535608996e+01
3.325033936942939761e+01
2.156662248258204428e+01
3.398810550859273860e+01
2.532720217788558870e+01
3.238518509220428854e+01
2.453408311841526057e+01
2.605144741416474474e+01
2.957732917676230855e+01
3.356593273902950614e+01
2.285908297033003223e+01
1.718615882351011948e+01
3.006600437011052307e+01
2.932494948293321002e+01
2.314057856568020810e+01
2.937782651280234703e+01
2.066338486569548394e+01
3.146568183040657019e+01
1.880166812593961367e+01
2.597394335839913282e+01
2.268404748290526740e+01
2.692992689011671459e+01
9.311700307781681119e+00
3.463861170719659555e+01
2.659034668311564076e+01
2.068179776732970154e+01
3.701991889506535927e+01
4.148309678886472796e+01
3.143455282075001023e+01
1.467595971815961775e+01
2.688052359873166708e+01
3.447929548848298964e+01
2.765853526139080287e+01
2.300054137932656673e+01
2.895031671816080987e+01
2.956543602490204847e+01
1.741779798857703199e+01
2.515238152695724239e+01
2.850473893056638985e+01
2.870425857115402835e+01
1.918236553663352595e+01
1.943245323571969507e+01
3.764304315919537203e+01
2.642414934275955218e+01
1.780039475516506542e+01
2.921310483708769468e+01
2.298163010099126424e+01
1.992323351094563222e+01
2.279842647432547054e+01
2.937924637958681018e+01
3.223423098425358546e+01
2.863483299213415023e+01
2.739856452217603788e+01
2.646041447498693344e+01
3.172671392355463027e+01
2.399550231095251718e+01
2.853968605678470283e+01
3.272481034954287082e+01
2.859878970243940088e+01
2.450522832578561605e+01
2.589477187191615215e+01
2.818884083199503010e+01
3.561187520715920130e+01
8.490807479602956676e+00
2.871754844092450298e+01
2.729263056099618012e+01
2.154169455833753588e+01
2.408678188973119916e+01
2.134598204963961265e+01
2.325174371051473798e+01
3.771789395339671103e+01
2.464188334171478800e+01
2.459406462721435815e+01
3.435107585638318994e+01
2.018354453269044768e+01
2.936196299753722982e+01
3.233622288217918594e+01
2.844731992923678732e+01
2.955414994844115029e+01
2.185125895301705157e+01
3.197600462407470800e+01
2.868054957859921217e+01
3.052448353952174998e+01
3.387779107269440715e+01
2.588613344309456465e+01
2.482656114779746659e+01
2.122430658065907849e+01
3.159430316520910864e+01
9.561745221642633297e+00
3.354209578224912747e+01
2.476712088665976097e+01
2.026028232369321103e+01
4.116099947417007598e+01
2.018657514457083124e+01
3.294714708113783530e+01
2.162354869939706958e+01
4.631855532610502735e+01
2.915290848865872420e+01
2.853238226944297651e+01
1.763022257089885159e+01
2.141996053823732638e+01
3.155833118171875995e+01
2.659409601293596026e+01
3.596013625371296740e+01
2.840321000298197518e+01
3.039130739438044060e+01
3.025246632395919377e+01
2.803367927938199955e+01
3.121695679016376346e+01
2.319374953627157510e+01
1.871811572750697650e+01
2.373066108725688395e+01
3.370956759921111257e+01
1.494340315060170354e+01
2.657576202176378999e+01
3.789800846439347026e+01
2.851724786983120552e+01
4.065022995274124895e+01
2.147902024195153814e+01
2.975016607417951420e+01
