3.963545479969699414e+00
1.333324081007823381e+01
1.084466046462887334e+01
1.617860159322020763e+01
1.329258878409840428e+01
2.444682526234887909e+00
9.457605717649155253e+00
1.869519764088177283e+01
1.222545526802726990e+01
1.208049889092700369e+01
1.428496490361355598e+01
1.177207586600076894e+01
1.051231637050854495e+01
1.854945651893065417e+01
1.048365373384859822e+01
1.392264107627058500e+01
1.234856251602501054e+01
8.813224317940232311e+00
7.276928620758492450e+00
9.901432626630397138e+00
1.755135642680184560e+01
1.504104464931373109e+01
5.022847248286381294e+00
2.258877431657964507e+01
1.428149504755287325e+01
9.168152964653376813e+00
1.497616558435749745e+01
8.798443176980892844e+00
7.218143125001057925e+00
1.709341387868495943e+01
7.231278915138439345e+00
9.240885888781978252e+00
1.607648119883023341e+01
1.455255987389974948e+01
1.155011180683665373e+01
9.161327835787311358e+00
2.086559470278675477e+01
1.056778697168033609e+01
1.727224115160720785e+01
8.338734468359687568e+00
1.084293253908111865e+01
1.221359230591559530e+01
7.832196486227755550e+00
8.125225836769978116e+00
8.900990452481487125e+00
1.298146699950076233e+01
2.429378939573434337e+01
8.534195199063658421e+00
2.039794841057391750e+01
1.124726873786372039e+01
1.144655657701694729e+01
9.573938597062520373e+00
1.018236512471137623e+01
1.172931268974816810e+01
2.182216612135157874e+01
3.317399440943532340e+00
1.379210538444261402e+01
1.636062586285454756e+01
1.061534584297952399e+01
1.997711524640615721e+01
9.518068347979196986e+00
1.050041426928756927e+01
1.399885916146843812e+01
1.406151821050343642e+01
9.709152593051584290e+00
5.777529192790367141e+00
1.482309571498732836e+01
1.240021668155485557e+01
5.505726073382482433e+00
1.007631604734068631e+01
2.208281185866869123e+01
1.403010899340628015e+01
1.361380243439399251e+01
1.524260631003891575e+01
9.208090154005075689e+00
6.414398843679760986e+00
1.286948497898949562e+01
1.922274402027679230e+01
8.352729784097437715e+00
1.696525511357823035e+01
1.030672530602503478e+01
1.080340022064982364e+01
1.869592716781596309e+01
1.871077674127014490e+01
9.739454859005334697e+00
1.035383562868855556e+01
9.256781398275670369e+00
1.508154134217015319e+01
7.924645474059529349e+00
1.324711154867345542e+01
8.345915594339340160e+00
1.570855849182689390e+01
1.140833238898036761e+01
1.256762616317941195e+01
6.161839609905669590e+00
1.863116896931546407e+01
7.995979368806080956e+00
1.551403114110576809e+01
1.045992677947524818e+01
1.555111692200096662e+01
1.845892014823664695e+01
1.131539960663076627e+01
1.625878227441593893e+01
1.452244532599801730e+01
8.235198111482882055e+00
1.116055839288747897e+01
2.022776832574719563e+01
1.261556445114782576e+01
1.892390968271641327e+01
1.770346272255384434e+01
9.194903033600263953e+00
4.983356824527764850e+00
1.356969806373078136e+01
1.327088455662711297e+01
1.813776563839927647e+01
5.599719215186771848e+00
1.265065849575474211e+01
1.790285897654240799e+01
1.298494800436726138e+01
1.422925490503354773e+01
1.345668564504316578e+01
1.116942817232494001e+01
1.662981274992696257e+01
1.869877703813923020e+01
1.508034109938892797e+01
1.668243034377927003e+01
1.266751740597214493e+01
2.014793231448054911e+01
1.714495722454271132e+01
2.073690012486946799e+01
1.413954751561469259e+01
2.174758012218612535e+01
2.276843037646736079e+01
1.645013514683395783e+01
2.002588536704765687e+01
1.778416120247602095e+01
1.666059254047296534e+01
2.129726208700986589e+01
1.997284506685397432e+01
2.150659782964268985e+01
2.994796061324803915e+01
1.831835492510971619e+01
2.232026392262205050e+01
1.496312690142580415e+01
2.424108240781778534e+01
2.004163891577470125e+01
2.585576410920156576e+01
2.735644792338392151e+01
1.499798657901794918e+01
1.339854624148627416e+01
2.609157618867147121e+01
1.477496158690207650e+01
2.717249314082438261e+01
1.838594723791155872e+01
1.756582237522993850e+01
1.051153905826668833e+01
2.106203830700520641e+01
1.993587739056262720e+01
1.939686536263491590e+01
2.193797172385162852e+01
2.950049699492916488e+01
1.886564969700305738e+01
1.893633309825343147e+01
3.208200954051405063e+01
2.158148790212749901e+01
1.873843870452738614e+01
2.104179547224851632e+01
2.216732338468636954e+01
1.944288510908887346e+01
1.730039806933970681e+01
2.039301445120671374e+01
1.270010256835271711e+01
2.941571513772044355e+01
2.636005546179783465e+01
1.623073811413185652e+01
2.098310707203540204e+01
1.930587651299418894e+01
2.581240765587964958e+01
2.128177087591032901e+01
1.897188219336409887e+01
2.557478603572905573e+00
2.434812897263575238e+01
1.900186067628714071e+01
2.056023404941732124e+01
1.959984387710954934e+01
3.354197880964550649e+01
2.649147965098353907e+01
2.746292655683177841e+01
1.510686666709796810e+01
2.468603768773902729e+01
1.110841343805802239e+01
1.985843151985855215e+01
1.708636259490465648e+01
2.374579143721792107e+01
1.699918963899096269e+01
2.840166502717548624e+01
2.051341910065137597e+01
2.372982769067339603e+01
1.657005984641651253e+01
2.465778240854389480e+01
2.311740174724734942e+01
1.716912531268319952e+01
1.435277513780283876e+01
2.361230399870571972e+01
2.700400132902940697e+01
8.919775766450792176e+00
2.635746144685835546e+01
3.251793554847880330e+01
2.216522961196323394e+01
2.247398971833887416e+01
3.215425894680685559e+01
8.232186953796361450e+00
3.108316542116041958e+01
1.923217494658792148e+01
2.534966504943574961e+01
1.041703219353634324e+01
1.891585606367322825e+01
2.680162293970511200e+01
2.448179541480036647e+01
1.914301285057038626e+01
2.550587093179769482e+01
2.468967555258010904e+01
2.731969188518984382e+01
2.373866609012383933e+01
2.153577149265360902e+01
1.647507799072024426e+01
1.670979559561373762e+01
1.988141454676858544e+01
2.171052467233668182e+01
2.808395156306619356e+01
2.241428560936786596e+01
1.901217155670748582e+01
3.539677702589669650e+01
1.862675406723601412e+01
2.369675879738948865e+01
3.963993384208072257e+01
2.480276895586226615e+01
2.669479529757857250e+01
1.927691564716912609e+01
2.272711632716541175e+01
2.129777600369858703e+01
2.004651896750356954e+01
2.495243899866025927e+01
2.501146817774722564e+01
2.185212068758069393e+01
2.508842553103566431e+01
4.293994778909544152e+01
2.632152560738033031e+01
1.792220568151773463e+01
1.683868664950333383e+01
2.651865440587231149e+01
1.132387361311941731e+01
2.902963865217748918e+01
2.124464675981835526e+01
2.827854114334088820e+01
3.536197609547703991e+01
1.873512994609768612e+01
3.480299711334600943e+01
2.619158750394047885e+01
3.215791794313733476e+01
2.645244668966783408e+01
2.204425547193483936e+01
3.113265776340941215e+01
3.415637744806758036e+01
2.389189858592951765e+01
1.706281589108265706e+01
2.899460170363681755e+01
2.727359284785395843e+01
2.566814506322371514e+01
3.061769152948508932e+01
2.040972591848205653e+01
2.988445392102761033e+01
1.727279477319769896e+01
2.769436921281262443e+01
2.414727392851613885e+01
2.530123951871663124e+01
9.755123957555987602e+00
3.352551526418761085e+01
2.717951579649770011e+01
2.133180222613029287e+01
3.733508139503935297e+01
3.878378496952912968e+01
3.274375812412061748e+01
1.756222287314572128e+01
2.464771784120827292e+01
3.351977087903500063e+01
2.801500552549727274e+01
2.364493524515370027e+01
2.995128698174316639e+01
2.917894169766790213e+01
1.698024887223611401e+01
2.384336685929668320e+01
2.843498137588743191e+01
3.213005412816333717e+01
1.903823439628385117e+01
1.572696915910149151e+01
3.830910111084270397e+01
2.815169688421559258e+01
1.774876549521024671e+01
2.893399768179621745e+01
2.183803321609082460e+01
1.997882071079080291e+01
2.362884186529190345e+01
2.838775747608099209e+01
3.473554370542774450e+01
2.513541628698685670e+01
2.820319847676945457e+01
2.987947048787867033e+01
2.773044996430389730e+01
2.615178576941148947e+01
2.737952967915576252e+01
3.341050747633430262e+01
2.881399014652923896e+01
2.438732382601086712e+01
2.584888203856252176e+01
2.843804773774650840e+01
3.374751201101035036e+01
1.140955073676243536e+01
2.867931349482415726e+01
2.448122246356622611e+01
2.322948129229911629e+01
2.471698619895179050e+01
2.025174777581934293e+01
2.412718613948752377e+01
3.584492763444173846e+01
2.570398815104927337e+01
2.461700073821628365e+01
3.373034227406633079e+01
2.128847749995107463e+01
2.901358322099557796e+01
3.195552209877484984e+01
2.859581963020071527e+01
2.893317334847415623e+01
2.351659438509621936e+01
3.133730910123780689e+01
2.846827676243312766e+01
3.000849817440051481e+01
3.413796753700146525e+01
2.641316930993967560e+01
2.567619921308202535e+01
2.016846639010532627e+01
3.107488100291636712e+01
9.710106575528390849e+00
3.434166718928145201e+01
2.543764371020252923e+01
1.954812474727387439e+01
4.031601334891934840e+01
2.049050145264276779e+01
3.255194077897689198e+01
2.210778647145593823e+01
4.571928041112528263e+01
2.981383282095051968e+01
2.701381311263264351e+01
2.096221900343051203e+01
2.006433307686336676e+01
2.797173838627124809e+01
3.052287565491695887e+01
3.535445599257093363e+01
2.931818517967232296e+01
2.899934725340812491e+01
2.946688444134279550e+01
2.844822947809926461e+01
3.234166004882243328e+01
2.376679751917566108e+01
1.941991635804719962e+01
1.983928595521263816e+01
3.404650246822001947e+01
1.902650567284180738e+01
2.574228494033789616e+01
3.633901163942821455e+01
2.841969239396632219e+01
3.968759842980207964e+01
2.314449540481737699e+01
2.885239458747572527e+01
