6.415096842447550074e+00
1.079002069683466303e+01
1.272905611307375828e+01
1.932058736505295826e+01
1.341152795268198794e+01
6.871372679714660148e-01
7.365374263909319374e+00
1.607506417215414984e+01
1.611232598934718752e+01
1.354538189160754236e+01
1.456900481353380172e+01
1.439275974061739660e+01
3.844913406868758488e-01
2.033487323898122412e+01
1.554198605959036605e+01
1.347918494485602281e+01
1.560567325041435360e+01
3.982134621309019185e+00
4.203089276308028310e+00
1.069905280844321638e+01
2.208842550797356097e+01
1.399391005085650264e+01
6.106329358689246867e+00
1.982811042130526147e+01
1.365435845680526761e+01
1.012259863620380074e+01
1.593834298443380249e+01
1.026585560350166659e+01
7.872815709418742536e+00
1.568622350672207943e+01
5.059780697020869411e+00
9.343946943023643925e+00
1.670314194756443271e+01
1.651746324918724085e+01
1.277565074203349660e+01
6.712052659478693784e+00
1.944766130642566537e+01
9.373189583716690976e+00
1.903833490369227022e+01
1.121008493183373922e+01
9.824967577299153376e+00
1.113564375724091171e+01
5.379304731268007345e+00
8.842649705142269667e+00
1.020421013177849545e+01
1.437880171418158781e+01
2.365207416032447441e+01
8.839394645196797740e+00
1.646512021809559556e+01
1.507514906434989221e+01
1.174260045593440438e+01
8.934052594792280644e+00
1.088088411998148075e+01
1.110366689796968309e+01
2.065370655452249693e+01
5.562625943697013575e+00
1.150515304470952316e+01
1.797510359366951604e+01
1.176507056121731765e+01
1.412082593256404905e+01
1.659800765888632057e+01
7.250044014554434924e+00
1.183588202669070633e+01
1.836875217320276477e+01
5.887435368649582834e+00
7.960479059115044720e+00
1.462698482810843359e+01
1.213029199571659156e+01
3.299675245762102804e+00
1.322715475394990392e+01
2.081814772786037082e+01
1.534301591936089260e+01
1.101450252932704110e+01
1.773087099744945050e+01
9.631910282071579843e+00
4.695859206934755115e+00
1.247010806720296294e+01
1.980797892732624277e+01
9.607376679726394642e+00
1.837688980090852198e+01
8.242367824032459822e+00
1.033554995894854756e+01
1.775394278624625954e+01
1.626293506997275173e+01
1.717909084844300693e+01
8.981777777510361105e+00
5.227892689679926264e+00
1.551668212408959668e+01
6.494233882109877065e+00
1.547225430319167394e+01
1.137578432010151985e+01
1.381135601465390828e+01
8.109355920821661456e+00
1.435530803467482919e+01
6.351310722670000963e+00
1.868144379864833837e+01
1.025366291536249896e+01
1.405034249739236429e+01
1.071442678048254926e+01
1.415919132383938006e+01
1.672913073709479903e+01
1.318160188032172542e+01
1.977115488496915319e+01
1.361202976674701581e+01
8.219451430107787004e+00
7.898241382790288867e+00
1.705780460110219465e+01
1.740274827129828594e+01
2.007202402353639670e+01
2.037326094609667493e+01
5.894958320715134370e+00
-6.034128667697412629e-01
1.644030978953768951e+01
1.437348671108104270e+01
2.247140969472581418e+01
3.301263258556112579e+00
1.058594637540907080e+01
1.614287311314501494e+01
1.471783222115985623e+01
1.408478430834045270e+01
1.848811039309913085e+01
7.814629544003816264e+00
1.534013765076740299e+01
1.798653188515587686e+01
1.357023945565919831e+01
1.918817910499719304e+01
1.629182546246761731e+01
1.870782356910877908e+01
1.754544114390897391e+01
1.616699283406679655e+01
1.145391347700034856e+01
2.968533186292925308e+01
1.927262668656554112e+01
2.060906512111826316e+01
1.870273293298674844e+01
1.025987693164137049e+01
1.992446754163315603e+01
2.313180420182981578e+01
2.206313325093917044e+01
2.120215513440031430e+01
2.940333781133858437e+01
1.391011522851288795e+01
2.370166712181212176e+01
1.721918789605020805e+01
2.709362107485778282e+01
1.865322344933226262e+01
2.257469229276783551e+01
2.648390482761388043e+01
1.572334926018864465e+01
1.543443525951540529e+01
2.762100806941689868e+01
1.528545372768336996e+01
2.540047408068152990e+01
1.523886863759458699e+01
1.822675721600062815e+01
1.394656123508024415e+01
1.952207123810437395e+01
2.100696777541672944e+01
1.978137884064769381e+01
1.860986365282573729e+01
2.866286019336527957e+01
2.216924780071947509e+01
1.768796560498921622e+01
3.457915008917991173e+01
2.146612553393700296e+01
1.474409379405042664e+01
2.072011518839935817e+01
2.654125162793878445e+01
1.830590593942922695e+01
1.873381404344889489e+01
1.688115715224602909e+01
1.114898456469430421e+01
3.239105555591153518e+01
2.721132542292006917e+01
1.543889614695006784e+01
2.308050785983514075e+01
1.572784647109795486e+01
2.587530174330657218e+01
2.483638202853678223e+01
1.523532282225458623e+01
5.683740614486302078e+00
2.111909654931328006e+01
2.013829229108326402e+01
2.339091153069280082e+01
1.544220528529609915e+01
3.521493782086528057e+01
2.473926885883771476e+01
3.064137113137402579e+01
1.483366347244271033e+01
2.376311594826181306e+01
9.738618689472419376e+00
2.252092623548663042e+01
1.476668588000763904e+01
2.529280721971557711e+01
1.583147796091443027e+01
2.726394663898513926e+01
2.311965186642504122e+01
2.359079538041821067e+01
1.501171928537050881e+01
2.539076373873170667e+01
2.128202881867093410e+01
1.999642707787177187e+01
1.711946594275548250e+01
1.765096609136275063e+01
3.029246756003382046e+01
5.108755418798997638e+00
2.737566147910230541e+01
3.811769117898363390e+01
1.956016885935152416e+01
1.911070188188068286e+01
3.289371488766727936e+01
9.186539477592885916e+00
3.132747228631097514e+01
2.180955306351178891e+01
2.442628132786576600e+01
8.194313436110903126e+00
1.845032131200195380e+01
2.610952924039674983e+01
2.657313237826641483e+01
2.017092194550731321e+01
2.504810408044964731e+01
2.404428062381006015e+01
2.631509647423110465e+01
2.147030405405952180e+01
2.418319617414673672e+01
2.004955180579719354e+01
1.575160000148322226e+01
1.799803040290069944e+01
1.953186604179219543e+01
2.792721410400464421e+01
2.307492869865135532e+01
2.285906213660061681e+01
3.702465841941952363e+01
1.193898350319364887e+01
2.567726195715280468e+01
3.789598333511804640e+01
2.654993591675674836e+01
3.099382970008799276e+01
1.931863001219267417e+01
1.687546835048271632e+01
2.192058702900830269e+01
1.813742896666919435e+01
2.888256726024237864e+01
2.827694344131137427e+01
1.869473887536366163e+01
2.374437360980951794e+01
4.226668479257272537e+01
2.331585900602611972e+01
2.353393909652984206e+01
1.928071047249267167e+01
2.302577343076662686e+01
1.380259337106445727e+01
2.223975262297975419e+01
2.438537177410057666e+01
2.915727929827591680e+01
3.586344533058790063e+01
2.213205029898247034e+01
3.096410099436018371e+01
2.512237324268524574e+01
3.002033979123629237e+01
2.962259905888395295e+01
2.553647390508461257e+01
3.148171734696948931e+01
2.913197643324513564e+01
2.251008450755793788e+01
1.678495885462314874e+01
3.253007360698551054e+01
3.052096447457468997e+01
2.303879250688856217e+01
2.797866387193540660e+01
1.912135353093323431e+01
3.001970945872926322e+01
2.139107951899046611e+01
2.839317781497100768e+01
2.212398046440319632e+01
2.686333598893426711e+01
5.091184238957131569e+00
3.563969477627427551e+01
2.889101611922067647e+01
1.986130591585877525e+01
3.865312098443957467e+01
4.145288056156279310e+01
2.726121761373464025e+01
1.723073998312708355e+01
2.773383542360889109e+01
3.464690265266531810e+01
2.800101760404818307e+01
2.257029137210095016e+01
2.585343908870607876e+01
3.142627928725852726e+01
1.871183284619592513e+01
2.472638678281861857e+01
2.876659536533121297e+01
2.869866802448686016e+01
1.715723789806089528e+01
1.977958523910881183e+01
3.816657184943097292e+01
2.762745848698435580e+01
1.938647800748519145e+01
2.611762921297678730e+01
2.381157178457756629e+01
1.843065567079607447e+01
2.544901662092478745e+01
2.688090015377549236e+01
3.357700498783548682e+01
3.084174420198625910e+01
2.293356984315422054e+01
3.100547509207232011e+01
2.874539802962557289e+01
2.507074971423650922e+01
2.709867457152170900e+01
3.554221794422107195e+01
2.539297274112760050e+01
2.686380932281299749e+01
2.548229813981443570e+01
2.695689591162478393e+01
3.592274995884996969e+01
9.405035801276143914e+00
2.759232200032701599e+01
2.865599492010214533e+01
2.032360606237732625e+01
2.378893784720037985e+01
2.344852730393641949e+01
2.007282005965281613e+01
4.140901086648533180e+01
2.290480688725881109e+01
2.446059253107357634e+01
3.314628383947965062e+01
2.027839545322662929e+01
3.122844451864255433e+01
3.297107618904617965e+01
2.921112867933533863e+01
2.687029819051472757e+01
2.139602911197386703e+01
3.128346605613374720e+01
3.103856401928654662e+01
3.123278526039301539e+01
3.397721952252159383e+01
2.429230969328243006e+01
2.370009745726949646e+01
2.116220197468590314e+01
3.266894516609751520e+01
1.077470152142742776e+01
3.413310964640569978e+01
2.323021923917401566e+01
1.870729824353141169e+01
4.132886505475800476e+01
2.103045132087137503e+01
3.525323624952380897e+01
2.207245291405024190e+01
4.248030117092856983e+01
3.008962200560490174e+01
2.754270209170299566e+01
1.807341004628486303e+01
2.764409968454517852e+01
2.729275748731504692e+01
2.620997507809924443e+01
3.308134319807003010e+01
2.963437187414397656e+01
3.063930757548839168e+01
3.523299979503659785e+01
2.548757264025033464e+01
2.919423838578424579e+01
2.243912995958677925e+01
1.824830849712989433e+01
2.461894323768549953e+01
3.700201572135759420e+01
1.424058613694234054e+01
2.548341129249308068e+01
3.565378894324334880e+01
2.642703755200419380e+01
4.575588994130462339e+01
2.126145090177912422e+01
3.153302743127179397e+01
