6.092048633067408403e+00
1.583756833183668533e+01
1.148829760207840778e+01
1.949903484038461698e+01
1.200910321894910915e+01
-1.693226367518364084e+00
4.801506491238872520e+00
1.755110278442295169e+01
1.950108672784061525e+01
1.507279274093821897e+01
1.392734177265248086e+01
1.530837393035160154e+01
-2.504242165975326451e+00
2.149965861612399820e+01
1.168167993645448099e+01
1.340015101664386243e+01
1.753281009069477037e+01
6.510160073351599408e+00
6.754862774854801799e+00
9.381669712982814602e+00
1.931591001001824992e+01
1.318462632564117598e+01
5.555242350112609806e+00
1.992085263751460289e+01
1.477366207124767072e+01
1.199873380614294049e+01
1.687960130004431036e+01
9.588072277584860359e+00
6.761987913999341515e+00
1.323258494967972432e+01
3.934580415653938790e+00
9.923156081794559213e+00
1.946896675212418870e+01
1.771564498320536885e+01
1.309566672323676784e+01
6.303071486545751334e+00
1.866576374192694843e+01
8.097313000692118123e+00
1.743314239437123447e+01
1.085027086393407458e+01
1.119589351950426170e+01
1.353086171993559006e+01
6.998212094613569079e+00
8.119616660028130539e+00
8.289839092487291339e+00
1.314944480677491967e+01
2.324446517585135652e+01
9.006086806818137447e+00
1.887883554384306706e+01
1.335885754414588256e+01
1.466827670554016017e+01
7.785908645065112488e+00
9.773023344487562269e+00
9.293160686866679399e+00
2.102405211056528955e+01
5.427374796191142714e+00
1.265458955194809043e+01
1.902829781664215147e+01
1.300655632012450447e+01
1.255337521713304128e+01
1.788728689325807863e+01
3.581605270242569361e+00
1.288504747410556206e+01
1.787708831276979282e+01
6.490154410642142047e+00
9.732633007105720324e+00
1.493324222314183558e+01
1.230819691545752192e+01
2.698863107611561674e+00
1.164164458429407745e+01
2.052517252785235868e+01
1.598239612243861352e+01
1.300566317784730330e+01
1.484184709929538215e+01
1.209913981772298541e+01
4.309086675234452990e+00
1.099821342559794957e+01
1.966830274764376796e+01
1.040283373042081649e+01
1.839463332696078623e+01
7.060049712786411469e+00
1.154123982763247191e+01
1.905493896866733650e+01
1.502023744710180786e+01
1.846325891807507347e+01
5.520784822741505060e+00
7.330799040543388045e+00
1.541821715180900654e+01
6.498903911740487871e+00
1.588737508317289482e+01
1.067460227354785474e+01
1.476205861530808505e+01
8.761194305827039841e+00
1.302518112010455553e+01
6.090422698467524043e+00
1.982110501738352681e+01
1.025330813952694164e+01
1.272527836057095918e+01
1.047685795405155140e+01
1.502358740938798576e+01
1.546592681094593935e+01
1.481700762786114822e+01
2.026120091290396275e+01
1.397212324699455621e+01
5.336402095041425930e+00
8.833209044843391311e+00
1.778239526313489094e+01
1.767932474949387256e+01
1.945955437634975382e+01
1.988075960621161187e+01
7.080772273772151237e+00
7.869669744866730765e-02
1.611363095083926922e+01
1.301647229121979521e+01
2.139703990379786802e+01
4.544534821730253249e+00
1.210536609427195920e+01
1.585017506373713836e+01
1.454614266429359404e+01
1.498923641554141284e+01
1.660467383665373475e+01
8.596015367839985544e+00
1.247947677473386108e+01
1.908112856077605457e+01
1.398530197424474153e+01
2.146963628925921697e+01
1.684946027606875774e+01
1.846274675283742539e+01
1.485206745156927255e+01
1.573040971180992642e+01
1.172705638024377350e+01
3.116929739708622904e+01
1.708445801492390359e+01
2.350491346821435457e+01
1.843201719878349465e+01
1.150559674655951348e+01
1.931385023674472023e+01
2.039470566574561516e+01
2.106974245200383322e+01
2.218752363691069718e+01
3.134983204055227546e+01
1.511553657850026866e+01
2.379124326948556245e+01
1.690001951919583334e+01
2.486956716395404854e+01
1.977132166319999484e+01
1.920901208589519626e+01
2.639695530688963032e+01
1.867344890515764178e+01
1.720544310790410236e+01
2.885031474640869575e+01
1.357736870190542078e+01
2.442140464028337732e+01
1.286290331790309160e+01
1.831951573531703659e+01
1.528505989971669088e+01
1.806206141674656251e+01
2.510980826138994360e+01
1.924632159791065078e+01
1.965533817701648900e+01
2.757648087760786026e+01
1.914298041266823702e+01
1.681963504914876495e+01
3.499793968935838961e+01
2.347755001631649208e+01
1.730545352131344927e+01
2.115960071889984206e+01
2.473980250315593210e+01
1.706999295830622287e+01
1.816022566973156316e+01
1.502711719200735097e+01
9.825174827220552132e+00
3.675390782942229606e+01
2.856977383833469020e+01
1.693297405144041434e+01
2.058950258643840314e+01
1.609752565661108292e+01
2.252545179873827763e+01
2.435728166712041087e+01
1.552918170324094405e+01
7.039557538107654722e+00
2.373719344600727155e+01
2.089575986427167464e+01
2.348699077885213882e+01
1.375706415822987871e+01
3.299631170458786755e+01
2.382393107904455221e+01
3.055993695758505879e+01
1.661723030427553738e+01
2.696603088002757076e+01
1.045297618447053623e+01
2.011207044831754942e+01
1.438729633557631615e+01
2.268011618917563865e+01
1.579442043088586622e+01
2.625999014394901465e+01
2.639256647605467521e+01
2.552284727782966200e+01
1.555969247813028389e+01
2.403701360263296749e+01
2.117604136187925690e+01
1.752489019918363056e+01
1.530344563511269662e+01
1.724951631560549004e+01
3.437008639758185780e+01
5.394440014695933705e+00
2.970778834444209338e+01
3.711367396414776465e+01
1.754412229757006969e+01
1.810247287010019335e+01
3.190509511419396915e+01
8.917515615628191838e+00
3.263497994630405685e+01
2.464450355935497328e+01
2.531712119560937424e+01
6.532023460637677026e+00
1.772104580761575932e+01
2.283652429483183610e+01
2.730876208287833862e+01
2.101397539607148701e+01
2.558769201544044236e+01
2.671410038360996353e+01
2.548204592527897816e+01
2.244240599271861569e+01
2.242331487256089773e+01
1.936276500395215194e+01
1.268534769564364240e+01
1.782708375538466328e+01
2.412872408151622494e+01
2.733779142652995020e+01
2.562641184760306956e+01
2.132154132134649771e+01
3.531459899641330225e+01
1.175410365403125290e+01
2.487520684369051338e+01
3.772650980797025966e+01
2.721245332702519093e+01
3.257202144040797975e+01
2.037871411195444793e+01
1.671524644738909515e+01
2.001652356691683465e+01
1.584914739488463908e+01
2.947226187901409489e+01
3.076601267420910801e+01
1.723172547350133144e+01
2.562076773659049778e+01
4.130561379670511712e+01
2.565408510588555657e+01
2.104118259006072833e+01
1.940071786501426132e+01
2.022594046585696503e+01
1.419241414487319908e+01
2.488612019590046742e+01
2.500920905986956910e+01
3.012757524689270738e+01
3.465367144583109393e+01
2.134007898563577044e+01
3.098607671094281457e+01
2.483755568268842495e+01
3.001520759093148882e+01
2.959962435386432134e+01
2.549431545334675775e+01
3.264513699988628304e+01
3.016156877300424455e+01
1.995247667714629003e+01
1.614825303889707442e+01
3.295001025255228200e+01
3.289023347208418357e+01
2.173315560159305448e+01
2.719989904634789823e+01
1.976274527613678345e+01
3.152178487570090226e+01
2.026704332533108754e+01
2.767969806521195508e+01
2.142402677697855040e+01
2.728221841947454607e+01
4.854247897694252245e+00
3.807574452862999692e+01
2.764261994994895844e+01
1.952984784599306423e+01
3.895414584091904686e+01
4.148671393493594906e+01
2.756922214766042245e+01
1.723947895210249115e+01
2.710634493925120836e+01
3.331340612364392229e+01
2.888931818094792803e+01
2.387505455539631427e+01
2.413006948541561769e+01
3.212871567075313095e+01
1.930086241475088116e+01
2.542154042428295924e+01
2.881606488843139502e+01
2.534519492054639755e+01
1.944050928965378944e+01
1.931702145974542617e+01
3.939108742769784755e+01
2.591279693093204983e+01
2.111987177255803516e+01
2.597508165679867531e+01
2.161063185745453552e+01
2.113176982873685006e+01
2.309003190893788116e+01
2.735433215947431052e+01
3.466062032766770074e+01
3.122860729758415488e+01
2.357384798696466177e+01
3.082389527131440587e+01
2.765679254874640591e+01
2.322576179740387659e+01
2.707890132750940282e+01
3.639845640576452013e+01
2.578755755598066202e+01
2.835871438378447706e+01
2.615549972004154711e+01
2.597545272215155521e+01
3.641221230639959572e+01
5.952487745970175048e+00
2.935620063400481783e+01
2.727206657794470601e+01
2.270484866422448178e+01
2.292017642101282604e+01
2.598764690521829834e+01
1.946673212944725506e+01
3.892711745803174495e+01
2.345797596846134780e+01
2.291598328473547852e+01
3.392851745260771423e+01
2.167932518768787986e+01
3.235723368165947988e+01
3.359680996690948263e+01
2.874759152852298172e+01
2.547481853960236009e+01
1.972721781156199583e+01
2.995778311504655633e+01
3.128617409998557974e+01
3.397140042745638766e+01
3.594431174985297162e+01
2.460773174087233528e+01
2.212295325379422550e+01
2.040490640171454473e+01
3.174215597685351398e+01
9.728062386374730863e+00
3.367112517635364100e+01
2.481397158582617735e+01
2.065929633780553942e+01
4.268356327734810662e+01
2.052536361216597882e+01
3.360531146629931953e+01
1.924195464613704232e+01
4.286471161786914763e+01
3.078672804620794423e+01
2.898898218874500188e+01
1.983395387360065953e+01
2.813165638838155047e+01
2.662898620481119849e+01
2.465986335448804212e+01
3.174534291452899382e+01
2.732842146025467756e+01
3.052056876809868413e+01
3.944654060008757313e+01
2.772503141569870522e+01
2.904333402757265148e+01
2.100155535155610664e+01
1.596142539470227639e+01
2.630052601286268654e+01
3.326886945965670606e+01
1.514715091211482978e+01
2.575107956485697969e+01
4.019037191581656288e+01
2.626006662142835069e+01
4.559433011622201093e+01
2.042072389275082145e+01
2.637974001595759788e+01
