1.386066956564270924e+00
1.234664388872127816e+01
1.124083824796226061e+01
2.087278975601292075e+01
1.037069776611683380e+01
-9.956538077112830898e-02
9.759454237606007609e+00
2.632470957646780718e+01
1.104718476190885212e+01
1.210522281068413442e+01
2.146533911958945140e+01
1.022373187355512059e+01
-6.180582248016937896e+00
2.204225882980835749e+01
8.487805986815008197e+00
1.435655736956301354e+01
1.588253317269900400e+01
1.074713806050893439e+01
7.149089786552266901e+00
1.737920487095971467e+01
1.549156006163516430e+01
1.225228724050632145e+01
3.735816463845566204e+00
2.255280971345331054e+01
1.094355444875009731e+01
8.811533868749503284e+00
1.625799635323559755e+01
1.067414347615722114e+01
5.377902741052361435e+00
1.561561250856739314e+01
8.509809995023552176e+00
1.546062593836435362e+01
1.444129339144881286e+01
1.620823436051697186e+01
1.614597254345397559e+01
3.913745701435381363e+00
1.531537675106777741e+01
7.311378051955503388e+00
1.565962696048134184e+01
1.052331356452007860e+01
1.089346857181779882e+01
1.647910786222083601e+01
9.083913301103811122e+00
1.274548936827328660e+01
7.309003945490591292e+00
1.146865658393306830e+01
2.197436505816629548e+01
9.523194490536788237e+00
1.696054857937353688e+01
1.072066677457738137e+01
1.354781624958003228e+01
8.031057273047725431e+00
9.435436688601589239e+00
1.241612971046097691e+01
2.495858140680159920e+01
5.806322020307716159e+00
1.334698241410722197e+01
1.933203507156983747e+01
9.746631062977483495e+00
1.363834980062443769e+01
1.543422272963907638e+01
8.745768363064575501e-01
1.298793513429701818e+01
1.590133970103337191e+01
8.093936391369370043e+00
1.085947513245150731e+01
1.916339218778168885e+01
1.216547406527682007e+01
5.580285577368279348e+00
9.323222319177483897e+00
1.989319834592277303e+01
1.377505544691851647e+01
1.332256219182268708e+01
1.300940695151209958e+01
1.059300881893873303e+01
3.109955273055642788e+00
1.281997496280427562e+01
2.261295908389692499e+01
1.338399413448492226e+01
1.397554787817637312e+01
1.364193399451819921e+01
1.275998103436466380e+01
1.123396043002131783e+01
1.791954445549155750e+01
1.756838663116942811e+01
1.424136555793299452e+00
8.449805809657080502e+00
1.268182204041182715e+01
9.450734351051146120e+00
1.569121331903139804e+01
1.584413492113372968e+01
1.117521404206973479e+01
1.405400068136890646e+01
1.121995998003487394e+01
5.664339003791257099e+00
1.532577313603657920e+01
1.221963758277112255e+01
1.203841466803602245e+01
8.704785677621798001e+00
1.236364851837550205e+01
1.991982482303830793e+01
1.661018463705102022e+01
2.160175950855736104e+01
7.523322741005234349e+00
1.544332789930440342e+01
9.752274451524616694e+00
9.379944942994558943e+00
1.951150352085369732e+01
2.034018062986340780e+01
1.585714802114702238e+01
7.563299994788089009e+00
-1.763603091355656627e+00
1.907067751884842011e+01
1.264283504909138678e+01
2.533006017924001441e+01
6.283275480473148322e-01
1.684006759457781754e+01
1.605500597668133977e+01
1.368500205831422534e+01
9.540127024303378889e+00
1.889922631546233234e+01
9.382841764951001196e+00
1.043547435564305204e+01
1.598209921582726167e+01
2.003063414836161726e+01
2.195702229738244426e+01
1.556887526681899026e+01
1.403292358984565702e+01
2.431218459024137601e+01
1.594685784890714331e+01
6.434753363766870571e+00
2.985834224293891381e+01
1.907178755845632168e+01
2.119455326317741140e+01
1.696631151929512882e+01
1.193184522568358474e+01
2.094757404192431594e+01
2.083652525669877775e+01
2.197918534869621965e+01
2.084904006264485687e+01
3.296463018996112027e+01
1.803690835163743955e+01
2.216232367601255859e+01
1.220939930511576321e+01
2.600321069503903360e+01
2.202224803534456754e+01
1.697772583058538132e+01
2.459203279792872365e+01
2.389021531215284000e+01
1.711823930399860672e+01
2.445851879975473153e+01
1.433871692375224072e+01
2.916759086088814712e+01
1.307805391587660715e+01
1.760050192371343769e+01
1.093350233103626223e+01
1.974148008993659076e+01
2.537088036372533395e+01
1.590950821854321617e+01
2.247891579038612164e+01
2.735781134464860642e+01
2.054407606111804796e+01
1.445828586280435957e+01
3.714855724399141224e+01
2.146127973535785571e+01
2.207944014305177660e+01
1.912182215694680920e+01
2.219656909096229569e+01
1.612983245869671123e+01
2.117844643029994600e+01
1.319734696016170261e+01
1.069466579686022989e+01
3.862738435704005013e+01
2.867552536840324251e+01
1.045777060194760288e+01
2.675488760612573458e+01
1.439405449341459331e+01
2.373408595328727344e+01
2.721255031582746042e+01
1.024347181180679378e+01
7.014842324326220790e+00
2.605542724316149261e+01
1.738064519425953947e+01
2.735562839962451420e+01
1.223871723949084966e+01
3.452478690445273912e+01
1.966916239425156476e+01
3.465893909656101357e+01
1.279133691373884574e+01
3.136574373636402413e+01
9.000413883051084696e+00
2.022853429023870930e+01
1.155120957840063234e+01
2.509815318682328922e+01
1.557237524837017340e+01
2.978109183228261969e+01
2.389702132586547023e+01
2.566160298348938085e+01
9.798387023845986477e+00
3.231338174049813716e+01
1.472594664579695767e+01
1.986130417382202040e+01
1.953370792770466124e+01
1.368877384146698617e+01
3.215110104369528443e+01
8.117541862467021474e+00
2.843716061979801069e+01
3.992057499903503270e+01
1.595235920357218617e+01
1.849838596132000390e+01
2.824239343094553689e+01
1.209532592783272165e+01
2.988884205665399918e+01
2.627725734546658387e+01
2.553444085234627892e+01
8.828730587328955437e+00
1.419996219823555528e+01
2.322685989653169969e+01
2.994781703739105438e+01
2.559927619478658656e+01
1.988172893867482216e+01
2.571716790335443648e+01
2.378471158733293578e+01
2.774966851066876217e+01
1.539592451726642253e+01
2.170795189652274004e+01
1.646369656699755879e+01
1.758895628946207168e+01
2.049379167952498904e+01
2.869911367140509739e+01
2.818794630694058156e+01
2.150360410953816626e+01
3.470587260945021768e+01
1.020597021686052130e+01
2.336741105961445797e+01
3.771193179085481262e+01
2.753038960131146240e+01
3.037442284524852454e+01
2.270523576099562746e+01
2.009218044042964024e+01
1.742026481829236673e+01
1.368644336123621486e+01
3.521704327203062945e+01
3.422160389455021345e+01
1.092265872529200976e+01
2.235217354127076206e+01
4.534784126013525452e+01
2.429964014174840514e+01
1.743908549150402365e+01
2.018862952620351336e+01
2.286203943278921713e+01
1.709155735265574805e+01
2.145785831660936083e+01
2.432450804339851302e+01
3.601091591387263691e+01
3.223928776002975383e+01
2.187975062117772751e+01
2.775052594474119161e+01
2.551209243463953413e+01
2.658639389976357847e+01
3.269610384164801786e+01
2.055060969123496051e+01
3.643649935310951093e+01
3.350985907644140127e+01
1.946481459711372608e+01
1.246309708504866620e+01
4.027245644915375777e+01
3.382045653682701669e+01
1.727009665732290600e+01
2.189051834355778325e+01
2.784350645418268400e+01
2.377567943899236269e+01
2.135087794690472052e+01
2.624588162256338819e+01
2.307855898187452581e+01
3.179304006908730429e+01
3.221176644916109222e+00
3.627293968570158000e+01
3.420534852394107617e+01
1.619966824166100139e+01
3.981498666553265053e+01
3.781177828744931446e+01
2.888707102457027531e+01
1.226182075507650815e+01
3.059052100851182132e+01
2.838291486313691081e+01
3.263354731138399956e+01
2.655221194016478137e+01
2.601289932300788621e+01
2.923666720893584170e+01
2.521832300936636884e+01
2.401629778404237214e+01
2.720826021754101021e+01
1.998180365887893117e+01
2.682716801139802243e+01
9.471722208347406635e+00
4.300374876891714138e+01
2.318864921838753190e+01
2.208342799557523506e+01
3.029887613099625199e+01
2.262023535749756675e+01
2.016073823524087771e+01
2.695456700892711055e+01
2.538908107936951808e+01
3.462822540342173028e+01
2.859757365521508632e+01
2.352916674468896119e+01
2.689734177210965171e+01
2.862992946596531496e+01
2.117443112328246713e+01
2.921274194542953495e+01
3.832478172702093389e+01
2.948618753604780807e+01
2.863008050651512804e+01
2.772338098727725608e+01
2.360006241224457568e+01
3.712006274380368609e+01
3.174065937513089519e+00
3.087863445167181808e+01
2.091083992956170334e+01
2.503418444102436524e+01
2.079705928355015843e+01
2.628930423473400069e+01
2.243936868045942745e+01
4.254226957249423435e+01
2.492071160975421051e+01
2.202603346015949626e+01
3.468209662714266983e+01
2.005355590208692718e+01
3.153897050572628302e+01
3.110766172943566588e+01
2.741707380515036974e+01
2.249970649382697019e+01
2.179631505120231338e+01
2.980404064286853583e+01
3.271293597770632999e+01
3.864578243168619309e+01
4.031342678542867475e+01
2.074770921264688539e+01
2.010402001922309623e+01
2.224569858593676130e+01
3.295392387854165150e+01
3.097362500559357468e+00
3.390559819041594380e+01
2.331708970130967629e+01
2.049551109566403895e+01
4.226146995177277432e+01
2.194001224592137689e+01
3.920404501141280917e+01
2.320654229123206846e+01
3.788175985977570548e+01
3.370853869490797194e+01
2.613846747446021013e+01
2.038030829466489990e+01
2.378565010609306896e+01
2.738853626293920485e+01
1.878101334413484125e+01
3.675149526059277605e+01
2.554488399936710152e+01
3.173650826489323862e+01
4.446291080028694864e+01
3.494374009883969023e+01
2.145457280158619540e+01
1.964546973032937771e+01
1.809107251794637250e+01
3.047130673595535200e+01
2.083229527143030779e+01
2.046508407727317547e+01
2.104726059299568774e+01
4.170693824810647499e+01
2.531681171775836248e+01
4.602589416375933240e+01
2.711249841895864776e+01
3.127621594727646226e+01
