1.087518600960688531e-01
1.402613955733727735e+01
1.131888359190357640e+01
1.969114080898113173e+01
1.062506128850267473e+01
1.086259982394227608e+00
8.732279845601446766e+00
2.557032168691349838e+01
1.235402234556447532e+01
1.266401487254030656e+01
1.984002282857485255e+01
1.042410038472792699e+01
-5.148494788726907245e+00
2.185326733920155462e+01
7.022344628875131001e+00
1.604067780283354949e+01
1.603623823806277215e+01
9.023810279695965164e+00
8.080376920616608061e+00
1.838584299462872806e+01
1.380581004931211986e+01
1.252325915044271909e+01
5.122482484098025424e+00
2.157299395951761767e+01
1.026286452744019151e+01
9.848730888241840731e+00
1.638419809595574250e+01
9.872343067095856739e+00
5.561170689751823382e+00
1.635835587280182324e+01
7.832904515623985375e+00
1.495824466105515427e+01
1.535228024835020832e+01
1.656467267424624268e+01
1.508567099732648664e+01
3.974055775240779020e+00
1.605820712506698555e+01
7.114581499123779906e+00
1.481783479244831092e+01
1.154798167726495173e+01
1.099833221856351528e+01
1.539432868095349782e+01
9.651759705838731662e+00
1.336212896695843533e+01
6.278353992431570774e+00
1.162112035735658111e+01
2.287036219776753398e+01
8.739001230886673355e+00
1.707639961805005768e+01
1.074513276650101368e+01
1.371977797441280345e+01
7.878673682439425008e+00
9.487639314957139192e+00
1.243691524722364150e+01
2.485657769310062903e+01
5.730511244500347878e+00
1.358482196150474053e+01
1.936462937869691103e+01
9.608879162816439390e+00
1.349687055826450965e+01
1.565922135970439477e+01
7.114913366549575624e-01
1.312369814417296610e+01
1.587394654705238040e+01
8.111936046416957424e+00
1.081374490093361906e+01
1.914180392414975884e+01
1.215312232243914536e+01
5.603564132905530570e+00
9.295237258518277201e+00
1.995700283742527859e+01
1.355006220114794502e+01
1.409525316930526628e+01
1.205480229623075772e+01
1.074424401666742845e+01
3.681519556066558785e+00
1.270785734744969631e+01
2.189891166068902351e+01
1.387788507312088804e+01
1.436681285063716196e+01
1.313350933259116005e+01
1.247364891229435990e+01
1.204223622367390156e+01
1.762844103287434194e+01
1.716922916573075142e+01
1.391556895214564049e+00
9.498023519044593854e+00
1.163175398457587839e+01
9.366493677111312977e+00
1.669691394613100854e+01
1.523101168194695276e+01
1.053759007062345532e+01
1.511896363687257328e+01
1.103168352142483322e+01
4.842322786611405583e+00
1.584125640610468722e+01
1.326519512720943084e+01
1.050395280669839337e+01
8.738699916422286051e+00
1.350359592137454534e+01
1.965490654685434180e+01
1.541633042670414078e+01
2.250687518244994578e+01
8.269350255606358502e+00
1.434670789706669858e+01
9.269960908500863184e+00
1.082509655361029388e+01
1.921046226047033656e+01
1.938374682604604615e+01
1.605571395081197394e+01
9.076011928634166281e+00
-3.404585845670212052e+00
1.890168524704766639e+01
1.431827795367929923e+01
2.435005596633973113e+01
-3.912069733796020854e-01
1.853021329985181964e+01
1.579373101187306361e+01
1.225492989400392396e+01
1.068231357228289369e+01
1.977941116629848040e+01
7.853067719663310520e+00
1.028691949298066888e+01
1.733662224437025046e+01
1.967997785350164364e+01
2.071001957561554008e+01
1.656703565019891045e+01
1.489648548440448295e+01
2.297357544095454784e+01
1.545359837081061194e+01
7.999130411057359780e+00
2.970106640203211157e+01
1.781317744035930062e+01
2.164668987736434858e+01
1.831396004922301657e+01
1.035174706167413916e+01
2.074631087028289400e+01
2.254763786994693930e+01
2.100090560164153430e+01
1.983498267662031012e+01
3.462316897225963430e+01
1.781291333726771242e+01
2.065134289359129482e+01
1.357891717832640843e+01
2.641535699349188349e+01
2.103137178456517020e+01
1.666387281879560334e+01
2.570906009532796332e+01
2.356779259141423566e+01
1.626075409825369533e+01
2.521439477764961268e+01
1.502847423525040504e+01
2.801641474987667024e+01
1.274467026861058372e+01
1.875156964558570749e+01
1.100740019930914571e+01
1.857694033980227033e+01
2.596171398339894409e+01
1.655336294015291543e+01
2.156653704798820215e+01
2.719945781318842393e+01
2.164242921123597085e+01
1.385564798501827077e+01
3.652161042846454819e+01
2.244635414828104558e+01
2.197664297823527946e+01
1.811716757312780146e+01
2.325262898050966243e+01
1.601114410483932460e+01
2.101956452413471865e+01
1.282442081977028003e+01
1.116974284515871041e+01
3.846063128294610323e+01
2.851028926709613032e+01
1.073470885027901822e+01
2.702075349270655380e+01
1.380494903171139853e+01
2.365451617724221833e+01
2.758935399324899151e+01
1.052581935800192703e+01
6.366226959639967653e+00
2.654508162155670803e+01
1.709394813703375959e+01
2.743650462777308263e+01
1.219410554127280477e+01
3.459361524915133401e+01
1.967842548110295553e+01
3.464967600970961570e+01
1.272250856904029348e+01
3.141035543458201573e+01
8.919537654902580215e+00
2.051523134746441457e+01
1.106155520000548620e+01
2.574676855150954324e+01
1.529002770217482876e+01
2.940428815486120939e+01
2.397659110191074916e+01
2.625070844519249391e+01
9.532521137264973632e+00
3.203644349216678222e+01
1.489118274710416756e+01
2.002805724791583941e+01
1.905863087940625533e+01
1.406169998185853842e+01
3.230998294986044783e+01
8.236230216324109676e+00
2.738110073025084645e+01
4.092522958285428558e+01
1.605515636838825344e+01
1.751331154839694548e+01
2.886934024647274910e+01
1.269796380561845517e+01
2.879048890653600168e+01
2.643561087692711808e+01
2.644681959474403499e+01
8.184875865718947097e+00
1.360912857856234837e+01
2.439139964666607696e+01
2.987391916911768774e+01
2.444820847291445176e+01
2.021511258594135185e+01
2.686834401436569664e+01
2.309495427583436822e+01
2.699379253277417234e+01
1.625340972301156128e+01
2.203037461726093937e+01
1.534666926959832978e+01
1.790280930125229375e+01
2.148466793030424427e+01
2.828696737295168973e+01
2.681842843373033958e+01
2.301458489195976753e+01
3.492986762381931953e+01
8.547431434562177799e+00
2.438146844563958027e+01
3.869021153790893663e+01
2.581927698806311611e+01
3.057568601689057886e+01
2.428533392500473553e+01
1.874453191050133327e+01
1.696812820410601574e+01
1.494505347933331052e+01
3.537431911293684550e+01
3.265722684725984948e+01
1.141591820338916996e+01
2.369078269055730601e+01
4.448427936557594364e+01
2.330147975836889529e+01
1.868608821327122627e+01
2.053928582106294343e+01
2.150751640424616440e+01
1.724011221531874938e+01
2.298763236189685699e+01
2.344432319256173969e+01
3.486872936589360705e+01
3.366935992434034119e+01
2.214102558598543169e+01
2.606038023946735649e+01
2.653162695606702570e+01
2.756639811266331463e+01
3.102066093705987626e+01
2.071960196303636792e+01
3.807748210742368400e+01
3.199714714259494031e+01
1.926624866744932874e+01
1.341953088886610246e+01
4.057349770953663182e+01
3.237530492621135636e+01
1.775241020034720663e+01
2.298713834579523052e+01
2.709747893958114418e+01
2.287056376510016520e+01
2.254473215725186819e+01
2.651079989874685694e+01
2.193861157887537061e+01
3.175912583028739533e+01
4.755638506253553999e+00
3.522738214126277967e+01
3.368986525387334297e+01
1.702168445884100834e+01
4.000326312414239283e+01
3.674681533194574712e+01
2.952469499601692959e+01
1.287494399426294578e+01
2.958482038141202608e+01
2.846715553707714719e+01
3.368361536721967298e+01
2.550399423077704952e+01
2.604547898358695335e+01
2.963582467437456813e+01
2.550942643198334636e+01
2.320802199038980262e+01
2.749459233961160720e+01
2.049022832080583711e+01
2.643590303893702753e+01
8.977831269711680662e+00
4.371779619212517787e+01
2.330076683374182878e+01
2.151186371256420315e+01
3.014764093326789052e+01
2.357484001277879315e+01
1.938804725775811733e+01
2.717956025469777970e+01
2.532527658786700542e+01
3.465621046408104178e+01
2.857429509967786174e+01
2.354151848752666254e+01
2.691893003574157817e+01
2.867565969748311616e+01
2.115643146823485665e+01
2.924013509941046252e+01
3.818901871714500373e+01
2.964927303569930572e+01
2.840508187644983096e+01
2.786486022963727649e+01
2.373781431240558604e+01
3.708746843667654502e+01
2.936226390115616258e+00
3.095444522747925831e+01
2.101284364326268417e+01
2.501339890426165979e+01
2.074485665719462801e+01
2.644168782534223539e+01
2.226740695562660477e+01
4.251780358057061449e+01
2.480486057107786380e+01
2.281022671980938199e+01
3.378609948754129988e+01
1.990109212866387978e+01
3.256962045878527334e+01
3.049102213075018497e+01
2.684922740041577427e+01
2.358448567509434213e+01
2.169145140445612796e+01
2.877937253012383323e+01
3.355472814573958829e+01
3.884257898451758706e+01
3.957059641142947015e+01
2.068739913884189008e+01
2.116432156535050879e+01
2.188926027220707482e+01
3.204293702164047630e+01
3.599743777868884997e+00
3.458250366981528856e+01
2.257434633707504901e+01
2.031224314696487454e+01
4.306327036083413162e+01
2.181381050320081272e+01
3.816684799192061917e+01
2.388723221254242191e+01
3.886157561371091873e+01
3.232187267465533154e+01
2.586749556452447862e+01
2.206605830698787685e+01
2.277901198242349423e+01
2.645724912887539659e+01
2.050434112494795968e+01
3.659779019522822097e+01
2.386076356609689597e+01
3.320196962283347375e+01
4.465190229089321150e+01
3.391165263954965781e+01
2.125420429041397696e+01
2.127078602134388419e+01
1.753228045608956620e+01
2.916446915230003256e+01
2.158668316098512463e+01
2.149225846927737393e+01
1.986143522983004672e+01
4.145257472572109236e+01
2.649846066479017281e+01
4.594784881981733804e+01
2.543300275034295765e+01
3.255353104374517414e+01
