-1.430479067968538587e+01
1.833687040812797875e+01
1.064430821878116973e+01
1.596865871690293304e+01
5.937506481552401461e+00
3.168487338585361357e+00
2.238288007637574140e+01
2.604089547325828491e+01
2.072723556634548459e+01
-4.895634934261803295e+00
9.714398561276563981e+00
1.133839502549098555e+01
6.581669720974833382e+00
1.623623122889275905e+01
2.298842153241780650e+01
7.763912315596314784e+00
1.514023592118731898e+01
1.336455732103346428e+01
-2.817427377011501033e+00
5.088314910468914931e+00
2.958077160484011614e+01
2.519154107883338867e+01
-4.483992693679178743e+00
3.043691040055161423e+01
-3.421704636297644875e+00
1.486568804862785598e+01
1.391603348933771045e+01
8.317789313366596105e+00
-5.740464946468266660e-01
1.884030936646874821e+01
2.121039278679393902e+01
1.577895917784617552e+01
2.229215354587985232e+01
5.044144086544282146e-01
5.134387070605916925e+00
4.833642971546606049e+00
2.695564376465973666e+01
3.500557465141785229e+00
2.713817902267770421e+01
5.540219223445168595e+00
1.090702794484925953e+01
1.754964546910755985e+01
-2.471128997762743751e-01
2.335309704802628339e+00
1.897440002624682975e+01
2.475395828174590207e+01
1.494152908000707747e+01
1.437220767881490069e+01
5.863741234055204643e+00
1.655870384761734471e+01
8.641599562007105106e+00
9.614138157727317946e+00
1.214823345193219772e+00
1.549272187086091002e+01
3.752977441810122627e+01
7.376681518364573975e+00
1.782718025517808158e+01
6.016042710545246308e+00
1.313092641728410559e-01
1.425896441053432540e+01
2.499679881926221370e+01
5.224893142294073645e-01
1.915739030920561703e+01
1.375872622614390828e+01
9.359626576667949394e+00
9.342300926696793795e+00
1.094674342913927845e+01
5.062213952476934509e+00
1.315753691981839602e+01
2.277626399047922945e+01
1.516022973567662291e+01
1.399854365659507138e+01
6.946493103069026454e+00
1.789186268335606655e+01
3.785827781546944770e+00
8.153958980202213880e+00
2.827606860438383052e+00
2.534292483119443062e+01
2.517110716131384152e+01
1.747642247130449178e+01
1.374249777239209891e+01
2.561865740242725842e+00
3.520712032334662123e+00
1.828266503268604737e+01
2.439182174230866451e+01
5.088862709160582476e+00
8.284570592993036442e+00
1.395273509022632652e+01
1.203521748100366651e+01
1.138650366151637527e+01
8.972639665992868885e+00
8.033417581845142763e+00
1.712212824964833047e+01
2.385342968259219987e+01
4.214711284436874372e+00
1.026037436163864669e+01
1.126069174793496686e+01
1.487895533767148315e+01
2.097506317037103774e+00
1.853182360539922158e+01
9.898406334738897527e+00
1.871588886112014194e+01
3.153288608884146527e+01
1.353967917868420479e+01
1.085288831485407535e+01
2.974715587513739656e+00
3.879993156074213800e+00
1.980389231663539817e+01
2.412141365891613987e+01
2.308061252442104205e+01
1.475339992096805553e+00
2.725917647390589504e+00
2.258750901823720980e+01
6.245819854669517390e+00
1.979834200415906054e+01
1.241970094204513764e+00
1.625654760225309658e+01
2.617806942920573121e+01
1.622513190331535782e+01
-4.455566295642485741e-01
2.318619620559811523e+01
9.067368931415774824e+00
6.911279977846395361e+00
1.984083989151066874e+01
1.247062380897759581e+01
2.314339571587930777e+01
2.238591993032556360e+01
2.284472263485927002e+01
1.547716630241093583e+01
1.249637798885248330e+01
3.253117786491372065e+00
3.034880705312610161e+01
1.986106333461834339e+01
3.067355684227710455e+01
6.599952585506110303e+00
1.875658815642018240e+01
2.468435431935277435e+01
1.370063355815537598e+01
1.765666193362003256e+01
2.430551191731951377e+01
3.044611578376579786e+01
2.374069565295971529e+01
2.889273782227515497e+01
-1.378453969528754541e+00
3.455735024491612251e+01
1.783246649010463258e+01
1.915010102084947619e+01
2.287292557756272515e+01
2.119529199067030945e+01
1.716281705757867826e+01
2.707829581919477491e+01
2.568358976236184432e+01
1.723745547880934836e+01
1.257598546780022808e+01
1.665662033971588940e+01
1.186571388929675486e+01
1.788202703860904208e+01
3.533938962978373866e+01
3.640182742146033767e+00
3.030309198371141477e+01
3.050475215361852932e+01
1.424464403121942091e+01
1.125276096008839488e+01
4.216113098340462528e+01
1.887375347000078918e+01
2.193008195201501564e+01
2.950415994766277450e+01
7.036475214075179174e+00
2.737363629264781295e+01
1.317081388976793832e+01
2.232814963704937838e+01
1.619126196100846959e+00
4.222911206842231735e+01
2.751567839062886733e+01
8.341217217812438633e+00
3.965854647162205282e+01
1.058338849193073417e+00
2.566812819078536378e+01
2.828666041927309749e+01
1.171934044991108337e+01
3.052473724973402192e+00
3.474683990005954115e+01
5.685711881104293930e+00
3.471006611312545687e+01
1.413536261621672985e+01
3.038078013736724969e+01
1.767266400411076788e+01
3.995936967020286801e+01
1.142073654668108418e+01
2.503372044388076034e+01
2.163628976453561492e+01
5.896569688071479298e+00
2.361178216701917520e+01
1.429252162604124443e+01
3.085411276973137618e+01
1.396996392681917065e+01
3.363227398810960267e+01
2.344606333819892896e+01
3.195490673212649124e+00
4.507815762914584212e+01
1.965914080140386710e+00
2.373075528502934617e+01
2.232686085520615649e+01
1.558448751217882489e+01
2.673874746142831782e+01
1.416294903070739331e+01
1.933018052669094189e+01
4.551528879332314403e+01
1.626669476147613480e+01
1.721670877956049139e+01
2.779260974200737877e+01
1.675764430935540972e+01
2.996751979151316903e+01
1.483835503600034222e+01
3.826152770352188526e+01
-2.290657210695055124e+00
2.523882496903432227e+01
1.151300705227652443e+01
4.843469426842413839e+01
6.215803528481155027e+00
3.386614305306670047e+01
2.279891957132926450e+01
1.375841212105994238e+01
3.815311496465652397e+01
5.186790645514249398e+00
2.712294739460278947e+01
2.065662596784866878e+01
1.953929683911891146e+01
1.430669423376840044e+01
3.135441378775665200e+01
2.286708412337886642e+01
2.445681084732675359e+01
3.348913689087786594e+01
1.176013246063310724e+01
2.498882948209275057e+01
4.131336502898732732e+01
2.819459220581535419e+01
1.613056667369186314e+01
3.295318461750994032e+01
1.417970554099177249e+01
2.592559627167927871e+01
3.444508263521681268e+00
5.247821885806218489e+01
1.624722127216150724e+01
2.599090178430594023e+01
1.921833148830586424e+01
3.355078810094322250e+01
2.999198324937593085e+01
1.144706724654278318e+01
2.690264615742636423e+01
2.815961987542029377e+01
1.855839766768141885e+01
1.512299779628656715e+01
2.348894082628950741e+01
3.478569607563164823e+01
3.218005078846402256e+01
1.948900575946539604e+01
3.151408084284980049e+01
2.974732730622809385e+01
2.917705666101160489e+01
3.238332661378853317e+01
6.397382400984714224e+00
4.179081350177864351e+01
3.409731335413193420e+01
2.446007493621353390e+01
5.987692541482143582e+00
5.159818750891456318e+01
2.265536307476691391e+01
2.986323763314716473e+01
1.904582602649766443e+01
1.610382206144386785e+01
2.279702821764041687e+01
2.067132880091740788e+01
3.412442788552419870e+01
2.923207876139119676e+01
3.220619694969082758e+01
-2.743530728100776361e+00
3.233655893878357546e+01
3.666719786531112391e+01
1.324454015408041130e+01
3.674478839775122907e+01
4.287240214196818755e+01
3.607323399289658994e+01
1.418578126405212103e+01
2.771678704915662550e+01
1.692687738940673370e+01
3.146525395568392369e+01
3.402455865508984800e+01
2.716005911984879972e+01
2.812369970337976000e+01
2.701664278817172260e+01
2.383227875478713997e+01
3.443416532197904445e+01
1.781877672173258631e+01
1.666560111792198029e+01
7.602865618396421610e-01
4.798170155277330196e+01
3.213740696827628085e+01
2.889063770707765144e+01
2.923057212075427458e+01
1.737923776425874678e+01
1.377083790892966775e+01
3.228118431606529271e+01
2.003002390175613101e+01
3.132373987595313025e+01
3.411565218917456832e+01
3.359932570822358855e+01
2.855714951893317988e+01
2.228045981764590522e+01
1.390873823872797210e+01
2.118318564723162467e+01
5.208570366994261747e+01
2.708463700125662754e+01
3.330694391561725354e+01
1.866720965554128497e+01
3.597122045259169454e+01
3.764706737526545766e+01
1.868967359283078000e+00
2.310693398038885960e+01
4.660029027139099611e+00
3.519700263036030918e+01
3.068334946991413759e+01
3.357937169152224044e+01
1.975720871361856723e+01
3.816779423521098380e+01
1.676996722339438151e+01
2.928269296097481345e+01
2.764165215738329096e+01
1.677898285231326980e+01
3.700756227383475050e+01
4.349333482513502247e+01
2.908418244297103072e+01
1.286287779031138889e+01
1.863475699497282179e+01
1.607100845026248948e+01
5.125759951589809305e+01
3.354398518706768328e+01
4.985896724810730518e+01
2.297689670212408330e+00
4.336689472170994719e+01
1.673602799649199113e+01
3.242137043015521414e+01
-2.373684296951521500e+00
1.165775252525449091e+01
3.743201675516599636e+01
3.109506926160397455e+01
4.987578089830100225e+01
1.788479924021518741e+01
3.560384810057137628e+01
1.391765376603111548e+01
4.620988119351343215e+01
2.581404232131984955e+01
2.294723115074264541e+01
2.569224207192702991e+01
3.746373294280692079e+01
2.913124767967770623e+01
7.156112248228581052e+00
3.609922847421675840e+01
8.577894999494736439e+00
5.286237179369958739e+01
3.790709255535581690e+01
4.726359573259848901e+01
-2.427895803799108965e+00
4.921565954962292722e+01
9.024524172000777611e+00
3.039318735189371523e+01
1.675382846293518924e+01
-5.104183143639576592e+00
3.729692792323533013e+01
5.269516813720286308e+01
3.309549133300041035e+01
4.118128552722775737e+01
2.397496505196647476e+01
2.140380462385467197e+01
