-5.266543059238951052e+00
3.587941509808605378e+00
1.267012956066002083e+01
9.216149572075627461e+00
2.107179926558001171e+01
2.087708212876844271e+00
1.865052291527058159e+01
2.117499238798490069e+01
1.643374233574759558e+01
9.168051570525342697e+00
3.724912134114055196e+00
1.681704965907485416e+01
-6.998938491022973274e+00
2.388016404048597963e+01
2.487372962160672074e+01
9.607472997600986275e+00
8.045532504940386076e+00
1.232920852711988680e+01
3.224444582261322356e+00
9.305491349260094580e+00
2.485120989330005870e+01
1.693743154053128563e+01
-3.292247206616997213e-01
3.538626350213714034e+01
4.461951858281990368e+00
1.614741199557391038e+00
1.484630020189087851e+01
2.803190042990280517e+00
1.317029644724021331e+01
1.833071226542822174e+01
1.744655762240679309e+01
1.089286229007794304e+01
1.873257608568707155e+01
1.316834546188937871e+01
4.162772279456892210e-01
9.016282022152804387e+00
1.488189830238008149e+01
1.010109278643126629e+01
2.940094201566868293e+01
7.038044004282888011e+00
4.266455948397513076e+00
1.648914050922273589e+01
5.555143954418457319e+00
6.382568337183467833e+00
1.439376550601025428e+01
1.698847978843433637e+01
1.865270817792181290e+01
1.985527892062669864e+01
1.168786759586849833e+01
6.103962583058948788e+00
7.577780074171934999e+00
6.378896181983742864e+00
1.235579472233114195e+01
1.602295649429446556e+01
3.373087306890317194e+01
2.482567275341683644e+00
1.562066881149380926e+01
1.606512922082872663e+01
-2.251386209178131370e+00
1.606479619487870991e+01
1.572832546949661747e+01
5.193537079486976182e+00
2.208290500321319882e+01
1.462525034038227112e+01
3.582787391985708947e+00
8.244803368648245367e+00
1.627609116980637083e+01
8.774641297386677863e+00
8.878345551579979400e+00
1.594422235846502112e+01
1.805739595702078759e+01
2.008983163476888478e+01
1.008674888714393170e+01
1.116244175811083394e+01
1.923114142543438376e-01
7.876808575743059038e+00
1.047931524485339061e+01
2.719278426407660021e+01
2.138419751219884191e+01
1.264515389129466350e+01
1.329626027288349555e+01
9.123329343680062209e+00
4.154891773265255495e+00
1.702785996637290111e+01
1.884120456697182533e+01
7.234524163988019119e+00
1.199009582127422036e+01
1.401255091130678032e+01
7.448817480108064437e+00
1.026412985330251360e+01
1.360886651230573463e+01
1.125631075840935402e+01
1.330215155566325791e+01
1.831812677231547326e+01
6.049523449697239208e+00
1.684297561492447315e+01
1.146169431861947530e+01
1.231913760015831727e+01
-4.089990158975415291e+00
2.141835069310894113e+01
1.360627480679610635e+01
2.191991087507748404e+01
2.786897682451737523e+01
8.915979245304793466e+00
1.229750877878062276e+01
5.625761203488035989e+00
7.713986025055356244e+00
1.532148305692618173e+01
2.269546543165480301e+01
2.248302837716759939e+01
5.864096172867857781e+00
1.945086031564429385e+00
1.940833967498035406e+01
5.140377197968191147e+00
2.354181704729304414e+01
3.836364492640518264e+00
1.305703930886283715e+01
2.219445518304149445e+01
1.690022375023521661e+01
6.303265302976840623e+00
2.059514872685499753e+01
1.059126802726905048e+01
-1.429781098923555982e+00
2.558594882332202758e+01
1.225335055785880733e+01
2.747350627835145431e+01
1.902101162705244519e+01
1.864789705817617715e+01
1.864436895406886663e+01
1.130647066292142533e+01
9.932806708977222954e+00
2.302788034333378064e+01
2.241590240333260908e+01
2.752213570962950939e+01
1.135367800410420358e+01
1.724989783745716565e+01
2.300699086431314910e+01
1.268313056013607820e+01
2.033661102974250667e+01
2.615400170331646734e+01
2.802579626651849054e+01
2.144229538764764698e+01
2.846658926097921594e+01
5.024929104761631571e+00
2.969770292601947403e+01
2.285525217483121452e+01
9.552921565338373000e+00
3.070216464506375331e+01
1.751964573232550038e+01
2.215312341802765062e+01
2.424131041798348818e+01
2.219281460298732966e+01
2.168379023793114868e+01
8.078144514067897575e+00
2.533598983425573081e+01
2.603405488175726923e+00
2.375935729229045279e+01
3.019698161070544273e+01
8.252545503656095960e+00
2.831590613610802976e+01
3.030501518379196213e+01
1.340835827981975115e+01
1.273603663002244168e+01
4.317377052899420420e+01
1.737864799847996977e+01
2.133049326435886073e+01
2.817186203179538850e+01
1.245404267287584510e+01
2.106272912221940175e+01
2.071116070296691802e+01
1.270711416145898909e+01
1.040278128798421875e+01
3.592225796668572002e+01
3.252601890276088881e+01
6.290087652895977932e+00
3.718424280979210295e+01
6.131256449617486837e+00
1.876430638776652771e+01
3.775009890112018240e+01
1.792533180226089984e+00
1.119091222924625129e+01
2.845826211746480539e+01
9.532071321836014022e+00
3.257765345296017756e+01
1.528812141096055299e+01
2.982884104855238050e+01
1.787240165772159628e+01
4.007926314894188380e+01
1.097088089888023710e+01
2.604126869728303717e+01
1.968998659795996176e+01
9.645109571134671711e+00
1.683501654788635804e+01
2.313024633120157958e+01
2.259757519283150273e+01
2.239270060938731532e+01
2.574561539772802732e+01
2.775492278891613651e+01
2.184630316886096768e+00
4.392327797914705911e+01
6.902226514082229869e+00
1.554622705652368708e+01
3.117023269590431767e+01
6.460461588454547766e+00
3.584267958559373568e+01
7.720269140584961498e+00
2.176305951528395610e+01
4.360633267865453178e+01
1.857439646468884575e+01
1.704617024289152383e+01
2.667590295762925123e+01
1.596569096178253311e+01
3.064231767587326516e+01
1.728059428113962781e+01
3.603752122635620481e+01
-8.362270903855661963e-01
1.899959521030112342e+01
2.037761666929566218e+01
4.287872570336156031e+01
1.297612339610161314e+01
2.551180061327430693e+01
2.571173918810189107e+01
1.400225759543350712e+01
3.856990686088450104e+01
9.228561076412386655e+00
1.883219380672069576e+01
2.749969425082536745e+01
1.265400328950092224e+01
2.304648180271676949e+01
2.574014845621536196e+01
2.332224985827373231e+01
2.311049332264826717e+01
3.671588405871793981e+01
1.204519796989922220e+01
2.258241935872438688e+01
3.963156146817292580e+01
3.001909166129018658e+01
1.978401691790115180e+01
3.077471259724131514e+01
1.287344172259791186e+01
2.109394295177507672e+01
1.120584607732858018e+01
5.070019271363781854e+01
2.025639772632336033e+01
1.817585708382290122e+01
2.017478338948202676e+01
3.518887830236860736e+01
3.214070148218879552e+01
1.395729761530373736e+01
1.955335231696635745e+01
3.185752815476426036e+01
1.509607889468977859e+01
2.233574389834329210e+01
1.952177356445820067e+01
3.288168424890964303e+01
3.164726603402669980e+01
2.339433152854528686e+01
3.229137776985086816e+01
2.614032243796020794e+01
2.666978546109003290e+01
3.531778481289197913e+01
1.101740229098967561e+01
3.991603951450771604e+01
2.980609968776230190e+01
2.164321922075329141e+01
1.181973481317101893e+01
5.424387320444568417e+01
2.320553814565213813e+01
2.334625910712297880e+01
1.770966155338284054e+01
1.917281723158752271e+01
2.671299228281419502e+01
2.123182129384779415e+01
2.848627976167864162e+01
2.905364320537668021e+01
3.291398935549634075e+01
2.116655377622587153e+00
3.054378461687018387e+01
3.228180490931348601e+01
1.364320209137508577e+01
4.111159994209523205e+01
4.413093704460008837e+01
3.141606902419155034e+01
1.095864149554457256e+01
3.165158731618826593e+01
2.227294497581766564e+01
3.004896822636004217e+01
2.682008095276289694e+01
2.661460471933126115e+01
3.161683864102661445e+01
3.418748611233191781e+01
2.070803660698758719e+01
2.962690553242329372e+01
1.413639536252833828e+01
2.108276073642690918e+01
6.334626895389968482e+00
4.645816154394822206e+01
2.859838737772721018e+01
2.463615623365381424e+01
3.429650544346463192e+01
1.951336852003785793e+01
1.430755818173974525e+01
2.559180775426497689e+01
2.132218078481047030e+01
3.597615578944355264e+01
3.579335538347306311e+01
2.809850906463503151e+01
2.475309743630317882e+01
2.703777355433544471e+01
1.976156766380705676e+01
2.025829046012784218e+01
4.234974985245917622e+01
2.868380123734433695e+01
3.451213439815138884e+01
2.988552754997495242e+01
2.948750196931624856e+01
3.457375092015556817e+01
-3.912493971378466995e+00
2.866798929588372502e+01
1.163758648267604556e+01
3.176141674123807235e+01
2.920880232747309790e+01
2.561977229856221427e+01
2.877045969836920847e+01
3.769596320522008881e+01
1.939774110440076171e+01
2.076290692298595530e+01
2.963656577772680478e+01
2.158775995699605943e+01
3.899526644540651432e+01
3.740198461938387453e+01
2.487702161009724477e+01
1.820553245215566918e+01
2.480340200443331966e+01
1.555245923327992941e+01
3.965346442510493574e+01
3.680473193812404986e+01
4.925768191478942981e+01
1.655583247376847567e+01
3.432728175875082854e+01
1.505700849865361235e+01
2.506317751116332815e+01
4.018626643502685170e+00
1.965316852120473001e+01
3.253882505126409086e+01
3.125506626963773371e+01
3.910682193420790753e+01
2.988461962453826359e+01
3.310251683669302736e+01
1.804598986427024698e+01
3.658143247380836982e+01
2.819710674616169754e+01
2.782282094710227938e+01
2.784471494617597287e+01
3.106838910097096829e+01
2.471679909794354657e+01
1.280308469503707158e+01
4.241830802090075281e+01
8.287953384245948740e+00
4.026670327255855142e+01
4.207279694578229368e+01
4.566900474634137908e+01
1.345901047683927487e+01
3.879713911227561596e+01
8.119077250214861152e+00
2.219010261397706074e+01
2.358351138374916189e+01
3.426239081801732311e+00
3.161652738475998703e+01
5.375516186517167228e+01
2.081358397821647443e+01
5.478760134141163007e+01
2.036747271648937030e+01
2.618801833316780758e+01
