1.386884538140816664e-02
1.457759242808881250e+00
7.627197351291103544e+00
3.341846999186884659e+01
2.929271711853214555e+01
1.124349623490158478e+01
5.034620695198509566e+01
3.834353990698170378e+01
1.966549856766340909e+01
5.022838018008101812e+01
4.193186671671833210e+01
2.232934491815129618e+01
2.936100743475968500e+01
2.526483627984459801e+01
2.367354861804975741e+01
2.055773561287105622e+01
3.436231706695495802e+01
5.773932126054254610e+01
2.885288613998878304e+01
3.268086680121508891e+01
3.489269659055620565e+01
3.493006972496126394e+01
1.980313628817840055e+01
6.529695241286701091e+00
6.446973277644201517e+01
-5.415663678320449925e+00
6.292772511761245369e+01
3.738189267092645451e+01
2.512772517176093601e+01
4.380649687671492387e+01
3.194290313449713281e+01
3.011241840161493499e+01
-7.824105138190741826e+00
3.157010805993656888e+01
7.086026906270707570e+01
-6.848564935607269533e+00
6.560983582299988370e+01
4.026390740870472484e+01
2.312008253252689727e+01
3.723987615311189359e+01
3.789999904278005971e+01
-4.974189461540781676e-01
3.528950054537985892e+01
3.892286414383127635e+01
2.640107021465596659e+01
4.280155703224293973e+01
3.363005603085851902e+01
6.204680079072711862e+01
1.803669554501313144e+01
3.134715512269068682e+01
8.213365028057816986e+00
3.167686576002290266e+01
3.179262247863067969e+01
2.086452110467124399e+01
5.573001436845836309e+01
3.614042162559347560e+01
4.389522035491065566e+01
4.347960080806790018e+01
1.277489696987594314e+01
2.615253329260168513e+01
1.649131105323479929e+01
3.847442167627509946e+01
1.139526257155126387e+01
4.627542734660845980e+01
4.276888800809798852e+01
6.257621527782565352e+01
1.672687610298326533e+01
5.204757348325688326e+01
1.403836262169895654e+00
2.272148809771769962e+01
2.857773642194813846e+01
2.938611665588631183e+01
2.794147908021255233e+01
5.829950660148445962e+01
3.132171701706573685e+01
4.204949491691994012e+01
4.660835312645033923e+01
2.318541462749449167e+01
-1.987199382730975072e+00
4.198167889618144955e+01
2.756117794767327212e+01
3.165228958064767895e+01
2.768424099331155475e+01
4.900583776308238981e+01
3.135063945302058741e+01
5.636250115476151024e+01
2.276029143727700443e+01
1.815667085958397919e+01
3.795596366644743824e+01
1.918964788092522156e+01
3.477976814916571158e+01
2.884756466286513188e+01
3.622976361266699996e+01
4.123960878248307438e+01
3.921315559626967229e+01
5.435226376627657885e+01
2.659921081202421878e+00
6.285839928158354439e+01
1.850639520620472567e+01
-4.918112682849886674e+00
6.332738795419925282e+01
2.020012560796104850e+01
5.362436402997859375e+01
2.901846426883198760e+01
5.128828006746860524e+01
2.610935126959279273e+01
5.112904566289995500e+01
2.710127670186193782e+01
1.323347653201969010e+01
2.506990977589872927e+01
4.732321773625191241e+01
3.992310940356855298e+01
4.371318522721048083e+01
5.324812387108367062e+01
9.169956047315308112e+00
6.727516965479402700e+01
3.655974635908148684e+01
3.708219132901795234e+01
-1.422202478745496323e+00
6.630320187528531051e+01
2.746756821479285904e+01
5.705802432379768874e+01
5.351824946429775309e+01
4.421494987436636848e+01
4.314262327764536309e+01
7.117196211489530810e+01
6.045673547258059166e+00
6.231806454575691845e+01
4.938538581877730138e+01
2.658341711633642035e+01
6.679807805316903568e+01
6.208238689253325759e+01
3.973431226022128726e+01
6.789480502877272272e+01
7.815021039297194250e+01
2.197761222626468935e+01
5.307006992469845130e+01
5.056011171241519975e+01
2.886707484595065409e+01
5.798241616971312595e+01
7.641144228108578318e+01
3.876312314259477887e+01
7.022289843285527411e+01
6.033242566193396783e+01
4.362720898105776968e+01
3.717634120229921990e+01
5.390878562454105349e+01
4.915383680769418362e+01
4.537152031221155823e+01
8.691456367795056792e+01
2.538926008969028203e+01
9.265404406493786382e+01
4.348344884769452534e+01
6.098565473693530237e+01
1.851023001625461006e+01
8.055923404177752900e+01
2.353420801798133866e+01
4.456675501447030285e+01
8.421391689513811230e+01
1.224103470387122883e+01
9.879243686310366002e+01
8.591211618289077023e+01
8.797037445742882156e+00
8.163378302899960204e+01
4.807723438722684151e-01
9.062194962932223063e+01
3.306606871297672967e+01
7.308337060946620056e+01
2.443732238789236888e+01
5.863992459929868772e+01
9.591656269851797845e+01
5.481101222600145917e+01
2.189708856371367318e+01
6.490288034324261446e+01
4.117025063724499745e+01
7.350456379741568469e+01
3.045284789123315150e+01
6.263691068437434950e+01
2.394720254817518423e+01
9.170914477678785204e+01
4.852868189943322363e+01
6.319120388716881109e+01
4.262034799763760873e+01
6.510733267918169531e+01
5.108040569621773130e+01
4.913187816714432898e+01
2.193981229402712074e+01
7.013502238978787773e+01
5.717520451985691921e+01
6.218836460004582989e+01
4.329639720858672547e+01
6.916320116019755915e+01
9.016307013143216409e+01
4.336503867206708662e+00
9.274410622759735645e+01
2.703312943697855530e+01
5.825942632114831099e+01
4.978745944810098933e+01
7.063410822643446352e+01
4.471832207933132075e+00
1.152409014565730843e+02
4.800438625654515334e+01
6.497992276045253845e+01
5.423649591586782037e+01
4.097711717665949038e+01
4.068846748820708825e+01
9.409477023849480304e+01
3.625155305679280815e+01
2.847210581855557621e+01
7.241577876418459425e+01
9.835682959850278451e+01
3.599108773541508555e+01
7.183798178515669974e+01
5.745059429042571963e+01
9.484407103800162275e+00
1.044497382716090783e+02
3.486551746372844462e+01
5.023434863758544822e+01
6.581818188953599247e+01
4.189528413610931068e+01
1.102392323687655846e+02
4.197235657718159274e+01
4.564320854029593022e+01
7.912927973576785234e+01
4.260366873171475532e+01
8.330668562645655584e+01
1.150643047628640581e+01
1.052574223364336916e+02
3.238131096893019389e+01
7.859416637100638070e+01
7.790591138628467149e+01
5.932332289826843663e+01
4.800246782893959363e+01
4.945064614847508011e+01
1.029592744230886723e+02
2.130207530048256714e+01
7.315060393412051098e+01
6.815501005330303030e+01
5.659522605595888223e+01
8.706425181576355499e+01
7.229029157092128344e+01
2.892261360918244506e+01
7.083374347050809661e+01
9.138139003510727321e+01
2.668315378584136255e+01
9.170617533497237162e+01
6.591933985623784054e+01
3.937370055970990990e+01
9.184611345230720758e+01
6.283285822426376654e+01
4.992000527717102898e+01
9.645667369876089481e+01
5.559402264412174333e+01
7.330869106704133742e+01
5.118724815305052545e+01
9.262149340900363370e+01
5.063218805062121675e+01
7.373724396046355878e+01
4.578877248374960374e+01
4.910275027887781363e+01
9.206256471643499140e+01
8.993716285480265071e+01
4.513572014129299959e+01
1.025064678559656954e+02
3.198041734103977873e+01
8.952362677810185687e+01
7.120450804934193911e+01
1.246610690567390733e+01
8.705859413020894522e+01
8.363264647232060156e+01
9.883694999304580620e+01
4.316265566473539650e+01
6.647530609988660899e+01
9.511466109103221811e+01
3.118790500370925400e+01
9.624857795713798225e+01
1.659916238510933439e+01
1.136118630928909283e+02
2.436240197270767283e+01
1.069618983764905948e+02
8.391369514303093524e+01
4.078581110158086886e+01
9.180826088728191792e+01
1.973855291162008641e+01
1.217368672823553482e+02
3.379173602640623386e+01
6.800171721560069216e+01
6.180655457479659987e+01
1.049093612674765268e+02
6.260249402270274999e+01
5.577628179557576260e+01
7.670713384872051677e+01
5.007429770734297847e+01
6.727706396074482598e+01
5.541146043470202898e+01
8.794106409326431617e+01
5.052519045854247537e+01
8.358874714502080394e+01
6.016417865165376355e+01
1.067943272955765508e+02
3.569569908336546149e+01
8.797313548500220293e+01
4.092134874855610605e+01
7.378421660966054674e+01
8.100300319328297860e+01
4.367981363132860650e+01
7.611417760273870670e+01
8.255358909602317397e+01
6.867995524574035926e+01
6.591909772832784142e+01
6.593111937168798420e+01
5.223917631559806551e+01
9.333910082630740135e+01
6.837315646188972096e+01
5.822181817773737578e+01
7.888895431128315749e+01
4.568877393271173304e+01
9.318240044839069469e+01
7.871466641109348927e+01
5.962662270602213255e+01
4.324142361063883300e+01
9.660966076961489080e+01
5.766534699415549881e+01
6.777665997983018542e+01
7.523375944445119501e+01
9.267959027034527253e+01
2.689977877072341172e+01
1.258903547943003787e+02
6.858902906777133879e+00
1.224430184983322221e+02
1.586644378361198626e+01
9.811686463519006907e+01
5.885612950792495468e+01
7.154693328737775460e+01
1.144954308153084810e+02
4.298351433906483265e+01
8.513221084780221304e+01
4.788062888642196668e+01
9.629070877730777056e+01
5.720338138157332963e+01
7.627521882251014063e+01
5.283780034957180050e+01
5.543149532042136229e+01
1.110250470354895640e+02
5.384961794056852113e+01
1.046638694559013629e+02
4.288984016420306489e+01
7.566519463720796068e+01
8.266304931542717327e+01
6.926969937976633673e+01
4.863513106061687097e+01
6.461833512049106787e+01
7.659463258227368954e+01
7.193850519685337019e+01
1.234650820752248563e+02
3.609629904388079069e+01
5.356211796137543502e+01
1.293413840042637730e+02
2.459980918661005944e+01
1.149271926526623417e+02
1.614717015690508717e+01
1.033335173651600201e+02
2.140467811156893418e+01
2.493185721618082606e+00
