1.599112160496219737e+00
3.162363352196555510e+00
4.662921814096753437e+00
6.079836254377884330e+00
7.396804905997448998e+00
8.601016672117385298e+00
9.682342603254888047e+00
1.063302517648830126e+01
1.144787011912230312e+01
1.212481981678445209e+01
1.266570134310625839e+01
1.307690845029404514e+01
1.336979652858349610e+01
1.356063301635555618e+01
1.367003578338323422e+01
1.372192792692962726e+01
1.374211962189442815e+01
1.375668157917191081e+01
1.379029326800968924e+01
1.386473358790154009e+01
1.399764050894238032e+01
1.420161225106766167e+01
1.448366988834004943e+01
1.484506160577411649e+01
1.368225685910208078e+01
1.263867051653965845e+01
1.174301787429544142e+01
1.101250259373003892e+01
1.045512847832875991e+01
1.007186101192003314e+01
9.858238826709833091e+00
9.805287327149361687e+00
9.899829283326235796e+00
1.012446656081202434e+01
1.045758861736377554e+01
1.087373735078263692e+01
1.134453997885197118e+01
1.184024761879094001e+01
1.233173374272945111e+01
1.279266014869144641e+01
1.320144422223047087e+01
1.354267737448937936e+01
1.380774617317386266e+01
1.399457022226056857e+01
1.410655557777913671e+01
1.415102566570700660e+01
1.413749458167738027e+01
1.407616545673346842e+01
1.397696398830021103e+01
1.383111254578308547e+01
1.363161850732020675e+01
1.337414460961383789e+01
1.305821432781356251e+01
1.268862845907199244e+01
1.227679333834630526e+01
1.184154695459591089e+01
1.140905646326892686e+01
1.101146544339968436e+01
1.068417969581110327e+01
1.046195780007179543e+01
1.037425954737232559e+01
1.044053752644209077e+01
1.066627761454124013e+01
1.104056609490218932e+01
1.153577682618965206e+01
1.210965567411565402e+01
1.270968412065476016e+01
1.327920127774820536e+01
1.376443016423865373e+01
1.412135657251089249e+01
1.432138991056726240e+01
1.435490493383379018e+01
1.423209551235527748e+01
1.398100933630312248e+01
1.364303963271087916e+01
1.326662296064523083e+01
1.290004928596671263e+01
1.258446306360549549e+01
1.234813894997049211e+01
1.220294103472893354e+01
1.214353985351975851e+01
1.214951688180569001e+01
1.219000442950838448e+01
1.223007301833007254e+01
1.223776706391268121e+01
1.219056226798896958e+01
1.208010262758501874e+01
1.191436189814534252e+01
1.171681714486995318e+01
1.152274456821197468e+01
1.137325774300452430e+01
1.130811390438020325e+01
1.135854061402012150e+01
1.154134034348547466e+01
1.185531155844392082e+01
1.228062018232781583e+01
1.278123762900700910e+01
1.331002480094897855e+01
1.381558317079841913e+01
1.424971651309780363e+01
1.457425367312213993e+01
1.476610582633736435e+01
1.481975034249985512e+01
1.474679237443078961e+01
1.457277394398500725e+01
1.433188634590417720e+01
1.406060763036230732e+01
1.379146583067356246e+01
1.354808660784238938e+01
1.334242705708101084e+01
1.317467103998339262e+01
1.303574299506561296e+01
1.291188251322837921e+01
1.279030786945631704e+01
1.266476315279049381e+01
1.253973854109814745e+01
1.243238282223754254e+01
1.237155381416669897e+01
1.239400032870789303e+01
1.253823844582724867e+01
1.283716812305552324e+01
1.331077964647813516e+01
1.396036013127582542e+01
1.476540862545057031e+01
1.568403466445808014e+01
1.665702107202961457e+01
1.761508005810370037e+01
1.848823811601340950e+01
1.921585853540828026e+01
1.975563236286904356e+01
2.008997910103919082e+01
2.022868686304351726e+01
2.020722801018854398e+01
2.008091023724282920e+01
1.991574095279604606e+01
1.977746881998166728e+01
1.972061466672112218e+01
1.977934793500299904e+01
1.996178941796006256e+01
2.024876671467531608e+01
2.059730565808990832e+01
2.094833378378724120e+01
2.123733918530372122e+01
2.140619800096919079e+01
2.141415155211403132e+01
2.124602495796217028e+01
2.091621925183753206e+01
2.046770766690169552e+01
1.996610713251725855e+01
1.948973548328505956e+01
1.911725933060235860e+01
1.891496638573742572e+01
1.892578327489646028e+01
1.916188772690891895e+01
1.960217631823197948e+01
2.019504415546706610e+01
2.086604727293280703e+01
2.152920296355977570e+01
2.210007711033426503e+01
2.250851458438579300e+01
2.270893897709495945e+01
2.268656889634105767e+01
2.245859688287414357e+01
2.207023290253274084e+01
2.158637960486700180e+01
2.108043210368803244e+01
2.062215660336452316e+01
2.026672177791310148e+01
2.004671632304781781e+01
1.996843043090599323e+01
2.001290795028238989e+01
2.014142687452173774e+01
2.030428880075651676e+01
2.045122990764491178e+01
2.054150594859186540e+01
2.055179577357138854e+01
2.048049315768155410e+01
2.034763701710058115e+01
2.019054183135733282e+01
2.005598636332429052e+01
1.999045563652369140e+01
2.003029338412037674e+01
2.019364402386568713e+01
2.047574013334722665e+01
2.084848114459627766e+01
2.126446135077383204e+01
2.166478263330488829e+01
2.198927894087633561e+01
2.218731506464074599e+01
2.222718803447034830e+01
2.210238287975446170e+01
2.183347860254306028e+01
2.146526990586292527e+01
2.105952890923931164e+01
2.068462486083705798e+01
2.040380497508840563e+01
2.026420826120605767e+01
2.028858448057620834e+01
2.047123557837565144e+01
2.077896417579483668e+01
2.115693061764355321e+01
2.153844252150256366e+01
2.185698536649673684e+01
2.205837882246854065e+01
2.211089021780234631e+01
2.201146774457513899e+01
2.178691756725224238e+01
2.148972765165594367e+01
2.118918395709621549e+01
2.095926581961035851e+01
2.086539739352221190e+01
2.095236428972683740e+01
2.123553450568089218e+01
2.169697626582832939e+01
2.228723475632454054e+01
2.293255782660005693e+01
2.354641622410073509e+01
2.404341181116634729e+01
2.435323976901010568e+01
2.443234422275351392e+01
2.427128751633608417e+01
2.389657689513824224e+01
2.336663394205223554e+01
2.276258871120847260e+01
2.217545916835184272e+01
2.169188472699740799e+01
2.138081498093708532e+01
2.128337149501729186e+01
2.140753476394218779e+01
2.172846017247675121e+01
2.219424537537956610e+01
2.273602946594150964e+01
2.328056685765345790e+01
2.376301480029822955e+01
2.413767257302363589e+01
2.438481084517477626e+01
2.451245823820946157e+01
2.455293715799954768e+01
2.455489604149105887e+01
2.457239873600694580e+01
2.465315788335296077e+01
2.482814375362559645e+01
2.510453745532552361e+01
2.546337558817909041e+01
2.586236469878471311e+01
2.624338546704430897e+01
2.654333199476377914e+01
2.670629983126406159e+01
2.669486317269564779e+01
2.649831861314655512e+01
2.613629791913696465e+01
2.565697362509808599e+01
2.513005310910736156e+01
2.463570553109688532e+01
2.425132082215210261e+01
2.403842339577694531e+01
2.403207603724113284e+01
2.423470464716166362e+01
2.461551949512054449e+01
2.511572807562750143e+01
2.565870177459995105e+01
2.616335872152808761e+01
2.655842252173608742e+01
2.679502389231759452e+01
2.685537014304754067e+01
2.675587606397953522e+01
2.654411502622721386e+01
2.629004242149709825e+01
2.607297164721812877e+01
2.596656201821433996e+01
2.602446714968945685e+01
2.626921847661757070e+01
2.668639014868976389e+01
2.722519754797080793e+01
2.780557617004988202e+01
2.833066266644516062e+01
2.870265171467540100e+01
2.883939686206722186e+01
2.868896672229436007e+01
2.823968777143732112e+01
2.752394639342760385e+01
2.661505762782108064e+01
2.561753609759061234e+01
2.465222401807664099e+01
2.383861982737423091e+01
2.327724951325777525e+01
2.303493877210603102e+01
2.313536989042981418e+01
2.355642188876188925e+01
2.423464895594469581e+01
2.507605038333724323e+01
2.597123620723462167e+01
2.681238097035568302e+01
2.750910763812971283e+01
2.800069612570244004e+01
2.826271696140532086e+01
2.830721951611202414e+01
2.817676732432223119e+01
2.793369837285311164e+01
2.764679948572729629e+01
2.737797639785168258e+01
2.717140831618625541e+01
2.704712155891254000e+01
2.700001072104193156e+01
2.700425223338468683e+01
2.701901556737228560e+01
2.699743427011795660e+01
2.689708706852093911e+01
2.668990822647799632e+01
2.636951505742645452e+01
2.595440468292931513e+01
2.548625102622103356e+01
2.502348295986849891e+01
2.463126486399104920e+01
2.436974780140710095e+01
2.428286145891363645e+01
2.438988468709790780e+01
2.468155812266508420e+01
2.512166375602097546e+01
2.565394446274749640e+01
2.621316910677807499e+01
2.673827362994676804e+01
2.718500386656459611e+01
2.753546518344460381e+01
2.780247207338436510e+01
2.802751527120065589e+01
2.827236586119968109e+01
2.860559655077531716e+01
2.899889049335667934e+01
2.941474592905017715e+01
2.980587336379758057e+01
3.011609939955431869e+01
3.028350371529579022e+01
3.024613553768440966e+01
2.995010766334136321e+01
2.935925044172011056e+01
2.846495120759914244e+01
2.729443402893941339e+01
2.591565341000531930e+01
2.443723948470080387e+01
2.300253438100381942e+01
2.177762630929867882e+01
2.093428792896958868e+01
2.062968937714151352e+01
2.098550597575255239e+01
2.206942193486160519e+01
2.388194440771660254e+01
2.635086347161501763e+01
2.933468528056700819e+01
3.263507012391244189e+01
3.601692620323662908e+01
3.501368884756760735e+01
3.397515591666041956e+01
3.293189736676857393e+01
3.191980042070055390e+01
3.097719721749140831e+01
3.014087070319169115e+01
2.944113218303742485e+01
2.889639763155788543e+01
2.850790618642803409e+01
2.825537464557359613e+01
2.809442303164182064e+01
2.795650996687840006e+01
2.775187654893946032e+01
2.737563357468253855e+01
2.671668457856699419e+01
2.566872113199204719e+01
2.414213186675063838e+01
2.207540466841343374e+01
1.944452855131288871e+01
1.626904695511013088e+01
1.261377242384251396e+01
8.585702802107228138e+00
4.326308912548481267e+00
