1.335355563144707824e-01
2.805464300380455800e-01
4.413711392874515305e-01
6.163163664391460017e-01
8.056551232149846697e-01
1.009625022215858703e+00
1.228426663895322291e+00
1.462222147516257564e+00
1.711133714142611506e+00
1.975242529181644446e+00
2.254587611416196680e+00
2.549164914854311625e+00
2.858926569072509416e+00
3.183780283051635962e+00
3.523588916794990311e+00
3.878170224282703860e+00
4.247296770566968860e+00
4.630696025034861663e+00
5.028050632083134630e+00
5.438998859651379192e+00
5.863135225260012184e+00
6.300011298393677350e+00
6.749136677271000195e+00
7.209980137242645526e+00
7.548435390965625658e+00
7.884197365819600734e+00
8.216549488918282407e+00
8.544795705138490405e+00
8.868263741611954742e+00
9.186308262395016300e+00
9.498313896782210719e+00
9.803698125364769922e+00
1.010191400865775080e+01
1.039245274392860097e+01
1.067484603674781596e+01
1.094866827474671922e+01
1.121353849210166942e+01
1.146912211436234585e+01
1.171513247439877503e+01
1.195133209145041420e+01
1.217753370651472977e+01
1.239360106860377186e+01
1.259944946772094809e+01
1.279504601175540301e+01
1.298040964585360513e+01
1.315561091419785100e+01
1.332077146549167423e+01
1.347606330481547232e+01
1.362170779586399760e+01
1.375773097328391437e+01
1.388418230932601638e+01
1.400113385713135372e+01
1.410867935448942134e+01
1.420693329597360588e+01
1.429602998128880387e+01
1.437612254753630836e+01
1.444738199291502845e+01
1.450999619913613969e+01
1.456416895953427826e+01
1.461011901951421699e+01
1.464807913558071384e+01
1.467829515876505297e+01
1.470102514778740144e+01
1.471653851678443026e+01
1.472511522189024014e+01
1.472704499039032200e+01
1.472262659557732078e+01
1.471216717982963473e+01
1.469598162781181117e+01
1.467439199106785885e+01
1.464772696464629753e+01
1.461632141576675536e+01
1.458051596391586635e+01
1.454065661115003394e+01
1.449709397616726037e+01
1.445018253370642292e+01
1.440027985969552127e+01
1.434774588252154004e+01
1.429294214075999037e+01
1.423623104768210546e+01
1.417797516285190085e+01
1.411853647113315446e+01
1.405827566944707918e+01
1.399755146165557385e+01
1.393671986198967616e+01
1.387613350749931485e+01
1.381614098006562230e+01
1.375708613859143981e+01
1.369930746206643590e+01
1.364313740429034105e+01
1.358890176112862136e+01
1.353691905126874317e+01
1.348749991154001648e+01
1.344094650795416790e+01
1.339755196371659274e+01
1.335759980554587401e+01
1.332136342972349041e+01
1.328910558937084829e+01
1.326107790451975532e+01
1.323752039578648088e+01
1.321866104243525086e+01
1.320471536558979686e+01
1.319588603732107401e+01
1.319236251630501755e+01
1.319432071070788304e+01
1.320192266891628030e+01
1.321531629868563584e+01
1.323463511523489089e+01
1.325999801876602646e+01
1.329150910183502532e+01
1.332925748694704637e+01
1.337331719469152347e+01
1.342374704267527719e+01
1.348059057545058437e+01
1.354387602557475034e+01
1.361361630587423477e+01
1.368980903292411710e+01
1.377243658168923623e+01
1.386146617121079494e+01
1.395684998115819475e+01
1.405852529900403880e+01
1.416641469751886717e+01
1.428042624222189616e+01
1.440045372836626569e+01
1.452637694697934023e+01
1.465806197942172950e+01
1.479536151987254300e+01
1.493811522509306400e+01
1.508615009076701341e+01
1.523928085366278928e+01
1.539731041881116802e+01
1.556003031084262034e+01
1.572722114857911180e+01
1.589865314192941526e+01
1.607408661009122852e+01
1.625327252002098533e+01
1.643595304409101843e+01
1.662186213581497185e+01
1.681072612248498288e+01
1.700226431353073409e+01
1.719618962337718315e+01
1.739220920754851463e+01
1.759002511073812514e+01
1.778933492553967355e+01
1.798983246051178142e+01
1.819120841622838469e+01
1.839315106795073973e+01
1.859534695354115641e+01
1.879748156522672531e+01
1.899924004381321652e+01
1.920030787394050975e+01
1.940037157896934161e+01
1.959911941408624259e+01
1.979624205621631816e+01
1.999143328933724106e+01
2.018439068379517209e+01
2.037481626823324632e+01
2.056241719275568158e+01
2.074690638196575065e+01
2.092800317653409437e+01
2.110543396197418531e+01
2.127893278332504678e+01
2.144824194446661636e+01
2.161311259082251013e+01
2.177330527423426076e+01
2.192859049882506994e+01
2.207874924670666772e+01
2.222357348242005060e+01
2.236286663504121819e+01
2.249644405692524884e+01
2.262413345810564635e+01
2.274577531541288167e+01
2.286122325542321221e+01
2.297034441039942365e+01
2.307301974643625186e+01
2.316914436307646596e+01
2.325862776371859297e+01
2.334139409619288941e+01
2.341738236294007081e+01
2.348654660028524077e+01
2.354885602635994246e+01
2.360429515728534255e+01
2.365286389129141043e+01
2.369457756050868014e+01
2.372946695023314234e+01
2.375757828552696793e+01
2.377897318508233582e+01
2.379372858233978505e+01
2.380193661391581728e+01
2.380370447545990942e+01
2.379915424512419975e+01
2.378842267489367401e+01
2.377166095008757196e+01
2.374903441740687526e+01
2.372072228196363852e+01
2.368691727379147949e+01
2.364782528439602416e+01
2.360366497396503860e+01
2.355466734991648181e+01
2.350107531752044210e+01
2.344314320338800428e+01
2.338113625267410356e+01
2.331533010089609448e+01
2.324601022132112149e+01
2.317347134892557392e+01
2.309801688197897107e+01
2.301995826235013354e+01
2.293961433567942620e+01
2.285731069260187809e+01
2.277337899224732709e+01
2.268815626928137874e+01
2.260198422578674737e+01
2.251520850931777673e+01
2.242817797849201256e+01
2.234124395751094028e+01
2.225475948102767276e+01
2.216907853080276425e+01
2.208455526560923587e+01
2.200154324586636534e+01
2.192039465449612479e+01
2.184145951550828713e+01
2.176508491183021476e+01
2.169161420390285144e+01
2.162138625056875441e+01
2.155473463377845533e+01
2.149198688863916473e+01
2.143346374032499568e+01
2.137947834935963698e+01
2.133033556677194653e+01
2.128633120061086359e+01
2.124775129528984152e+01
2.121487142521138836e+01
2.118795600410029323e+01
2.116725761144949658e+01
2.115301633745439958e+01
2.114545914778195268e+01
2.114479926948731858e+01
2.115123559935633324e+01
2.116495213591344893e+01
2.118611743629490007e+01
2.121488409914464413e+01
2.125138827464479263e+01
2.129574920274584571e+01
2.134806878061279178e+01
2.140843116025104109e+01
2.147690237722407858e+01
2.155353001131827284e+01
2.163834287995457473e+01
2.173135076508729568e+01
2.183254417427091454e+01
2.194189413651417908e+01
2.205935203347757323e+01
2.218484946650821499e+01
2.231829815993930310e+01
2.245958990101825847e+01
2.260859651676027582e+01
2.276516988795858509e+01
2.292914200051595586e+01
2.310032503419608219e+01
2.327851148882422194e+01
2.346347434789587183e+01
2.365496727948057298e+01
2.385272487423424437e+01
2.405646292026114708e+01
2.426587871449334699e+01
2.448065141018426871e+01
2.470044240004246916e+01
2.492489573446410134e+01
2.515363857425734295e+01
2.538628167719006967e+01
2.562241991763343663e+01
2.586163283852084760e+01
2.610348523479109417e+01
2.634752776744030101e+01
2.659329760726780734e+01
2.684031910736596416e+01
2.708810450337579923e+01
2.733615464050597410e+01
2.758395972629497805e+01
2.783100010808351854e+01
2.807674707415584692e+01
2.832066367750656966e+01
2.856220557971186480e+01
2.880082191256522250e+01
2.903595615533354035e+01
2.926704702569703187e+01
2.949352938265348811e+01
2.971483513988905756e+01
2.993039418834257859e+01
3.013963532691402847e+01
3.034198720048685516e+01
3.053687924464641057e+01
3.072374263667805394e+01
3.090201125261692283e+01
3.107112263029386412e+01
3.123051893847464910e+01
3.137964795232276316e+01
3.151796403552338077e+01
3.164492912949087255e+01
3.176001375013714778e+01
3.186269799270619174e+01
3.195247254517833113e+01
3.202883971071475600e+01
3.209131443954981222e+01
3.213942537064379934e+01
3.217271506856408791e+01
3.219074036390897220e+01
3.219307280076443334e+01
3.217929919346094891e+01
3.214902229364718522e+01
3.210186156743279184e+01
3.203745408107950965e+01
3.195545549245231243e+01
3.185554114418615512e+01
3.173740725329214740e+01
3.160077219072708843e+01
3.144537784329235919e+01
3.127099104912159078e+01
3.107740509696948550e+01
3.086444127853504327e+01
3.063195048214983629e+01
3.037981481534198380e+01
3.010794924305742271e+01
2.981630322768653585e+01
2.950486235651284872e+01
2.917364994177570736e+01
2.882272857822467671e+01
2.845220164284296871e+01
2.806176528168203532e+01
2.765120919466330918e+01
2.722041842573711534e+01
2.676937467583697128e+01
2.629815713111225506e+01
2.580694280150384401e+01
2.529600636733526997e+01
2.476571953421403904e+01
2.421654989915891321e+01
2.364905933347384703e+01
2.306390189046369699e+01
2.246182124861690710e+01
2.184364770335078987e+01
2.121029472281301764e+01
2.056275508554471543e+01
1.990209662002313706e+01
1.922945756820298868e+01
1.854604159715398737e+01
1.785311248473597701e+01
1.715198850695339772e+01
1.644403655617706761e+01
1.573066602080598564e+01
1.501332245815704169e+01
1.404525593040027687e+01
1.310292335023746801e+01
1.218734200800832213e+01
1.129944407698339859e+01
1.044007467475995021e+01
9.609990259867444706e+00
8.809857368078573003e+00
8.040251691406400170e+00
7.301657501243203896e+00
6.594467415569241986e+00
5.918982508637796514e+00
5.275412760033818316e+00
4.663877838514806307e+00
4.084408214581594976e+00
3.536946594300760083e+00
3.021349665516080751e+00
2.537390146251103040e+00
2.084759123824413862e+00
1.663068671980241220e+00
1.271854732185074610e+00
9.105802441618131571e-01
5.786385097314087345e-01
2.753567731128753748e-01
