1.197291248571638461e-01
2.516279449671233182e-01
3.960235640510065269e-01
5.532167532451575109e-01
7.234803249366364986e-01
9.070575905716719012e-01
1.104160910021323438e+00
1.314970339739764738e+00
1.539632386568096978e+00
1.778258873616145097e+00
2.030925924202290123e+00
2.297673069349376096e+00
2.578502483819754332e+00
2.873378355136752216e+00
3.182226389476616735e+00
3.504933457729286328e+00
3.841347384430046752e+00
4.191276881641631036e+00
4.554491629240848383e+00
4.930722502423407150e+00
5.319661946598022162e+00
5.720964499191415698e+00
6.134247457240709522e+00
6.559091689002563008e+00
6.875313462320034930e+00
7.190199320911860426e+00
7.503137284850827093e+00
7.813530802660197949e+00
8.120801467534887408e+00
8.424391647403727035e+00
8.723767015314880524e+00
9.018418967132443953e+00
9.307866914108473111e+00
9.591660438540879241e+00
9.869381301437114118e+00
1.014064529187483643e+01
1.040510390857862966e+01
1.066244586511128745e+01
1.091239841100537866e+01
1.115472846212977487e+01
1.138924353459188588e+01
1.161579247751248367e+01
1.183426600107316773e+01
1.204459699731729039e+01
1.224676065228047861e+01
1.244077434912924573e+01
1.262669736308931157e+01
1.280463035004378725e+01
1.297471463176861839e+01
1.313691517667410125e+01
1.329121482042516078e+01
1.343761366798829826e+01
1.357612847137005296e+01
1.370679198935852483e+01
1.382965233548633499e+01
1.394477232029187519e+01
1.405222879376888123e+01
1.415211199366233430e+01
1.424452490499509594e+01
1.432958263589588022e+01
1.440741181444792929e+01
1.447815001089257869e+01
1.454194518910502509e+01
1.459895519081526771e+01
1.464934725557829509e+01
1.469329757900814037e+01
1.473099091128409022e+01
1.476262019741887599e+01
1.478838626025013880e+01
1.480849752658500407e+01
1.482316979639430876e+01
1.483262605442411974e+01
1.483709632307104975e+01
1.483681755485809894e+01
1.483203317187320280e+01
1.482299260392716889e+01
1.480995082516513861e+01
1.479316788884399791e+01
1.477290845998030377e+01
1.474944134557948772e+01
1.472303902217715255e+01
1.469397716045631519e+01
1.466253414675003519e+01
1.462899060129706008e+01
1.459362889318679279e+01
1.455673265200962163e+01
1.451858627631695597e+01
1.447947443909247589e+01
1.443968159053966360e+01
1.439949145860045654e+01
1.435918654773362313e+01
1.431904763659840185e+01
1.427935327540745725e+01
1.424037928383147289e+01
1.420239825045549509e+01
1.416567903490051705e+01
1.413048627383502520e+01
1.409707989220436808e+01
1.406571462110409243e+01
1.403663952310538043e+01
1.401009752585717294e+01
1.398632496480337117e+01
1.396555113586383001e+01
1.394799785893448352e+01
1.393387905306619778e+01
1.392340032418183071e+01
1.391675856618750728e+01
1.391414157632760151e+01
1.391572768562245699e+01
1.392168540521393183e+01
1.393217308942721466e+01
1.394733861633647720e+01
1.396731908659941013e+01
1.399224054129847694e+01
1.402221769949883878e+01
1.405735371620055396e+01
1.409773996132988927e+01
1.414345582037806714e+01
1.419456851725921354e+01
1.425113295991950579e+01
1.431319160918983613e+01
1.438077437133305914e+01
1.445389851469456666e+01
1.453256861082280338e+01
1.461677650038206444e+01
1.470650128413440605e+01
1.480170933922073040e+01
1.490235436092275556e+01
1.500837743003848956e+01
1.511970710595360501e+01
1.523625954543956951e+01
1.535793864715809676e+01
1.548463622179809107e+01
1.561623218771889476e+01
1.575259479191934275e+01
1.589358085609874216e+01
1.603903604752171930e+01
1.618879517434478643e+01
1.634268250500790742e+01
1.650051211124140949e+01
1.666208823418404350e+01
1.682720567305529613e+01
1.699565019577214642e+01
1.716719897084863788e+01
1.734162101986542126e+01
1.751867768974533845e+01
1.769812314402318876e+01
1.787970487224828631e+01
1.806316421661169258e+01
1.824823691484575505e+01
1.843465365839722736e+01
1.862214066483515751e+01
1.881042026341226503e+01
1.899921149266080533e+01
1.918823070886643833e+01
1.937719220422894750e+01
1.956580883348619793e+01
1.975379264774708687e+01
1.994085553425121660e+01
2.012670986074773083e+01
2.031106912316252533e+01
2.049364859520274607e+01
2.067416597852934501e+01
2.085234205211466474e+01
2.102790131938854046e+01
2.120057265176807704e+01
2.137008992716004130e+01
2.153619266202108662e+01
2.169862663556116189e+01
2.185714450467843761e+01
2.201150640821954596e+01
2.216148055916882598e+01
2.230684382338167637e+01
2.244738228349321219e+01
2.258289178665157237e+01
2.271317847474685792e+01
2.283805929583195038e+01
2.295736249545880625e+01
2.307092808668535611e+01
2.317860829754149421e+01
2.328026799478048758e+01
2.337578508278148348e+01
2.346505087651202359e+01
2.354797044750458568e+01
2.362446294185065909e+01
2.369446186926570874e+01
2.375791536233285228e+01
2.381478640508926858e+01
2.386505303017707647e+01
2.390870848384239267e+01
2.394576135812829421e+01
2.397623568967306085e+01
2.400017102459143103e+01
2.401762244898633014e+01
2.402866058470738508e+01
2.403337155004619419e+01
2.403185688513010732e+01
2.402423344185168119e+01
2.401063323824608986e+01
2.399120327730512159e+01
2.396610533029421575e+01
2.393551568471563940e+01
2.389962485714014662e+01
2.385863727120721833e+01
2.381277090117238515e+01
2.376225688145902737e+01
2.370733908274909751e+01
2.364827365522605263e+01
2.358532853965886744e+01
2.351878294709304384e+01
2.344892680798922413e+01
2.337606019172401517e+01
2.330049269744007390e+01
2.322254281730366898e+01
2.314253727329730026e+01
2.306081032874220327e+01
2.297770307581135540e+01
2.289356270035628071e+01
2.280874172543258638e+01
2.272359723496692396e+01
2.263849007906379285e+01
2.255378406250418877e+01
2.246984511803703199e+01
2.238704046611203324e+01
2.230573776274591324e+01
2.222630423725419391e+01
2.214910582161786223e+01
2.207450627328718440e+01
2.200286629325499277e+01
2.193454264125722375e+01
2.186988724998087719e+01
2.180924634017736707e+01
2.175295953859351172e+01
2.170135900064263623e+01
2.165476853974372418e+01
2.161350276525902814e+01
2.157786623095750400e+01
2.154815259592563237e+01
2.152464379983569032e+01
2.150760925446678584e+01
2.149730505335516639e+01
2.149397320142581691e+01
2.149784086643036929e+01
2.150911965398439207e+01
2.152800490796022714e+01
2.155467503795260598e+01
2.158929087548858661e+01
2.163199506060639266e+01
2.168291146037462269e+01
2.174214462086819566e+01
2.180977925405764495e+01
2.188587976100490806e+01
2.197048979269402835e+01
2.206363184975351288e+01
2.216530692225695276e+01
2.227549417071186255e+01
2.239415064926976129e+01
2.252121107211019080e+01
2.265658762386977187e+01
2.280016981490014061e+01
2.295182438204798814e+01
2.311139523555644715e+01
2.327870345258929774e+01
2.345354731778098767e+01
2.363570241111445114e+01
2.382492174332784529e+01
2.402093593894976564e+01
2.422345346696223700e+01
2.443216091899180142e+01
2.464672333483176558e+01
2.486678457500397954e+01
2.509196773997810226e+01
2.532187563557752696e+01
2.555609128401838959e+01
2.579417847994891844e+01
2.603568239078163771e+01
2.628013020054228832e+01
2.652703179639444642e+01
2.677588049694034567e+01
2.702615382134462507e+01
2.727731429827855081e+01
2.752881031363913777e+01
2.778007699438221323e+01
2.803053712596022962e+01
2.827960210102343197e+01
2.852667289722381128e+01
2.877114108215245736e+01
2.901238984363773099e+01
2.924979504383227535e+01
2.948272629571691539e+01
2.971054806084537248e+01
2.993262076734345811e+01
3.014830194735489499e+01
3.035694739329167291e+01
3.055791233239648363e+01
3.075055261925433570e+01
3.093422594600030351e+01
3.110829307005376165e+01
3.127211905927012481e+01
3.142507455443120534e+01
3.156653704899812496e+01
3.169589218602314418e+01
3.181253507205738984e+01
3.191587160780179744e+01
3.200531983512664880e+01
3.208031043612575672e+01
3.214028734631972384e+01
3.218470848505766213e+01
3.221304660484312166e+01
3.222479025995912139e+01
3.221944489340194906e+01
3.219653403976187889e+01
3.215560064032477783e+01
3.209620846531893079e+01
3.201794363691047351e+01
3.192041624526626009e+01
3.180326204876615392e+01
3.166614424826772733e+01
3.150875532421390801e+01
3.133081892433750326e+01
3.113209178876490668e+01
3.091236569846133975e+01
3.067146943220046751e+01
3.040927071658738257e+01
3.012567815312265296e+01
2.982064310587107769e+01
2.949416153299635113e+01
2.914627574524532250e+01
2.877660184675062993e+01
2.838485818823642504e+01
2.797086744017521909e+01
2.753455814248474098e+01
2.707596572220353437e+01
2.659523297342667902e+01
2.609260999665589864e+01
2.556845359760742653e+01
2.502322614840996451e+01
2.445749391699687791e+01
2.387192487333557267e+01
2.326728598392760361e+01
2.264444000873850626e+01
2.200434181736229178e+01
2.134803424377703607e+01
2.067664350149046371e+01
1.999137418319427439e+01
1.929350387123104937e+01
1.858437738721426413e+01
1.786540071102084681e+01
1.713803460108480792e+01
1.640378794945157637e+01
1.566421090639712332e+01
1.466014515043056576e+01
1.368197014943972789e+01
1.273081528667031037e+01
1.180772043421136885e+01
1.091363367760223646e+01
1.004940940326067533e+01
9.215806754215495999e+00
8.413488457959818589e+00
7.643020028561577917e+00
6.904869343484126176e+00
6.199406593890552486e+00
5.526904605538754289e+00
4.887539525728711531e+00
4.281391870147094991e+00
3.708447921875274833e+00
3.168601473292574688e+00
2.661655900125102558e+00
2.187326555468600109e+00
1.745243470258590612e+00
1.334954345379062879e+00
9.559278193982561067e-01
6.075569948023289424e-01
2.891632045701783560e-01
