4.509186152202288689e+00
8.112455466178360552e+00
1.027512112049285875e+01
1.112911759483508689e+01
1.121552119825742722e+01
1.107536490630918102e+01
1.099115218841125596e+01
1.099019224683949858e+01
1.099614874069556691e+01
1.095410260411931347e+01
1.086233420966346763e+01
1.076415999092599662e+01
1.075655977469907931e+01
1.099097290391468107e+01
1.160640846853787345e+01
1.260644461288385543e+01
1.378602929964466917e+01
1.480615658429775117e+01
1.539093261552376468e+01
1.550262215054765313e+01
1.535850451251548243e+01
1.528137967235406514e+01
1.550026185265624612e+01
1.603430253195245569e+01
1.220265194167927980e+01
9.732681887586668523e+00
9.087422656225417228e+00
9.691165715664826763e+00
1.052982385427486101e+01
1.091660894831170125e+01
1.081059043356294502e+01
1.056676336958781626e+01
1.049930251176256846e+01
1.068574186867703091e+01
1.107325276900091460e+01
1.162280623385333733e+01
1.228015134104518324e+01
1.286342947067354814e+01
1.310421054466627844e+01
1.288810267290437928e+01
1.245344891568578127e+01
1.228633911913568078e+01
1.274764490828667718e+01
1.375918417272557193e+01
1.483862226330551337e+01
1.544766557134995821e+01
1.534847152383359337e+01
1.470236605832826982e+01
1.390183831159107442e+01
1.275876532715851930e+01
1.145684854379693363e+01
1.053581087155233043e+01
1.042178945516755739e+01
1.099722676302149615e+01
1.168409602148718029e+01
1.197060396614967637e+01
1.183945098119268025e+01
1.167435112282704068e+01
1.179108090434352185e+01
1.212198022425562449e+01
1.236667289176020645e+01
1.237941011063443497e+01
1.232215429166226350e+01
1.242710069111411642e+01
1.268711624903795787e+01
1.286416354888236846e+01
1.280561735633398968e+01
1.267661833728017839e+01
1.280877717427972939e+01
1.331725123361911045e+01
1.391536351135236238e+01
1.414183441975968414e+01
1.376948249976912031e+01
1.299267902577561173e+01
1.213222252754441222e+01
1.139494941892046143e+01
1.091967587508754534e+01
1.090748797545276361e+01
1.152406956008813310e+01
1.261387105848583268e+01
1.361416301943582496e+01
1.391226657399999311e+01
1.337114142387320648e+01
1.247685266895214085e+01
1.191038024399075113e+01
1.195875787064461626e+01
1.235650214756226895e+01
1.267040166294927950e+01
1.275109798996513355e+01
1.275029591097128900e+01
1.275648927636672525e+01
1.256681542110868932e+01
1.193158293263540415e+01
1.100007092847184254e+01
1.039672976915027469e+01
1.074187441007624422e+01
1.206689009076393937e+01
1.372678198158792462e+01
1.490587089226256445e+01
1.518966663747987589e+01
1.470129942211123719e+01
1.383150923493978723e+01
1.296415133157053212e+01
1.242771431544275629e+01
1.250660367858546174e+01
1.328538636975465437e+01
1.443890769543898678e+01
1.531564769071112408e+01
1.539739129454402544e+01
1.473014382669065725e+01
1.384615141587157439e+01
1.321675104921027533e+01
1.282116553408139836e+01
1.231500733206690867e+01
1.159726833997445183e+01
1.108917280795077609e+01
1.134831606949914828e+01
1.242101017630693605e+01
1.368126902631036401e+01
1.438899435060440979e+01
1.439327848641176111e+01
1.423152130875802612e+01
1.453550058565706316e+01
1.540135443869353615e+01
1.637205431010410805e+01
1.697429709382103979e+01
1.717983545076210206e+01
1.733700197446996683e+01
1.775482003320496105e+01
1.844571311753696818e+01
1.922997277697820095e+01
1.994172226117868618e+01
2.044708085081062876e+01
2.055732567687589807e+01
2.012263631023687083e+01
1.930929236508181290e+01
1.868015413114021328e+01
1.880384423558779972e+01
1.968883987139300018e+01
2.068046919619093771e+01
2.105129885748848295e+01
2.073244266728140417e+01
2.038797332656663741e+01
2.069698678045847018e+01
2.159050790881255821e+01
2.228418569760664170e+01
2.209765148055674899e+01
2.118356132778869139e+01
2.037829298882289208e+01
2.033819505865579558e+01
2.088326166622563562e+01
2.121599059229465212e+01
2.074101711697840145e+01
1.963082111124349183e+01
1.863571033364482687e+01
1.843460481226863479e+01
1.917514071472135129e+01
2.049556513197592977e+01
2.181068923411299210e+01
2.256608206147003770e+01
2.243529202770610453e+01
2.153721323434444201e+01
2.051815094348056689e+01
2.020790618835404118e+01
2.091710981059317831e+01
2.198941915472185826e+01
2.221385698960303756e+01
2.091809446428219488e+01
1.875181547945837934e+01
1.729939846116289104e+01
1.775851684812027287e+01
1.989566266536734673e+01
2.227479221449916125e+01
2.351841947538850519e+01
2.337452215788123056e+01
2.263627269337643355e+01
2.215504242360583476e+01
2.202317937188688646e+01
2.167691400183803907e+01
2.065673499646212719e+01
1.917889951402158033e+01
1.801716182261475296e+01
1.792601991173633991e+01
1.914415128402303523e+01
2.124946851730759079e+01
2.330283656783504753e+01
2.419779309851510263e+01
2.321872496065005720e+01
2.062792220058523185e+01
1.778671740371383692e+01
1.642675728439634852e+01
1.740652208709951054e+01
1.996421695907220339e+01
2.225226337484449246e+01
2.281794953159422334e+01
2.174252352032103275e+01
2.040886445795026560e+01
2.016208741972167218e+01
2.116372269705678733e+01
2.246694116757642945e+01
2.308210823055566863e+01
2.288785762649974487e+01
2.255639187388847233e+01
2.274292686065597380e+01
2.344536687231817140e+01
2.408684943697868519e+01
2.406655344057633528e+01
2.318106095536628786e+01
2.165955130579520116e+01
2.000214142300316666e+01
1.882584718267477086e+01
1.866139573091361825e+01
1.962230851094079043e+01
2.117546184935361353e+01
2.238715492873464541e+01
2.262343474364294593e+01
2.210427354713980108e+01
2.169425511643973437e+01
2.204091746047877010e+01
2.290879324235544701e+01
2.342929867241918274e+01
2.304079649245675299e+01
2.213516613222583018e+01
2.171451160143604397e+01
2.240678651570812008e+01
2.385508225977504182e+01
2.507016114359126746e+01
2.532146932967796005e+01
2.465616893775136020e+01
2.364322327753254172e+01
2.278290726819139422e+01
2.224862228204855086e+01
2.208732608639929751e+01
2.243590913644716522e+01
2.338994387487236892e+01
2.470851992855345358e+01
2.581145423706896480e+01
2.617637201333901231e+01
2.573451334804837032e+01
2.484945839401973089e+01
2.395434554209543876e+01
2.329166629648033293e+01
2.298996846921219372e+01
2.322357094812688061e+01
2.409683494457301478e+01
2.533064462821896967e+01
2.622767808695749281e+01
2.616873385845371303e+01
2.523507490356509209e+01
2.426062101203256205e+01
2.413467912920991765e+01
2.498922385530361368e+01
2.609029252974996282e+01
2.655174977151675719e+01
2.614549077777865449e+01
2.541461302782224152e+01
2.505903260149435496e+01
2.529844569893215578e+01
2.584370612515001042e+01
2.637440753573520169e+01
2.689888818139211324e+01
2.761140482801908291e+01
2.849642179670756548e+01
2.919128523814248766e+01
2.925650665986175269e+01
2.852148015422028138e+01
2.715174407861022843e+01
2.547401754515687244e+01
2.384970181174625026e+01
2.269776975616227688e+01
2.244950991953304964e+01
2.326321325834475573e+01
2.472375571207474110e+01
2.596074131558507858e+01
2.626653200333090865e+01
2.570982915656512802e+01
2.511784420088284620e+01
2.536884303281025410e+01
2.663009031317274378e+01
2.824352200151434289e+01
2.932189298200999872e+01
2.945445726902429584e+01
2.887638446079954235e+01
2.808922430060750486e+01
2.744062618384387875e+01
2.704932128453115325e+01
2.695706430252729291e+01
2.716143899256158534e+01
2.746638026241569364e+01
2.744631310504641419e+01
2.674199817261050782e+01
2.546276463811916457e+01
2.423023873650134519e+01
2.371506918025850652e+01
2.406887332234388310e+01
2.480720643511573087e+01
2.525935712459388682e+01
2.513990717565085120e+01
2.471266343798049903e+01
2.446379161922516587e+01
2.466745329567107703e+01
2.524509950338243414e+01
2.595602776044333382e+01
2.665559280920794905e+01
2.739145579680199560e+01
2.816847432141983987e+01
2.887033826968095696e+01
2.935677280859612281e+01
2.952819873400514439e+01
2.927451721199824064e+01
2.848009304052762047e+01
2.723163686567132302e+01
2.604155084841108803e+01
2.569738846597366688e+01
2.664433086417346530e+01
2.837580098969975850e+01
2.950474953482067875e+01
2.867699290894533348e+01
2.568323357588151978e+01
2.182366223158169660e+01
1.913439564443834584e+01
1.902730160250205316e+01
2.138073788183424284e+01
2.474063911550090467e+01
2.741634346307368730e+01
2.862187193460282231e+01
2.886517112098127313e+01
2.938685611154974353e+01
3.016083517166898176e+01
3.089918625836553900e+01
3.116495032540527532e+01
3.060338991152885413e+01
2.922583619769632435e+01
2.755520599558423456e+01
2.641508971443364828e+01
2.638426112233139165e+01
2.730261303279012708e+01
2.830734553267777187e+01
2.848522611718096442e+01
2.763928196371467294e+01
2.646865855785040011e+01
2.592718868685112099e+01
2.628665372105929876e+01
2.677092406368044664e+01
2.618216812301601593e+01
2.407030306833733135e+01
2.146786461982295080e+01
2.049782878295079058e+01
2.303251016211354241e+01
2.933280214452587842e+01
3.765045232048523616e+01
3.523287173886954804e+01
3.264759871727677876e+01
3.026699468570205909e+01
2.851755867755838025e+01
2.769624187527290360e+01
2.778201946016613633e+01
2.837322533537103553e+01
2.885044491116754983e+01
2.871897486708466474e+01
2.791592760354097535e+01
2.684228412451812318e+01
2.607017597749872451e+01
2.594342380821948879e+01
2.638986929182949126e+01
2.708180679750058317e+01
2.776494906096862181e+01
2.841786249318002078e+01
2.906127056660228192e+01
2.937808912558738328e+01
2.852312112157608581e+01
2.539124772752828108e+01
1.925320923886203062e+01
1.034825941064151245e+01
