#energy geo_1 
600 3.43541e-06 
600.439 3.43942e-06 
600.879 3.44344e-06 
601.318 3.44748e-06 
601.758 3.45154e-06 
602.197 3.4556e-06 
602.637 3.45968e-06 
603.076 3.46378e-06 
603.516 3.4679e-06 
603.955 3.47202e-06 
604.395 3.47617e-06 
604.834 3.48032e-06 
605.273 3.4845e-06 
605.713 3.48869e-06 
606.152 3.4929e-06 
606.592 3.49712e-06 
607.031 3.50136e-06 
607.471 3.50561e-06 
607.91 3.50988e-06 
608.35 3.51417e-06 
608.789 3.51848e-06 
609.229 3.5228e-06 
609.668 3.52713e-06 
610.107 3.53149e-06 
610.547 3.53586e-06 
610.986 3.54025e-06 
611.426 3.54466e-06 
611.865 3.54908e-06 
612.305 3.55353e-06 
612.744 3.55799e-06 
613.184 3.56247e-06 
613.623 3.56696e-06 
614.062 3.57148e-06 
614.502 3.57601e-06 
614.941 3.58057e-06 
615.381 3.58514e-06 
615.82 3.58973e-06 
616.26 3.59434e-06 
616.699 3.59897e-06 
617.139 3.60362e-06 
617.578 3.60829e-06 
618.018 3.61297e-06 
618.457 3.61768e-06 
618.896 3.62241e-06 
619.336 3.62716e-06 
619.775 3.63193e-06 
620.215 3.63672e-06 
620.654 3.64153e-06 
621.094 3.64637e-06 
621.533 3.65122e-06 
621.973 3.6561e-06 
622.412 3.66099e-06 
622.852 3.66591e-06 
623.291 3.67085e-06 
623.73 3.67581e-06 
624.17 3.68079e-06 
624.609 3.6858e-06 
625.049 3.69082e-06 
625.488 3.69587e-06 
625.928 3.70095e-06 
626.367 3.70604e-06 
626.807 3.71116e-06 
627.246 3.7163e-06 
627.686 3.72145e-06 
628.125 3.72664e-06 
628.564 3.73185e-06 
629.004 3.73708e-06 
629.443 3.74233e-06 
629.883 3.7476e-06 
630.322 3.7529e-06 
630.762 3.75822e-06 
631.201 3.76356e-06 
631.641 3.76893e-06 
632.08 3.77431e-06 
632.52 3.77972e-06 
632.959 3.78515e-06 
633.398 3.7906e-06 
633.838 3.79607e-06 
634.277 3.80157e-06 
634.717 3.80708e-06 
635.156 3.81262e-06 
635.596 3.81817e-06 
636.035 3.82374e-06 
636.475 3.82933e-06 
636.914 3.83495e-06 
637.354 3.84057e-06 
637.793 3.84621e-06 
638.232 3.85187e-06 
638.672 3.85755e-06 
639.111 3.86324e-06 
639.551 3.86894e-06 
639.99 3.87466e-06 
640.43 3.88038e-06 
640.869 3.88612e-06 
641.309 3.89187e-06 
641.748 3.89763e-06 
642.188 3.90339e-06 
642.627 3.90915e-06 
643.066 3.91493e-06 
643.506 3.9207e-06 
643.945 3.92647e-06 
644.385 3.93224e-06 
644.824 3.938e-06 
645.264 3.94377e-06 
645.703 3.94952e-06 
646.143 3.95527e-06 
646.582 3.961e-06 
647.021 3.96671e-06 
647.461 3.97242e-06 
647.9 3.9781e-06 
648.34 3.98376e-06 
648.779 3.9894e-06 
649.219 3.99501e-06 
649.658 4.00059e-06 
650.098 4.00614e-06 
650.537 4.01166e-06 
650.977 4.01713e-06 
651.416 4.02257e-06 
651.855 4.02796e-06 
652.295 4.03331e-06 
652.734 4.03861e-06 
653.174 4.04386e-06 
653.613 4.04907e-06 
654.053 4.05422e-06 
654.492 4.05931e-06 
654.932 4.06436e-06 
655.371 4.06935e-06 
655.811 4.07429e-06 
656.25 4.07919e-06 
656.689 4.08404e-06 
657.129 4.08886e-06 
657.568 4.09364e-06 
658.008 4.09841e-06 
658.447 4.10317e-06 
658.887 4.10794e-06 
659.326 4.11274e-06 
659.766 4.11761e-06 
660.205 4.12256e-06 
660.645 4.12765e-06 
661.084 4.13293e-06 
661.523 4.13845e-06 
661.963 4.14431e-06 
662.402 4.15059e-06 
662.842 4.1574e-06 
663.281 4.16492e-06 
663.721 4.17332e-06 
664.16 4.18284e-06 
664.6 4.19376e-06 
665.039 4.20642e-06 
665.479 4.22128e-06 
665.918 4.23888e-06 
666.357 4.25989e-06 
666.797 4.28509e-06 
667.236 4.31537e-06 
667.676 4.3517e-06 
668.115 4.39494e-06 
668.555 4.44555e-06 
668.994 4.50305e-06 
669.434 4.56514e-06 
669.873 4.62685e-06 
670.312 4.68003e-06 
670.752 4.71445e-06 
671.191 4.72106e-06 
671.631 4.69612e-06 
672.07 4.64319e-06 
672.51 4.57119e-06 
672.949 4.4903e-06 
673.389 4.40874e-06 
673.828 4.33158e-06 
674.268 4.26123e-06 
674.707 4.19823e-06 
675.146 4.14219e-06 
675.586 4.09227e-06 
676.025 4.04755e-06 
676.465 4.00721e-06 
676.904 3.97055e-06 
677.344 3.937e-06 
677.783 3.90612e-06 
678.223 3.87762e-06 
678.662 3.85138e-06 
679.102 3.82737e-06 
679.541 3.80567e-06 
679.98 3.78647e-06 
680.42 3.77011e-06 
680.859 3.75712e-06 
681.299 3.74815e-06 
681.738 3.74407e-06 
682.178 3.74589e-06 
682.617 3.75485e-06 
683.057 3.77243e-06 
683.496 3.80007e-06 
683.936 3.83905e-06 
684.375 3.89002e-06 
684.814 3.95272e-06 
685.254 4.0259e-06 
685.693 4.1084e-06 
686.133 4.20205e-06 
686.572 4.31585e-06 
687.012 4.47043e-06 
687.451 4.70217e-06 
687.891 5.07071e-06 
688.33 5.67802e-06 
688.77 6.71616e-06 
689.209 8.58769e-06 
689.648 1.22172e-05 
690.088 1.9736e-05 
690.527 3.35028e-05 
690.967 4.0443e-05 
691.406 2.82703e-05 
691.846 1.66604e-05 
692.285 1.04956e-05 
692.725 7.38793e-06 
693.164 5.68597e-06 
693.604 4.66615e-06 
694.043 4.0077e-06 
694.482 3.55631e-06 
694.922 3.2317e-06 
695.361 2.98911e-06 
695.801 2.8023e-06 
696.24 2.6552e-06 
696.68 2.53769e-06 
697.119 2.44332e-06 
697.559 2.36806e-06 
697.998 2.30958e-06 
698.438 2.26688e-06 
698.877 2.24003e-06 
699.316 2.23026e-06 
699.756 2.23995e-06 
700.195 2.27309e-06 
700.635 2.33577e-06 
701.074 2.43717e-06 
701.514 2.59123e-06 
701.953 2.8195e-06 
702.393 3.15659e-06 
702.832 3.66023e-06 
703.271 4.43207e-06 
703.711 5.66271e-06 
704.15 7.73809e-06 
704.59 1.15089e-05 
705.029 1.89779e-05 
705.469 3.42835e-05 
705.908 5.56258e-05 
706.348 5.20406e-05 
706.787 3.15243e-05 
707.227 1.76663e-05 
707.666 1.07021e-05 
708.105 7.11189e-06 
708.545 5.08964e-06 
708.984 3.85457e-06 
709.424 3.04984e-06 
709.863 2.49781e-06 
710.303 2.10327e-06 
710.742 1.81167e-06 
711.182 1.59011e-06 
711.621 1.41781e-06 
712.061 1.28116e-06 
712.5 1.17094e-06 
712.939 1.0807e-06 
713.379 1.00588e-06 
713.818 9.43144e-07 
714.258 8.90002e-07 
714.697 8.44585e-07 
715.137 8.05456e-07 
715.576 7.71505e-07 
716.016 7.41854e-07 
716.455 7.15802e-07 
716.895 6.92792e-07 
717.334 6.72367e-07 
717.773 6.54155e-07 
718.213 6.37851e-07 
718.652 6.23199e-07 
719.092 6.09986e-07 
719.531 5.98033e-07 
719.971 5.87187e-07 
720.41 5.7732e-07 
720.85 5.6832e-07 
721.289 5.60093e-07 
721.729 5.52556e-07 
722.168 5.45638e-07 
722.607 5.39276e-07 
723.047 5.33416e-07 
723.486 5.28011e-07 
723.926 5.23017e-07 
724.365 5.18398e-07 
724.805 5.14121e-07 
725.244 5.10157e-07 
725.684 5.06478e-07 
726.123 5.03062e-07 
726.562 4.99889e-07 
727.002 4.96937e-07 
727.441 4.94192e-07 
727.881 4.91637e-07 
728.32 4.89258e-07 
728.76 4.87043e-07 
729.199 4.84981e-07 
729.639 4.8306e-07 
730.078 4.81271e-07 
730.518 4.79606e-07 
730.957 4.78057e-07 
731.396 4.76616e-07 
731.836 4.75276e-07 
732.275 4.74031e-07 
732.715 4.72876e-07 
733.154 4.71805e-07 
733.594 4.70814e-07 
734.033 4.69898e-07 
734.473 4.69052e-07 
734.912 4.68273e-07 
735.352 4.67557e-07 
735.791 4.66902e-07 
736.23 4.66302e-07 
736.67 4.65757e-07 
737.109 4.65264e-07 
737.549 4.64818e-07 
737.988 4.64419e-07 
738.428 4.64064e-07 
738.867 4.63751e-07 
739.307 4.63478e-07 
739.746 4.63243e-07 
740.186 4.63044e-07 
740.625 4.6288e-07 
741.064 4.6275e-07 
741.504 4.62652e-07 
741.943 4.62584e-07 
742.383 4.62545e-07 
742.822 4.62534e-07 
743.262 4.62551e-07 
743.701 4.62593e-07 
744.141 4.6266e-07 
744.58 4.62751e-07 
745.02 4.62865e-07 
745.459 4.63001e-07 
745.898 4.63158e-07 
746.338 4.63336e-07 
746.777 4.63533e-07 
747.217 4.6375e-07 
747.656 4.63985e-07 
748.096 4.64237e-07 
748.535 4.64507e-07 
748.975 4.64794e-07 
749.414 4.65096e-07 
749.854 4.65414e-07 
750.293 4.65747e-07 
750.732 4.66094e-07 
751.172 4.66456e-07 
751.611 4.66831e-07 
752.051 4.6722e-07 
752.49 4.67621e-07 
752.93 4.68035e-07 
753.369 4.68461e-07 
753.809 4.68898e-07 
754.248 4.69347e-07 
754.688 4.69807e-07 
755.127 4.70278e-07 
755.566 4.7076e-07 
756.006 4.71251e-07 
756.445 4.71753e-07 
756.885 4.72264e-07 
757.324 4.72784e-07 
757.764 4.73314e-07 
758.203 4.73853e-07 
758.643 4.744e-07 
759.082 4.74956e-07 
759.521 4.7552e-07 
759.961 4.76093e-07 
760.4 4.76673e-07 
760.84 4.77261e-07 
761.279 4.77857e-07 
761.719 4.7846e-07 
762.158 4.7907e-07 
762.598 4.79687e-07 
763.037 4.80311e-07 
763.477 4.80942e-07 
763.916 4.8158e-07 
764.355 4.82224e-07 
764.795 4.82874e-07 
765.234 4.83531e-07 
765.674 4.84194e-07 
766.113 4.84863e-07 
766.553 4.85537e-07 
766.992 4.86218e-07 
767.432 4.86904e-07 
767.871 4.87595e-07 
768.311 4.88292e-07 
768.75 4.88995e-07 
769.189 4.89702e-07 
769.629 4.90415e-07 
770.068 4.91133e-07 
770.508 4.91855e-07 
770.947 4.92583e-07 
771.387 4.93316e-07 
771.826 4.94053e-07 
772.266 4.94795e-07 
772.705 4.95541e-07 
773.145 4.96292e-07 
773.584 4.97048e-07 
774.023 4.97808e-07 
774.463 4.98572e-07 
774.902 4.9934e-07 
775.342 5.00113e-07 
775.781 5.00889e-07 
776.221 5.0167e-07 
776.66 5.02455e-07 
777.1 5.03243e-07 
777.539 5.04036e-07 
777.979 5.04832e-07 
778.418 5.05633e-07 
778.857 5.06437e-07 
779.297 5.07244e-07 
779.736 5.08055e-07 
780.176 5.0887e-07 
780.615 5.09689e-07 
781.055 5.10511e-07 
781.494 5.11336e-07 
781.934 5.12165e-07 
782.373 5.12997e-07 
782.812 5.13833e-07 
783.252 5.14672e-07 
783.691 5.15514e-07 
784.131 5.16359e-07 
784.57 5.17208e-07 
785.01 5.1806e-07 
785.449 5.18915e-07 
785.889 5.19773e-07 
786.328 5.20634e-07 
786.768 5.21498e-07 
787.207 5.22365e-07 
787.646 5.23235e-07 
788.086 5.24108e-07 
788.525 5.24984e-07 
788.965 5.25863e-07 
789.404 5.26745e-07 
789.844 5.27629e-07 
790.283 5.28517e-07 
790.723 5.29407e-07 
791.162 5.303e-07 
791.602 5.31196e-07 
792.041 5.32095e-07 
792.48 5.32996e-07 
792.92 5.339e-07 
793.359 5.34806e-07 
793.799 5.35715e-07 
794.238 5.36627e-07 
794.678 5.37542e-07 
795.117 5.38458e-07 
795.557 5.39378e-07 
795.996 5.403e-07 
796.436 5.41225e-07 
796.875 5.42152e-07 
797.314 5.43082e-07 
797.754 5.44013e-07 
798.193 5.44948e-07 
798.633 5.45885e-07 
799.072 5.46824e-07 
799.512 5.47766e-07 
799.951 5.4871e-07 
800.391 5.49657e-07 
800.83 5.50606e-07 
801.27 5.51557e-07 
801.709 5.5251e-07 
802.148 5.53466e-07 
802.588 5.54425e-07 
803.027 5.55385e-07 
803.467 5.56348e-07 
803.906 5.57313e-07 
804.346 5.5828e-07 
804.785 5.5925e-07 
805.225 5.60222e-07 
805.664 5.61196e-07 
806.104 5.62172e-07 
806.543 5.6315e-07 
806.982 5.64131e-07 
807.422 5.65113e-07 
807.861 5.66098e-07 
808.301 5.67086e-07 
808.74 5.68075e-07 
809.18 5.69066e-07 
809.619 5.7006e-07 
810.059 5.71055e-07 
810.498 5.72053e-07 
810.938 5.73053e-07 
811.377 5.74054e-07 
811.816 5.75058e-07 
812.256 5.76064e-07 
812.695 5.77072e-07 
813.135 5.78082e-07 
813.574 5.79094e-07 
814.014 5.80108e-07 
814.453 5.81124e-07 
814.893 5.82142e-07 
815.332 5.83161e-07 
815.771 5.84183e-07 
816.211 5.85207e-07 
816.65 5.86233e-07 
817.09 5.8726e-07 
817.529 5.88289e-07 
817.969 5.8932e-07 
818.408 5.90353e-07 
818.848 5.91387e-07 
819.287 5.92424e-07 
819.727 5.93462e-07 
820.166 5.94501e-07 
820.605 5.95543e-07 
821.045 5.96586e-07 
821.484 5.9763e-07 
821.924 5.98677e-07 
822.363 5.99724e-07 
822.803 6.00773e-07 
823.242 6.01824e-07 
823.682 6.02876e-07 
824.121 6.03929e-07 
824.561 6.04984e-07 
825 6.0604e-07 
825.439 6.07097e-07 
825.879 6.08155e-07 
826.318 6.09214e-07 
826.758 6.10274e-07 
827.197 6.11335e-07 
827.637 6.12397e-07 
828.076 6.13459e-07 
828.516 6.14523e-07 
828.955 6.15586e-07 
829.395 6.1665e-07 
829.834 6.17715e-07 
830.273 6.1878e-07 
830.713 6.19845e-07 
831.152 6.2091e-07 
831.592 6.21974e-07 
832.031 6.23039e-07 
832.471 6.24103e-07 
832.91 6.25167e-07 
833.35 6.2623e-07 
833.789 6.27292e-07 
834.229 6.28354e-07 
834.668 6.29414e-07 
835.107 6.30473e-07 
835.547 6.3153e-07 
835.986 6.32586e-07 
836.426 6.3364e-07 
836.865 6.34692e-07 
837.305 6.35742e-07 
837.744 6.36789e-07 
838.184 6.37834e-07 
838.623 6.38876e-07 
839.062 6.39914e-07 
839.502 6.40949e-07 
839.941 6.41982e-07 
840.381 6.4301e-07 
840.82 6.44034e-07 
841.26 6.45054e-07 
841.699 6.46069e-07 
842.139 6.4708e-07 
842.578 6.48086e-07 
843.018 6.49087e-07 
843.457 6.50083e-07 
843.896 6.51074e-07 
844.336 6.52059e-07 
844.775 6.53037e-07 
845.215 6.54011e-07 
845.654 6.54978e-07 
846.094 6.55939e-07 
846.533 6.56894e-07 
846.973 6.57842e-07 
847.412 6.58785e-07 
847.852 6.59722e-07 
848.291 6.60652e-07 
848.73 6.61577e-07 
849.17 6.62496e-07 
849.609 6.63411e-07 
850.049 6.6432e-07 
850.488 6.65225e-07 
850.928 6.66127e-07 
851.367 6.67026e-07 
851.807 6.67922e-07 
852.246 6.68819e-07 
852.686 6.69715e-07 
853.125 6.70614e-07 
853.564 6.71516e-07 
854.004 6.72424e-07 
854.443 6.73339e-07 
854.883 6.74266e-07 
855.322 6.75206e-07 
855.762 6.76163e-07 
856.201 6.77141e-07 
856.641 6.78145e-07 
857.08 6.7918e-07 
857.52 6.80252e-07 
857.959 6.81368e-07 
858.398 6.82537e-07 
858.838 6.83767e-07 
859.277 6.8507e-07 
859.717 6.86458e-07 
860.156 6.87945e-07 
860.596 6.89551e-07 
861.035 6.91292e-07 
861.475 6.93195e-07 
861.914 6.95286e-07 
862.354 6.976e-07 
862.793 7.00175e-07 
863.232 7.03058e-07 
863.672 7.06307e-07 
864.111 7.09989e-07 
864.551 7.14189e-07 
864.99 7.19008e-07 
865.43 7.24569e-07 
865.869 7.31026e-07 
866.309 7.38565e-07 
866.748 7.47416e-07 
867.188 7.57861e-07 
867.627 7.70237e-07 
868.066 7.84948e-07 
868.506 8.02454e-07 
868.945 8.2324e-07 
869.385 8.47748e-07 
869.824 8.76226e-07 
870.264 9.08449e-07 
870.703 9.43324e-07 
871.143 9.7842e-07 
871.582 1.00976e-06 
872.021 1.03232e-06 
872.461 1.04159e-06 
872.9 1.03556e-06 
873.34 1.01569e-06 
873.779 9.86225e-07 
874.219 9.52189e-07 
874.658 9.17788e-07 
875.098 8.8571e-07 
875.537 8.57253e-07 
875.977 8.32769e-07 
876.416 8.12076e-07 
876.855 7.94758e-07 
877.295 7.80331e-07 
877.734 7.68331e-07 
878.174 7.58346e-07 
878.613 7.50027e-07 
879.053 7.43084e-07 
879.492 7.3728e-07 
879.932 7.32423e-07 
880.371 7.28353e-07 
880.811 7.24945e-07 
881.25 7.22093e-07 
881.689 7.19711e-07 
882.129 7.17731e-07 
882.568 7.16092e-07 
883.008 7.14747e-07 
883.447 7.13657e-07 
883.887 7.12786e-07 
884.326 7.12106e-07 
884.766 7.11594e-07 
885.205 7.11229e-07 
885.645 7.10993e-07 
886.084 7.10872e-07 
886.523 7.10851e-07 
886.963 7.10922e-07 
887.402 7.11073e-07 
887.842 7.11296e-07 
888.281 7.11584e-07 
888.721 7.11931e-07 
889.16 7.12331e-07 
889.6 7.12777e-07 
890.039 7.13268e-07 
890.479 7.13798e-07 
890.918 7.14363e-07 
891.357 7.14962e-07 
891.797 7.1559e-07 
892.236 7.16246e-07 
892.676 7.16927e-07 
893.115 7.17632e-07 
893.555 7.18357e-07 
893.994 7.19103e-07 
894.434 7.19867e-07 
894.873 7.20647e-07 
895.312 7.21444e-07 
895.752 7.22255e-07 
896.191 7.23079e-07 
896.631 7.23916e-07 
897.07 7.24765e-07 
897.51 7.25625e-07 
897.949 7.26495e-07 
898.389 7.27374e-07 
898.828 7.28263e-07 
899.268 7.2916e-07 
899.707 7.30064e-07 
900.146 7.30977e-07 
900.586 7.31896e-07 
901.025 7.32821e-07 
901.465 7.33753e-07 
901.904 7.34691e-07 
902.344 7.35634e-07 
902.783 7.36582e-07 
903.223 7.37535e-07 
903.662 7.38492e-07 
904.102 7.39454e-07 
904.541 7.4042e-07 
904.98 7.4139e-07 
905.42 7.42363e-07 
905.859 7.4334e-07 
906.299 7.4432e-07 
906.738 7.45304e-07 
907.178 7.4629e-07 
907.617 7.47279e-07 
908.057 7.48271e-07 
908.496 7.49265e-07 
908.936 7.50261e-07 
909.375 7.5126e-07 
909.814 7.52261e-07 
910.254 7.53264e-07 
910.693 7.54269e-07 
911.133 7.55276e-07 
911.572 7.56285e-07 
912.012 7.57295e-07 
912.451 7.58307e-07 
912.891 7.5932e-07 
913.33 7.60335e-07 
913.77 7.61351e-07 
914.209 7.62368e-07 
914.648 7.63386e-07 
915.088 7.64406e-07 
915.527 7.65427e-07 
915.967 7.66449e-07 
916.406 7.67471e-07 
916.846 7.68495e-07 
917.285 7.69519e-07 
917.725 7.70544e-07 
918.164 7.71571e-07 
918.604 7.72597e-07 
919.043 7.73625e-07 
919.482 7.74653e-07 
919.922 7.75682e-07 
920.361 7.76711e-07 
920.801 7.77741e-07 
921.24 7.78771e-07 
921.68 7.79802e-07 
922.119 7.80833e-07 
922.559 7.81865e-07 
922.998 7.82897e-07 
923.438 7.83929e-07 
923.877 7.84962e-07 
924.316 7.85995e-07 
924.756 7.87028e-07 
925.195 7.88061e-07 
925.635 7.89095e-07 
926.074 7.90128e-07 
926.514 7.91162e-07 
926.953 7.92196e-07 
927.393 7.9323e-07 
927.832 7.94264e-07 
928.271 7.95299e-07 
928.711 7.96333e-07 
929.15 7.97367e-07 
929.59 7.98401e-07 
930.029 7.99436e-07 
930.469 8.0047e-07 
930.908 8.01505e-07 
931.348 8.02539e-07 
931.787 8.03573e-07 
932.227 8.04607e-07 
932.666 8.05641e-07 
933.105 8.06675e-07 
933.545 8.07708e-07 
933.984 8.08742e-07 
934.424 8.09775e-07 
934.863 8.10808e-07 
935.303 8.11841e-07 
935.742 8.12874e-07 
936.182 8.13906e-07 
936.621 8.14939e-07 
937.061 8.1597e-07 
937.5 8.17002e-07 
937.939 8.18033e-07 
938.379 8.19064e-07 
938.818 8.20096e-07 
939.258 8.21125e-07 
939.697 8.22156e-07 
940.137 8.23186e-07 
940.576 8.24215e-07 
941.016 8.25245e-07 
941.455 8.26273e-07 
941.895 8.27302e-07 
942.334 8.28329e-07 
942.773 8.29357e-07 
943.213 8.30384e-07 
943.652 8.31412e-07 
944.092 8.32438e-07 
944.531 8.33464e-07 
944.971 8.34489e-07 
945.41 8.35514e-07 
945.85 8.36539e-07 
946.289 8.37563e-07 
946.729 8.38587e-07 
947.168 8.3961e-07 
947.607 8.40632e-07 
948.047 8.41654e-07 
948.486 8.42676e-07 
948.926 8.43698e-07 
949.365 8.44718e-07 
949.805 8.45738e-07 
950.244 8.46758e-07 
950.684 8.47777e-07 
951.123 8.48795e-07 
951.562 8.49813e-07 
952.002 8.5083e-07 
952.441 8.51847e-07 
952.881 8.52863e-07 
953.32 8.53879e-07 
953.76 8.54894e-07 
954.199 8.55908e-07 
954.639 8.56922e-07 
955.078 8.57936e-07 
955.518 8.58948e-07 
955.957 8.5996e-07 
956.396 8.60971e-07 
956.836 8.61982e-07 
957.275 8.62992e-07 
957.715 8.64002e-07 
958.154 8.6501e-07 
958.594 8.66018e-07 
959.033 8.67026e-07 
959.473 8.68033e-07 
959.912 8.69039e-07 
960.352 8.70045e-07 
960.791 8.71049e-07 
961.23 8.72054e-07 
961.67 8.73057e-07 
962.109 8.74059e-07 
962.549 8.75061e-07 
962.988 8.76063e-07 
963.428 8.77063e-07 
963.867 8.78063e-07 
964.307 8.79063e-07 
964.746 8.80061e-07 
965.186 8.81059e-07 
965.625 8.82056e-07 
966.064 8.83052e-07 
966.504 8.84048e-07 
966.943 8.85043e-07 
967.383 8.86037e-07 
967.822 8.8703e-07 
968.262 8.88023e-07 
968.701 8.89015e-07 
969.141 8.90006e-07 
969.58 8.90996e-07 
970.02 8.91985e-07 
970.459 8.92974e-07 
970.898 8.93962e-07 
971.338 8.9495e-07 
971.777 8.95936e-07 
972.217 8.96922e-07 
972.656 8.97906e-07 
973.096 8.9889e-07 
973.535 8.99874e-07 
973.975 9.00856e-07 
974.414 9.01838e-07 
974.854 9.02819e-07 
975.293 9.03799e-07 
975.732 9.04778e-07 
976.172 9.05757e-07 
976.611 9.06735e-07 
977.051 9.07711e-07 
977.49 9.08687e-07 
977.93 9.09662e-07 
978.369 9.10637e-07 
978.809 9.11611e-07 
979.248 9.12583e-07 
979.688 9.13555e-07 
980.127 9.14526e-07 
980.566 9.15496e-07 
981.006 9.16466e-07 
981.445 9.17435e-07 
981.885 9.18402e-07 
982.324 9.19369e-07 
982.764 9.20335e-07 
983.203 9.213e-07 
983.643 9.22265e-07 
984.082 9.23228e-07 
984.521 9.24192e-07 
984.961 9.25153e-07 
985.4 9.26114e-07 
985.84 9.27074e-07 
986.279 9.28033e-07 
986.719 9.28992e-07 
987.158 9.2995e-07 
987.598 9.30906e-07 
988.037 9.31862e-07 
988.477 9.32817e-07 
988.916 9.33771e-07 
989.355 9.34725e-07 
989.795 9.35678e-07 
990.234 9.36629e-07 
990.674 9.37579e-07 
991.113 9.38529e-07 
991.553 9.39479e-07 
991.992 9.40427e-07 
992.432 9.41374e-07 
992.871 9.4232e-07 
993.311 9.43266e-07 
993.75 9.4421e-07 
994.189 9.45155e-07 
994.629 9.46097e-07 
995.068 9.47039e-07 
995.508 9.47981e-07 
995.947 9.48921e-07 
996.387 9.4986e-07 
996.826 9.508e-07 
997.266 9.51737e-07 
997.705 9.52674e-07 
998.145 9.5361e-07 
998.584 9.54545e-07 
999.023 9.55479e-07 
999.463 9.56413e-07 
999.902 9.57345e-07 
1000.34 9.58277e-07 
1000.78 9.59207e-07 
1001.22 9.60138e-07 
1001.66 9.61067e-07 
1002.1 9.61995e-07 
1002.54 9.62923e-07 
1002.98 9.63849e-07 
1003.42 9.64774e-07 
1003.86 9.65699e-07 
1004.3 9.66623e-07 
1004.74 9.67546e-07 
1005.18 9.68468e-07 
1005.62 9.6939e-07 
1006.05 9.7031e-07 
1006.49 9.7123e-07 
1006.93 9.72148e-07 
1007.37 9.73067e-07 
1007.81 9.73984e-07 
1008.25 9.749e-07 
1008.69 9.75816e-07 
1009.13 9.7673e-07 
1009.57 9.77643e-07 
1010.01 9.78557e-07 
1010.45 9.79468e-07 
1010.89 9.80379e-07 
1011.33 9.8129e-07 
1011.77 9.822e-07 
1012.21 9.83108e-07 
1012.65 9.84016e-07 
1013.09 9.84923e-07 
1013.53 9.85829e-07 
1013.96 9.86734e-07 
1014.4 9.87639e-07 
1014.84 9.88543e-07 
1015.28 9.89445e-07 
1015.72 9.90347e-07 
1016.16 9.91248e-07 
1016.6 9.92149e-07 
1017.04 9.93049e-07 
1017.48 9.93948e-07 
1017.92 9.94845e-07 
1018.36 9.95743e-07 
1018.8 9.96639e-07 
1019.24 9.97534e-07 
1019.68 9.98429e-07 
1020.12 9.99323e-07 
1020.56 1.00022e-06 
1021 1.00111e-06 
1021.44 1.002e-06 
1021.88 1.00289e-06 
1022.31 1.00378e-06 
1022.75 1.00467e-06 
1023.19 1.00556e-06 
1023.63 1.00645e-06 
1024.07 1.00733e-06 
1024.51 1.00822e-06 
1024.95 1.00911e-06 
1025.39 1.00999e-06 
1025.83 1.01087e-06 
1026.27 1.01176e-06 
1026.71 1.01264e-06 
1027.15 1.01352e-06 
1027.59 1.0144e-06 
1028.03 1.01528e-06 
1028.47 1.01616e-06 
1028.91 1.01704e-06 
1029.35 1.01792e-06 
1029.79 1.0188e-06 
1030.22 1.01967e-06 
1030.66 1.02055e-06 
1031.1 1.02142e-06 
1031.54 1.0223e-06 
1031.98 1.02317e-06 
1032.42 1.02404e-06 
1032.86 1.02492e-06 
1033.3 1.02579e-06 
1033.74 1.02666e-06 
1034.18 1.02753e-06 
1034.62 1.0284e-06 
1035.06 1.02927e-06 
1035.5 1.03014e-06 
1035.94 1.031e-06 
1036.38 1.03187e-06 
1036.82 1.03274e-06 
1037.26 1.0336e-06 
1037.7 1.03447e-06 
1038.13 1.03533e-06 
1038.57 1.0362e-06 
1039.01 1.03706e-06 
1039.45 1.03792e-06 
1039.89 1.03878e-06 
1040.33 1.03965e-06 
1040.77 1.04051e-06 
1041.21 1.04137e-06 
1041.65 1.04223e-06 
1042.09 1.04308e-06 
1042.53 1.04394e-06 
1042.97 1.0448e-06 
1043.41 1.04566e-06 
1043.85 1.04651e-06 
1044.29 1.04737e-06 
1044.73 1.04823e-06 
1045.17 1.04908e-06 
1045.61 1.04993e-06 
1046.04 1.05079e-06 
1046.48 1.05164e-06 
1046.92 1.05249e-06 
1047.36 1.05335e-06 
1047.8 1.0542e-06 
1048.24 1.05505e-06 
1048.68 1.0559e-06 
1049.12 1.05675e-06 
1049.56 1.0576e-06 
1050 1.05845e-06 
1050.44 1.0593e-06 
1050.88 1.06015e-06 
1051.32 1.06099e-06 
1051.76 1.06184e-06 
1052.2 1.06269e-06 
1052.64 1.06353e-06 
1053.08 1.06438e-06 
1053.52 1.06522e-06 
1053.96 1.06607e-06 
1054.39 1.06691e-06 
1054.83 1.06776e-06 
1055.27 1.0686e-06 
1055.71 1.06944e-06 
1056.15 1.07029e-06 
1056.59 1.07113e-06 
1057.03 1.07197e-06 
1057.47 1.07281e-06 
1057.91 1.07366e-06 
1058.35 1.0745e-06 
1058.79 1.07534e-06 
1059.23 1.07618e-06 
1059.67 1.07702e-06 
1060.11 1.07786e-06 
1060.55 1.0787e-06 
1060.99 1.07954e-06 
1061.43 1.08037e-06 
1061.87 1.08121e-06 
1062.3 1.08205e-06 
1062.74 1.08289e-06 
1063.18 1.08372e-06 
1063.62 1.08456e-06 
1064.06 1.0854e-06 
1064.5 1.08624e-06 
1064.94 1.08707e-06 
1065.38 1.08791e-06 
1065.82 1.08874e-06 
1066.26 1.08958e-06 
1066.7 1.09042e-06 
1067.14 1.09125e-06 
1067.58 1.09209e-06 
1068.02 1.09292e-06 
1068.46 1.09375e-06 
1068.9 1.09459e-06 
1069.34 1.09542e-06 
1069.78 1.09626e-06 
1070.21 1.09709e-06 
1070.65 1.09792e-06 
1071.09 1.09876e-06 
1071.53 1.09959e-06 
1071.97 1.10043e-06 
1072.41 1.10126e-06 
1072.85 1.10209e-06 
1073.29 1.10292e-06 
1073.73 1.10376e-06 
1074.17 1.10459e-06 
1074.61 1.10542e-06 
1075.05 1.10626e-06 
1075.49 1.10709e-06 
1075.93 1.10792e-06 
1076.37 1.10875e-06 
1076.81 1.10959e-06 
1077.25 1.11042e-06 
1077.69 1.11125e-06 
1078.12 1.11208e-06 
1078.56 1.11292e-06 
1079 1.11375e-06 
1079.44 1.11458e-06 
1079.88 1.11541e-06 
1080.32 1.11625e-06 
1080.76 1.11708e-06 
1081.2 1.11791e-06 
1081.64 1.11874e-06 
1082.08 1.11958e-06 
1082.52 1.12041e-06 
1082.96 1.12124e-06 
1083.4 1.12208e-06 
1083.84 1.12291e-06 
1084.28 1.12374e-06 
1084.72 1.12458e-06 
1085.16 1.12541e-06 
1085.6 1.12625e-06 
1086.04 1.12708e-06 
1086.47 1.12791e-06 
1086.91 1.12875e-06 
1087.35 1.12958e-06 
1087.79 1.13042e-06 
1088.23 1.13125e-06 
1088.67 1.13209e-06 
1089.11 1.13292e-06 
1089.55 1.13376e-06 
1089.99 1.13459e-06 
1090.43 1.13543e-06 
1090.87 1.13627e-06 
1091.31 1.1371e-06 
1091.75 1.13794e-06 
1092.19 1.13878e-06 
1092.63 1.13962e-06 
1093.07 1.14046e-06 
1093.51 1.14129e-06 
1093.95 1.14213e-06 
1094.38 1.14297e-06 
1094.82 1.14381e-06 
1095.26 1.14465e-06 
1095.7 1.14549e-06 
1096.14 1.14633e-06 
1096.58 1.14717e-06 
1097.02 1.14802e-06 
1097.46 1.14886e-06 
1097.9 1.1497e-06 
1098.34 1.15054e-06 
1098.78 1.15139e-06 
1099.22 1.15223e-06 
1099.66 1.15307e-06 
1100.1 1.15392e-06 
1100.54 1.15477e-06 
1100.98 1.15561e-06 
1101.42 1.15646e-06 
1101.86 1.15731e-06 
1102.29 1.15815e-06 
1102.73 1.159e-06 
1103.17 1.15985e-06 
1103.61 1.1607e-06 
1104.05 1.16155e-06 
1104.49 1.1624e-06 
1104.93 1.16325e-06 
1105.37 1.1641e-06 
1105.81 1.16496e-06 
1106.25 1.16581e-06 
1106.69 1.16666e-06 
1107.13 1.16752e-06 
1107.57 1.16837e-06 
1108.01 1.16923e-06 
1108.45 1.17009e-06 
1108.89 1.17094e-06 
1109.33 1.1718e-06 
1109.77 1.17266e-06 
1110.21 1.17352e-06 
1110.64 1.17438e-06 
1111.08 1.17524e-06 
1111.52 1.17611e-06 
1111.96 1.17697e-06 
1112.4 1.17783e-06 
1112.84 1.1787e-06 
1113.28 1.17956e-06 
1113.72 1.18043e-06 
1114.16 1.1813e-06 
1114.6 1.18217e-06 
1115.04 1.18304e-06 
1115.48 1.18391e-06 
1115.92 1.18478e-06 
1116.36 1.18565e-06 
1116.8 1.18652e-06 
1117.24 1.1874e-06 
1117.68 1.18827e-06 
1118.12 1.18915e-06 
1118.55 1.19003e-06 
1118.99 1.1909e-06 
1119.43 1.19178e-06 
1119.87 1.19266e-06 
1120.31 1.19355e-06 
1120.75 1.19443e-06 
1121.19 1.19531e-06 
1121.63 1.1962e-06 
1122.07 1.19708e-06 
1122.51 1.19797e-06 
1122.95 1.19886e-06 
1123.39 1.19975e-06 
1123.83 1.20064e-06 
1124.27 1.20153e-06 
1124.71 1.20242e-06 
1125.15 1.20332e-06 
1125.59 1.20421e-06 
1126.03 1.20511e-06 
1126.46 1.20601e-06 
1126.9 1.20691e-06 
1127.34 1.20781e-06 
1127.78 1.20871e-06 
1128.22 1.20961e-06 
1128.66 1.21052e-06 
1129.1 1.21142e-06 
1129.54 1.21233e-06 
1129.98 1.21324e-06 
1130.42 1.21415e-06 
1130.86 1.21506e-06 
1131.3 1.21597e-06 
1131.74 1.21689e-06 
1132.18 1.2178e-06 
1132.62 1.21872e-06 
1133.06 1.21964e-06 
1133.5 1.22056e-06 
1133.94 1.22148e-06 
1134.38 1.22241e-06 
1134.81 1.22333e-06 
1135.25 1.22426e-06 
1135.69 1.22519e-06 
1136.13 1.22612e-06 
1136.57 1.22705e-06 
1137.01 1.22798e-06 
1137.45 1.22892e-06 
1137.89 1.22985e-06 
1138.33 1.23079e-06 
1138.77 1.23173e-06 
1139.21 1.23267e-06 
1139.65 1.23361e-06 
1140.09 1.23456e-06 
1140.53 1.23551e-06 
1140.97 1.23645e-06 
1141.41 1.23741e-06 
1141.85 1.23836e-06 
1142.29 1.23931e-06 
1142.72 1.24027e-06 
1143.16 1.24123e-06 
1143.6 1.24219e-06 
1144.04 1.24315e-06 
1144.48 1.24411e-06 
1144.92 1.24508e-06 
1145.36 1.24604e-06 
1145.8 1.24701e-06 
1146.24 1.24798e-06 
1146.68 1.24896e-06 
1147.12 1.24993e-06 
1147.56 1.25091e-06 
1148 1.25189e-06 
1148.44 1.25287e-06 
1148.88 1.25386e-06 
1149.32 1.25484e-06 
1149.76 1.25583e-06 
1150.2 1.25682e-06 
1150.63 1.25781e-06 
1151.07 1.25881e-06 
1151.51 1.2598e-06 
1151.95 1.2608e-06 
1152.39 1.2618e-06 
1152.83 1.26281e-06 
1153.27 1.26381e-06 
1153.71 1.26482e-06 
1154.15 1.26583e-06 
1154.59 1.26684e-06 
1155.03 1.26786e-06 
1155.47 1.26888e-06 
1155.91 1.2699e-06 
1156.35 1.27092e-06 
1156.79 1.27195e-06 
1157.23 1.27297e-06 
1157.67 1.274e-06 
1158.11 1.27504e-06 
1158.54 1.27607e-06 
1158.98 1.27711e-06 
1159.42 1.27815e-06 
1159.86 1.27919e-06 
1160.3 1.28024e-06 
1160.74 1.28129e-06 
1161.18 1.28234e-06 
1161.62 1.28339e-06 
1162.06 1.28445e-06 
1162.5 1.28551e-06 
1162.94 1.28657e-06 
1163.38 1.28764e-06 
1163.82 1.2887e-06 
1164.26 1.28977e-06 
1164.7 1.29085e-06 
1165.14 1.29193e-06 
1165.58 1.293e-06 
1166.02 1.29409e-06 
1166.46 1.29517e-06 
1166.89 1.29626e-06 
1167.33 1.29735e-06 
1167.77 1.29845e-06 
1168.21 1.29955e-06 
1168.65 1.30065e-06 
1169.09 1.30175e-06 
1169.53 1.30286e-06 
1169.97 1.30397e-06 
1170.41 1.30508e-06 
1170.85 1.3062e-06 
1171.29 1.30732e-06 
1171.73 1.30844e-06 
1172.17 1.30957e-06 
1172.61 1.3107e-06 
1173.05 1.31184e-06 
1173.49 1.31297e-06 
1173.93 1.31411e-06 
1174.37 1.31526e-06 
1174.8 1.3164e-06 
1175.24 1.31755e-06 
1175.68 1.31871e-06 
1176.12 1.31987e-06 
1176.56 1.32103e-06 
1177 1.32219e-06 
1177.44 1.32336e-06 
1177.88 1.32453e-06 
1178.32 1.3257e-06 
1178.76 1.32688e-06 
1179.2 1.32806e-06 
1179.64 1.32925e-06 
1180.08 1.33043e-06 
1180.52 1.33163e-06 
1180.96 1.33282e-06 
1181.4 1.33402e-06 
1181.84 1.33522e-06 
1182.28 1.33642e-06 
1182.71 1.33763e-06 
1183.15 1.33884e-06 
1183.59 1.34005e-06 
1184.03 1.34127e-06 
1184.47 1.34249e-06 
1184.91 1.34371e-06 
1185.35 1.34493e-06 
1185.79 1.34615e-06 
1186.23 1.34738e-06 
1186.67 1.34861e-06 
1187.11 1.34984e-06 
1187.55 1.35108e-06 
1187.99 1.35231e-06 
1188.43 1.35355e-06 
1188.87 1.35478e-06 
1189.31 1.35602e-06 
1189.75 1.35726e-06 
1190.19 1.3585e-06 
1190.62 1.35973e-06 
1191.06 1.36097e-06 
1191.5 1.36221e-06 
1191.94 1.36344e-06 
1192.38 1.36468e-06 
1192.82 1.36591e-06 
1193.26 1.36714e-06 
1193.7 1.36836e-06 
1194.14 1.36958e-06 
1194.58 1.3708e-06 
1195.02 1.37202e-06 
1195.46 1.37322e-06 
1195.9 1.37443e-06 
1196.34 1.37562e-06 
1196.78 1.37681e-06 
1197.22 1.37799e-06 
1197.66 1.37916e-06 
1198.1 1.38032e-06 
1198.54 1.38147e-06 
1198.97 1.38261e-06 
1199.41 1.38374e-06 
1199.85 1.38485e-06 
1200.29 1.38595e-06 
1200.73 1.38703e-06 
1201.17 1.38809e-06 
1201.61 1.38914e-06 
1202.05 1.39017e-06 
1202.49 1.39118e-06 
1202.93 1.39216e-06 
1203.37 1.39313e-06 
1203.81 1.39407e-06 
1204.25 1.39498e-06 
1204.69 1.39587e-06 
1205.13 1.39672e-06 
1205.57 1.39755e-06 
1206.01 1.39834e-06 
1206.45 1.39911e-06 
1206.88 1.39984e-06 
1207.32 1.40053e-06 
1207.76 1.40118e-06 
1208.2 1.40179e-06 
1208.64 1.40237e-06 
1209.08 1.4029e-06 
1209.52 1.40339e-06 
1209.96 1.40383e-06 
1210.4 1.40422e-06 
1210.84 1.40457e-06 
1211.28 1.40487e-06 
1211.72 1.40512e-06 
1212.16 1.40531e-06 
1212.6 1.40546e-06 
1213.04 1.40555e-06 
1213.48 1.40559e-06 
1213.92 1.40557e-06 
1214.36 1.4055e-06 
1214.79 1.40537e-06 
1215.23 1.40519e-06 
1215.67 1.40496e-06 
1216.11 1.40468e-06 
1216.55 1.40434e-06 
1216.99 1.40396e-06 
1217.43 1.40353e-06 
1217.87 1.40306e-06 
1218.31 1.40255e-06 
1218.75 1.40201e-06 
1219.19 1.40144e-06 
1219.63 1.40086e-06 
1220.07 1.40026e-06 
1220.51 1.39967e-06 
1220.95 1.39909e-06 
1221.39 1.39854e-06 
1221.83 1.39804e-06 
1222.27 1.39761e-06 
1222.71 1.39728e-06 
1223.14 1.39708e-06 
1223.58 1.39706e-06 
1224.02 1.39727e-06 
1224.46 1.39778e-06 
1224.9 1.39866e-06 
1225.34 1.40002e-06 
1225.78 1.40201e-06 
1226.22 1.4048e-06 
1226.66 1.40863e-06 
1227.1 1.41386e-06 
1227.54 1.42093e-06 
1227.98 1.43052e-06 
1228.42 1.44363e-06 
1228.86 1.46174e-06 
1229.3 1.48724e-06 
1229.74 1.52405e-06 
1230.18 1.579e-06 
1230.62 1.66483e-06 
1231.05 1.80708e-06 
1231.49 2.06153e-06 
1231.93 2.55742e-06 
1232.37 3.5452e-06 
1232.81 4.94275e-06 
1233.25 5.36255e-06 
1233.69 3.99633e-06 
1234.13 2.77963e-06 
1234.57 2.167e-06 
1235.01 1.85922e-06 
1235.45 1.69036e-06 
1235.89 1.58973e-06 
1236.33 1.52565e-06 
1236.77 1.4827e-06 
1237.21 1.45273e-06 
1237.65 1.43116e-06 
1238.09 1.41526e-06 
1238.53 1.4033e-06 
1238.96 1.39418e-06 
1239.4 1.38716e-06 
1239.84 1.38171e-06 
1240.28 1.37747e-06 
1240.72 1.37417e-06 
1241.16 1.37163e-06 
1241.6 1.36968e-06 
1242.04 1.36822e-06 
1242.48 1.36716e-06 
1242.92 1.36643e-06 
1243.36 1.36598e-06 
1243.8 1.36577e-06 
1244.24 1.36575e-06 
1244.68 1.36591e-06 
1245.12 1.36621e-06 
1245.56 1.36664e-06 
1246 1.36718e-06 
1246.44 1.36782e-06 
1246.88 1.36855e-06 
1247.31 1.36935e-06 
1247.75 1.37022e-06 
1248.19 1.37115e-06 
1248.63 1.37213e-06 
1249.07 1.37316e-06 
1249.51 1.37423e-06 
1249.95 1.37535e-06 
1250.39 1.37649e-06 
1250.83 1.37767e-06 
1251.27 1.37888e-06 
1251.71 1.38011e-06 
1252.15 1.38137e-06 
1252.59 1.38265e-06 
1253.03 1.38394e-06 
1253.47 1.38525e-06 
1253.91 1.38658e-06 
1254.35 1.38791e-06 
1254.79 1.38926e-06 
1255.22 1.39061e-06 
1255.66 1.39198e-06 
1256.1 1.39335e-06 
1256.54 1.39472e-06 
1256.98 1.39609e-06 
1257.42 1.39747e-06 
1257.86 1.39884e-06 
1258.3 1.40021e-06 
1258.74 1.40157e-06 
1259.18 1.40293e-06 
1259.62 1.40428e-06 
1260.06 1.40562e-06 
1260.5 1.40695e-06 
1260.94 1.40826e-06 
1261.38 1.40956e-06 
1261.82 1.41083e-06 
1262.26 1.41209e-06 
1262.7 1.41333e-06 
1263.13 1.41454e-06 
1263.57 1.41572e-06 
1264.01 1.41688e-06 
1264.45 1.418e-06 
1264.89 1.41908e-06 
1265.33 1.42013e-06 
1265.77 1.42114e-06 
1266.21 1.42211e-06 
1266.65 1.42303e-06 
1267.09 1.42389e-06 
1267.53 1.42471e-06 
1267.97 1.42547e-06 
1268.41 1.42617e-06 
1268.85 1.42681e-06 
1269.29 1.42739e-06 
1269.73 1.42789e-06 
1270.17 1.42832e-06 
1270.61 1.42867e-06 
1271.04 1.42894e-06 
1271.48 1.42913e-06 
1271.92 1.42923e-06 
1272.36 1.42924e-06 
1272.8 1.42915e-06 
1273.24 1.42896e-06 
1273.68 1.42866e-06 
1274.12 1.42826e-06 
1274.56 1.42775e-06 
1275 1.42713e-06 
1275.44 1.42638e-06 
1275.88 1.42551e-06 
1276.32 1.42453e-06 
1276.76 1.42341e-06 
1277.2 1.42217e-06 
1277.64 1.42079e-06 
1278.08 1.41928e-06 
1278.52 1.41764e-06 
1278.96 1.41587e-06 
1279.39 1.41397e-06 
1279.83 1.41193e-06 
1280.27 1.40976e-06 
1280.71 1.40747e-06 
1281.15 1.40506e-06 
1281.59 1.40254e-06 
1282.03 1.39992e-06 
1282.47 1.3972e-06 
1282.91 1.39442e-06 
1283.35 1.39158e-06 
1283.79 1.38872e-06 
1284.23 1.38585e-06 
1284.67 1.38302e-06 
1285.11 1.38029e-06 
1285.55 1.37772e-06 
1285.99 1.37538e-06 
1286.43 1.37336e-06 
1286.87 1.37181e-06 
1287.3 1.37091e-06 
1287.74 1.37087e-06 
1288.18 1.372e-06 
1288.62 1.37473e-06 
1289.06 1.37964e-06 
1289.5 1.38759e-06 
1289.94 1.39983e-06 
1290.38 1.41827e-06 
1290.82 1.44593e-06 
1291.26 1.48782e-06 
1291.7 1.55269e-06 
1292.14 1.65684e-06 
1292.58 1.83311e-06 
1293.02 2.1534e-06 
1293.46 2.78392e-06 
1293.9 4.03928e-06 
1294.34 5.80485e-06 
1294.78 6.23145e-06 
1295.21 4.39765e-06 
1295.65 2.92657e-06 
1296.09 2.19403e-06 
1296.53 1.82144e-06 
1296.97 1.61341e-06 
1297.41 1.48684e-06 
1297.85 1.4044e-06 
1298.29 1.34778e-06 
1298.73 1.30738e-06 
1299.17 1.27781e-06 
1299.61 1.25594e-06 
1300.05 1.23995e-06 
1300.49 1.2288e-06 
1300.93 1.22198e-06 
1301.37 1.21939e-06 
1301.81 1.2213e-06 
1302.25 1.2284e-06 
1302.69 1.24185e-06 
1303.12 1.26354e-06 
1303.56 1.29641e-06 
1304 1.34514e-06 
1304.44 1.41739e-06 
1304.88 1.52625e-06 
1305.32 1.6954e-06 
1305.76 1.97071e-06 
1306.2 2.44857e-06 
1306.64 3.34798e-06 
1307.08 5.1585e-06 
1307.52 8.40687e-06 
1307.96 1.12983e-05 
1308.4 9.342e-06 
1308.84 5.61029e-06 
1309.28 3.53624e-06 
1309.72 2.51819e-06 
1310.16 1.97888e-06 
1310.6 1.66634e-06 
1311.04 1.4712e-06 
1311.47 1.34196e-06 
1311.91 1.25226e-06 
1312.35 1.18765e-06 
1312.79 1.13967e-06 
1313.23 1.10314e-06 
1313.67 1.07475e-06 
1314.11 1.0523e-06 
1314.55 1.03429e-06 
1314.99 1.01965e-06 
1315.43 1.00764e-06 
1315.87 9.97687e-07 
1316.31 9.89385e-07 
1316.75 9.82414e-07 
1317.19 9.76532e-07 
1317.63 9.71551e-07 
1318.07 9.67321e-07 
1318.51 9.6372e-07 
1318.95 9.60653e-07 
1319.38 9.58044e-07 
1319.82 9.55825e-07 
1320.26 9.53946e-07 
1320.7 9.52361e-07 
1321.14 9.51034e-07 
1321.58 9.49932e-07 
1322.02 9.49031e-07 
1322.46 9.48308e-07 
1322.9 9.47743e-07 
1323.34 9.47318e-07 
1323.78 9.4702e-07 
1324.22 9.46838e-07 
1324.66 9.46758e-07 
1325.1 9.46774e-07 
1325.54 9.46874e-07 
1325.98 9.47053e-07 
1326.42 9.47303e-07 
1326.86 9.47621e-07 
1327.29 9.47999e-07 
1327.73 9.48433e-07 
1328.17 9.48919e-07 
1328.61 9.49455e-07 
1329.05 9.50035e-07 
1329.49 9.50658e-07 
1329.93 9.51321e-07 
1330.37 9.52021e-07 
1330.81 9.52756e-07 
1331.25 9.53525e-07 
1331.69 9.54325e-07 
1332.13 9.55155e-07 
1332.57 9.56012e-07 
1333.01 9.56897e-07 
1333.45 9.57808e-07 
1333.89 9.58743e-07 
1334.33 9.59701e-07 
1334.77 9.60681e-07 
1335.21 9.61684e-07 
1335.64 9.62707e-07 
1336.08 9.6375e-07 
1336.52 9.64812e-07 
1336.96 9.65892e-07 
1337.4 9.6699e-07 
1337.84 9.68106e-07 
1338.28 9.69239e-07 
1338.72 9.70387e-07 
1339.16 9.7155e-07 
1339.6 9.72727e-07 
1340.04 9.73921e-07 
1340.48 9.75128e-07 
1340.92 9.76348e-07 
1341.36 9.7758e-07 
1341.8 9.78826e-07 
1342.24 9.80083e-07 
1342.68 9.81351e-07 
1343.12 9.82631e-07 
1343.55 9.83919e-07 
1343.99 9.85218e-07 
1344.43 9.86527e-07 
1344.87 9.87843e-07 
1345.31 9.89167e-07 
1345.75 9.90498e-07 
1346.19 9.91835e-07 
1346.63 9.93178e-07 
1347.07 9.94527e-07 
1347.51 9.95878e-07 
1347.95 9.97232e-07 
1348.39 9.98588e-07 
1348.83 9.99946e-07 
1349.27 1.0013e-06 
1349.71 1.00266e-06 
1350.15 1.00401e-06 
1350.59 1.00536e-06 
1351.03 1.0067e-06 
1351.46 1.00804e-06 
1351.9 1.00937e-06 
1352.34 1.01069e-06 
1352.78 1.01199e-06 
1353.22 1.01328e-06 
1353.66 1.01456e-06 
1354.1 1.01582e-06 
1354.54 1.01705e-06 
1354.98 1.01827e-06 
1355.42 1.01945e-06 
1355.86 1.02061e-06 
1356.3 1.02174e-06 
1356.74 1.02283e-06 
1357.18 1.02389e-06 
1357.62 1.0249e-06 
1358.06 1.02587e-06 
1358.5 1.02679e-06 
1358.94 1.02766e-06 
1359.38 1.02848e-06 
1359.81 1.02923e-06 
1360.25 1.02991e-06 
1360.69 1.03053e-06 
1361.13 1.03107e-06 
1361.57 1.03152e-06 
1362.01 1.0319e-06 
1362.45 1.03218e-06 
1362.89 1.03236e-06 
1363.33 1.03244e-06 
1363.77 1.03241e-06 
1364.21 1.03226e-06 
1364.65 1.03199e-06 
1365.09 1.03159e-06 
1365.53 1.03105e-06 
1365.97 1.03036e-06 
1366.41 1.02953e-06 
1366.85 1.02853e-06 
1367.29 1.02736e-06 
1367.72 1.02602e-06 
1368.16 1.02449e-06 
1368.6 1.02277e-06 
1369.04 1.02085e-06 
1369.48 1.01872e-06 
1369.92 1.01637e-06 
1370.36 1.0138e-06 
1370.8 1.01098e-06 
1371.24 1.00793e-06 
1371.68 1.00462e-06 
1372.12 1.00106e-06 
1372.56 9.97225e-07 
1373 9.93113e-07 
1373.44 9.8872e-07 
1373.88 9.84042e-07 
1374.32 9.79069e-07 
1374.76 9.73794e-07 
1375.2 9.68209e-07 
1375.63 9.62319e-07 
1376.07 9.56121e-07 
1376.51 9.49611e-07 
1376.95 9.42784e-07 
1377.39 9.35642e-07 
1377.83 9.28195e-07 
1378.27 9.20448e-07 
1378.71 9.12408e-07 
1379.15 9.0408e-07 
1379.59 8.95476e-07 
1380.03 8.86623e-07 
1380.47 8.77543e-07 
1380.91 8.68261e-07 
1381.35 8.58803e-07 
1381.79 8.4921e-07 
1382.23 8.39539e-07 
1382.67 8.29847e-07 
1383.11 8.20207e-07 
1383.54 8.10696e-07 
1383.98 8.01419e-07 
1384.42 7.92511e-07 
1384.86 7.84131e-07 
1385.3 7.76472e-07 
1385.74 7.6977e-07 
1386.18 7.64328e-07 
1386.62 7.60546e-07 
1387.06 7.58926e-07 
1387.5 7.6013e-07 
1387.94 7.65036e-07 
1388.38 7.74843e-07 
1388.82 7.91241e-07 
1389.26 8.1663e-07 
1389.7 8.54567e-07 
1390.14 9.10485e-07 
1390.58 9.93096e-07 
1391.02 1.1171e-06 
1391.46 1.30885e-06 
1391.89 1.61942e-06 
1392.33 2.15658e-06 
1392.77 3.16498e-06 
1393.21 5.16224e-06 
1393.65 8.47831e-06 
1394.09 1.03977e-05 
1394.53 7.76282e-06 
1394.97 5.61615e-06 
1395.41 5.48246e-06 
1395.85 7.36543e-06 
1396.29 1.15612e-05 
1396.73 1.47437e-05 
1397.17 1.0693e-05 
1397.61 5.99168e-06 
1398.05 3.54922e-06 
1398.49 2.32382e-06 
1398.93 1.65164e-06 
1399.37 1.24871e-06 
1399.8 9.89218e-07 
1400.24 8.12397e-07 
1400.68 6.86437e-07 
1401.12 5.93439e-07 
1401.56 5.22755e-07 
1402 4.67721e-07 
1402.44 4.23997e-07 
1402.88 3.88657e-07 
1403.32 3.59669e-07 
1403.76 3.35584e-07 
1404.2 3.15348e-07 
1404.64 2.98177e-07 
1405.08 2.83478e-07 
1405.52 2.70797e-07 
1405.96 2.5978e-07 
1406.4 2.50148e-07 
1406.84 2.41677e-07 
1407.28 2.3419e-07 
1407.71 2.27541e-07 
1408.15 2.21609e-07 
1408.59 2.16297e-07 
1409.03 2.11522e-07 
1409.47 2.07216e-07 
1409.91 2.0332e-07 
1410.35 1.99785e-07 
1410.79 1.9657e-07 
1411.23 1.93637e-07 
1411.67 1.90957e-07 
1412.11 1.88501e-07 
1412.55 1.86247e-07 
1412.99 1.84175e-07 
1413.43 1.82266e-07 
1413.87 1.80505e-07 
1414.31 1.78878e-07 
1414.75 1.77372e-07 
1415.19 1.75976e-07 
1415.62 1.74682e-07 
1416.06 1.73479e-07 
1416.5 1.72361e-07 
1416.94 1.7132e-07 
1417.38 1.7035e-07 
1417.82 1.69445e-07 
1418.26 1.686e-07 
1418.7 1.6781e-07 
1419.14 1.6707e-07 
1419.58 1.66378e-07 
1420.02 1.65728e-07 
1420.46 1.65118e-07 
1420.9 1.64545e-07 
1421.34 1.64006e-07 
1421.78 1.63498e-07 
1422.22 1.63018e-07 
1422.66 1.62565e-07 
1423.1 1.62135e-07 
1423.54 1.61728e-07 
1423.97 1.6134e-07 
1424.41 1.60971e-07 
1424.85 1.60618e-07 
1425.29 1.6028e-07 
1425.73 1.59955e-07 
1426.17 1.59641e-07 
1426.61 1.59338e-07 
1427.05 1.59043e-07 
1427.49 1.58756e-07 
1427.93 1.58475e-07 
1428.37 1.58198e-07 
1428.81 1.57924e-07 
1429.25 1.57652e-07 
1429.69 1.57382e-07 
1430.13 1.5711e-07 
1430.57 1.56837e-07 
1431.01 1.56562e-07 
1431.45 1.56282e-07 
1431.88 1.55997e-07 
1432.32 1.55705e-07 
1432.76 1.55406e-07 
1433.2 1.55099e-07 
1433.64 1.54782e-07 
1434.08 1.54454e-07 
1434.52 1.54114e-07 
1434.96 1.5376e-07 
1435.4 1.53393e-07 
1435.84 1.5301e-07 
1436.28 1.52612e-07 
1436.72 1.52196e-07 
1437.16 1.51762e-07 
1437.6 1.51309e-07 
1438.04 1.50836e-07 
1438.48 1.50343e-07 
1438.92 1.49828e-07 
1439.36 1.4929e-07 
1439.79 1.4873e-07 
1440.23 1.48147e-07 
1440.67 1.47541e-07 
1441.11 1.46911e-07 
1441.55 1.46256e-07 
1441.99 1.45578e-07 
1442.43 1.44876e-07 
1442.87 1.44153e-07 
1443.31 1.43408e-07 
1443.75 1.42642e-07 
1444.19 1.41858e-07 
1444.63 1.41059e-07 
1445.07 1.40248e-07 
1445.51 1.39429e-07 
1445.95 1.38607e-07 
1446.39 1.37789e-07 
1446.83 1.36984e-07 
1447.27 1.36204e-07 
1447.71 1.35463e-07 
1448.14 1.34777e-07 
1448.58 1.34172e-07 
1449.02 1.3368e-07 
1449.46 1.33343e-07 
1449.9 1.33215e-07 
1450.34 1.33375e-07 
1450.78 1.33933e-07 
1451.22 1.35045e-07 
1451.66 1.36943e-07 
1452.1 1.39979e-07 
1452.54 1.44708e-07 
1452.98 1.52053e-07 
1453.42 1.63621e-07 
1453.86 1.82392e-07 
1454.3 2.1434e-07 
1454.74 2.72461e-07 
1455.18 3.87005e-07 
1455.62 6.20818e-07 
1456.05 9.88567e-07 
1456.49 1.03545e-06 
1456.93 6.56136e-07 
1457.37 3.96616e-07 
1457.81 2.69418e-07 
1458.25 2.03832e-07 
1458.69 1.66556e-07 
1459.13 1.43434e-07 
1459.57 1.2804e-07 
1460.01 1.17193e-07 
1460.45 1.09203e-07 
1460.89 1.03116e-07 
1461.33 9.83719e-08 
1461.77 9.46381e-08 
1462.21 9.17165e-08 
1462.65 8.95005e-08 
1463.09 8.79496e-08 
1463.53 8.70787e-08 
1463.96 8.69623e-08 
1464.4 8.77378e-08 
1464.84 8.96291e-08 
1465.28 9.29854e-08 
1465.72 9.83511e-08 
1466.16 1.06604e-07 
1466.6 1.19203e-07 
1467.04 1.38731e-07 
1467.48 1.70079e-07 
1467.92 2.23336e-07 
1468.36 3.21108e-07 
1468.8 5.13639e-07 
1469.24 8.5673e-07 
1469.68 1.08655e-06 
1470.12 8.80752e-07 
1470.56 7.87621e-07 
1471 1.01317e-06 
1471.44 1.59928e-06 
1471.88 1.94114e-06 
1472.31 1.29512e-06 
1472.75 7.14065e-07 
1473.19 4.22003e-07 
1473.63 2.7407e-07 
1474.07 1.91896e-07 
1474.51 1.42144e-07 
1474.95 1.09868e-07 
1475.39 8.77576e-08 
1475.83 7.19416e-08 
1476.27 6.02265e-08 
1476.71 5.1296e-08 
1477.15 4.4324e-08 
1477.59 3.87696e-08 
1478.03 3.42675e-08 
1478.47 3.05635e-08 
1478.91 2.74758e-08 
1479.35 2.48723e-08 
1479.79 2.26544e-08 
1480.22 2.07477e-08 
1480.66 1.90951e-08 
1481.1 1.76519e-08 
1481.54 1.63833e-08 
1481.98 1.52612e-08 
1482.42 1.42631e-08 
1482.86 1.33707e-08 
1483.3 1.25691e-08 
1483.74 1.18458e-08 
1484.18 1.11906e-08 
1484.62 1.05948e-08 
1485.06 1.00511e-08 
1485.5 9.55347e-09 
1485.94 9.09649e-09 
1486.38 8.67572e-09 
1486.82 8.28725e-09 
1487.26 7.92773e-09 
1487.7 7.59424e-09 
1488.13 7.28423e-09 
1488.57 6.99547e-09 
1489.01 6.726e-09 
1489.45 6.4741e-09 
1489.89 6.23824e-09 
1490.33 6.01705e-09 
1490.77 5.80934e-09 
1491.21 5.61402e-09 
1491.65 5.43014e-09 
1492.09 5.25683e-09 
1492.53 5.0933e-09 
1492.97 4.93885e-09 
1493.41 4.79286e-09 
1493.85 4.65474e-09 
1494.29 4.52398e-09 
1494.73 4.4001e-09 
1495.17 4.28267e-09 
1495.61 4.17128e-09 
1496.04 4.06558e-09 
1496.48 3.96523e-09 
1496.92 3.86993e-09 
1497.36 3.7794e-09 
1497.8 3.69337e-09 
1498.24 3.6116e-09 
1498.68 3.53388e-09 
1499.12 3.45998e-09 
1499.56 3.38973e-09 
