#energy geo_1 
600 6.99606e-06 
600.439 7.00144e-06 
600.879 7.00658e-06 
601.318 7.01147e-06 
601.758 7.0161e-06 
602.197 7.02048e-06 
602.637 7.02459e-06 
603.076 7.02842e-06 
603.516 7.03198e-06 
603.955 7.03528e-06 
604.395 7.0383e-06 
604.834 7.04107e-06 
605.273 7.04358e-06 
605.713 7.04585e-06 
606.152 7.04789e-06 
606.592 7.04974e-06 
607.031 7.05143e-06 
607.471 7.05297e-06 
607.91 7.05443e-06 
608.35 7.05586e-06 
608.789 7.05734e-06 
609.229 7.05896e-06 
609.668 7.06079e-06 
610.107 7.06298e-06 
610.547 7.06567e-06 
610.986 7.06907e-06 
611.426 7.07338e-06 
611.865 7.07886e-06 
612.305 7.08582e-06 
612.744 7.0947e-06 
613.184 7.10595e-06 
613.623 7.12017e-06 
614.062 7.13804e-06 
614.502 7.16046e-06 
614.941 7.18851e-06 
615.381 7.22353e-06 
615.82 7.26715e-06 
616.26 7.32139e-06 
616.699 7.38871e-06 
617.139 7.47215e-06 
617.578 7.57527e-06 
618.018 7.70215e-06 
618.457 7.85715e-06 
618.896 8.04425e-06 
619.336 8.26588e-06 
619.775 8.52029e-06 
620.215 8.79807e-06 
620.654 9.07786e-06 
621.094 9.3241e-06 
621.533 9.49148e-06 
621.973 9.53894e-06 
622.412 9.44856e-06 
622.852 9.23503e-06 
623.291 8.93809e-06 
623.73 8.60402e-06 
624.17 8.27055e-06 
624.609 7.96144e-06 
625.049 7.68823e-06 
625.488 7.4545e-06 
625.928 7.25961e-06 
626.367 7.10144e-06 
626.807 6.97788e-06 
627.246 6.88782e-06 
627.686 6.83178e-06 
628.125 6.81243e-06 
628.564 6.83546e-06 
629.004 6.91085e-06 
629.443 7.05536e-06 
629.883 7.29673e-06 
630.322 7.68203e-06 
630.762 8.29447e-06 
631.201 9.29001e-06 
631.641 1.09832e-05 
632.08 1.40641e-05 
632.52 2.0155e-05 
632.959 3.27319e-05 
633.398 5.15647e-05 
633.838 4.97743e-05 
634.277 3.12747e-05 
634.717 1.94982e-05 
635.156 1.37345e-05 
635.596 1.08135e-05 
636.035 9.22426e-06 
636.475 8.31825e-06 
636.914 7.7948e-06 
637.354 7.49675e-06 
637.793 7.32686e-06 
638.232 7.21308e-06 
638.672 7.09734e-06 
639.111 6.93866e-06 
639.551 6.7205e-06 
639.99 6.45132e-06 
640.43 6.15499e-06 
640.869 5.85764e-06 
641.309 5.57904e-06 
641.748 5.33062e-06 
642.188 5.11707e-06 
642.627 4.93932e-06 
643.066 4.79664e-06 
643.506 4.68817e-06 
643.945 4.61396e-06 
644.385 4.5756e-06 
644.824 4.57697e-06 
645.264 4.62507e-06 
645.703 4.73143e-06 
646.143 4.91448e-06 
646.582 5.20379e-06 
647.021 5.64789e-06 
647.461 6.32958e-06 
647.9 7.39724e-06 
648.34 9.13521e-06 
648.779 1.21322e-05 
649.219 1.77157e-05 
649.658 2.90188e-05 
650.098 5.16183e-05 
650.537 7.49188e-05 
650.977 5.9058e-05 
651.416 3.39705e-05 
651.855 1.99555e-05 
652.295 1.30192e-05 
652.734 9.33901e-06 
653.174 7.20431e-06 
653.613 5.86899e-06 
654.053 4.98223e-06 
654.492 4.36455e-06 
654.932 3.91751e-06 
655.371 3.58362e-06 
655.811 3.32765e-06 
656.25 3.12706e-06 
656.689 2.96692e-06 
657.129 2.83699e-06 
657.568 2.73011e-06 
658.008 2.6411e-06 
658.447 2.56619e-06 
658.887 2.50255e-06 
659.326 2.44803e-06 
659.766 2.40097e-06 
660.205 2.36009e-06 
660.645 2.32435e-06 
661.084 2.29295e-06 
661.523 2.26523e-06 
661.963 2.24065e-06 
662.402 2.21877e-06 
662.842 2.19923e-06 
663.281 2.18172e-06 
663.721 2.16599e-06 
664.16 2.15181e-06 
664.6 2.13902e-06 
665.039 2.12745e-06 
665.479 2.11696e-06 
665.918 2.10745e-06 
666.357 2.09881e-06 
666.797 2.09095e-06 
667.236 2.08379e-06 
667.676 2.07727e-06 
668.115 2.07133e-06 
668.555 2.06592e-06 
668.994 2.06098e-06 
669.434 2.05649e-06 
669.873 2.05239e-06 
670.312 2.04865e-06 
670.752 2.04526e-06 
671.191 2.04217e-06 
671.631 2.03936e-06 
672.07 2.03681e-06 
672.51 2.03451e-06 
672.949 2.03242e-06 
673.389 2.03054e-06 
673.828 2.02885e-06 
674.268 2.02733e-06 
674.707 2.02597e-06 
675.146 2.02476e-06 
675.586 2.02369e-06 
676.025 2.02274e-06 
676.465 2.0219e-06 
676.904 2.02117e-06 
677.344 2.02053e-06 
677.783 2.01998e-06 
678.223 2.01952e-06 
678.662 2.01912e-06 
679.102 2.01879e-06 
679.541 2.01852e-06 
679.98 2.0183e-06 
680.42 2.01813e-06 
680.859 2.01799e-06 
681.299 2.0179e-06 
681.738 2.01783e-06 
682.178 2.01779e-06 
682.617 2.01777e-06 
683.057 2.01777e-06 
683.496 2.01778e-06 
683.936 2.0178e-06 
684.375 2.01782e-06 
684.814 2.01785e-06 
685.254 2.01789e-06 
685.693 2.01792e-06 
686.133 2.01795e-06 
686.572 2.01798e-06 
687.012 2.01801e-06 
687.451 2.01804e-06 
687.891 2.01806e-06 
688.33 2.01808e-06 
688.77 2.01811e-06 
689.209 2.01814e-06 
689.648 2.01819e-06 
690.088 2.01825e-06 
690.527 2.01834e-06 
690.967 2.01846e-06 
691.406 2.01862e-06 
691.846 2.01884e-06 
692.285 2.01913e-06 
692.725 2.01951e-06 
693.164 2.02e-06 
693.604 2.02062e-06 
694.043 2.0214e-06 
694.482 2.02237e-06 
694.922 2.02357e-06 
695.361 2.02505e-06 
695.801 2.02685e-06 
696.24 2.02903e-06 
696.68 2.03167e-06 
697.119 2.03484e-06 
697.559 2.03864e-06 
697.998 2.04318e-06 
698.438 2.04859e-06 
698.877 2.05503e-06 
699.316 2.06268e-06 
699.756 2.07176e-06 
700.195 2.08255e-06 
700.635 2.09535e-06 
701.074 2.11055e-06 
701.514 2.12862e-06 
701.953 2.15013e-06 
702.393 2.17578e-06 
702.832 2.20642e-06 
703.271 2.24311e-06 
703.711 2.28712e-06 
704.15 2.34006e-06 
704.59 2.40382e-06 
705.029 2.48069e-06 
705.469 2.57327e-06 
705.908 2.68438e-06 
706.348 2.81664e-06 
706.787 2.97169e-06 
707.227 3.14869e-06 
707.666 3.34207e-06 
708.105 3.5388e-06 
708.545 3.71678e-06 
708.984 3.84712e-06 
709.424 3.90269e-06 
709.863 3.86995e-06 
710.303 3.756e-06 
710.742 3.58473e-06 
711.182 3.38559e-06 
711.621 3.18349e-06 
712.061 2.99454e-06 
712.5 2.82669e-06 
712.939 2.68224e-06 
713.379 2.56035e-06 
713.818 2.45875e-06 
714.258 2.37482e-06 
714.697 2.30602e-06 
715.137 2.25015e-06 
715.576 2.20542e-06 
716.016 2.17041e-06 
716.455 2.14407e-06 
716.895 2.12565e-06 
717.334 2.11471e-06 
717.773 2.11107e-06 
718.213 2.11481e-06 
718.652 2.12627e-06 
719.092 2.14608e-06 
719.531 2.17517e-06 
719.971 2.21478e-06 
720.41 2.26656e-06 
720.85 2.33251e-06 
721.289 2.41503e-06 
721.729 2.51671e-06 
722.168 2.64008e-06 
722.607 2.78687e-06 
723.047 2.95684e-06 
723.486 3.14608e-06 
723.926 3.34527e-06 
724.365 3.53897e-06 
724.805 3.70739e-06 
725.244 3.83047e-06 
725.684 3.89204e-06 
726.123 3.88231e-06 
726.562 3.79963e-06 
727.002 3.65256e-06 
727.441 3.45948e-06 
727.881 3.2436e-06 
728.32 3.02623e-06 
728.76 2.82231e-06 
729.199 2.63983e-06 
729.639 2.48134e-06 
730.078 2.34615e-06 
730.518 2.23201e-06 
730.957 2.13614e-06 
731.396 2.05579e-06 
731.836 1.98852e-06 
732.275 1.93225e-06 
732.715 1.88528e-06 
733.154 1.84626e-06 
733.594 1.8141e-06 
734.033 1.78798e-06 
734.473 1.76731e-06 
734.912 1.75167e-06 
735.352 1.74083e-06 
735.791 1.7347e-06 
736.23 1.73337e-06 
736.67 1.73709e-06 
737.109 1.74627e-06 
737.549 1.76149e-06 
737.988 1.78348e-06 
738.428 1.81305e-06 
738.867 1.85098e-06 
739.307 1.89768e-06 
739.746 1.9527e-06 
740.186 2.01392e-06 
740.625 2.07656e-06 
741.064 2.13275e-06 
741.504 2.17238e-06 
741.943 2.18613e-06 
742.383 2.16957e-06 
742.822 2.12544e-06 
743.262 2.0621e-06 
743.701 1.98969e-06 
744.141 1.91668e-06 
744.58 1.84849e-06 
745.02 1.78775e-06 
745.459 1.73515e-06 
745.898 1.69031e-06 
746.338 1.65241e-06 
746.777 1.62045e-06 
747.217 1.59351e-06 
747.656 1.57073e-06 
748.096 1.55142e-06 
748.535 1.53499e-06 
748.975 1.52095e-06 
749.414 1.50891e-06 
749.854 1.49854e-06 
750.293 1.4896e-06 
750.732 1.48185e-06 
751.172 1.47512e-06 
751.611 1.46927e-06 
752.051 1.46418e-06 
752.49 1.45975e-06 
752.93 1.45588e-06 
753.369 1.45252e-06 
753.809 1.44959e-06 
754.248 1.44705e-06 
754.688 1.44486e-06 
755.127 1.44297e-06 
755.566 1.44135e-06 
756.006 1.43997e-06 
756.445 1.43882e-06 
756.885 1.43786e-06 
757.324 1.43708e-06 
757.764 1.43646e-06 
758.203 1.43599e-06 
758.643 1.43565e-06 
759.082 1.43543e-06 
759.521 1.43531e-06 
759.961 1.4353e-06 
760.4 1.43538e-06 
760.84 1.43554e-06 
761.279 1.43578e-06 
761.719 1.43609e-06 
762.158 1.43645e-06 
762.598 1.43688e-06 
763.037 1.43735e-06 
763.477 1.43788e-06 
763.916 1.43844e-06 
764.355 1.43904e-06 
764.795 1.43968e-06 
765.234 1.44035e-06 
765.674 1.44104e-06 
766.113 1.44175e-06 
766.553 1.44249e-06 
766.992 1.44324e-06 
767.432 1.444e-06 
767.871 1.44478e-06 
768.311 1.44556e-06 
768.75 1.44635e-06 
769.189 1.44714e-06 
769.629 1.44794e-06 
770.068 1.44874e-06 
770.508 1.44953e-06 
770.947 1.45032e-06 
771.387 1.45111e-06 
771.826 1.45189e-06 
772.266 1.45267e-06 
772.705 1.45343e-06 
773.145 1.45419e-06 
773.584 1.45494e-06 
774.023 1.45569e-06 
774.463 1.45642e-06 
774.902 1.45715e-06 
775.342 1.45787e-06 
775.781 1.45859e-06 
776.221 1.45931e-06 
776.66 1.46003e-06 
777.1 1.46075e-06 
777.539 1.46148e-06 
777.979 1.46223e-06 
778.418 1.463e-06 
778.857 1.46379e-06 
779.297 1.46463e-06 
779.736 1.46551e-06 
780.176 1.46644e-06 
780.615 1.46745e-06 
781.055 1.46855e-06 
781.494 1.46975e-06 
781.934 1.47108e-06 
782.373 1.47255e-06 
782.812 1.47421e-06 
783.252 1.47608e-06 
783.691 1.4782e-06 
784.131 1.48061e-06 
784.57 1.48337e-06 
785.01 1.48654e-06 
785.449 1.49019e-06 
785.889 1.49439e-06 
786.328 1.49926e-06 
786.768 1.50491e-06 
787.207 1.51148e-06 
787.646 1.51914e-06 
788.086 1.52809e-06 
788.525 1.53857e-06 
788.965 1.55088e-06 
789.404 1.56539e-06 
789.844 1.58253e-06 
790.283 1.60285e-06 
790.723 1.627e-06 
791.162 1.65582e-06 
791.602 1.6903e-06 
792.041 1.73165e-06 
792.48 1.78133e-06 
792.92 1.84099e-06 
793.359 1.91245e-06 
793.799 1.99742e-06 
794.238 2.09703e-06 
794.678 2.21094e-06 
795.117 2.33591e-06 
795.557 2.46406e-06 
795.996 2.58169e-06 
796.436 2.67053e-06 
796.875 2.71275e-06 
797.314 2.69847e-06 
797.754 2.63071e-06 
798.193 2.52383e-06 
798.633 2.39663e-06 
799.072 2.26567e-06 
799.512 2.14204e-06 
799.951 2.03143e-06 
800.391 1.93568e-06 
800.83 1.85441e-06 
801.27 1.7862e-06 
801.709 1.72933e-06 
802.148 1.68208e-06 
802.588 1.64294e-06 
803.027 1.61064e-06 
803.467 1.58414e-06 
803.906 1.56261e-06 
804.346 1.54543e-06 
804.785 1.53211e-06 
805.225 1.52231e-06 
805.664 1.51582e-06 
806.104 1.51254e-06 
806.543 1.51246e-06 
806.982 1.5157e-06 
807.422 1.52248e-06 
807.861 1.53315e-06 
808.301 1.54819e-06 
808.74 1.56824e-06 
809.18 1.59411e-06 
809.619 1.62679e-06 
810.059 1.66743e-06 
810.498 1.71725e-06 
810.938 1.77736e-06 
811.377 1.84836e-06 
811.816 1.92962e-06 
812.256 2.01824e-06 
812.695 2.10795e-06 
813.135 2.1887e-06 
813.574 2.2482e-06 
814.014 2.27606e-06 
814.453 2.26869e-06 
814.893 2.23131e-06 
815.332 2.17554e-06 
815.771 2.11434e-06 
816.211 2.05808e-06 
816.65 2.01286e-06 
817.09 1.98055e-06 
817.529 1.95937e-06 
817.969 1.9445e-06 
818.408 1.92908e-06 
818.848 1.90617e-06 
819.287 1.87124e-06 
819.727 1.82398e-06 
820.166 1.76795e-06 
820.605 1.7084e-06 
821.045 1.65013e-06 
821.484 1.59631e-06 
821.924 1.54849e-06 
822.363 1.50698e-06 
822.803 1.47144e-06 
823.242 1.44121e-06 
823.682 1.41555e-06 
824.121 1.39377e-06 
824.561 1.37522e-06 
825 1.3594e-06 
825.439 1.34584e-06 
825.879 1.33419e-06 
826.318 1.32415e-06 
826.758 1.31546e-06 
827.197 1.30793e-06 
827.637 1.30138e-06 
828.076 1.29568e-06 
828.516 1.29071e-06 
828.955 1.28638e-06 
829.395 1.2826e-06 
829.834 1.27931e-06 
830.273 1.27645e-06 
830.713 1.27396e-06 
831.152 1.27181e-06 
831.592 1.26996e-06 
832.031 1.26838e-06 
832.471 1.26704e-06 
832.91 1.26591e-06 
833.35 1.26498e-06 
833.789 1.26422e-06 
834.229 1.26363e-06 
834.668 1.26318e-06 
835.107 1.26287e-06 
835.547 1.26267e-06 
835.986 1.26259e-06 
836.426 1.26262e-06 
836.865 1.26274e-06 
837.305 1.26294e-06 
837.744 1.26323e-06 
838.184 1.26359e-06 
838.623 1.26403e-06 
839.062 1.26452e-06 
839.502 1.26508e-06 
839.941 1.2657e-06 
840.381 1.26637e-06 
840.82 1.26709e-06 
841.26 1.26785e-06 
841.699 1.26866e-06 
842.139 1.26951e-06 
842.578 1.2704e-06 
843.018 1.27133e-06 
843.457 1.27229e-06 
843.896 1.27328e-06 
844.336 1.27431e-06 
844.775 1.27536e-06 
845.215 1.27644e-06 
845.654 1.27755e-06 
846.094 1.27868e-06 
846.533 1.27984e-06 
846.973 1.28102e-06 
847.412 1.28223e-06 
847.852 1.28345e-06 
848.291 1.28469e-06 
848.73 1.28596e-06 
849.17 1.28724e-06 
849.609 1.28854e-06 
850.049 1.28985e-06 
850.488 1.29119e-06 
850.928 1.29253e-06 
851.367 1.2939e-06 
851.807 1.29527e-06 
852.246 1.29667e-06 
852.686 1.29807e-06 
853.125 1.29949e-06 
853.564 1.30092e-06 
854.004 1.30236e-06 
854.443 1.30381e-06 
854.883 1.30528e-06 
855.322 1.30676e-06 
855.762 1.30824e-06 
856.201 1.30974e-06 
856.641 1.31125e-06 
857.08 1.31276e-06 
857.52 1.31429e-06 
857.959 1.31582e-06 
858.398 1.31737e-06 
858.838 1.31892e-06 
859.277 1.32048e-06 
859.717 1.32205e-06 
860.156 1.32362e-06 
860.596 1.3252e-06 
861.035 1.32679e-06 
861.475 1.32839e-06 
861.914 1.32999e-06 
862.354 1.3316e-06 
862.793 1.33322e-06 
863.232 1.33484e-06 
863.672 1.33647e-06 
864.111 1.3381e-06 
864.551 1.33974e-06 
864.99 1.34139e-06 
865.43 1.34303e-06 
865.869 1.34469e-06 
866.309 1.34634e-06 
866.748 1.348e-06 
867.188 1.34967e-06 
867.627 1.35134e-06 
868.066 1.35301e-06 
868.506 1.35468e-06 
868.945 1.35636e-06 
869.385 1.35804e-06 
869.824 1.35972e-06 
870.264 1.3614e-06 
870.703 1.36308e-06 
871.143 1.36476e-06 
871.582 1.36645e-06 
872.021 1.36813e-06 
872.461 1.36982e-06 
872.9 1.3715e-06 
873.34 1.37318e-06 
873.779 1.37486e-06 
874.219 1.37654e-06 
874.658 1.37822e-06 
875.098 1.37989e-06 
875.537 1.38156e-06 
875.977 1.38322e-06 
876.416 1.38488e-06 
876.855 1.38654e-06 
877.295 1.38818e-06 
877.734 1.38983e-06 
878.174 1.39146e-06 
878.613 1.39309e-06 
879.053 1.39471e-06 
879.492 1.39632e-06 
879.932 1.39792e-06 
880.371 1.3995e-06 
880.811 1.40108e-06 
881.25 1.40265e-06 
881.689 1.4042e-06 
882.129 1.40574e-06 
882.568 1.40727e-06 
883.008 1.40878e-06 
883.447 1.41027e-06 
883.887 1.41175e-06 
884.326 1.41322e-06 
884.766 1.41466e-06 
885.205 1.41609e-06 
885.645 1.41749e-06 
886.084 1.41888e-06 
886.523 1.42025e-06 
886.963 1.4216e-06 
887.402 1.42293e-06 
887.842 1.42424e-06 
888.281 1.42553e-06 
888.721 1.42679e-06 
889.16 1.42804e-06 
889.6 1.42927e-06 
890.039 1.43047e-06 
890.479 1.43166e-06 
890.918 1.43283e-06 
891.357 1.43398e-06 
891.797 1.43512e-06 
892.236 1.43625e-06 
892.676 1.43736e-06 
893.115 1.43846e-06 
893.555 1.43956e-06 
893.994 1.44066e-06 
894.434 1.44176e-06 
894.873 1.44287e-06 
895.312 1.44399e-06 
895.752 1.44513e-06 
896.191 1.44631e-06 
896.631 1.44752e-06 
897.07 1.44878e-06 
897.51 1.45009e-06 
897.949 1.45149e-06 
898.389 1.45297e-06 
898.828 1.45456e-06 
899.268 1.45628e-06 
899.707 1.45815e-06 
900.146 1.4602e-06 
900.586 1.46247e-06 
901.025 1.46499e-06 
901.465 1.4678e-06 
901.904 1.47096e-06 
902.344 1.47452e-06 
902.783 1.47856e-06 
903.223 1.48316e-06 
903.662 1.48841e-06 
904.102 1.49443e-06 
904.541 1.50136e-06 
904.98 1.50937e-06 
905.42 1.51865e-06 
905.859 1.52946e-06 
906.299 1.54207e-06 
906.738 1.55686e-06 
907.178 1.57427e-06 
907.617 1.59484e-06 
908.057 1.61923e-06 
908.496 1.64827e-06 
908.936 1.68294e-06 
909.375 1.72444e-06 
909.814 1.77415e-06 
910.254 1.83359e-06 
910.693 1.90426e-06 
911.133 1.98729e-06 
911.572 2.08274e-06 
912.012 2.18853e-06 
912.451 2.29892e-06 
912.891 2.40343e-06 
913.33 2.48719e-06 
913.77 2.53449e-06 
914.209 2.53483e-06 
914.648 2.488e-06 
915.088 2.40421e-06 
915.527 2.29902e-06 
915.967 2.18737e-06 
916.406 2.07993e-06 
916.846 1.98261e-06 
917.285 1.89768e-06 
917.725 1.82515e-06 
918.164 1.76395e-06 
918.604 1.71259e-06 
919.043 1.66956e-06 
919.482 1.63346e-06 
919.922 1.6031e-06 
920.361 1.57749e-06 
920.801 1.5558e-06 
921.24 1.53737e-06 
921.68 1.52164e-06 
922.119 1.50817e-06 
922.559 1.49661e-06 
922.998 1.48665e-06 
923.438 1.47805e-06 
923.877 1.47061e-06 
924.316 1.46417e-06 
924.756 1.45859e-06 
925.195 1.45375e-06 
925.635 1.44955e-06 
926.074 1.44592e-06 
926.514 1.44278e-06 
926.953 1.44007e-06 
927.393 1.43775e-06 
927.832 1.43577e-06 
928.271 1.43409e-06 
928.711 1.43267e-06 
929.15 1.4315e-06 
929.59 1.43055e-06 
930.029 1.42979e-06 
930.469 1.4292e-06 
930.908 1.42877e-06 
931.348 1.42849e-06 
931.787 1.42833e-06 
932.227 1.4283e-06 
932.666 1.42837e-06 
933.105 1.42855e-06 
933.545 1.42881e-06 
933.984 1.42916e-06 
934.424 1.42958e-06 
934.863 1.43008e-06 
935.303 1.43064e-06 
935.742 1.43127e-06 
936.182 1.43194e-06 
936.621 1.43268e-06 
937.061 1.43345e-06 
937.5 1.43428e-06 
937.939 1.43515e-06 
938.379 1.43605e-06 
938.818 1.43699e-06 
939.258 1.43797e-06 
939.697 1.43898e-06 
940.137 1.44002e-06 
940.576 1.44108e-06 
941.016 1.44218e-06 
941.455 1.4433e-06 
941.895 1.44444e-06 
942.334 1.4456e-06 
942.773 1.44678e-06 
943.213 1.44799e-06 
943.652 1.44921e-06 
944.092 1.45045e-06 
944.531 1.45171e-06 
944.971 1.45298e-06 
945.41 1.45427e-06 
945.85 1.45556e-06 
946.289 1.45688e-06 
946.729 1.4582e-06 
947.168 1.45954e-06 
947.607 1.46089e-06 
948.047 1.46225e-06 
948.486 1.46361e-06 
948.926 1.46499e-06 
949.365 1.46638e-06 
949.805 1.46777e-06 
950.244 1.46917e-06 
950.684 1.47058e-06 
951.123 1.47199e-06 
951.562 1.47341e-06 
952.002 1.47483e-06 
952.441 1.47626e-06 
952.881 1.4777e-06 
953.32 1.47913e-06 
953.76 1.48057e-06 
954.199 1.48202e-06 
954.639 1.48346e-06 
955.078 1.48491e-06 
955.518 1.48636e-06 
955.957 1.4878e-06 
956.396 1.48925e-06 
956.836 1.4907e-06 
957.275 1.49215e-06 
957.715 1.49359e-06 
958.154 1.49504e-06 
958.594 1.49648e-06 
959.033 1.49791e-06 
959.473 1.49935e-06 
959.912 1.50078e-06 
960.352 1.5022e-06 
960.791 1.50362e-06 
961.23 1.50503e-06 
961.67 1.50643e-06 
962.109 1.50783e-06 
962.549 1.50921e-06 
962.988 1.51059e-06 
963.428 1.51196e-06 
963.867 1.51332e-06 
964.307 1.51466e-06 
964.746 1.51599e-06 
965.186 1.51731e-06 
965.625 1.51862e-06 
966.064 1.51991e-06 
966.504 1.52119e-06 
966.943 1.52245e-06 
967.383 1.5237e-06 
967.822 1.52492e-06 
968.262 1.52613e-06 
968.701 1.52733e-06 
969.141 1.5285e-06 
969.58 1.52965e-06 
970.02 1.53078e-06 
970.459 1.5319e-06 
970.898 1.53299e-06 
971.338 1.53406e-06 
971.777 1.53511e-06 
972.217 1.53615e-06 
972.656 1.53716e-06 
973.096 1.53815e-06 
973.535 1.53912e-06 
973.975 1.54008e-06 
974.414 1.54101e-06 
974.854 1.54194e-06 
975.293 1.54284e-06 
975.732 1.54374e-06 
976.172 1.54463e-06 
976.611 1.54551e-06 
977.051 1.54639e-06 
977.49 1.54728e-06 
977.93 1.54817e-06 
978.369 1.54907e-06 
978.809 1.55e-06 
979.248 1.55096e-06 
979.688 1.55195e-06 
980.127 1.55299e-06 
980.566 1.5541e-06 
981.006 1.55528e-06 
981.445 1.55656e-06 
981.885 1.55794e-06 
982.324 1.55947e-06 
982.764 1.56116e-06 
983.203 1.56304e-06 
983.643 1.56515e-06 
984.082 1.56753e-06 
984.521 1.57024e-06 
984.961 1.57334e-06 
985.4 1.57688e-06 
985.84 1.58096e-06 
986.279 1.58569e-06 
986.719 1.59117e-06 
987.158 1.59756e-06 
987.598 1.60503e-06 
988.037 1.61381e-06 
988.477 1.62415e-06 
988.916 1.63638e-06 
989.355 1.6509e-06 
989.795 1.66818e-06 
990.234 1.6888e-06 
990.674 1.71345e-06 
991.113 1.74288e-06 
991.553 1.7779e-06 
991.992 1.8192e-06 
992.432 1.86713e-06 
992.871 1.92119e-06 
993.311 1.97946e-06 
993.75 2.0379e-06 
994.189 2.09026e-06 
994.629 2.12926e-06 
995.068 2.14914e-06 
995.508 2.14853e-06 
995.947 2.13132e-06 
996.387 2.10499e-06 
996.826 2.07771e-06 
997.266 2.05616e-06 
997.705 2.0448e-06 
998.145 2.04613e-06 
998.584 2.06121e-06 
999.023 2.08978e-06 
999.463 2.13003e-06 
999.902 2.17788e-06 
1000.34 2.22637e-06 
1000.78 2.2657e-06 
1001.22 2.28535e-06 
1001.66 2.27767e-06 
1002.1 2.24139e-06 
1002.54 2.18201e-06 
1002.98 2.10901e-06 
1003.42 2.03187e-06 
1003.86 1.95758e-06 
1004.3 1.8901e-06 
1004.74 1.83098e-06 
1005.18 1.78029e-06 
1005.62 1.73731e-06 
1006.05 1.70107e-06 
1006.49 1.67054e-06 
1006.93 1.64479e-06 
1007.37 1.62301e-06 
1007.81 1.60452e-06 
1008.25 1.58877e-06 
1008.69 1.5753e-06 
1009.13 1.56373e-06 
1009.57 1.55375e-06 
1010.01 1.54513e-06 
1010.45 1.53765e-06 
1010.89 1.53115e-06 
1011.33 1.52548e-06 
1011.77 1.52053e-06 
1012.21 1.51621e-06 
1012.65 1.51242e-06 
1013.09 1.50911e-06 
1013.53 1.50622e-06 
1013.96 1.50369e-06 
1014.4 1.50148e-06 
1014.84 1.49956e-06 
1015.28 1.4979e-06 
1015.72 1.49646e-06 
1016.16 1.49523e-06 
1016.6 1.49418e-06 
1017.04 1.49329e-06 
1017.48 1.49255e-06 
1017.92 1.49195e-06 
1018.36 1.49147e-06 
1018.8 1.4911e-06 
1019.24 1.49084e-06 
1019.68 1.49066e-06 
1020.12 1.49058e-06 
1020.56 1.49057e-06 
1021 1.49063e-06 
1021.44 1.49075e-06 
1021.88 1.49094e-06 
1022.31 1.49119e-06 
1022.75 1.49149e-06 
1023.19 1.49183e-06 
1023.63 1.49222e-06 
1024.07 1.49266e-06 
1024.51 1.49313e-06 
1024.95 1.49364e-06 
1025.39 1.49418e-06 
1025.83 1.49475e-06 
1026.27 1.49536e-06 
1026.71 1.49599e-06 
1027.15 1.49664e-06 
1027.59 1.49733e-06 
1028.03 1.49803e-06 
1028.47 1.49876e-06 
1028.91 1.4995e-06 
1029.35 1.50027e-06 
1029.79 1.50105e-06 
1030.22 1.50185e-06 
1030.66 1.50267e-06 
1031.1 1.5035e-06 
1031.54 1.50434e-06 
1031.98 1.5052e-06 
1032.42 1.50607e-06 
1032.86 1.50696e-06 
1033.3 1.50785e-06 
1033.74 1.50876e-06 
1034.18 1.50968e-06 
1034.62 1.5106e-06 
1035.06 1.51154e-06 
1035.5 1.51248e-06 
1035.94 1.51343e-06 
1036.38 1.51439e-06 
1036.82 1.51536e-06 
1037.26 1.51633e-06 
1037.7 1.51731e-06 
1038.13 1.5183e-06 
1038.57 1.51929e-06 
1039.01 1.52029e-06 
1039.45 1.52129e-06 
1039.89 1.5223e-06 
1040.33 1.52331e-06 
1040.77 1.52432e-06 
1041.21 1.52534e-06 
1041.65 1.52636e-06 
1042.09 1.52739e-06 
1042.53 1.52842e-06 
1042.97 1.52945e-06 
1043.41 1.53048e-06 
1043.85 1.53151e-06 
1044.29 1.53255e-06 
1044.73 1.53358e-06 
1045.17 1.53462e-06 
1045.61 1.53566e-06 
1046.04 1.5367e-06 
1046.48 1.53773e-06 
1046.92 1.53877e-06 
1047.36 1.53981e-06 
1047.8 1.54084e-06 
1048.24 1.54188e-06 
1048.68 1.54291e-06 
1049.12 1.54394e-06 
1049.56 1.54497e-06 
1050 1.546e-06 
1050.44 1.54702e-06 
1050.88 1.54804e-06 
1051.32 1.54906e-06 
1051.76 1.55007e-06 
1052.2 1.55108e-06 
1052.64 1.55209e-06 
1053.08 1.55309e-06 
1053.52 1.55408e-06 
1053.96 1.55507e-06 
1054.39 1.55606e-06 
1054.83 1.55704e-06 
1055.27 1.55801e-06 
1055.71 1.55898e-06 
1056.15 1.55995e-06 
1056.59 1.5609e-06 
1057.03 1.56185e-06 
1057.47 1.5628e-06 
1057.91 1.56374e-06 
1058.35 1.56467e-06 
1058.79 1.5656e-06 
1059.23 1.56652e-06 
1059.67 1.56744e-06 
1060.11 1.56835e-06 
1060.55 1.56925e-06 
1060.99 1.57016e-06 
1061.43 1.57106e-06 
1061.87 1.57196e-06 
1062.3 1.57286e-06 
1062.74 1.57376e-06 
1063.18 1.57466e-06 
1063.62 1.57556e-06 
1064.06 1.57647e-06 
1064.5 1.57739e-06 
1064.94 1.57832e-06 
1065.38 1.57927e-06 
1065.82 1.58023e-06 
1066.26 1.58122e-06 
1066.7 1.58223e-06 
1067.14 1.58327e-06 
1067.58 1.58436e-06 
1068.02 1.58548e-06 
1068.46 1.58667e-06 
1068.9 1.58792e-06 
1069.34 1.58924e-06 
1069.78 1.59066e-06 
1070.21 1.59217e-06 
1070.65 1.59381e-06 
1071.09 1.5956e-06 
1071.53 1.59755e-06 
1071.97 1.5997e-06 
1072.41 1.60209e-06 
1072.85 1.60474e-06 
1073.29 1.60773e-06 
1073.73 1.61109e-06 
1074.17 1.61491e-06 
1074.61 1.61928e-06 
1075.05 1.6243e-06 
1075.49 1.6301e-06 
1075.93 1.63684e-06 
1076.37 1.64472e-06 
1076.81 1.65399e-06 
1077.25 1.66494e-06 
1077.69 1.67792e-06 
1078.12 1.69336e-06 
1078.56 1.71173e-06 
1079 1.73353e-06 
1079.44 1.75919e-06 
1079.88 1.78892e-06 
1080.32 1.82238e-06 
1080.76 1.85828e-06 
1081.2 1.89392e-06 
1081.64 1.92507e-06 
1082.08 1.94657e-06 
1082.52 1.95407e-06 
1082.96 1.94593e-06 
1083.4 1.92408e-06 
1083.84 1.89303e-06 
1084.28 1.85791e-06 
1084.72 1.82285e-06 
1085.16 1.7904e-06 
1085.6 1.76176e-06 
1086.04 1.7372e-06 
1086.47 1.71647e-06 
1086.91 1.69915e-06 
1087.35 1.68473e-06 
1087.79 1.67275e-06 
1088.23 1.66278e-06 
1088.67 1.65449e-06 
1089.11 1.64757e-06 
1089.55 1.64179e-06 
1089.99 1.63696e-06 
1090.43 1.63293e-06 
1090.87 1.62956e-06 
1091.31 1.62675e-06 
1091.75 1.62441e-06 
1092.19 1.62248e-06 
1092.63 1.62089e-06 
1093.07 1.6196e-06 
1093.51 1.61857e-06 
1093.95 1.61775e-06 
1094.38 1.61714e-06 
1094.82 1.61669e-06 
1095.26 1.6164e-06 
1095.7 1.61623e-06 
1096.14 1.61619e-06 
1096.58 1.61625e-06 
1097.02 1.6164e-06 
1097.46 1.61663e-06 
1097.9 1.61694e-06 
1098.34 1.61731e-06 
1098.78 1.61775e-06 
1099.22 1.61824e-06 
1099.66 1.61878e-06 
1100.1 1.61937e-06 
1100.54 1.61999e-06 
1100.98 1.62066e-06 
1101.42 1.62136e-06 
1101.86 1.62209e-06 
1102.29 1.62285e-06 
1102.73 1.62364e-06 
1103.17 1.62446e-06 
1103.61 1.62529e-06 
1104.05 1.62615e-06 
1104.49 1.62703e-06 
1104.93 1.62793e-06 
1105.37 1.62884e-06 
1105.81 1.62977e-06 
1106.25 1.63071e-06 
1106.69 1.63167e-06 
1107.13 1.63264e-06 
1107.57 1.63362e-06 
1108.01 1.63462e-06 
1108.45 1.63563e-06 
1108.89 1.63664e-06 
1109.33 1.63766e-06 
1109.77 1.6387e-06 
1110.21 1.63974e-06 
1110.64 1.64079e-06 
1111.08 1.64184e-06 
1111.52 1.6429e-06 
1111.96 1.64397e-06 
1112.4 1.64504e-06 
1112.84 1.64612e-06 
1113.28 1.6472e-06 
1113.72 1.64829e-06 
1114.16 1.64938e-06 
1114.6 1.65048e-06 
1115.04 1.65157e-06 
1115.48 1.65267e-06 
1115.92 1.65377e-06 
1116.36 1.65487e-06 
1116.8 1.65598e-06 
1117.24 1.65708e-06 
1117.68 1.65819e-06 
1118.12 1.65929e-06 
1118.55 1.6604e-06 
1118.99 1.66151e-06 
1119.43 1.66261e-06 
1119.87 1.66371e-06 
1120.31 1.66482e-06 
1120.75 1.66592e-06 
1121.19 1.66701e-06 
1121.63 1.66811e-06 
1122.07 1.6692e-06 
1122.51 1.67029e-06 
1122.95 1.67138e-06 
1123.39 1.67246e-06 
1123.83 1.67354e-06 
1124.27 1.67461e-06 
1124.71 1.67568e-06 
1125.15 1.67675e-06 
1125.59 1.67781e-06 
1126.03 1.67887e-06 
1126.46 1.67992e-06 
1126.9 1.68097e-06 
1127.34 1.68201e-06 
1127.78 1.68305e-06 
1128.22 1.68408e-06 
1128.66 1.68511e-06 
1129.1 1.68614e-06 
1129.54 1.68717e-06 
1129.98 1.68819e-06 
1130.42 1.68921e-06 
1130.86 1.69023e-06 
1131.3 1.69125e-06 
1131.74 1.69227e-06 
1132.18 1.69329e-06 
1132.62 1.69432e-06 
1133.06 1.69536e-06 
1133.5 1.69641e-06 
1133.94 1.69747e-06 
1134.38 1.69854e-06 
1134.81 1.69963e-06 
1135.25 1.70075e-06 
1135.69 1.7019e-06 
1136.13 1.70307e-06 
1136.57 1.70429e-06 
1137.01 1.70556e-06 
1137.45 1.70688e-06 
1137.89 1.70827e-06 
1138.33 1.70973e-06 
1138.77 1.71128e-06 
1139.21 1.71294e-06 
1139.65 1.71472e-06 
1140.09 1.71664e-06 
1140.53 1.71873e-06 
1140.97 1.72101e-06 
1141.41 1.72352e-06 
1141.85 1.7263e-06 
1142.29 1.7294e-06 
1142.72 1.73286e-06 
1143.16 1.73677e-06 
1143.6 1.74119e-06 
1144.04 1.74624e-06 
1144.48 1.75203e-06 
1144.92 1.7587e-06 
1145.36 1.76645e-06 
1145.8 1.77549e-06 
1146.24 1.7861e-06 
1146.68 1.79861e-06 
1147.12 1.81342e-06 
1147.56 1.83102e-06 
1148 1.85196e-06 
1148.44 1.8768e-06 
1148.88 1.90609e-06 
1149.32 1.9401e-06 
1149.76 1.97858e-06 
1150.2 2.02023e-06 
1150.63 2.06219e-06 
1151.07 2.09977e-06 
1151.51 2.12703e-06 
1151.95 2.13859e-06 
1152.39 2.13192e-06 
1152.83 2.10866e-06 
1153.27 2.07376e-06 
1153.71 2.03325e-06 
1154.15 1.9922e-06 
1154.59 1.95388e-06 
1155.03 1.91988e-06 
1155.47 1.89064e-06 
1155.91 1.86593e-06 
1156.35 1.84528e-06 
1156.79 1.8281e-06 
1157.23 1.81384e-06 
1157.67 1.802e-06 
1158.11 1.79216e-06 
1158.54 1.78397e-06 
1158.98 1.77716e-06 
1159.42 1.77148e-06 
1159.86 1.76676e-06 
1160.3 1.76283e-06 
1160.74 1.75956e-06 
1161.18 1.75687e-06 
1161.62 1.75466e-06 
1162.06 1.75287e-06 
1162.5 1.75143e-06 
1162.94 1.7503e-06 
1163.38 1.74943e-06 
1163.82 1.7488e-06 
1164.26 1.74837e-06 
1164.7 1.74812e-06 
1165.14 1.74802e-06 
1165.58 1.74806e-06 
1166.02 1.74823e-06 
1166.46 1.74851e-06 
1166.89 1.74888e-06 
1167.33 1.74935e-06 
1167.77 1.74989e-06 
1168.21 1.7505e-06 
1168.65 1.75118e-06 
1169.09 1.75191e-06 
1169.53 1.75269e-06 
1169.97 1.75352e-06 
1170.41 1.75439e-06 
1170.85 1.75529e-06 
1171.29 1.75623e-06 
1171.73 1.7572e-06 
1172.17 1.7582e-06 
1172.61 1.75922e-06 
1173.05 1.76026e-06 
1173.49 1.76131e-06 
1173.93 1.76239e-06 
1174.37 1.76347e-06 
1174.8 1.76456e-06 
1175.24 1.76567e-06 
1175.68 1.76677e-06 
1176.12 1.76789e-06 
1176.56 1.769e-06 
1177 1.77011e-06 
1177.44 1.77122e-06 
1177.88 1.77233e-06 
1178.32 1.77343e-06 
1178.76 1.77452e-06 
1179.2 1.7756e-06 
1179.64 1.77667e-06 
1180.08 1.77773e-06 
1180.52 1.77876e-06 
1180.96 1.77978e-06 
1181.4 1.78078e-06 
1181.84 1.78175e-06 
1182.28 1.78271e-06 
1182.71 1.78363e-06 
1183.15 1.78452e-06 
1183.59 1.78539e-06 
1184.03 1.78621e-06 
1184.47 1.78701e-06 
1184.91 1.78776e-06 
1185.35 1.78848e-06 
1185.79 1.78915e-06 
1186.23 1.78978e-06 
1186.67 1.79036e-06 
1187.11 1.79089e-06 
1187.55 1.79137e-06 
1187.99 1.7918e-06 
1188.43 1.79217e-06 
1188.87 1.79248e-06 
1189.31 1.79273e-06 
1189.75 1.79292e-06 
1190.19 1.79305e-06 
1190.62 1.79311e-06 
1191.06 1.79311e-06 
1191.5 1.79304e-06 
1191.94 1.7929e-06 
1192.38 1.79269e-06 
1192.82 1.7924e-06 
1193.26 1.79205e-06 
1193.7 1.79163e-06 
1194.14 1.79114e-06 
1194.58 1.79057e-06 
1195.02 1.78994e-06 
1195.46 1.78924e-06 
1195.9 1.78848e-06 
1196.34 1.78767e-06 
1196.78 1.78679e-06 
1197.22 1.78587e-06 
1197.66 1.7849e-06 
1198.1 1.7839e-06 
1198.54 1.78288e-06 
1198.97 1.78184e-06 
1199.41 1.78081e-06 
1199.85 1.77979e-06 
1200.29 1.77882e-06 
1200.73 1.77792e-06 
1201.17 1.77711e-06 
1201.61 1.77644e-06 
1202.05 1.77595e-06 
1202.49 1.7757e-06 
1202.93 1.77576e-06 
1203.37 1.77622e-06 
1203.81 1.77719e-06 
1204.25 1.77883e-06 
1204.69 1.78131e-06 
1205.13 1.7849e-06 
1205.57 1.78993e-06 
1206.01 1.79688e-06 
1206.45 1.80639e-06 
1206.88 1.81943e-06 
1207.32 1.8374e-06 
1207.76 1.86246e-06 
1208.2 1.89806e-06 
1208.64 1.94999e-06 
1209.08 2.02847e-06 
1209.52 2.15285e-06 
1209.96 2.3628e-06 
1210.4 2.74671e-06 
1210.84 3.50848e-06 
1211.28 4.98024e-06 
1211.72 6.68288e-06 
1212.16 6.59368e-06 
1212.6 4.66694e-06 
1213.04 3.31128e-06 
1213.48 2.64292e-06 
1213.92 2.30055e-06 
1214.36 2.10859e-06 
1214.79 1.99207e-06 
1215.23 1.91676e-06 
1215.67 1.86563e-06 
1216.11 1.82955e-06 
1216.55 1.80332e-06 
1216.99 1.78378e-06 
1217.43 1.76894e-06 
1217.87 1.7575e-06 
1218.31 1.74858e-06 
1218.75 1.74156e-06 
1219.19 1.73601e-06 
1219.63 1.73162e-06 
1220.07 1.72814e-06 
1220.51 1.7254e-06 
1220.95 1.72327e-06 
1221.39 1.72164e-06 
1221.83 1.72042e-06 
1222.27 1.71956e-06 
1222.71 1.719e-06 
1223.14 1.71871e-06 
1223.58 1.71865e-06 
1224.02 1.7188e-06 
1224.46 1.71913e-06 
1224.9 1.71964e-06 
1225.34 1.72031e-06 
1225.78 1.72114e-06 
1226.22 1.72211e-06 
1226.66 1.72324e-06 
1227.1 1.72451e-06 
1227.54 1.72595e-06 
1227.98 1.72755e-06 
1228.42 1.72932e-06 
1228.86 1.73129e-06 
1229.3 1.73347e-06 
1229.74 1.73589e-06 
1230.18 1.73858e-06 
1230.62 1.74158e-06 
1231.05 1.74494e-06 
1231.49 1.74871e-06 
1231.93 1.75297e-06 
1232.37 1.75781e-06 
1232.81 1.76334e-06 
1233.25 1.76969e-06 
1233.69 1.77704e-06 
1234.13 1.7856e-06 
1234.57 1.7956e-06 
1235.01 1.80736e-06 
1235.45 1.82121e-06 
1235.89 1.83752e-06 
1236.33 1.85663e-06 
1236.77 1.87875e-06 
1237.21 1.90378e-06 
1237.65 1.93099e-06 
1238.09 1.95868e-06 
1238.53 1.98399e-06 
1238.96 2.00318e-06 
1239.4 2.01268e-06 
1239.84 2.0106e-06 
1240.28 1.99767e-06 
1240.72 1.97691e-06 
1241.16 1.95217e-06 
1241.6 1.92679e-06 
1242.04 1.903e-06 
1242.48 1.88189e-06 
1242.92 1.8638e-06 
1243.36 1.84862e-06 
1243.8 1.83605e-06 
1244.24 1.82571e-06 
1244.68 1.81725e-06 
1245.12 1.81035e-06 
1245.56 1.80473e-06 
1246 1.80016e-06 
1246.44 1.79645e-06 
1246.88 1.79346e-06 
1247.31 1.79105e-06 
1247.75 1.78913e-06 
1248.19 1.78761e-06 
1248.63 1.78642e-06 
1249.07 1.7855e-06 
1249.51 1.7848e-06 
1249.95 1.78429e-06 
1250.39 1.78393e-06 
1250.83 1.78368e-06 
1251.27 1.78353e-06 
1251.71 1.78345e-06 
1252.15 1.78342e-06 
1252.59 1.78342e-06 
1253.03 1.78344e-06 
1253.47 1.78346e-06 
1253.91 1.78347e-06 
1254.35 1.78345e-06 
1254.79 1.7834e-06 
1255.22 1.78331e-06 
1255.66 1.78316e-06 
1256.1 1.78294e-06 
1256.54 1.78265e-06 
1256.98 1.78228e-06 
1257.42 1.78182e-06 
1257.86 1.78126e-06 
1258.3 1.78059e-06 
1258.74 1.7798e-06 
1259.18 1.7789e-06 
1259.62 1.77786e-06 
1260.06 1.77669e-06 
1260.5 1.77537e-06 
1260.94 1.77391e-06 
1261.38 1.77229e-06 
1261.82 1.77051e-06 
1262.26 1.76856e-06 
1262.7 1.76643e-06 
1263.13 1.76414e-06 
1263.57 1.76166e-06 
1264.01 1.759e-06 
1264.45 1.75615e-06 
1264.89 1.75312e-06 
1265.33 1.7499e-06 
1265.77 1.74649e-06 
1266.21 1.7429e-06 
1266.65 1.73912e-06 
1267.09 1.73517e-06 
1267.53 1.73105e-06 
1267.97 1.72678e-06 
1268.41 1.72236e-06 
1268.85 1.71782e-06 
1269.29 1.71317e-06 
1269.73 1.70846e-06 
1270.17 1.70371e-06 
1270.61 1.69896e-06 
1271.04 1.69428e-06 
1271.48 1.68973e-06 
1271.92 1.68541e-06 
1272.36 1.68142e-06 
1272.8 1.67792e-06 
1273.24 1.67509e-06 
1273.68 1.67316e-06 
1274.12 1.67248e-06 
1274.56 1.67349e-06 
1275 1.67679e-06 
1275.44 1.68324e-06 
1275.88 1.69409e-06 
1276.32 1.7112e-06 
1276.76 1.73743e-06 
1277.2 1.77738e-06 
1277.64 1.83883e-06 
1278.08 1.9357e-06 
1278.52 2.09471e-06 
1278.96 2.37147e-06 
1279.39 2.89164e-06 
1279.83 3.93964e-06 
1280.27 5.87486e-06 
1280.71 7.77661e-06 
1281.15 6.93651e-06 
1281.59 4.56588e-06 
1282.03 3.16827e-06 
1282.47 2.48426e-06 
1282.91 2.12717e-06 
1283.35 1.92465e-06 
1283.79 1.80283e-06 
1284.23 1.72772e-06 
1284.67 1.68279e-06 
1285.11 1.65988e-06 
1285.55 1.65553e-06 
1285.99 1.66941e-06 
1286.43 1.70408e-06 
1286.87 1.7656e-06 
1287.3 1.86546e-06 
1287.74 2.02493e-06 
1288.18 2.28468e-06 
1288.62 2.72802e-06 
1289.06 3.53941e-06 
1289.5 5.14539e-06 
1289.94 8.29969e-06 
1290.38 1.24148e-05 
1290.82 1.27794e-05 
1291.26 8.30394e-06 
1291.7 5.05633e-06 
1292.14 3.45566e-06 
1292.58 2.6382e-06 
1293.02 2.1807e-06 
1293.46 1.90284e-06 
1293.9 1.72271e-06 
1294.34 1.59975e-06 
1294.78 1.51232e-06 
1295.21 1.44806e-06 
1295.65 1.39953e-06 
1296.09 1.36205e-06 
1296.53 1.33256e-06 
1296.97 1.30899e-06 
1297.41 1.2899e-06 
1297.85 1.27427e-06 
1298.29 1.26134e-06 
1298.73 1.25056e-06 
1299.17 1.24152e-06 
1299.61 1.23389e-06 
1300.05 1.22742e-06 
1300.49 1.22192e-06 
1300.93 1.21724e-06 
1301.37 1.21324e-06 
1301.81 1.20983e-06 
1302.25 1.20691e-06 
1302.69 1.20444e-06 
1303.12 1.20233e-06 
1303.56 1.20056e-06 
1304 1.19908e-06 
1304.44 1.19785e-06 
1304.88 1.19685e-06 
1305.32 1.19604e-06 
1305.76 1.19542e-06 
1306.2 1.19496e-06 
1306.64 1.19465e-06 
1307.08 1.19446e-06 
1307.52 1.1944e-06 
1307.96 1.19444e-06 
1308.4 1.19459e-06 
1308.84 1.19482e-06 
1309.28 1.19514e-06 
1309.72 1.19554e-06 
1310.16 1.196e-06 
1310.6 1.19654e-06 
1311.04 1.19713e-06 
1311.47 1.19778e-06 
1311.91 1.19849e-06 
1312.35 1.19924e-06 
1312.79 1.20004e-06 
1313.23 1.20089e-06 
1313.67 1.20178e-06 
1314.11 1.20271e-06 
1314.55 1.20367e-06 
1314.99 1.20467e-06 
1315.43 1.20571e-06 
1315.87 1.20677e-06 
1316.31 1.20787e-06 
1316.75 1.209e-06 
1317.19 1.21015e-06 
1317.63 1.21134e-06 
1318.07 1.21254e-06 
1318.51 1.21378e-06 
1318.95 1.21504e-06 
1319.38 1.21632e-06 
1319.82 1.21762e-06 
1320.26 1.21895e-06 
1320.7 1.2203e-06 
1321.14 1.22166e-06 
1321.58 1.22305e-06 
1322.02 1.22446e-06 
1322.46 1.22589e-06 
1322.9 1.22734e-06 
1323.34 1.2288e-06 
1323.78 1.23029e-06 
1324.22 1.23179e-06 
1324.66 1.2333e-06 
1325.1 1.23484e-06 
1325.54 1.23639e-06 
1325.98 1.23796e-06 
1326.42 1.23954e-06 
1326.86 1.24113e-06 
1327.29 1.24275e-06 
1327.73 1.24437e-06 
1328.17 1.24601e-06 
1328.61 1.24766e-06 
1329.05 1.24933e-06 
1329.49 1.25101e-06 
1329.93 1.2527e-06 
1330.37 1.2544e-06 
1330.81 1.25611e-06 
1331.25 1.25784e-06 
1331.69 1.25957e-06 
1332.13 1.26131e-06 
1332.57 1.26306e-06 
1333.01 1.26482e-06 
1333.45 1.26658e-06 
1333.89 1.26835e-06 
1334.33 1.27013e-06 
1334.77 1.2719e-06 
1335.21 1.27369e-06 
1335.64 1.27547e-06 
1336.08 1.27725e-06 
1336.52 1.27903e-06 
1336.96 1.28081e-06 
1337.4 1.28259e-06 
1337.84 1.28435e-06 
1338.28 1.28611e-06 
1338.72 1.28787e-06 
1339.16 1.28961e-06 
1339.6 1.29133e-06 
1340.04 1.29305e-06 
1340.48 1.29474e-06 
1340.92 1.29641e-06 
1341.36 1.29806e-06 
1341.8 1.29968e-06 
1342.24 1.30127e-06 
1342.68 1.30283e-06 
1343.12 1.30435e-06 
1343.55 1.30583e-06 
1343.99 1.30727e-06 
1344.43 1.30866e-06 
1344.87 1.31e-06 
1345.31 1.31128e-06 
1345.75 1.31249e-06 
1346.19 1.31365e-06 
1346.63 1.31472e-06 
1347.07 1.31572e-06 
1347.51 1.31664e-06 
1347.95 1.31747e-06 
1348.39 1.3182e-06 
1348.83 1.31883e-06 
1349.27 1.31935e-06 
1349.71 1.31975e-06 
1350.15 1.32003e-06 
1350.59 1.32017e-06 
1351.03 1.32017e-06 
1351.46 1.32003e-06 
1351.9 1.31972e-06 
1352.34 1.31926e-06 
1352.78 1.31861e-06 
1353.22 1.31779e-06 
1353.66 1.31676e-06 
1354.1 1.31553e-06 
1354.54 1.31409e-06 
1354.98 1.31242e-06 
1355.42 1.31052e-06 
1355.86 1.30836e-06 
1356.3 1.30595e-06 
1356.74 1.30328e-06 
1357.18 1.30033e-06 
1357.62 1.29708e-06 
1358.06 1.29353e-06 
1358.5 1.28967e-06 
1358.94 1.2855e-06 
1359.38 1.28099e-06 
1359.81 1.27613e-06 
1360.25 1.27092e-06 
1360.69 1.26535e-06 
1361.13 1.25941e-06 
1361.57 1.2531e-06 
1362.01 1.2464e-06 
1362.45 1.2393e-06 
1362.89 1.23181e-06 
1363.33 1.22392e-06 
1363.77 1.21563e-06 
1364.21 1.20694e-06 
1364.65 1.19784e-06 
1365.09 1.18834e-06 
1365.53 1.17846e-06 
1365.97 1.1682e-06 
1366.41 1.15756e-06 
1366.85 1.14657e-06 
1367.29 1.13525e-06 
1367.72 1.12363e-06 
1368.16 1.11175e-06 
1368.6 1.09964e-06 
1369.04 1.08734e-06 
1369.48 1.07493e-06 
1369.92 1.06248e-06 
1370.36 1.05008e-06 
1370.8 1.03782e-06 
1371.24 1.02585e-06 
1371.68 1.01432e-06 
1372.12 1.00344e-06 
1372.56 9.93444e-07 
1373 9.84631e-07 
1373.44 9.77377e-07 
1373.88 9.72172e-07 
1374.32 9.69651e-07 
1374.76 9.70627e-07 
1375.2 9.76195e-07 
1375.63 9.87836e-07 
1376.07 1.00762e-06 
1376.51 1.03852e-06 
1376.95 1.08489e-06 
1377.39 1.15339e-06 
1377.83 1.25463e-06 
1378.27 1.40642e-06 
1378.71 1.64062e-06 
1379.15 2.0184e-06 
1379.59 2.66799e-06 
1380.03 3.87959e-06 
1380.47 6.27958e-06 
1380.91 1.03884e-05 
1381.35 1.33207e-05 
1381.79 1.02875e-05 
1382.23 7.17918e-06 
1382.67 6.55831e-06 
1383.11 8.267e-06 
1383.54 1.28841e-05 
1383.98 1.85402e-05 
1384.42 1.62732e-05 
1384.86 9.41445e-06 
1385.3 5.39645e-06 
1385.74 3.41353e-06 
1386.18 2.36079e-06 
1386.62 1.74756e-06 
1387.06 1.3615e-06 
1387.5 1.1031e-06 
1387.94 9.21605e-07 
1388.38 7.89129e-07 
1388.82 6.8937e-07 
1389.26 6.12288e-07 
1389.7 5.51439e-07 
1390.14 5.0252e-07 
1390.58 4.62576e-07 
1391.02 4.29519e-07 
1391.46 4.01837e-07 
1391.89 3.78415e-07 
1392.33 3.58416e-07 
1392.77 3.41199e-07 
1393.21 3.26268e-07 
1393.65 3.13234e-07 
1394.09 3.01787e-07 
1394.53 2.91681e-07 
1394.97 2.82713e-07 
1395.41 2.7472e-07 
1395.85 2.67565e-07 
1396.29 2.61137e-07 
1396.73 2.55342e-07 
1397.17 2.501e-07 
1397.61 2.45344e-07 
1398.05 2.41017e-07 
1398.49 2.37071e-07 
1398.93 2.33463e-07 
1399.37 2.30157e-07 
1399.8 2.27122e-07 
1400.24 2.2433e-07 
1400.68 2.21757e-07 
1401.12 2.19382e-07 
1401.56 2.17187e-07 
1402 2.15154e-07 
1402.44 2.13271e-07 
1402.88 2.11523e-07 
1403.32 2.09899e-07 
1403.76 2.08388e-07 
1404.2 2.06982e-07 
1404.64 2.05673e-07 
1405.08 2.04452e-07 
1405.52 2.03312e-07 
1405.96 2.02249e-07 
1406.4 2.01255e-07 
1406.84 2.00327e-07 
1407.28 1.99459e-07 
1407.71 1.98647e-07 
1408.15 1.97888e-07 
1408.59 1.97177e-07 
1409.03 1.96512e-07 
1409.47 1.9589e-07 
1409.91 1.95307e-07 
1410.35 1.94761e-07 
1410.79 1.9425e-07 
1411.23 1.93771e-07 
1411.67 1.93323e-07 
1412.11 1.92903e-07 
1412.55 1.9251e-07 
1412.99 1.92142e-07 
1413.43 1.91797e-07 
1413.87 1.91474e-07 
1414.31 1.91171e-07 
1414.75 1.90888e-07 
1415.19 1.90622e-07 
1415.62 1.90372e-07 
1416.06 1.90138e-07 
1416.5 1.89918e-07 
1416.94 1.89711e-07 
1417.38 1.89516e-07 
1417.82 1.89332e-07 
1418.26 1.89158e-07 
1418.7 1.88992e-07 
1419.14 1.88835e-07 
1419.58 1.88684e-07 
1420.02 1.8854e-07 
1420.46 1.88401e-07 
1420.9 1.88266e-07 
1421.34 1.88134e-07 
1421.78 1.88004e-07 
1422.22 1.87876e-07 
1422.66 1.87749e-07 
1423.1 1.87621e-07 
1423.54 1.87492e-07 
1423.97 1.8736e-07 
1424.41 1.87226e-07 
1424.85 1.87087e-07 
1425.29 1.86944e-07 
1425.73 1.86794e-07 
1426.17 1.86638e-07 
1426.61 1.86474e-07 
1427.05 1.86301e-07 
1427.49 1.86118e-07 
1427.93 1.85925e-07 
1428.37 1.8572e-07 
1428.81 1.85502e-07 
1429.25 1.85271e-07 
1429.69 1.85024e-07 
1430.13 1.84763e-07 
1430.57 1.84484e-07 
1431.01 1.84188e-07 
1431.45 1.83874e-07 
1431.88 1.8354e-07 
1432.32 1.83186e-07 
1432.76 1.8281e-07 
1433.2 1.82412e-07 
1433.64 1.81991e-07 
1434.08 1.81546e-07 
1434.52 1.81078e-07 
1434.96 1.80584e-07 
1435.4 1.80063e-07 
1435.84 1.79518e-07 
1436.28 1.78946e-07 
1436.72 1.78348e-07 
1437.16 1.77723e-07 
1437.6 1.77071e-07 
1438.04 1.76394e-07 
1438.48 1.75692e-07 
1438.92 1.74967e-07 
1439.36 1.74219e-07 
1439.79 1.7345e-07 
1440.23 1.72663e-07 
1440.67 1.71863e-07 
1441.11 1.71054e-07 
1441.55 1.70239e-07 
1441.99 1.69427e-07 
1442.43 1.68627e-07 
1442.87 1.6785e-07 
1443.31 1.6711e-07 
1443.75 1.66425e-07 
1444.19 1.65817e-07 
1444.63 1.6532e-07 
1445.07 1.64971e-07 
1445.51 1.64826e-07 
1445.95 1.64953e-07 
1446.39 1.65455e-07 
1446.83 1.66472e-07 
1447.27 1.68205e-07 
1447.71 1.70953e-07 
1448.14 1.75172e-07 
1448.58 1.8159e-07 
1449.02 1.91414e-07 
1449.46 2.06764e-07 
1449.9 2.31601e-07 
1450.34 2.7393e-07 
1450.78 3.51353e-07 
1451.22 5.04808e-07 
1451.66 8.15536e-07 
1452.1 1.26959e-06 
1452.54 1.24924e-06 
1452.98 7.75287e-07 
1453.42 4.74749e-07 
1453.86 3.27802e-07 
1454.3 2.5137e-07 
1454.74 2.07532e-07 
1455.18 1.80128e-07 
1455.62 1.6174e-07 
1456.05 1.48666e-07 
1456.49 1.38917e-07 
1456.93 1.31358e-07 
1457.37 1.2531e-07 
1457.81 1.20356e-07 
1458.25 1.16229e-07 
1458.69 1.12763e-07 
1459.13 1.09854e-07 
1459.57 1.07452e-07 
1460.01 1.05541e-07 
1460.45 1.04142e-07 
1460.89 1.03308e-07 
1461.33 1.03131e-07 
1461.77 1.03761e-07 
1462.21 1.05416e-07 
1462.65 1.08418e-07 
1463.09 1.13255e-07 
1463.53 1.20678e-07 
1463.96 1.31899e-07 
1464.4 1.48965e-07 
1464.84 1.75562e-07 
1465.28 2.1885e-07 
1465.72 2.93981e-07 
1466.16 4.35579e-07 
1466.6 7.1675e-07 
1467.04 1.16977e-06 
1467.48 1.29555e-06 
1467.92 9.55941e-07 
1468.36 8.1967e-07 
1468.8 9.96553e-07 
1469.24 1.56775e-06 
1469.68 2.34408e-06 
1470.12 2.01677e-06 
1470.56 1.14373e-06 
1471 6.47442e-07 
1471.44 4.03167e-07 
1471.88 2.73361e-07 
1472.31 1.97711e-07 
1472.75 1.50089e-07 
1473.19 1.18234e-07 
1473.63 9.58738e-08 
1474.07 7.95634e-08 
1474.51 6.72863e-08 
1474.95 5.78019e-08 
1475.39 5.03133e-08 
1475.83 4.42898e-08 
1476.27 3.93668e-08 
1476.71 3.52867e-08 
1477.15 3.1864e-08 
1477.59 2.89616e-08 
1478.03 2.64765e-08 
1478.47 2.43305e-08 
1478.91 2.24629e-08 
1479.35 2.08261e-08 
1479.79 1.93824e-08 
1480.22 1.81015e-08 
1480.66 1.6959e-08 
1481.1 1.59349e-08 
1481.54 1.50127e-08 
1481.98 1.41788e-08 
1482.42 1.34218e-08 
1482.86 1.27321e-08 
1483.3 1.21016e-08 
1483.74 1.15234e-08 
1484.18 1.09916e-08 
1484.62 1.05012e-08 
1485.06 1.00477e-08 
1485.5 9.62734e-09 
1485.94 9.23688e-09 
1486.38 8.87341e-09 
1486.82 8.53438e-09 
1487.26 8.21757e-09 
1487.7 7.921e-09 
1488.13 7.64295e-09 
1488.57 7.38184e-09 
1489.01 7.13631e-09 
1489.45 6.90512e-09 
1489.89 6.68717e-09 
1490.33 6.48146e-09 
1490.77 6.2871e-09 
1491.21 6.10328e-09 
1491.65 5.92928e-09 
1492.09 5.76443e-09 
1492.53 5.60813e-09 
1492.97 5.45984e-09 
1493.41 5.31905e-09 
1493.85 5.18531e-09 
1494.29 5.05821e-09 
1494.73 4.93736e-09 
1495.17 4.82242e-09 
1495.61 4.71304e-09 
1496.04 4.60894e-09 
1496.48 4.50984e-09 
1496.92 4.41549e-09 
1497.36 4.32564e-09 
1497.8 4.24007e-09 
1498.24 4.15858e-09 
1498.68 4.08098e-09 
1499.12 4.00709e-09 
1499.56 3.93673e-09 
