#energy geo_1 
600 8.82749e-07 
600.439 8.84461e-07 
600.879 8.86175e-07 
601.318 8.87892e-07 
601.758 8.8961e-07 
602.197 8.91331e-07 
602.637 8.93055e-07 
603.076 8.9478e-07 
603.516 8.96509e-07 
603.955 8.98239e-07 
604.395 8.99971e-07 
604.834 9.01707e-07 
605.273 9.03444e-07 
605.713 9.05183e-07 
606.152 9.06925e-07 
606.592 9.08669e-07 
607.031 9.10416e-07 
607.471 9.12165e-07 
607.91 9.13916e-07 
608.35 9.15669e-07 
608.789 9.17425e-07 
609.229 9.19183e-07 
609.668 9.20943e-07 
610.107 9.22706e-07 
610.547 9.24471e-07 
610.986 9.26238e-07 
611.426 9.28007e-07 
611.865 9.29779e-07 
612.305 9.31553e-07 
612.744 9.33329e-07 
613.184 9.35108e-07 
613.623 9.3689e-07 
614.062 9.38672e-07 
614.502 9.40457e-07 
614.941 9.42245e-07 
615.381 9.44036e-07 
615.82 9.45828e-07 
616.26 9.47623e-07 
616.699 9.4942e-07 
617.139 9.51219e-07 
617.578 9.5302e-07 
618.018 9.54824e-07 
618.457 9.5663e-07 
618.896 9.58439e-07 
619.336 9.60249e-07 
619.775 9.62061e-07 
620.215 9.63877e-07 
620.654 9.65694e-07 
621.094 9.67514e-07 
621.533 9.69336e-07 
621.973 9.7116e-07 
622.412 9.72986e-07 
622.852 9.74815e-07 
623.291 9.76646e-07 
623.73 9.7848e-07 
624.17 9.80315e-07 
624.609 9.82153e-07 
625.049 9.83993e-07 
625.488 9.85835e-07 
625.928 9.87679e-07 
626.367 9.89527e-07 
626.807 9.91376e-07 
627.246 9.93227e-07 
627.686 9.9508e-07 
628.125 9.96936e-07 
628.564 9.98795e-07 
629.004 1.00065e-06 
629.443 1.00252e-06 
629.883 1.00438e-06 
630.322 1.00625e-06 
630.762 1.00812e-06 
631.201 1.00999e-06 
631.641 1.01186e-06 
632.08 1.01374e-06 
632.52 1.01562e-06 
632.959 1.0175e-06 
633.398 1.01938e-06 
633.838 1.02127e-06 
634.277 1.02315e-06 
634.717 1.02504e-06 
635.156 1.02693e-06 
635.596 1.02883e-06 
636.035 1.03072e-06 
636.475 1.03262e-06 
636.914 1.03452e-06 
637.354 1.03643e-06 
637.793 1.03833e-06 
638.232 1.04024e-06 
638.672 1.04215e-06 
639.111 1.04406e-06 
639.551 1.04597e-06 
639.99 1.04789e-06 
640.43 1.04981e-06 
640.869 1.05173e-06 
641.309 1.05365e-06 
641.748 1.05558e-06 
642.188 1.0575e-06 
642.627 1.05943e-06 
643.066 1.06137e-06 
643.506 1.0633e-06 
643.945 1.06523e-06 
644.385 1.06717e-06 
644.824 1.06911e-06 
645.264 1.07106e-06 
645.703 1.073e-06 
646.143 1.07495e-06 
646.582 1.0769e-06 
647.021 1.07885e-06 
647.461 1.0808e-06 
647.9 1.08276e-06 
648.34 1.08472e-06 
648.779 1.08668e-06 
649.219 1.08864e-06 
649.658 1.0906e-06 
650.098 1.09257e-06 
650.537 1.09454e-06 
650.977 1.09651e-06 
651.416 1.09848e-06 
651.855 1.10046e-06 
652.295 1.10244e-06 
652.734 1.10442e-06 
653.174 1.1064e-06 
653.613 1.10838e-06 
654.053 1.11037e-06 
654.492 1.11236e-06 
654.932 1.11435e-06 
655.371 1.11634e-06 
655.811 1.11834e-06 
656.25 1.12033e-06 
656.689 1.12233e-06 
657.129 1.12434e-06 
657.568 1.12634e-06 
658.008 1.12835e-06 
658.447 1.13035e-06 
658.887 1.13236e-06 
659.326 1.13438e-06 
659.766 1.13639e-06 
660.205 1.13841e-06 
660.645 1.14043e-06 
661.084 1.14245e-06 
661.523 1.14447e-06 
661.963 1.1465e-06 
662.402 1.14852e-06 
662.842 1.15055e-06 
663.281 1.15258e-06 
663.721 1.15462e-06 
664.16 1.15665e-06 
664.6 1.15869e-06 
665.039 1.16073e-06 
665.479 1.16278e-06 
665.918 1.16482e-06 
666.357 1.16687e-06 
666.797 1.16892e-06 
667.236 1.17097e-06 
667.676 1.17302e-06 
668.115 1.17507e-06 
668.555 1.17713e-06 
668.994 1.17919e-06 
669.434 1.18125e-06 
669.873 1.18332e-06 
670.312 1.18538e-06 
670.752 1.18745e-06 
671.191 1.18952e-06 
671.631 1.19159e-06 
672.07 1.19367e-06 
672.51 1.19574e-06 
672.949 1.19782e-06 
673.389 1.1999e-06 
673.828 1.20199e-06 
674.268 1.20407e-06 
674.707 1.20616e-06 
675.146 1.20825e-06 
675.586 1.21034e-06 
676.025 1.21243e-06 
676.465 1.21453e-06 
676.904 1.21662e-06 
677.344 1.21872e-06 
677.783 1.22083e-06 
678.223 1.22293e-06 
678.662 1.22504e-06 
679.102 1.22714e-06 
679.541 1.22925e-06 
679.98 1.23137e-06 
680.42 1.23348e-06 
680.859 1.2356e-06 
681.299 1.23771e-06 
681.738 1.23983e-06 
682.178 1.24196e-06 
682.617 1.24408e-06 
683.057 1.24621e-06 
683.496 1.24834e-06 
683.936 1.25047e-06 
684.375 1.2526e-06 
684.814 1.25474e-06 
685.254 1.25687e-06 
685.693 1.25901e-06 
686.133 1.26115e-06 
686.572 1.2633e-06 
687.012 1.26544e-06 
687.451 1.26759e-06 
687.891 1.26974e-06 
688.33 1.27189e-06 
688.77 1.27404e-06 
689.209 1.2762e-06 
689.648 1.27836e-06 
690.088 1.28052e-06 
690.527 1.28268e-06 
690.967 1.28484e-06 
691.406 1.28701e-06 
691.846 1.28918e-06 
692.285 1.29135e-06 
692.725 1.29352e-06 
693.164 1.29569e-06 
693.604 1.29787e-06 
694.043 1.30005e-06 
694.482 1.30223e-06 
694.922 1.30441e-06 
695.361 1.30659e-06 
695.801 1.30878e-06 
696.24 1.31097e-06 
696.68 1.31316e-06 
697.119 1.31535e-06 
697.559 1.31754e-06 
697.998 1.31974e-06 
698.438 1.32194e-06 
698.877 1.32414e-06 
699.316 1.32634e-06 
699.756 1.32854e-06 
700.195 1.33075e-06 
700.635 1.33296e-06 
701.074 1.33517e-06 
701.514 1.33738e-06 
701.953 1.3396e-06 
702.393 1.34181e-06 
702.832 1.34403e-06 
703.271 1.34625e-06 
703.711 1.34847e-06 
704.15 1.3507e-06 
704.59 1.35293e-06 
705.029 1.35515e-06 
705.469 1.35738e-06 
705.908 1.35962e-06 
706.348 1.36185e-06 
706.787 1.36409e-06 
707.227 1.36633e-06 
707.666 1.36857e-06 
708.105 1.37081e-06 
708.545 1.37305e-06 
708.984 1.3753e-06 
709.424 1.37755e-06 
709.863 1.3798e-06 
710.303 1.38205e-06 
710.742 1.3843e-06 
711.182 1.38656e-06 
711.621 1.38882e-06 
712.061 1.39108e-06 
712.5 1.39334e-06 
712.939 1.3956e-06 
713.379 1.39787e-06 
713.818 1.40014e-06 
714.258 1.40241e-06 
714.697 1.40468e-06 
715.137 1.40695e-06 
715.576 1.40923e-06 
716.016 1.41151e-06 
716.455 1.41379e-06 
716.895 1.41607e-06 
717.334 1.41835e-06 
717.773 1.42064e-06 
718.213 1.42292e-06 
718.652 1.42521e-06 
719.092 1.4275e-06 
719.531 1.4298e-06 
719.971 1.43209e-06 
720.41 1.43439e-06 
720.85 1.43669e-06 
721.289 1.43899e-06 
721.729 1.44129e-06 
722.168 1.4436e-06 
722.607 1.4459e-06 
723.047 1.44821e-06 
723.486 1.45052e-06 
723.926 1.45283e-06 
724.365 1.45515e-06 
724.805 1.45747e-06 
725.244 1.45978e-06 
725.684 1.4621e-06 
726.123 1.46443e-06 
726.562 1.46675e-06 
727.002 1.46908e-06 
727.441 1.4714e-06 
727.881 1.47373e-06 
728.32 1.47606e-06 
728.76 1.4784e-06 
729.199 1.48073e-06 
729.639 1.48307e-06 
730.078 1.48541e-06 
730.518 1.48775e-06 
730.957 1.49009e-06 
731.396 1.49244e-06 
731.836 1.49478e-06 
732.275 1.49713e-06 
732.715 1.49948e-06 
733.154 1.50183e-06 
733.594 1.50419e-06 
734.033 1.50654e-06 
734.473 1.5089e-06 
734.912 1.51126e-06 
735.352 1.51362e-06 
735.791 1.51599e-06 
736.23 1.51835e-06 
736.67 1.52072e-06 
737.109 1.52309e-06 
737.549 1.52546e-06 
737.988 1.52783e-06 
738.428 1.53021e-06 
738.867 1.53258e-06 
739.307 1.53496e-06 
739.746 1.53734e-06 
740.186 1.53972e-06 
740.625 1.54211e-06 
741.064 1.54449e-06 
741.504 1.54688e-06 
741.943 1.54927e-06 
742.383 1.55166e-06 
742.822 1.55405e-06 
743.262 1.55645e-06 
743.701 1.55885e-06 
744.141 1.56124e-06 
744.58 1.56365e-06 
745.02 1.56605e-06 
745.459 1.56845e-06 
745.898 1.57086e-06 
746.338 1.57326e-06 
746.777 1.57567e-06 
747.217 1.57809e-06 
747.656 1.5805e-06 
748.096 1.58291e-06 
748.535 1.58533e-06 
748.975 1.58775e-06 
749.414 1.59017e-06 
749.854 1.59259e-06 
750.293 1.59501e-06 
750.732 1.59744e-06 
751.172 1.59987e-06 
751.611 1.6023e-06 
752.051 1.60473e-06 
752.49 1.60716e-06 
752.93 1.6096e-06 
753.369 1.61203e-06 
753.809 1.61447e-06 
754.248 1.61691e-06 
754.688 1.61935e-06 
755.127 1.6218e-06 
755.566 1.62424e-06 
756.006 1.62669e-06 
756.445 1.62914e-06 
756.885 1.63159e-06 
757.324 1.63404e-06 
757.764 1.6365e-06 
758.203 1.63895e-06 
758.643 1.64141e-06 
759.082 1.64387e-06 
759.521 1.64633e-06 
759.961 1.64879e-06 
760.4 1.65126e-06 
760.84 1.65373e-06 
761.279 1.65619e-06 
761.719 1.65866e-06 
762.158 1.66114e-06 
762.598 1.66361e-06 
763.037 1.66608e-06 
763.477 1.66856e-06 
763.916 1.67104e-06 
764.355 1.67352e-06 
764.795 1.676e-06 
765.234 1.67849e-06 
765.674 1.68097e-06 
766.113 1.68346e-06 
766.553 1.68595e-06 
766.992 1.68844e-06 
767.432 1.69093e-06 
767.871 1.69343e-06 
768.311 1.69593e-06 
768.75 1.69842e-06 
769.189 1.70092e-06 
769.629 1.70342e-06 
770.068 1.70593e-06 
770.508 1.70843e-06 
770.947 1.71094e-06 
771.387 1.71345e-06 
771.826 1.71596e-06 
772.266 1.71847e-06 
772.705 1.72098e-06 
773.145 1.7235e-06 
773.584 1.72601e-06 
774.023 1.72853e-06 
774.463 1.73105e-06 
774.902 1.73357e-06 
775.342 1.7361e-06 
775.781 1.73862e-06 
776.221 1.74115e-06 
776.66 1.74368e-06 
777.1 1.74621e-06 
777.539 1.74874e-06 
777.979 1.75128e-06 
778.418 1.75381e-06 
778.857 1.75635e-06 
779.297 1.75889e-06 
779.736 1.76143e-06 
780.176 1.76397e-06 
780.615 1.76651e-06 
781.055 1.76906e-06 
781.494 1.77161e-06 
781.934 1.77415e-06 
782.373 1.77671e-06 
782.812 1.77926e-06 
783.252 1.78181e-06 
783.691 1.78437e-06 
784.131 1.78692e-06 
784.57 1.78948e-06 
785.01 1.79204e-06 
785.449 1.79461e-06 
785.889 1.79717e-06 
786.328 1.79973e-06 
786.768 1.8023e-06 
787.207 1.80487e-06 
787.646 1.80744e-06 
788.086 1.81001e-06 
788.525 1.81259e-06 
788.965 1.81516e-06 
789.404 1.81774e-06 
789.844 1.82032e-06 
790.283 1.8229e-06 
790.723 1.82548e-06 
791.162 1.82806e-06 
791.602 1.83065e-06 
792.041 1.83324e-06 
792.48 1.83582e-06 
792.92 1.83841e-06 
793.359 1.84101e-06 
793.799 1.8436e-06 
794.238 1.84619e-06 
794.678 1.84879e-06 
795.117 1.85139e-06 
795.557 1.85399e-06 
795.996 1.85659e-06 
796.436 1.85919e-06 
796.875 1.8618e-06 
797.314 1.8644e-06 
797.754 1.86701e-06 
798.193 1.86962e-06 
798.633 1.87223e-06 
799.072 1.87484e-06 
799.512 1.87746e-06 
799.951 1.88007e-06 
800.391 1.88269e-06 
800.83 1.88531e-06 
801.27 1.88793e-06 
801.709 1.89055e-06 
802.148 1.89318e-06 
802.588 1.8958e-06 
803.027 1.89843e-06 
803.467 1.90106e-06 
803.906 1.90369e-06 
804.346 1.90632e-06 
804.785 1.90895e-06 
805.225 1.91159e-06 
805.664 1.91423e-06 
806.104 1.91686e-06 
806.543 1.9195e-06 
806.982 1.92215e-06 
807.422 1.92479e-06 
807.861 1.92743e-06 
808.301 1.93008e-06 
808.74 1.93273e-06 
809.18 1.93538e-06 
809.619 1.93803e-06 
810.059 1.94068e-06 
810.498 1.94333e-06 
810.938 1.94599e-06 
811.377 1.94864e-06 
811.816 1.9513e-06 
812.256 1.95396e-06 
812.695 1.95663e-06 
813.135 1.95929e-06 
813.574 1.96195e-06 
814.014 1.96462e-06 
814.453 1.96729e-06 
814.893 1.96996e-06 
815.332 1.97263e-06 
815.771 1.9753e-06 
816.211 1.97798e-06 
816.65 1.98065e-06 
817.09 1.98333e-06 
817.529 1.98601e-06 
817.969 1.98869e-06 
818.408 1.99137e-06 
818.848 1.99405e-06 
819.287 1.99674e-06 
819.727 1.99942e-06 
820.166 2.00211e-06 
820.605 2.0048e-06 
821.045 2.00749e-06 
821.484 2.01019e-06 
821.924 2.01288e-06 
822.363 2.01558e-06 
822.803 2.01827e-06 
823.242 2.02097e-06 
823.682 2.02367e-06 
824.121 2.02637e-06 
824.561 2.02908e-06 
825 2.03178e-06 
825.439 2.03449e-06 
825.879 2.0372e-06 
826.318 2.03991e-06 
826.758 2.04262e-06 
827.197 2.04533e-06 
827.637 2.04804e-06 
828.076 2.05076e-06 
828.516 2.05347e-06 
828.955 2.05619e-06 
829.395 2.05891e-06 
829.834 2.06164e-06 
830.273 2.06436e-06 
830.713 2.06708e-06 
831.152 2.06981e-06 
831.592 2.07254e-06 
832.031 2.07527e-06 
832.471 2.078e-06 
832.91 2.08073e-06 
833.35 2.08346e-06 
833.789 2.0862e-06 
834.229 2.08893e-06 
834.668 2.09167e-06 
835.107 2.09441e-06 
835.547 2.09715e-06 
835.986 2.0999e-06 
836.426 2.10264e-06 
836.865 2.10539e-06 
837.305 2.10813e-06 
837.744 2.11088e-06 
838.184 2.11363e-06 
838.623 2.11638e-06 
839.062 2.11914e-06 
839.502 2.12189e-06 
839.941 2.12465e-06 
840.381 2.1274e-06 
840.82 2.13016e-06 
841.26 2.13292e-06 
841.699 2.13569e-06 
842.139 2.13845e-06 
842.578 2.14121e-06 
843.018 2.14398e-06 
843.457 2.14675e-06 
843.896 2.14952e-06 
844.336 2.15229e-06 
844.775 2.15506e-06 
845.215 2.15784e-06 
845.654 2.16061e-06 
846.094 2.16339e-06 
846.533 2.16617e-06 
846.973 2.16895e-06 
847.412 2.17173e-06 
847.852 2.17451e-06 
848.291 2.1773e-06 
848.73 2.18008e-06 
849.17 2.18287e-06 
849.609 2.18566e-06 
850.049 2.18845e-06 
850.488 2.19124e-06 
850.928 2.19403e-06 
851.367 2.19683e-06 
851.807 2.19963e-06 
852.246 2.20243e-06 
852.686 2.20522e-06 
853.125 2.20803e-06 
853.564 2.21083e-06 
854.004 2.21363e-06 
854.443 2.21644e-06 
854.883 2.21924e-06 
855.322 2.22205e-06 
855.762 2.22486e-06 
856.201 2.22767e-06 
856.641 2.23049e-06 
857.08 2.2333e-06 
857.52 2.23612e-06 
857.959 2.23893e-06 
858.398 2.24175e-06 
858.838 2.24457e-06 
859.277 2.2474e-06 
859.717 2.25022e-06 
860.156 2.25305e-06 
860.596 2.25587e-06 
861.035 2.2587e-06 
861.475 2.26153e-06 
861.914 2.26436e-06 
862.354 2.26719e-06 
862.793 2.27003e-06 
863.232 2.27286e-06 
863.672 2.2757e-06 
864.111 2.27854e-06 
864.551 2.28138e-06 
864.99 2.28422e-06 
865.43 2.28707e-06 
865.869 2.28991e-06 
866.309 2.29276e-06 
866.748 2.29561e-06 
867.188 2.29845e-06 
867.627 2.30131e-06 
868.066 2.30416e-06 
868.506 2.30701e-06 
868.945 2.30987e-06 
869.385 2.31273e-06 
869.824 2.31559e-06 
870.264 2.31845e-06 
870.703 2.32131e-06 
871.143 2.32417e-06 
871.582 2.32704e-06 
872.021 2.3299e-06 
872.461 2.33277e-06 
872.9 2.33564e-06 
873.34 2.33852e-06 
873.779 2.34139e-06 
874.219 2.34426e-06 
874.658 2.34714e-06 
875.098 2.35002e-06 
875.537 2.3529e-06 
875.977 2.35578e-06 
876.416 2.35866e-06 
876.855 2.36155e-06 
877.295 2.36443e-06 
877.734 2.36732e-06 
878.174 2.37021e-06 
878.613 2.3731e-06 
879.053 2.376e-06 
879.492 2.37889e-06 
879.932 2.38179e-06 
880.371 2.38469e-06 
880.811 2.38759e-06 
881.25 2.39049e-06 
881.689 2.39339e-06 
882.129 2.3963e-06 
882.568 2.3992e-06 
883.008 2.40211e-06 
883.447 2.40502e-06 
883.887 2.40793e-06 
884.326 2.41085e-06 
884.766 2.41376e-06 
885.205 2.41668e-06 
885.645 2.4196e-06 
886.084 2.42252e-06 
886.523 2.42544e-06 
886.963 2.42837e-06 
887.402 2.43129e-06 
887.842 2.43422e-06 
888.281 2.43715e-06 
888.721 2.44008e-06 
889.16 2.44302e-06 
889.6 2.44595e-06 
890.039 2.44889e-06 
890.479 2.45183e-06 
890.918 2.45477e-06 
891.357 2.45772e-06 
891.797 2.46066e-06 
892.236 2.46361e-06 
892.676 2.46656e-06 
893.115 2.46951e-06 
893.555 2.47246e-06 
893.994 2.47542e-06 
894.434 2.47837e-06 
894.873 2.48133e-06 
895.312 2.48429e-06 
895.752 2.48726e-06 
896.191 2.49022e-06 
896.631 2.49319e-06 
897.07 2.49616e-06 
897.51 2.49913e-06 
897.949 2.5021e-06 
898.389 2.50508e-06 
898.828 2.50806e-06 
899.268 2.51104e-06 
899.707 2.51402e-06 
900.146 2.51701e-06 
900.586 2.51999e-06 
901.025 2.52298e-06 
901.465 2.52597e-06 
901.904 2.52897e-06 
902.344 2.53196e-06 
902.783 2.53496e-06 
903.223 2.53796e-06 
903.662 2.54096e-06 
904.102 2.54397e-06 
904.541 2.54698e-06 
904.98 2.54999e-06 
905.42 2.553e-06 
905.859 2.55602e-06 
906.299 2.55903e-06 
906.738 2.56205e-06 
907.178 2.56508e-06 
907.617 2.5681e-06 
908.057 2.57113e-06 
908.496 2.57416e-06 
908.936 2.5772e-06 
909.375 2.58023e-06 
909.814 2.58327e-06 
910.254 2.58631e-06 
910.693 2.58936e-06 
911.133 2.59241e-06 
911.572 2.59546e-06 
912.012 2.59851e-06 
912.451 2.60157e-06 
912.891 2.60462e-06 
913.33 2.60769e-06 
913.77 2.61075e-06 
914.209 2.61382e-06 
914.648 2.61689e-06 
915.088 2.61996e-06 
915.527 2.62304e-06 
915.967 2.62612e-06 
916.406 2.6292e-06 
916.846 2.63229e-06 
917.285 2.63538e-06 
917.725 2.63847e-06 
918.164 2.64157e-06 
918.604 2.64467e-06 
919.043 2.64777e-06 
919.482 2.65088e-06 
919.922 2.65399e-06 
920.361 2.6571e-06 
920.801 2.66021e-06 
921.24 2.66333e-06 
921.68 2.66646e-06 
922.119 2.66958e-06 
922.559 2.67271e-06 
922.998 2.67584e-06 
923.438 2.67898e-06 
923.877 2.68212e-06 
924.316 2.68526e-06 
924.756 2.68841e-06 
925.195 2.69156e-06 
925.635 2.69471e-06 
926.074 2.69786e-06 
926.514 2.70102e-06 
926.953 2.70418e-06 
927.393 2.70734e-06 
927.832 2.71051e-06 
928.271 2.71368e-06 
928.711 2.71685e-06 
929.15 2.72002e-06 
929.59 2.7232e-06 
930.029 2.72638e-06 
930.469 2.72956e-06 
930.908 2.73274e-06 
931.348 2.73592e-06 
931.787 2.7391e-06 
932.227 2.74229e-06 
932.666 2.74547e-06 
933.105 2.74866e-06 
933.545 2.75184e-06 
933.984 2.75503e-06 
934.424 2.75821e-06 
934.863 2.7614e-06 
935.303 2.76458e-06 
935.742 2.76776e-06 
936.182 2.77093e-06 
936.621 2.77411e-06 
937.061 2.77728e-06 
937.5 2.78044e-06 
937.939 2.7836e-06 
938.379 2.78676e-06 
938.818 2.7899e-06 
939.258 2.79304e-06 
939.697 2.79617e-06 
940.137 2.7993e-06 
940.576 2.80241e-06 
941.016 2.80551e-06 
941.455 2.8086e-06 
941.895 2.81167e-06 
942.334 2.81473e-06 
942.773 2.81777e-06 
943.213 2.8208e-06 
943.652 2.8238e-06 
944.092 2.82679e-06 
944.531 2.82975e-06 
944.971 2.83269e-06 
945.41 2.83561e-06 
945.85 2.83849e-06 
946.289 2.84135e-06 
946.729 2.84418e-06 
947.168 2.84697e-06 
947.607 2.84973e-06 
948.047 2.85245e-06 
948.486 2.85513e-06 
948.926 2.85777e-06 
949.365 2.86036e-06 
949.805 2.8629e-06 
950.244 2.8654e-06 
950.684 2.86784e-06 
951.123 2.87023e-06 
951.562 2.87256e-06 
952.002 2.87483e-06 
952.441 2.87703e-06 
952.881 2.87917e-06 
953.32 2.88124e-06 
953.76 2.88324e-06 
954.199 2.88516e-06 
954.639 2.887e-06 
955.078 2.88876e-06 
955.518 2.89044e-06 
955.957 2.89202e-06 
956.396 2.89352e-06 
956.836 2.89492e-06 
957.275 2.89623e-06 
957.715 2.89745e-06 
958.154 2.89855e-06 
958.594 2.89956e-06 
959.033 2.90046e-06 
959.473 2.90126e-06 
959.912 2.90195e-06 
960.352 2.90252e-06 
960.791 2.90299e-06 
961.23 2.90335e-06 
961.67 2.9036e-06 
962.109 2.90374e-06 
962.549 2.90378e-06 
962.988 2.9037e-06 
963.428 2.90353e-06 
963.867 2.90327e-06 
964.307 2.90291e-06 
964.746 2.90247e-06 
965.186 2.90195e-06 
965.625 2.90138e-06 
966.064 2.90075e-06 
966.504 2.90009e-06 
966.943 2.8994e-06 
967.383 2.89873e-06 
967.822 2.89809e-06 
968.262 2.89751e-06 
968.701 2.89705e-06 
969.141 2.89673e-06 
969.58 2.89663e-06 
970.02 2.89681e-06 
970.459 2.89737e-06 
970.898 2.8984e-06 
971.338 2.90006e-06 
971.777 2.90252e-06 
972.217 2.906e-06 
972.656 2.9108e-06 
973.096 2.91733e-06 
973.535 2.92611e-06 
973.975 2.93788e-06 
974.414 2.95368e-06 
974.854 2.97502e-06 
975.293 3.00415e-06 
975.732 3.04452e-06 
976.172 3.10172e-06 
976.611 3.18512e-06 
977.051 3.31152e-06 
977.49 3.513e-06 
977.93 3.85607e-06 
978.369 4.49073e-06 
978.809 5.76546e-06 
979.248 8.21118e-06 
979.688 1.05081e-05 
980.127 9.56981e-06 
980.566 6.85597e-06 
981.006 5.03024e-06 
981.445 4.12255e-06 
981.885 3.65265e-06 
982.324 3.38689e-06 
982.764 3.2245e-06 
983.203 3.11909e-06 
983.643 3.04737e-06 
984.082 2.99677e-06 
984.521 2.96004e-06 
984.961 2.93278e-06 
985.4 2.91221e-06 
985.84 2.89648e-06 
986.279 2.88436e-06 
986.719 2.87497e-06 
987.158 2.86769e-06 
987.598 2.86207e-06 
988.037 2.85775e-06 
988.477 2.8545e-06 
988.916 2.85212e-06 
989.355 2.85044e-06 
989.795 2.84936e-06 
990.234 2.84877e-06 
990.674 2.84859e-06 
991.113 2.84877e-06 
991.553 2.84926e-06 
991.992 2.85001e-06 
992.432 2.85099e-06 
992.871 2.85216e-06 
993.311 2.85351e-06 
993.75 2.85501e-06 
994.189 2.85665e-06 
994.629 2.8584e-06 
995.068 2.86027e-06 
995.508 2.86223e-06 
995.947 2.86428e-06 
996.387 2.8664e-06 
996.826 2.86859e-06 
997.266 2.87085e-06 
997.705 2.87317e-06 
998.145 2.87554e-06 
998.584 2.87796e-06 
999.023 2.88042e-06 
999.463 2.88292e-06 
999.902 2.88547e-06 
1000.34 2.88805e-06 
1000.78 2.89066e-06 
1001.22 2.8933e-06 
1001.66 2.89598e-06 
1002.1 2.89867e-06 
1002.54 2.9014e-06 
1002.98 2.90415e-06 
1003.42 2.90692e-06 
1003.86 2.90971e-06 
1004.3 2.91252e-06 
1004.74 2.91535e-06 
1005.18 2.9182e-06 
1005.62 2.92107e-06 
1006.05 2.92395e-06 
1006.49 2.92685e-06 
1006.93 2.92977e-06 
1007.37 2.9327e-06 
1007.81 2.93565e-06 
1008.25 2.9386e-06 
1008.69 2.94158e-06 
1009.13 2.94456e-06 
1009.57 2.94756e-06 
1010.01 2.95057e-06 
1010.45 2.95359e-06 
1010.89 2.95663e-06 
1011.33 2.95967e-06 
1011.77 2.96273e-06 
1012.21 2.96579e-06 
1012.65 2.96887e-06 
1013.09 2.97196e-06 
1013.53 2.97506e-06 
1013.96 2.97817e-06 
1014.4 2.98128e-06 
1014.84 2.98441e-06 
1015.28 2.98755e-06 
1015.72 2.9907e-06 
1016.16 2.99385e-06 
1016.6 2.99702e-06 
1017.04 3.00019e-06 
1017.48 3.00338e-06 
1017.92 3.00657e-06 
1018.36 3.00977e-06 
1018.8 3.01298e-06 
1019.24 3.0162e-06 
1019.68 3.01942e-06 
1020.12 3.02266e-06 
1020.56 3.0259e-06 
1021 3.02915e-06 
1021.44 3.03241e-06 
1021.88 3.03567e-06 
1022.31 3.03894e-06 
1022.75 3.04223e-06 
1023.19 3.04551e-06 
1023.63 3.04881e-06 
1024.07 3.0521e-06 
1024.51 3.05541e-06 
1024.95 3.05872e-06 
1025.39 3.06204e-06 
1025.83 3.06536e-06 
1026.27 3.06869e-06 
1026.71 3.07203e-06 
1027.15 3.07536e-06 
1027.59 3.0787e-06 
1028.03 3.08205e-06 
1028.47 3.0854e-06 
1028.91 3.08875e-06 
1029.35 3.0921e-06 
1029.79 3.09545e-06 
1030.22 3.09881e-06 
1030.66 3.10216e-06 
1031.1 3.10552e-06 
1031.54 3.10887e-06 
1031.98 3.11223e-06 
1032.42 3.11558e-06 
1032.86 3.11892e-06 
1033.3 3.12226e-06 
1033.74 3.1256e-06 
1034.18 3.12893e-06 
1034.62 3.13225e-06 
1035.06 3.13556e-06 
1035.5 3.13886e-06 
1035.94 3.14215e-06 
1036.38 3.14543e-06 
1036.82 3.14869e-06 
1037.26 3.15194e-06 
1037.7 3.15517e-06 
1038.13 3.15838e-06 
1038.57 3.16157e-06 
1039.01 3.16473e-06 
1039.45 3.16787e-06 
1039.89 3.17099e-06 
1040.33 3.17407e-06 
1040.77 3.17713e-06 
1041.21 3.18015e-06 
1041.65 3.18313e-06 
1042.09 3.18607e-06 
1042.53 3.18898e-06 
1042.97 3.19184e-06 
1043.41 3.19465e-06 
1043.85 3.19742e-06 
1044.29 3.20013e-06 
1044.73 3.20278e-06 
1045.17 3.20538e-06 
1045.61 3.20791e-06 
1046.04 3.21038e-06 
1046.48 3.21278e-06 
1046.92 3.21511e-06 
1047.36 3.21737e-06 
1047.8 3.21954e-06 
1048.24 3.22163e-06 
1048.68 3.22364e-06 
1049.12 3.22556e-06 
1049.56 3.22738e-06 
1050 3.22912e-06 
1050.44 3.23074e-06 
1050.88 3.23227e-06 
1051.32 3.23369e-06 
1051.76 3.235e-06 
1052.2 3.23621e-06 
1052.64 3.23729e-06 
1053.08 3.23826e-06 
1053.52 3.23911e-06 
1053.96 3.23984e-06 
1054.39 3.24045e-06 
1054.83 3.24093e-06 
1055.27 3.24129e-06 
1055.71 3.24152e-06 
1056.15 3.24164e-06 
1056.59 3.24163e-06 
1057.03 3.2415e-06 
1057.47 3.24126e-06 
1057.91 3.2409e-06 
1058.35 3.24044e-06 
1058.79 3.23988e-06 
1059.23 3.23923e-06 
1059.67 3.23849e-06 
1060.11 3.2377e-06 
1060.55 3.23686e-06 
1060.99 3.23598e-06 
1061.43 3.2351e-06 
1061.87 3.23424e-06 
1062.3 3.23343e-06 
1062.74 3.23273e-06 
1063.18 3.23216e-06 
1063.62 3.2318e-06 
1064.06 3.23171e-06 
1064.5 3.23198e-06 
1064.94 3.23273e-06 
1065.38 3.23409e-06 
1065.82 3.23623e-06 
1066.26 3.23938e-06 
1066.7 3.24381e-06 
1067.14 3.24991e-06 
1067.58 3.25816e-06 
1068.02 3.26925e-06 
1068.46 3.2841e-06 
1068.9 3.30406e-06 
1069.34 3.33103e-06 
1069.78 3.36792e-06 
1070.21 3.41923e-06 
1070.65 3.49226e-06 
1071.09 3.59945e-06 
1071.53 3.76332e-06 
1071.97 4.02759e-06 
1072.41 4.48452e-06 
1072.85 5.34508e-06 
1073.29 7.08529e-06 
1073.73 1.01792e-05 
1074.17 1.23514e-05 
1074.61 1.0663e-05 
1075.05 7.42089e-06 
1075.49 5.50287e-06 
1075.93 4.55678e-06 
1076.37 4.05871e-06 
1076.81 3.77232e-06 
1077.25 3.59502e-06 
1077.69 3.47873e-06 
1078.12 3.39899e-06 
1078.56 3.34237e-06 
1079 3.30105e-06 
1079.44 3.27027e-06 
1079.88 3.24696e-06 
1080.32 3.22909e-06 
1080.76 3.21528e-06 
1081.2 3.20455e-06 
1081.64 3.19621e-06 
1082.08 3.18975e-06 
1082.52 3.18478e-06 
1082.96 3.18102e-06 
1083.4 3.17823e-06 
1083.84 3.17625e-06 
1084.28 3.17493e-06 
1084.72 3.17417e-06 
1085.16 3.17388e-06 
1085.6 3.17397e-06 
1086.04 3.1744e-06 
1086.47 3.17511e-06 
1086.91 3.17605e-06 
1087.35 3.17721e-06 
1087.79 3.17853e-06 
1088.23 3.17999e-06 
1088.67 3.18158e-06 
1089.11 3.18328e-06 
1089.55 3.18505e-06 
1089.99 3.1869e-06 
1090.43 3.1888e-06 
1090.87 3.19073e-06 
1091.31 3.1927e-06 
1091.75 3.19468e-06 
1092.19 3.19666e-06 
1092.63 3.19865e-06 
1093.07 3.20061e-06 
1093.51 3.20256e-06 
1093.95 3.20447e-06 
1094.38 3.20634e-06 
1094.82 3.20816e-06 
1095.26 3.20992e-06 
1095.7 3.21162e-06 
1096.14 3.21324e-06 
1096.58 3.21478e-06 
1097.02 3.21623e-06 
1097.46 3.21757e-06 
1097.9 3.21882e-06 
1098.34 3.21994e-06 
1098.78 3.22095e-06 
1099.22 3.22182e-06 
1099.66 3.22254e-06 
1100.1 3.22312e-06 
1100.54 3.22355e-06 
1100.98 3.22381e-06 
1101.42 3.22389e-06 
1101.86 3.2238e-06 
1102.29 3.22351e-06 
1102.73 3.22302e-06 
1103.17 3.22233e-06 
1103.61 3.22143e-06 
1104.05 3.22029e-06 
1104.49 3.21894e-06 
1104.93 3.21735e-06 
1105.37 3.21551e-06 
1105.81 3.21342e-06 
1106.25 3.21108e-06 
1106.69 3.20848e-06 
1107.13 3.20561e-06 
1107.57 3.20248e-06 
1108.01 3.19907e-06 
1108.45 3.19538e-06 
1108.89 3.19143e-06 
1109.33 3.18721e-06 
1109.77 3.18272e-06 
1110.21 3.17795e-06 
1110.64 3.17293e-06 
1111.08 3.16765e-06 
1111.52 3.16214e-06 
1111.96 3.15641e-06 
1112.4 3.15047e-06 
1112.84 3.14434e-06 
1113.28 3.13806e-06 
1113.72 3.13166e-06 
1114.16 3.12518e-06 
1114.6 3.11865e-06 
1115.04 3.11216e-06 
1115.48 3.10575e-06 
1115.92 3.09954e-06 
1116.36 3.0936e-06 
1116.8 3.08806e-06 
1117.24 3.08307e-06 
1117.68 3.07882e-06 
1118.12 3.07554e-06 
1118.55 3.07351e-06 
1118.99 3.07309e-06 
1119.43 3.07474e-06 
1119.87 3.07905e-06 
1120.31 3.0868e-06 
1120.75 3.09902e-06 
1121.19 3.11711e-06 
1121.63 3.14299e-06 
1122.07 3.17942e-06 
1122.51 3.23036e-06 
1122.95 3.30179e-06 
1123.39 3.40294e-06 
1123.83 3.54878e-06 
1124.27 3.76471e-06 
1124.71 4.09655e-06 
1125.15 4.6329e-06 
1125.59 5.55984e-06 
1126.03 7.30077e-06 
1126.46 1.0815e-05 
1126.9 1.71548e-05 
1127.34 2.21867e-05 
1127.78 1.91382e-05 
1128.22 1.21213e-05 
1128.66 7.90363e-06 
1129.1 5.82604e-06 
1129.54 4.73499e-06 
1129.98 4.10815e-06 
1130.42 3.71947e-06 
1130.86 3.46357e-06 
1131.3 3.28689e-06 
1131.74 3.16024e-06 
1132.18 3.06664e-06 
1132.62 2.99572e-06 
1133.06 2.94087e-06 
1133.5 2.89772e-06 
1133.94 2.86328e-06 
1134.38 2.83547e-06 
1134.81 2.81278e-06 
1135.25 2.79412e-06 
1135.69 2.77866e-06 
1136.13 2.76579e-06 
1136.57 2.75503e-06 
1137.01 2.746e-06 
1137.45 2.73843e-06 
1137.89 2.73206e-06 
1138.33 2.72671e-06 
1138.77 2.72224e-06 
1139.21 2.71851e-06 
1139.65 2.71543e-06 
1140.09 2.71289e-06 
1140.53 2.71085e-06 
1140.97 2.70923e-06 
1141.41 2.70798e-06 
1141.85 2.70706e-06 
1142.29 2.70644e-06 
1142.72 2.70607e-06 
1143.16 2.70594e-06 
1143.6 2.70601e-06 
1144.04 2.70627e-06 
1144.48 2.7067e-06 
1144.92 2.70729e-06 
1145.36 2.70801e-06 
1145.8 2.70886e-06 
1146.24 2.70983e-06 
1146.68 2.7109e-06 
1147.12 2.71207e-06 
1147.56 2.71333e-06 
1148 2.71467e-06 
1148.44 2.71609e-06 
1148.88 2.71758e-06 
1149.32 2.71913e-06 
1149.76 2.72074e-06 
1150.2 2.72241e-06 
1150.63 2.72414e-06 
1151.07 2.72591e-06 
1151.51 2.72773e-06 
1151.95 2.72959e-06 
1152.39 2.7315e-06 
1152.83 2.73344e-06 
1153.27 2.73542e-06 
1153.71 2.73743e-06 
1154.15 2.73948e-06 
1154.59 2.74156e-06 
1155.03 2.74367e-06 
1155.47 2.7458e-06 
1155.91 2.74797e-06 
1156.35 2.75016e-06 
1156.79 2.75237e-06 
1157.23 2.7546e-06 
1157.67 2.75686e-06 
1158.11 2.75915e-06 
1158.54 2.76145e-06 
1158.98 2.76377e-06 
1159.42 2.76611e-06 
1159.86 2.76847e-06 
1160.3 2.77085e-06 
1160.74 2.77325e-06 
1161.18 2.77566e-06 
1161.62 2.77809e-06 
1162.06 2.78053e-06 
1162.5 2.78299e-06 
1162.94 2.78547e-06 
1163.38 2.78796e-06 
1163.82 2.79047e-06 
1164.26 2.79299e-06 
1164.7 2.79553e-06 
1165.14 2.79807e-06 
1165.58 2.80064e-06 
1166.02 2.80321e-06 
1166.46 2.8058e-06 
1166.89 2.8084e-06 
1167.33 2.81101e-06 
1167.77 2.81364e-06 
1168.21 2.81627e-06 
1168.65 2.81892e-06 
1169.09 2.82159e-06 
1169.53 2.82426e-06 
1169.97 2.82695e-06 
1170.41 2.82964e-06 
1170.85 2.83235e-06 
1171.29 2.83507e-06 
1171.73 2.8378e-06 
1172.17 2.84054e-06 
1172.61 2.8433e-06 
1173.05 2.84606e-06 
1173.49 2.84884e-06 
1173.93 2.85162e-06 
1174.37 2.85442e-06 
1174.8 2.85723e-06 
1175.24 2.86005e-06 
1175.68 2.86288e-06 
1176.12 2.86572e-06 
1176.56 2.86857e-06 
1177 2.87143e-06 
1177.44 2.87431e-06 
1177.88 2.87719e-06 
1178.32 2.88008e-06 
1178.76 2.88299e-06 
1179.2 2.8859e-06 
1179.64 2.88883e-06 
1180.08 2.89177e-06 
1180.52 2.89472e-06 
1180.96 2.89767e-06 
1181.4 2.90064e-06 
1181.84 2.90362e-06 
1182.28 2.90662e-06 
1182.71 2.90962e-06 
1183.15 2.91263e-06 
1183.59 2.91565e-06 
1184.03 2.91869e-06 
1184.47 2.92174e-06 
1184.91 2.92479e-06 
1185.35 2.92786e-06 
1185.79 2.93094e-06 
1186.23 2.93403e-06 
1186.67 2.93713e-06 
1187.11 2.94024e-06 
1187.55 2.94337e-06 
1187.99 2.94651e-06 
1188.43 2.94965e-06 
1188.87 2.95281e-06 
1189.31 2.95598e-06 
1189.75 2.95917e-06 
1190.19 2.96236e-06 
1190.62 2.96556e-06 
1191.06 2.96878e-06 
1191.5 2.97201e-06 
1191.94 2.97525e-06 
1192.38 2.97851e-06 
1192.82 2.98177e-06 
1193.26 2.98505e-06 
1193.7 2.98834e-06 
1194.14 2.99165e-06 
1194.58 2.99496e-06 
1195.02 2.99829e-06 
1195.46 3.00163e-06 
1195.9 3.00498e-06 
1196.34 3.00835e-06 
1196.78 3.01173e-06 
1197.22 3.01512e-06 
1197.66 3.01853e-06 
1198.1 3.02195e-06 
1198.54 3.02538e-06 
1198.97 3.02883e-06 
1199.41 3.03229e-06 
1199.85 3.03577e-06 
1200.29 3.03925e-06 
1200.73 3.04276e-06 
1201.17 3.04627e-06 
1201.61 3.0498e-06 
1202.05 3.05335e-06 
1202.49 3.05691e-06 
1202.93 3.06048e-06 
1203.37 3.06407e-06 
1203.81 3.06768e-06 
1204.25 3.0713e-06 
1204.69 3.07493e-06 
1205.13 3.07858e-06 
1205.57 3.08225e-06 
1206.01 3.08593e-06 
1206.45 3.08963e-06 
1206.88 3.09334e-06 
1207.32 3.09707e-06 
1207.76 3.10082e-06 
1208.2 3.10458e-06 
1208.64 3.10836e-06 
1209.08 3.11215e-06 
1209.52 3.11597e-06 
1209.96 3.1198e-06 
1210.4 3.12364e-06 
1210.84 3.12751e-06 
1211.28 3.13139e-06 
1211.72 3.13529e-06 
1212.16 3.13921e-06 
1212.6 3.14315e-06 
1213.04 3.1471e-06 
1213.48 3.15108e-06 
1213.92 3.15507e-06 
1214.36 3.15908e-06 
1214.79 3.16311e-06 
1215.23 3.16716e-06 
1215.67 3.17123e-06 
1216.11 3.17532e-06 
1216.55 3.17943e-06 
1216.99 3.18356e-06 
1217.43 3.18771e-06 
1217.87 3.19188e-06 
1218.31 3.19607e-06 
1218.75 3.20028e-06 
1219.19 3.20452e-06 
1219.63 3.20877e-06 
1220.07 3.21304e-06 
1220.51 3.21734e-06 
1220.95 3.22166e-06 
1221.39 3.226e-06 
1221.83 3.23036e-06 
1222.27 3.23475e-06 
1222.71 3.23915e-06 
1223.14 3.24358e-06 
1223.58 3.24803e-06 
1224.02 3.2525e-06 
1224.46 3.257e-06 
1224.9 3.26152e-06 
1225.34 3.26606e-06 
1225.78 3.27062e-06 
1226.22 3.2752e-06 
1226.66 3.27981e-06 
1227.1 3.28444e-06 
1227.54 3.28909e-06 
1227.98 3.29376e-06 
1228.42 3.29845e-06 
1228.86 3.30316e-06 
1229.3 3.3079e-06 
1229.74 3.31265e-06 
1230.18 3.31743e-06 
1230.62 3.32222e-06 
1231.05 3.32703e-06 
1231.49 3.33186e-06 
1231.93 3.33671e-06 
1232.37 3.34157e-06 
1232.81 3.34645e-06 
1233.25 3.35134e-06 
1233.69 3.35625e-06 
1234.13 3.36117e-06 
1234.57 3.36609e-06 
1235.01 3.37103e-06 
1235.45 3.37597e-06 
1235.89 3.38092e-06 
1236.33 3.38588e-06 
1236.77 3.39083e-06 
1237.21 3.39578e-06 
1237.65 3.40073e-06 
1238.09 3.40568e-06 
1238.53 3.41061e-06 
1238.96 3.41554e-06 
1239.4 3.42045e-06 
1239.84 3.42534e-06 
1240.28 3.4302e-06 
1240.72 3.43505e-06 
1241.16 3.43986e-06 
1241.6 3.44463e-06 
1242.04 3.44937e-06 
1242.48 3.45406e-06 
1242.92 3.4587e-06 
1243.36 3.46329e-06 
1243.8 3.46781e-06 
1244.24 3.47226e-06 
1244.68 3.47664e-06 
1245.12 3.48093e-06 
1245.56 3.48514e-06 
1246 3.48924e-06 
1246.44 3.49323e-06 
1246.88 3.49711e-06 
1247.31 3.50087e-06 
1247.75 3.50449e-06 
1248.19 3.50796e-06 
1248.63 3.51127e-06 
1249.07 3.51442e-06 
1249.51 3.51739e-06 
1249.95 3.52017e-06 
1250.39 3.52274e-06 
1250.83 3.52509e-06 
1251.27 3.52721e-06 
1251.71 3.52908e-06 
1252.15 3.53069e-06 
1252.59 3.53202e-06 
1253.03 3.53307e-06 
1253.47 3.5338e-06 
1253.91 3.53421e-06 
1254.35 3.53428e-06 
1254.79 3.53398e-06 
1255.22 3.53331e-06 
1255.66 3.53224e-06 
1256.1 3.53076e-06 
1256.54 3.52884e-06 
1256.98 3.52647e-06 
1257.42 3.52363e-06 
1257.86 3.52029e-06 
1258.3 3.51645e-06 
1258.74 3.51208e-06 
1259.18 3.50715e-06 
1259.62 3.50167e-06 
1260.06 3.49559e-06 
1260.5 3.48892e-06 
1260.94 3.48162e-06 
1261.38 3.47369e-06 
1261.82 3.46511e-06 
1262.26 3.45587e-06 
1262.7 3.44595e-06 
1263.13 3.43536e-06 
1263.57 3.42406e-06 
1264.01 3.41208e-06 
1264.45 3.3994e-06 
1264.89 3.38603e-06 
1265.33 3.37198e-06 
1265.77 3.35725e-06 
1266.21 3.34187e-06 
1266.65 3.32586e-06 
1267.09 3.30927e-06 
1267.53 3.29214e-06 
1267.97 3.27452e-06 
1268.41 3.25649e-06 
1268.85 3.23813e-06 
1269.29 3.21958e-06 
1269.73 3.20097e-06 
1270.17 3.18246e-06 
1270.61 3.1643e-06 
1271.04 3.14673e-06 
1271.48 3.13011e-06 
1271.92 3.11488e-06 
1272.36 3.10159e-06 
1272.8 3.09095e-06 
1273.24 3.08388e-06 
1273.68 3.08162e-06 
1274.12 3.08584e-06 
1274.56 3.0988e-06 
1275 3.12368e-06 
1275.44 3.16502e-06 
1275.88 3.2296e-06 
1276.32 3.32767e-06 
1276.76 3.47558e-06 
1277.2 3.70041e-06 
1277.64 4.04976e-06 
1278.08 4.61289e-06 
1278.52 5.57075e-06 
1278.96 7.32231e-06 
1279.39 1.07901e-05 
1279.83 1.76188e-05 
1280.27 2.6582e-05 
1280.71 2.76024e-05 
1281.15 1.7919e-05 
1281.59 1.07343e-05 
1282.03 7.18681e-06 
1282.47 5.38178e-06 
1282.91 4.3802e-06 
1283.35 3.78318e-06 
1283.79 3.41144e-06 
1284.23 3.17832e-06 
1284.67 3.0403e-06 
1285.11 2.97626e-06 
1285.55 2.9788e-06 
1285.99 3.05119e-06 
1286.43 3.20797e-06 
1286.87 3.47953e-06 
1287.3 3.92292e-06 
1287.74 4.64664e-06 
1288.18 5.86798e-06 
1288.62 8.05698e-06 
1289.06 1.22982e-05 
1289.5 2.08543e-05 
1289.94 3.44717e-05 
1290.38 4.17884e-05 
1290.82 2.96881e-05 
1291.26 1.67375e-05 
1291.7 1.00814e-05 
1292.14 6.76259e-06 
1292.58 4.95621e-06 
1293.02 3.88354e-06 
1293.46 3.19974e-06 
1293.9 2.73867e-06 
1294.34 2.41352e-06 
1294.78 2.1758e-06 
1295.21 1.99673e-06 
1295.65 1.85848e-06 
1296.09 1.74947e-06 
1296.53 1.66199e-06 
1296.97 1.59069e-06 
1297.41 1.53179e-06 
1297.85 1.48258e-06 
1298.29 1.44103e-06 
1298.73 1.40563e-06 
1299.17 1.37522e-06 
1299.61 1.34891e-06 
1300.05 1.326e-06 
1300.49 1.30593e-06 
1300.93 1.28825e-06 
1301.37 1.27261e-06 
1301.81 1.25871e-06 
1302.25 1.24631e-06 
1302.69 1.23521e-06 
1303.12 1.22524e-06 
1303.56 1.21626e-06 
1304 1.20814e-06 
1304.44 1.20079e-06 
1304.88 1.19413e-06 
1305.32 1.18806e-06 
1305.76 1.18254e-06 
1306.2 1.17751e-06 
1306.64 1.17291e-06 
1307.08 1.1687e-06 
1307.52 1.16485e-06 
1307.96 1.16132e-06 
1308.4 1.15809e-06 
1308.84 1.15512e-06 
1309.28 1.1524e-06 
1309.72 1.1499e-06 
1310.16 1.14761e-06 
1310.6 1.14551e-06 
1311.04 1.14358e-06 
1311.47 1.14182e-06 
1311.91 1.1402e-06 
1312.35 1.13873e-06 
1312.79 1.13738e-06 
1313.23 1.13615e-06 
1313.67 1.13503e-06 
1314.11 1.13402e-06 
1314.55 1.1331e-06 
1314.99 1.13228e-06 
1315.43 1.13154e-06 
1315.87 1.13088e-06 
1316.31 1.1303e-06 
1316.75 1.12978e-06 
1317.19 1.12934e-06 
1317.63 1.12895e-06 
1318.07 1.12863e-06 
1318.51 1.12836e-06 
1318.95 1.12814e-06 
1319.38 1.12798e-06 
1319.82 1.12786e-06 
1320.26 1.12779e-06 
1320.7 1.12776e-06 
1321.14 1.12777e-06 
1321.58 1.12782e-06 
1322.02 1.12791e-06 
1322.46 1.12803e-06 
1322.9 1.12819e-06 
1323.34 1.12838e-06 
1323.78 1.1286e-06 
1324.22 1.12885e-06 
1324.66 1.12913e-06 
1325.1 1.12943e-06 
1325.54 1.12977e-06 
1325.98 1.13012e-06 
1326.42 1.1305e-06 
1326.86 1.13091e-06 
1327.29 1.13134e-06 
1327.73 1.13178e-06 
1328.17 1.13225e-06 
1328.61 1.13274e-06 
1329.05 1.13325e-06 
1329.49 1.13378e-06 
1329.93 1.13432e-06 
1330.37 1.13488e-06 
1330.81 1.13546e-06 
1331.25 1.13606e-06 
1331.69 1.13667e-06 
1332.13 1.1373e-06 
1332.57 1.13794e-06 
1333.01 1.1386e-06 
1333.45 1.13927e-06 
1333.89 1.13995e-06 
1334.33 1.14065e-06 
1334.77 1.14136e-06 
1335.21 1.14209e-06 
1335.64 1.14282e-06 
1336.08 1.14357e-06 
1336.52 1.14433e-06 
1336.96 1.14511e-06 
1337.4 1.14589e-06 
1337.84 1.14668e-06 
1338.28 1.14749e-06 
1338.72 1.14831e-06 
1339.16 1.14913e-06 
1339.6 1.14997e-06 
1340.04 1.15082e-06 
1340.48 1.15167e-06 
1340.92 1.15254e-06 
1341.36 1.15341e-06 
1341.8 1.1543e-06 
1342.24 1.15519e-06 
1342.68 1.1561e-06 
1343.12 1.15701e-06 
1343.55 1.15793e-06 
1343.99 1.15886e-06 
1344.43 1.1598e-06 
1344.87 1.16075e-06 
1345.31 1.1617e-06 
1345.75 1.16266e-06 
1346.19 1.16363e-06 
1346.63 1.16461e-06 
1347.07 1.1656e-06 
1347.51 1.16659e-06 
1347.95 1.1676e-06 
1348.39 1.16861e-06 
1348.83 1.16963e-06 
1349.27 1.17065e-06 
1349.71 1.17168e-06 
1350.15 1.17272e-06 
1350.59 1.17377e-06 
1351.03 1.17483e-06 
1351.46 1.17589e-06 
1351.9 1.17696e-06 
1352.34 1.17803e-06 
1352.78 1.17912e-06 
1353.22 1.18021e-06 
1353.66 1.1813e-06 
1354.1 1.18241e-06 
1354.54 1.18352e-06 
1354.98 1.18464e-06 
1355.42 1.18576e-06 
1355.86 1.18689e-06 
1356.3 1.18803e-06 
1356.74 1.18918e-06 
1357.18 1.19033e-06 
1357.62 1.19149e-06 
1358.06 1.19265e-06 
1358.5 1.19383e-06 
1358.94 1.195e-06 
1359.38 1.19619e-06 
1359.81 1.19738e-06 
1360.25 1.19858e-06 
1360.69 1.19979e-06 
1361.13 1.201e-06 
1361.57 1.20222e-06 
1362.01 1.20344e-06 
1362.45 1.20467e-06 
1362.89 1.20591e-06 
1363.33 1.20716e-06 
1363.77 1.20841e-06 
1364.21 1.20967e-06 
1364.65 1.21093e-06 
1365.09 1.2122e-06 
1365.53 1.21348e-06 
1365.97 1.21477e-06 
1366.41 1.21606e-06 
1366.85 1.21736e-06 
1367.29 1.21866e-06 
1367.72 1.21997e-06 
1368.16 1.22129e-06 
1368.6 1.22262e-06 
1369.04 1.22395e-06 
1369.48 1.22529e-06 
1369.92 1.22663e-06 
1370.36 1.22798e-06 
1370.8 1.22934e-06 
1371.24 1.23071e-06 
1371.68 1.23208e-06 
1372.12 1.23346e-06 
1372.56 1.23485e-06 
1373 1.23624e-06 
1373.44 1.23764e-06 
1373.88 1.23904e-06 
1374.32 1.24046e-06 
1374.76 1.24188e-06 
1375.2 1.24331e-06 
1375.63 1.24474e-06 
1376.07 1.24618e-06 
1376.51 1.24763e-06 
1376.95 1.24908e-06 
1377.39 1.25054e-06 
1377.83 1.25201e-06 
1378.27 1.25349e-06 
1378.71 1.25497e-06 
1379.15 1.25646e-06 
1379.59 1.25796e-06 
1380.03 1.25946e-06 
1380.47 1.26097e-06 
1380.91 1.26249e-06 
1381.35 1.26401e-06 
1381.79 1.26554e-06 
1382.23 1.26708e-06 
1382.67 1.26862e-06 
1383.11 1.27017e-06 
1383.54 1.27173e-06 
1383.98 1.2733e-06 
1384.42 1.27487e-06 
1384.86 1.27645e-06 
1385.3 1.27803e-06 
1385.74 1.27962e-06 
1386.18 1.28122e-06 
1386.62 1.28282e-06 
1387.06 1.28443e-06 
1387.5 1.28604e-06 
1387.94 1.28766e-06 
1388.38 1.28929e-06 
1388.82 1.29092e-06 
1389.26 1.29256e-06 
1389.7 1.2942e-06 
1390.14 1.29585e-06 
1390.58 1.2975e-06 
1391.02 1.29916e-06 
1391.46 1.30082e-06 
1391.89 1.30248e-06 
1392.33 1.30415e-06 
1392.77 1.30583e-06 
1393.21 1.3075e-06 
1393.65 1.30918e-06 
1394.09 1.31086e-06 
1394.53 1.31255e-06 
1394.97 1.31424e-06 
1395.41 1.31593e-06 
1395.85 1.31761e-06 
1396.29 1.31931e-06 
1396.73 1.321e-06 
1397.17 1.32269e-06 
1397.61 1.32438e-06 
1398.05 1.32607e-06 
1398.49 1.32776e-06 
1398.93 1.32945e-06 
1399.37 1.33113e-06 
1399.8 1.33281e-06 
1400.24 1.33449e-06 
1400.68 1.33616e-06 
1401.12 1.33783e-06 
1401.56 1.3395e-06 
1402 1.34115e-06 
1402.44 1.3428e-06 
1402.88 1.34445e-06 
1403.32 1.34608e-06 
1403.76 1.34771e-06 
1404.2 1.34933e-06 
1404.64 1.35093e-06 
1405.08 1.35253e-06 
1405.52 1.35412e-06 
1405.96 1.35569e-06 
1406.4 1.35725e-06 
1406.84 1.35879e-06 
1407.28 1.36033e-06 
1407.71 1.36185e-06 
1408.15 1.36335e-06 
1408.59 1.36483e-06 
1409.03 1.36631e-06 
1409.47 1.36776e-06 
1409.91 1.3692e-06 
1410.35 1.37062e-06 
1410.79 1.37202e-06 
1411.23 1.3734e-06 
1411.67 1.37477e-06 
1412.11 1.37612e-06 
1412.55 1.37746e-06 
1412.99 1.37877e-06 
1413.43 1.38008e-06 
1413.87 1.38137e-06 
1414.31 1.38264e-06 
1414.75 1.3839e-06 
1415.19 1.38516e-06 
1415.62 1.38641e-06 
1416.06 1.38765e-06 
1416.5 1.3889e-06 
1416.94 1.39015e-06 
1417.38 1.39142e-06 
1417.82 1.3927e-06 
1418.26 1.39401e-06 
1418.7 1.39536e-06 
1419.14 1.39676e-06 
1419.58 1.39822e-06 
1420.02 1.39978e-06 
1420.46 1.40144e-06 
1420.9 1.40325e-06 
1421.34 1.40525e-06 
1421.78 1.40748e-06 
1422.22 1.41002e-06 
1422.66 1.41296e-06 
1423.1 1.41642e-06 
1423.54 1.42058e-06 
1423.97 1.42569e-06 
1424.41 1.4321e-06 
1424.85 1.44036e-06 
1425.29 1.45128e-06 
1425.73 1.46621e-06 
1426.17 1.48741e-06 
1426.61 1.51895e-06 
1427.05 1.56862e-06 
1427.49 1.65267e-06 
1427.93 1.80777e-06 
1428.37 2.11784e-06 
1428.81 2.70585e-06 
1429.25 3.30451e-06 
1429.69 2.90932e-06 
1430.13 2.22929e-06 
1430.57 1.86372e-06 
1431.01 1.68538e-06 
1431.45 1.59135e-06 
1431.88 1.53733e-06 
1432.32 1.50405e-06 
1432.76 1.48241e-06 
1433.2 1.46774e-06 
1433.64 1.45746e-06 
1434.08 1.45008e-06 
1434.52 1.44466e-06 
1434.96 1.44062e-06 
1435.4 1.43756e-06 
1435.84 1.4352e-06 
1436.28 1.43337e-06 
1436.72 1.43191e-06 
1437.16 1.43074e-06 
1437.6 1.42976e-06 
1438.04 1.42892e-06 
1438.48 1.42818e-06 
1438.92 1.4275e-06 
1439.36 1.42685e-06 
1439.79 1.42621e-06 
1440.23 1.42556e-06 
1440.67 1.42488e-06 
1441.11 1.42417e-06 
1441.55 1.42341e-06 
1441.99 1.42261e-06 
1442.43 1.42175e-06 
1442.87 1.42085e-06 
1443.31 1.4199e-06 
1443.75 1.41892e-06 
1444.19 1.41792e-06 
1444.63 1.41692e-06 
1445.07 1.41595e-06 
1445.51 1.41505e-06 
1445.95 1.41429e-06 
1446.39 1.41374e-06 
1446.83 1.41351e-06 
1447.27 1.41375e-06 
1447.71 1.41469e-06 
1448.14 1.41666e-06 
1448.58 1.42014e-06 
1449.02 1.42588e-06 
1449.46 1.43511e-06 
1449.9 1.44991e-06 
1450.34 1.474e-06 
1450.78 1.51453e-06 
1451.22 1.58643e-06 
1451.66 1.72356e-06 
1452.1 2.00347e-06 
1452.54 2.53873e-06 
1452.98 3.03712e-06 
1453.42 2.61457e-06 
1453.86 2.03107e-06 
1454.3 1.72636e-06 
1454.74 1.57812e-06 
1455.18 1.50195e-06 
1455.62 1.46258e-06 
1456.05 1.44591e-06 
1456.49 1.44729e-06 
1456.93 1.46791e-06 
1457.37 1.51489e-06 
1457.81 1.6053e-06 
1458.25 1.77764e-06 
1458.69 2.12213e-06 
1459.13 2.83841e-06 
1459.57 4.09382e-06 
1460.01 4.65526e-06 
1460.45 3.3955e-06 
1460.89 2.34852e-06 
1461.33 1.8246e-06 
1461.77 1.55481e-06 
1462.21 1.4003e-06 
1462.65 1.30228e-06 
1463.09 1.23444e-06 
1463.53 1.18394e-06 
1463.96 1.14403e-06 
1464.4 1.11091e-06 
1464.84 1.08235e-06 
1465.28 1.057e-06 
1465.72 1.03401e-06 
1466.16 1.01285e-06 
1466.6 9.93191e-07 
1467.04 9.74883e-07 
1467.48 9.57873e-07 
1467.92 9.42215e-07 
1468.36 9.28031e-07 
1468.8 9.15547e-07 
1469.24 9.05088e-07 
1469.68 8.97097e-07 
1470.12 8.9217e-07 
1470.56 8.91074e-07 
1471 8.94849e-07 
1471.44 9.04885e-07 
1471.88 9.23074e-07 
1472.31 9.52044e-07 
1472.75 9.95488e-07 
1473.19 1.0588e-06 
1473.63 1.15007e-06 
1474.07 1.28187e-06 
1474.51 1.47468e-06 
1474.95 1.76363e-06 
1475.39 2.21309e-06 
1475.83 2.95054e-06 
1476.27 4.25139e-06 
1476.71 6.74436e-06 
1477.15 1.16158e-05 
1477.59 1.80557e-05 
1478.03 1.82954e-05 
1478.47 1.77787e-05 
1478.91 2.20398e-05 
1479.35 1.99206e-05 
1479.79 1.16874e-05 
1480.22 6.64019e-06 
1480.66 4.12699e-06 
1481.1 2.78825e-06 
1481.54 2.00655e-06 
1481.98 1.51359e-06 
1482.42 1.18332e-06 
1482.86 9.513e-07 
1483.3 7.82012e-07 
1483.74 6.5463e-07 
1484.18 5.56325e-07 
1484.62 4.78823e-07 
1485.06 4.1661e-07 
1485.5 3.65887e-07 
1485.94 3.2397e-07 
1486.38 2.88918e-07 
1486.82 2.593e-07 
1487.26 2.34039e-07 
1487.7 2.12314e-07 
1488.13 1.9349e-07 
1488.57 1.77069e-07 
1489.01 1.62656e-07 
1489.45 1.49934e-07 
1489.89 1.38648e-07 
1490.33 1.28588e-07 
1490.77 1.19583e-07 
1491.21 1.1149e-07 
1491.65 1.04189e-07 
1492.09 9.75813e-08 
1492.53 9.15816e-08 
1492.97 8.61182e-08 
1493.41 8.11295e-08 
1493.85 7.6563e-08 
1494.29 7.23731e-08 
1494.73 6.85203e-08 
1495.17 6.49704e-08 
1495.61 6.16932e-08 
1496.04 5.86625e-08 
1496.48 5.58553e-08 
1496.92 5.3251e-08 
1497.36 5.08316e-08 
1497.8 4.85809e-08 
1498.24 4.64847e-08 
1498.68 4.45301e-08 
1499.12 4.27056e-08 
1499.56 4.1001e-08 
