#energy geo_1 
600 6.06811e-07 
600.439 6.0784e-07 
600.879 6.0887e-07 
601.318 6.09904e-07 
601.758 6.10939e-07 
602.197 6.11976e-07 
602.637 6.13016e-07 
603.076 6.14057e-07 
603.516 6.15101e-07 
603.955 6.16147e-07 
604.395 6.17195e-07 
604.834 6.18245e-07 
605.273 6.19296e-07 
605.713 6.2035e-07 
606.152 6.21407e-07 
606.592 6.22466e-07 
607.031 6.23527e-07 
607.471 6.2459e-07 
607.91 6.25655e-07 
608.35 6.26722e-07 
608.789 6.27792e-07 
609.229 6.28863e-07 
609.668 6.29937e-07 
610.107 6.31013e-07 
610.547 6.32091e-07 
610.986 6.33172e-07 
611.426 6.34254e-07 
611.865 6.35339e-07 
612.305 6.36425e-07 
612.744 6.37515e-07 
613.184 6.38606e-07 
613.623 6.39699e-07 
614.062 6.40795e-07 
614.502 6.41893e-07 
614.941 6.42993e-07 
615.381 6.44095e-07 
615.82 6.452e-07 
616.26 6.46307e-07 
616.699 6.47416e-07 
617.139 6.48527e-07 
617.578 6.4964e-07 
618.018 6.50755e-07 
618.457 6.51873e-07 
618.896 6.52993e-07 
619.336 6.54115e-07 
619.775 6.5524e-07 
620.215 6.56366e-07 
620.654 6.57495e-07 
621.094 6.58626e-07 
621.533 6.5976e-07 
621.973 6.60895e-07 
622.412 6.62033e-07 
622.852 6.63173e-07 
623.291 6.64315e-07 
623.73 6.6546e-07 
624.17 6.66607e-07 
624.609 6.67756e-07 
625.049 6.68907e-07 
625.488 6.70061e-07 
625.928 6.71217e-07 
626.367 6.72375e-07 
626.807 6.73536e-07 
627.246 6.74699e-07 
627.686 6.75864e-07 
628.125 6.77031e-07 
628.564 6.78201e-07 
629.004 6.79373e-07 
629.443 6.80548e-07 
629.883 6.81725e-07 
630.322 6.82904e-07 
630.762 6.84085e-07 
631.201 6.85269e-07 
631.641 6.86456e-07 
632.08 6.87644e-07 
632.52 6.88835e-07 
632.959 6.90029e-07 
633.398 6.91225e-07 
633.838 6.92423e-07 
634.277 6.93624e-07 
634.717 6.94827e-07 
635.156 6.96032e-07 
635.596 6.9724e-07 
636.035 6.98451e-07 
636.475 6.99664e-07 
636.914 7.00879e-07 
637.354 7.02097e-07 
637.793 7.03317e-07 
638.232 7.0454e-07 
638.672 7.05766e-07 
639.111 7.06993e-07 
639.551 7.08223e-07 
639.99 7.09456e-07 
640.43 7.10692e-07 
640.869 7.11929e-07 
641.309 7.13169e-07 
641.748 7.14412e-07 
642.188 7.15658e-07 
642.627 7.16905e-07 
643.066 7.18155e-07 
643.506 7.19408e-07 
643.945 7.20664e-07 
644.385 7.21921e-07 
644.824 7.23182e-07 
645.264 7.24445e-07 
645.703 7.2571e-07 
646.143 7.26978e-07 
646.582 7.28248e-07 
647.021 7.29522e-07 
647.461 7.30798e-07 
647.9 7.32075e-07 
648.34 7.33356e-07 
648.779 7.34639e-07 
649.219 7.35925e-07 
649.658 7.37214e-07 
650.098 7.38505e-07 
650.537 7.39798e-07 
650.977 7.41094e-07 
651.416 7.42393e-07 
651.855 7.43694e-07 
652.295 7.44998e-07 
652.734 7.46304e-07 
653.174 7.47613e-07 
653.613 7.48925e-07 
654.053 7.50239e-07 
654.492 7.51555e-07 
654.932 7.52875e-07 
655.371 7.54197e-07 
655.811 7.55521e-07 
656.25 7.56849e-07 
656.689 7.58178e-07 
657.129 7.5951e-07 
657.568 7.60845e-07 
658.008 7.62183e-07 
658.447 7.63523e-07 
658.887 7.64866e-07 
659.326 7.66211e-07 
659.766 7.6756e-07 
660.205 7.68911e-07 
660.645 7.70264e-07 
661.084 7.7162e-07 
661.523 7.72979e-07 
661.963 7.74341e-07 
662.402 7.75705e-07 
662.842 7.77071e-07 
663.281 7.78441e-07 
663.721 7.79814e-07 
664.16 7.81189e-07 
664.6 7.82566e-07 
665.039 7.83947e-07 
665.479 7.8533e-07 
665.918 7.86716e-07 
666.357 7.88105e-07 
666.797 7.89496e-07 
667.236 7.90891e-07 
667.676 7.92288e-07 
668.115 7.93688e-07 
668.555 7.9509e-07 
668.994 7.96496e-07 
669.434 7.97904e-07 
669.873 7.99315e-07 
670.312 8.00729e-07 
670.752 8.02146e-07 
671.191 8.03565e-07 
671.631 8.04988e-07 
672.07 8.06413e-07 
672.51 8.07841e-07 
672.949 8.09272e-07 
673.389 8.10706e-07 
673.828 8.12143e-07 
674.268 8.13582e-07 
674.707 8.15024e-07 
675.146 8.16469e-07 
675.586 8.17918e-07 
676.025 8.19369e-07 
676.465 8.20823e-07 
676.904 8.2228e-07 
677.344 8.23739e-07 
677.783 8.25202e-07 
678.223 8.26668e-07 
678.662 8.28136e-07 
679.102 8.29608e-07 
679.541 8.31082e-07 
679.98 8.32559e-07 
680.42 8.3404e-07 
680.859 8.35522e-07 
681.299 8.37008e-07 
681.738 8.38497e-07 
682.178 8.39989e-07 
682.617 8.41484e-07 
683.057 8.42981e-07 
683.496 8.44482e-07 
683.936 8.45985e-07 
684.375 8.47491e-07 
684.814 8.49001e-07 
685.254 8.50513e-07 
685.693 8.52029e-07 
686.133 8.53547e-07 
686.572 8.55068e-07 
687.012 8.56592e-07 
687.451 8.5812e-07 
687.891 8.5965e-07 
688.33 8.61182e-07 
688.77 8.62719e-07 
689.209 8.64257e-07 
689.648 8.658e-07 
690.088 8.67344e-07 
690.527 8.68892e-07 
690.967 8.70443e-07 
691.406 8.71997e-07 
691.846 8.73554e-07 
692.285 8.75114e-07 
692.725 8.76677e-07 
693.164 8.78243e-07 
693.604 8.79812e-07 
694.043 8.81384e-07 
694.482 8.82959e-07 
694.922 8.84537e-07 
695.361 8.86119e-07 
695.801 8.87703e-07 
696.24 8.8929e-07 
696.68 8.90881e-07 
697.119 8.92474e-07 
697.559 8.94071e-07 
697.998 8.95671e-07 
698.438 8.97273e-07 
698.877 8.98879e-07 
699.316 9.00489e-07 
699.756 9.02101e-07 
700.195 9.03716e-07 
700.635 9.05335e-07 
701.074 9.06957e-07 
701.514 9.08581e-07 
701.953 9.1021e-07 
702.393 9.11841e-07 
702.832 9.13475e-07 
703.271 9.15113e-07 
703.711 9.16754e-07 
704.15 9.18398e-07 
704.59 9.20044e-07 
705.029 9.21695e-07 
705.469 9.23349e-07 
705.908 9.25007e-07 
706.348 9.26666e-07 
706.787 9.28329e-07 
707.227 9.29996e-07 
707.666 9.31666e-07 
708.105 9.3334e-07 
708.545 9.35016e-07 
708.984 9.36696e-07 
709.424 9.38379e-07 
709.863 9.40065e-07 
710.303 9.41755e-07 
710.742 9.43447e-07 
711.182 9.45143e-07 
711.621 9.46842e-07 
712.061 9.48545e-07 
712.5 9.50251e-07 
712.939 9.5196e-07 
713.379 9.53672e-07 
713.818 9.55388e-07 
714.258 9.57107e-07 
714.697 9.58829e-07 
715.137 9.60555e-07 
715.576 9.62284e-07 
716.016 9.64016e-07 
716.455 9.65752e-07 
716.895 9.67491e-07 
717.334 9.69232e-07 
717.773 9.70978e-07 
718.213 9.72727e-07 
718.652 9.74479e-07 
719.092 9.76234e-07 
719.531 9.77992e-07 
719.971 9.79754e-07 
720.41 9.8152e-07 
720.85 9.83288e-07 
721.289 9.85061e-07 
721.729 9.86837e-07 
722.168 9.88614e-07 
722.607 9.90396e-07 
723.047 9.92182e-07 
723.486 9.9397e-07 
723.926 9.95763e-07 
724.365 9.97558e-07 
724.805 9.99356e-07 
725.244 1.00116e-06 
725.684 1.00296e-06 
726.123 1.00477e-06 
726.562 1.00659e-06 
727.002 1.0084e-06 
727.441 1.01022e-06 
727.881 1.01204e-06 
728.32 1.01387e-06 
728.76 1.0157e-06 
729.199 1.01753e-06 
729.639 1.01937e-06 
730.078 1.02121e-06 
730.518 1.02305e-06 
730.957 1.0249e-06 
731.396 1.02675e-06 
731.836 1.0286e-06 
732.275 1.03046e-06 
732.715 1.03232e-06 
733.154 1.03418e-06 
733.594 1.03605e-06 
734.033 1.03792e-06 
734.473 1.0398e-06 
734.912 1.04168e-06 
735.352 1.04356e-06 
735.791 1.04544e-06 
736.23 1.04733e-06 
736.67 1.04923e-06 
737.109 1.05112e-06 
737.549 1.05302e-06 
737.988 1.05492e-06 
738.428 1.05683e-06 
738.867 1.05874e-06 
739.307 1.06066e-06 
739.746 1.06257e-06 
740.186 1.0645e-06 
740.625 1.06642e-06 
741.064 1.06835e-06 
741.504 1.07028e-06 
741.943 1.07222e-06 
742.383 1.07416e-06 
742.822 1.0761e-06 
743.262 1.07805e-06 
743.701 1.08e-06 
744.141 1.08195e-06 
744.58 1.08391e-06 
745.02 1.08587e-06 
745.459 1.08783e-06 
745.898 1.0898e-06 
746.338 1.09177e-06 
746.777 1.09375e-06 
747.217 1.09573e-06 
747.656 1.09771e-06 
748.096 1.0997e-06 
748.535 1.10169e-06 
748.975 1.10368e-06 
749.414 1.10568e-06 
749.854 1.10768e-06 
750.293 1.10968e-06 
750.732 1.11169e-06 
751.172 1.1137e-06 
751.611 1.11572e-06 
752.051 1.11774e-06 
752.49 1.11976e-06 
752.93 1.12179e-06 
753.369 1.12382e-06 
753.809 1.12585e-06 
754.248 1.12789e-06 
754.688 1.12993e-06 
755.127 1.13197e-06 
755.566 1.13402e-06 
756.006 1.13608e-06 
756.445 1.13813e-06 
756.885 1.14019e-06 
757.324 1.14225e-06 
757.764 1.14432e-06 
758.203 1.14639e-06 
758.643 1.14846e-06 
759.082 1.15054e-06 
759.521 1.15262e-06 
759.961 1.15471e-06 
760.4 1.1568e-06 
760.84 1.15889e-06 
761.279 1.16099e-06 
761.719 1.16309e-06 
762.158 1.16519e-06 
762.598 1.1673e-06 
763.037 1.16941e-06 
763.477 1.17153e-06 
763.916 1.17365e-06 
764.355 1.17577e-06 
764.795 1.1779e-06 
765.234 1.18003e-06 
765.674 1.18216e-06 
766.113 1.1843e-06 
766.553 1.18644e-06 
766.992 1.18859e-06 
767.432 1.19074e-06 
767.871 1.19289e-06 
768.311 1.19505e-06 
768.75 1.19721e-06 
769.189 1.19938e-06 
769.629 1.20155e-06 
770.068 1.20372e-06 
770.508 1.2059e-06 
770.947 1.20808e-06 
771.387 1.21026e-06 
771.826 1.21245e-06 
772.266 1.21465e-06 
772.705 1.21684e-06 
773.145 1.21904e-06 
773.584 1.22125e-06 
774.023 1.22346e-06 
774.463 1.22567e-06 
774.902 1.22788e-06 
775.342 1.2301e-06 
775.781 1.23233e-06 
776.221 1.23455e-06 
776.66 1.23679e-06 
777.1 1.23902e-06 
777.539 1.24126e-06 
777.979 1.2435e-06 
778.418 1.24575e-06 
778.857 1.248e-06 
779.297 1.25026e-06 
779.736 1.25252e-06 
780.176 1.25478e-06 
780.615 1.25705e-06 
781.055 1.25932e-06 
781.494 1.26159e-06 
781.934 1.26387e-06 
782.373 1.26615e-06 
782.812 1.26844e-06 
783.252 1.27073e-06 
783.691 1.27302e-06 
784.131 1.27532e-06 
784.57 1.27762e-06 
785.01 1.27992e-06 
785.449 1.28223e-06 
785.889 1.28455e-06 
786.328 1.28686e-06 
786.768 1.28919e-06 
787.207 1.29151e-06 
787.646 1.29384e-06 
788.086 1.29617e-06 
788.525 1.29851e-06 
788.965 1.30085e-06 
789.404 1.30319e-06 
789.844 1.30554e-06 
790.283 1.30789e-06 
790.723 1.31025e-06 
791.162 1.31261e-06 
791.602 1.31497e-06 
792.041 1.31734e-06 
792.48 1.31971e-06 
792.92 1.32209e-06 
793.359 1.32447e-06 
793.799 1.32685e-06 
794.238 1.32924e-06 
794.678 1.33163e-06 
795.117 1.33403e-06 
795.557 1.33643e-06 
795.996 1.33883e-06 
796.436 1.34124e-06 
796.875 1.34365e-06 
797.314 1.34607e-06 
797.754 1.34849e-06 
798.193 1.35092e-06 
798.633 1.35334e-06 
799.072 1.35578e-06 
799.512 1.35821e-06 
799.951 1.36065e-06 
800.391 1.3631e-06 
800.83 1.36555e-06 
801.27 1.368e-06 
801.709 1.37046e-06 
802.148 1.37292e-06 
802.588 1.37538e-06 
803.027 1.37785e-06 
803.467 1.38032e-06 
803.906 1.3828e-06 
804.346 1.38528e-06 
804.785 1.38777e-06 
805.225 1.39025e-06 
805.664 1.39275e-06 
806.104 1.39525e-06 
806.543 1.39775e-06 
806.982 1.40025e-06 
807.422 1.40276e-06 
807.861 1.40528e-06 
808.301 1.40779e-06 
808.74 1.41031e-06 
809.18 1.41284e-06 
809.619 1.41537e-06 
810.059 1.4179e-06 
810.498 1.42044e-06 
810.938 1.42298e-06 
811.377 1.42553e-06 
811.816 1.42808e-06 
812.256 1.43063e-06 
812.695 1.43319e-06 
813.135 1.43575e-06 
813.574 1.43831e-06 
814.014 1.44088e-06 
814.453 1.44346e-06 
814.893 1.44603e-06 
815.332 1.44862e-06 
815.771 1.4512e-06 
816.211 1.45379e-06 
816.65 1.45638e-06 
817.09 1.45898e-06 
817.529 1.46158e-06 
817.969 1.46419e-06 
818.408 1.4668e-06 
818.848 1.46941e-06 
819.287 1.47203e-06 
819.727 1.47465e-06 
820.166 1.47727e-06 
820.605 1.4799e-06 
821.045 1.48254e-06 
821.484 1.48517e-06 
821.924 1.48782e-06 
822.363 1.49046e-06 
822.803 1.49311e-06 
823.242 1.49576e-06 
823.682 1.49842e-06 
824.121 1.50108e-06 
824.561 1.50375e-06 
825 1.50642e-06 
825.439 1.50909e-06 
825.879 1.51177e-06 
826.318 1.51445e-06 
826.758 1.51714e-06 
827.197 1.51983e-06 
827.637 1.52252e-06 
828.076 1.52522e-06 
828.516 1.52792e-06 
828.955 1.53063e-06 
829.395 1.53334e-06 
829.834 1.53605e-06 
830.273 1.53877e-06 
830.713 1.54149e-06 
831.152 1.54422e-06 
831.592 1.54695e-06 
832.031 1.54969e-06 
832.471 1.55242e-06 
832.91 1.55517e-06 
833.35 1.55791e-06 
833.789 1.56066e-06 
834.229 1.56342e-06 
834.668 1.56618e-06 
835.107 1.56894e-06 
835.547 1.57171e-06 
835.986 1.57448e-06 
836.426 1.57725e-06 
836.865 1.58003e-06 
837.305 1.58282e-06 
837.744 1.5856e-06 
838.184 1.5884e-06 
838.623 1.59119e-06 
839.062 1.59399e-06 
839.502 1.59679e-06 
839.941 1.5996e-06 
840.381 1.60241e-06 
840.82 1.60523e-06 
841.26 1.60805e-06 
841.699 1.61087e-06 
842.139 1.6137e-06 
842.578 1.61653e-06 
843.018 1.61936e-06 
843.457 1.6222e-06 
843.896 1.62504e-06 
844.336 1.62789e-06 
844.775 1.63074e-06 
845.215 1.63359e-06 
845.654 1.63645e-06 
846.094 1.63931e-06 
846.533 1.64218e-06 
846.973 1.64505e-06 
847.412 1.64792e-06 
847.852 1.6508e-06 
848.291 1.65368e-06 
848.73 1.65657e-06 
849.17 1.65946e-06 
849.609 1.66235e-06 
850.049 1.66525e-06 
850.488 1.66815e-06 
850.928 1.67106e-06 
851.367 1.67396e-06 
851.807 1.67688e-06 
852.246 1.67979e-06 
852.686 1.68272e-06 
853.125 1.68564e-06 
853.564 1.68857e-06 
854.004 1.6915e-06 
854.443 1.69444e-06 
854.883 1.69738e-06 
855.322 1.70032e-06 
855.762 1.70327e-06 
856.201 1.70622e-06 
856.641 1.70918e-06 
857.08 1.71214e-06 
857.52 1.71511e-06 
857.959 1.71807e-06 
858.398 1.72104e-06 
858.838 1.72402e-06 
859.277 1.727e-06 
859.717 1.72998e-06 
860.156 1.73297e-06 
860.596 1.73596e-06 
861.035 1.73896e-06 
861.475 1.74196e-06 
861.914 1.74496e-06 
862.354 1.74797e-06 
862.793 1.75098e-06 
863.232 1.75399e-06 
863.672 1.75701e-06 
864.111 1.76004e-06 
864.551 1.76306e-06 
864.99 1.76609e-06 
865.43 1.76913e-06 
865.869 1.77216e-06 
866.309 1.77521e-06 
866.748 1.77825e-06 
867.188 1.7813e-06 
867.627 1.78436e-06 
868.066 1.78741e-06 
868.506 1.79047e-06 
868.945 1.79354e-06 
869.385 1.79661e-06 
869.824 1.79968e-06 
870.264 1.80275e-06 
870.703 1.80583e-06 
871.143 1.80892e-06 
871.582 1.812e-06 
872.021 1.81509e-06 
872.461 1.81819e-06 
872.9 1.82129e-06 
873.34 1.82439e-06 
873.779 1.82749e-06 
874.219 1.8306e-06 
874.658 1.83371e-06 
875.098 1.83683e-06 
875.537 1.83995e-06 
875.977 1.84307e-06 
876.416 1.8462e-06 
876.855 1.84933e-06 
877.295 1.85246e-06 
877.734 1.8556e-06 
878.174 1.85874e-06 
878.613 1.86189e-06 
879.053 1.86504e-06 
879.492 1.86819e-06 
879.932 1.87134e-06 
880.371 1.8745e-06 
880.811 1.87766e-06 
881.25 1.88083e-06 
881.689 1.884e-06 
882.129 1.88717e-06 
882.568 1.89035e-06 
883.008 1.89353e-06 
883.447 1.89671e-06 
883.887 1.8999e-06 
884.326 1.90309e-06 
884.766 1.90628e-06 
885.205 1.90948e-06 
885.645 1.91268e-06 
886.084 1.91589e-06 
886.523 1.9191e-06 
886.963 1.92231e-06 
887.402 1.92552e-06 
887.842 1.92874e-06 
888.281 1.93196e-06 
888.721 1.93519e-06 
889.16 1.93842e-06 
889.6 1.94165e-06 
890.039 1.94488e-06 
890.479 1.94812e-06 
890.918 1.95136e-06 
891.357 1.95461e-06 
891.797 1.95786e-06 
892.236 1.96111e-06 
892.676 1.96436e-06 
893.115 1.96762e-06 
893.555 1.97088e-06 
893.994 1.97414e-06 
894.434 1.97741e-06 
894.873 1.98068e-06 
895.312 1.98396e-06 
895.752 1.98723e-06 
896.191 1.99051e-06 
896.631 1.9938e-06 
897.07 1.99708e-06 
897.51 2.00037e-06 
897.949 2.00366e-06 
898.389 2.00696e-06 
898.828 2.01025e-06 
899.268 2.01356e-06 
899.707 2.01686e-06 
900.146 2.02017e-06 
900.586 2.02348e-06 
901.025 2.02679e-06 
901.465 2.03011e-06 
901.904 2.03342e-06 
902.344 2.03674e-06 
902.783 2.04007e-06 
903.223 2.0434e-06 
903.662 2.04673e-06 
904.102 2.05006e-06 
904.541 2.0534e-06 
904.98 2.05674e-06 
905.42 2.06008e-06 
905.859 2.06342e-06 
906.299 2.06677e-06 
906.738 2.07012e-06 
907.178 2.07347e-06 
907.617 2.07683e-06 
908.057 2.08019e-06 
908.496 2.08356e-06 
908.936 2.08692e-06 
909.375 2.09029e-06 
909.814 2.09366e-06 
910.254 2.09704e-06 
910.693 2.10042e-06 
911.133 2.10379e-06 
911.572 2.10718e-06 
912.012 2.11056e-06 
912.451 2.11395e-06 
912.891 2.11735e-06 
913.33 2.12074e-06 
913.77 2.12414e-06 
914.209 2.12754e-06 
914.648 2.13094e-06 
915.088 2.13435e-06 
915.527 2.13776e-06 
915.967 2.14117e-06 
916.406 2.14459e-06 
916.846 2.148e-06 
917.285 2.15142e-06 
917.725 2.15484e-06 
918.164 2.15827e-06 
918.604 2.1617e-06 
919.043 2.16513e-06 
919.482 2.16856e-06 
919.922 2.172e-06 
920.361 2.17544e-06 
920.801 2.17888e-06 
921.24 2.18232e-06 
921.68 2.18577e-06 
922.119 2.18922e-06 
922.559 2.19267e-06 
922.998 2.19613e-06 
923.438 2.19959e-06 
923.877 2.20305e-06 
924.316 2.20651e-06 
924.756 2.20998e-06 
925.195 2.21345e-06 
925.635 2.21692e-06 
926.074 2.2204e-06 
926.514 2.22387e-06 
926.953 2.22736e-06 
927.393 2.23084e-06 
927.832 2.23433e-06 
928.271 2.23782e-06 
928.711 2.24131e-06 
929.15 2.24481e-06 
929.59 2.2483e-06 
930.029 2.25181e-06 
930.469 2.25531e-06 
930.908 2.25882e-06 
931.348 2.26234e-06 
931.787 2.26585e-06 
932.227 2.26937e-06 
932.666 2.27289e-06 
933.105 2.27641e-06 
933.545 2.27994e-06 
933.984 2.28347e-06 
934.424 2.287e-06 
934.863 2.29054e-06 
935.303 2.29407e-06 
935.742 2.29762e-06 
936.182 2.30116e-06 
936.621 2.30471e-06 
937.061 2.30826e-06 
937.5 2.31181e-06 
937.939 2.31536e-06 
938.379 2.31892e-06 
938.818 2.32248e-06 
939.258 2.32605e-06 
939.697 2.32961e-06 
940.137 2.33318e-06 
940.576 2.33675e-06 
941.016 2.34032e-06 
941.455 2.3439e-06 
941.895 2.34748e-06 
942.334 2.35106e-06 
942.773 2.35464e-06 
943.213 2.35823e-06 
943.652 2.36182e-06 
944.092 2.36541e-06 
944.531 2.369e-06 
944.971 2.3726e-06 
945.41 2.3762e-06 
945.85 2.3798e-06 
946.289 2.3834e-06 
946.729 2.38701e-06 
947.168 2.39062e-06 
947.607 2.39423e-06 
948.047 2.39784e-06 
948.486 2.40145e-06 
948.926 2.40507e-06 
949.365 2.40869e-06 
949.805 2.41231e-06 
950.244 2.41593e-06 
950.684 2.41956e-06 
951.123 2.42318e-06 
951.562 2.42681e-06 
952.002 2.43044e-06 
952.441 2.43407e-06 
952.881 2.43771e-06 
953.32 2.44134e-06 
953.76 2.44498e-06 
954.199 2.44862e-06 
954.639 2.45225e-06 
955.078 2.4559e-06 
955.518 2.45954e-06 
955.957 2.46318e-06 
956.396 2.46683e-06 
956.836 2.47048e-06 
957.275 2.47412e-06 
957.715 2.47778e-06 
958.154 2.48142e-06 
958.594 2.48508e-06 
959.033 2.48873e-06 
959.473 2.49238e-06 
959.912 2.49603e-06 
960.352 2.49969e-06 
960.791 2.50334e-06 
961.23 2.507e-06 
961.67 2.51065e-06 
962.109 2.51431e-06 
962.549 2.51796e-06 
962.988 2.52162e-06 
963.428 2.52527e-06 
963.867 2.52892e-06 
964.307 2.53258e-06 
964.746 2.53623e-06 
965.186 2.53988e-06 
965.625 2.54354e-06 
966.064 2.54719e-06 
966.504 2.55084e-06 
966.943 2.5545e-06 
967.383 2.55815e-06 
967.822 2.5618e-06 
968.262 2.56545e-06 
968.701 2.56911e-06 
969.141 2.57276e-06 
969.58 2.57641e-06 
970.02 2.58007e-06 
970.459 2.58372e-06 
970.898 2.58738e-06 
971.338 2.59103e-06 
971.777 2.59468e-06 
972.217 2.59834e-06 
972.656 2.60199e-06 
973.096 2.60564e-06 
973.535 2.6093e-06 
973.975 2.61294e-06 
974.414 2.6166e-06 
974.854 2.62024e-06 
975.293 2.62389e-06 
975.732 2.62754e-06 
976.172 2.63118e-06 
976.611 2.63483e-06 
977.051 2.63847e-06 
977.49 2.64211e-06 
977.93 2.64575e-06 
978.369 2.64939e-06 
978.809 2.65303e-06 
979.248 2.65667e-06 
979.688 2.66031e-06 
980.127 2.66395e-06 
980.566 2.6676e-06 
981.006 2.67124e-06 
981.445 2.67488e-06 
981.885 2.67852e-06 
982.324 2.68217e-06 
982.764 2.68581e-06 
983.203 2.68946e-06 
983.643 2.69311e-06 
984.082 2.69675e-06 
984.521 2.7004e-06 
984.961 2.70405e-06 
985.4 2.70769e-06 
985.84 2.71134e-06 
986.279 2.71498e-06 
986.719 2.71862e-06 
987.158 2.72226e-06 
987.598 2.72589e-06 
988.037 2.72952e-06 
988.477 2.73315e-06 
988.916 2.73677e-06 
989.355 2.74039e-06 
989.795 2.744e-06 
990.234 2.74762e-06 
990.674 2.75122e-06 
991.113 2.75483e-06 
991.553 2.75843e-06 
991.992 2.76203e-06 
992.432 2.76563e-06 
992.871 2.76923e-06 
993.311 2.77283e-06 
993.75 2.77642e-06 
994.189 2.78002e-06 
994.629 2.78362e-06 
995.068 2.78721e-06 
995.508 2.79081e-06 
995.947 2.7944e-06 
996.387 2.798e-06 
996.826 2.8016e-06 
997.266 2.80519e-06 
997.705 2.80878e-06 
998.145 2.81237e-06 
998.584 2.81595e-06 
999.023 2.81953e-06 
999.463 2.82311e-06 
999.902 2.82667e-06 
1000.34 2.83024e-06 
1000.78 2.83379e-06 
1001.22 2.83734e-06 
1001.66 2.84088e-06 
1002.1 2.84441e-06 
1002.54 2.84794e-06 
1002.98 2.85147e-06 
1003.42 2.85499e-06 
1003.86 2.85851e-06 
1004.3 2.86202e-06 
1004.74 2.86552e-06 
1005.18 2.86904e-06 
1005.62 2.87255e-06 
1006.05 2.87606e-06 
1006.49 2.87957e-06 
1006.93 2.88308e-06 
1007.37 2.8866e-06 
1007.81 2.89012e-06 
1008.25 2.89364e-06 
1008.69 2.89717e-06 
1009.13 2.9007e-06 
1009.57 2.90424e-06 
1010.01 2.90777e-06 
1010.45 2.91131e-06 
1010.89 2.91485e-06 
1011.33 2.91839e-06 
1011.77 2.92192e-06 
1012.21 2.92546e-06 
1012.65 2.92899e-06 
1013.09 2.93252e-06 
1013.53 2.93605e-06 
1013.96 2.93958e-06 
1014.4 2.94311e-06 
1014.84 2.94663e-06 
1015.28 2.95016e-06 
1015.72 2.95369e-06 
1016.16 2.95722e-06 
1016.6 2.96076e-06 
1017.04 2.9643e-06 
1017.48 2.96786e-06 
1017.92 2.97142e-06 
1018.36 2.97499e-06 
1018.8 2.97858e-06 
1019.24 2.98219e-06 
1019.68 2.98581e-06 
1020.12 2.98944e-06 
1020.56 2.9931e-06 
1021 2.99677e-06 
1021.44 3.00045e-06 
1021.88 3.00415e-06 
1022.31 3.00787e-06 
1022.75 3.0116e-06 
1023.19 3.01533e-06 
1023.63 3.01908e-06 
1024.07 3.02284e-06 
1024.51 3.0266e-06 
1024.95 3.03038e-06 
1025.39 3.03416e-06 
1025.83 3.03794e-06 
1026.27 3.04172e-06 
1026.71 3.04551e-06 
1027.15 3.04931e-06 
1027.59 3.05311e-06 
1028.03 3.05691e-06 
1028.47 3.06072e-06 
1028.91 3.06453e-06 
1029.35 3.06836e-06 
1029.79 3.07219e-06 
1030.22 3.07604e-06 
1030.66 3.07991e-06 
1031.1 3.08379e-06 
1031.54 3.08769e-06 
1031.98 3.0916e-06 
1032.42 3.09554e-06 
1032.86 3.0995e-06 
1033.3 3.10348e-06 
1033.74 3.10748e-06 
1034.18 3.1115e-06 
1034.62 3.11555e-06 
1035.06 3.11962e-06 
1035.5 3.1237e-06 
1035.94 3.1278e-06 
1036.38 3.13193e-06 
1036.82 3.13606e-06 
1037.26 3.14021e-06 
1037.7 3.14436e-06 
1038.13 3.14852e-06 
1038.57 3.15267e-06 
1039.01 3.15682e-06 
1039.45 3.16097e-06 
1039.89 3.1651e-06 
1040.33 3.16922e-06 
1040.77 3.17334e-06 
1041.21 3.17744e-06 
1041.65 3.18154e-06 
1042.09 3.18565e-06 
1042.53 3.18976e-06 
1042.97 3.19389e-06 
1043.41 3.19803e-06 
1043.85 3.2022e-06 
1044.29 3.20639e-06 
1044.73 3.21062e-06 
1045.17 3.21488e-06 
1045.61 3.21917e-06 
1046.04 3.2235e-06 
1046.48 3.22786e-06 
1046.92 3.23226e-06 
1047.36 3.23667e-06 
1047.8 3.2411e-06 
1048.24 3.24552e-06 
1048.68 3.24994e-06 
1049.12 3.25432e-06 
1049.56 3.25865e-06 
1050 3.26293e-06 
1050.44 3.26712e-06 
1050.88 3.27123e-06 
1051.32 3.27525e-06 
1051.76 3.27919e-06 
1052.2 3.28305e-06 
1052.64 3.28685e-06 
1053.08 3.29062e-06 
1053.52 3.2944e-06 
1053.96 3.29822e-06 
1054.39 3.30212e-06 
1054.83 3.30614e-06 
1055.27 3.31031e-06 
1055.71 3.31466e-06 
1056.15 3.31921e-06 
1056.59 3.32395e-06 
1057.03 3.3289e-06 
1057.47 3.33402e-06 
1057.91 3.33931e-06 
1058.35 3.34474e-06 
1058.79 3.35026e-06 
1059.23 3.35584e-06 
1059.67 3.36143e-06 
1060.11 3.36697e-06 
1060.55 3.3724e-06 
1060.99 3.37767e-06 
1061.43 3.38271e-06 
1061.87 3.38746e-06 
1062.3 3.39187e-06 
1062.74 3.39589e-06 
1063.18 3.39953e-06 
1063.62 3.40278e-06 
1064.06 3.4057e-06 
1064.5 3.40837e-06 
1064.94 3.41091e-06 
1065.38 3.41345e-06 
1065.82 3.41617e-06 
1066.26 3.4192e-06 
1066.7 3.42267e-06 
1067.14 3.4267e-06 
1067.58 3.43135e-06 
1068.02 3.43665e-06 
1068.46 3.44263e-06 
1068.9 3.44926e-06 
1069.34 3.45652e-06 
1069.78 3.46435e-06 
1070.21 3.47269e-06 
1070.65 3.48147e-06 
1071.09 3.49056e-06 
1071.53 3.49983e-06 
1071.97 3.5091e-06 
1072.41 3.51817e-06 
1072.85 3.52679e-06 
1073.29 3.5347e-06 
1073.73 3.54161e-06 
1074.17 3.54724e-06 
1074.61 3.55139e-06 
1075.05 3.55391e-06 
1075.49 3.55484e-06 
1075.93 3.55438e-06 
1076.37 3.55292e-06 
1076.81 3.551e-06 
1077.25 3.54921e-06 
1077.69 3.54811e-06 
1078.12 3.5482e-06 
1078.56 3.54981e-06 
1079 3.55319e-06 
1079.44 3.55844e-06 
1079.88 3.56564e-06 
1080.32 3.57481e-06 
1080.76 3.58596e-06 
1081.2 3.5991e-06 
1081.64 3.61423e-06 
1082.08 3.63131e-06 
1082.52 3.65026e-06 
1082.96 3.67093e-06 
1083.4 3.69301e-06 
1083.84 3.71604e-06 
1084.28 3.7393e-06 
1084.72 3.76179e-06 
1085.16 3.78217e-06 
1085.6 3.79886e-06 
1086.04 3.81019e-06 
1086.47 3.81481e-06 
1086.91 3.81206e-06 
1087.35 3.80235e-06 
1087.79 3.78718e-06 
1088.23 3.76883e-06 
1088.67 3.74975e-06 
1089.11 3.73206e-06 
1089.55 3.71729e-06 
1089.99 3.70637e-06 
1090.43 3.69972e-06 
1090.87 3.69751e-06 
1091.31 3.6998e-06 
1091.75 3.70672e-06 
1092.19 3.7185e-06 
1092.63 3.73555e-06 
1093.07 3.75845e-06 
1093.51 3.78802e-06 
1093.95 3.82522e-06 
1094.38 3.87118e-06 
1094.82 3.92692e-06 
1095.26 3.99314e-06 
1095.7 4.06947e-06 
1096.14 4.15364e-06 
1096.58 4.24035e-06 
1097.02 4.32063e-06 
1097.46 4.38276e-06 
1097.9 4.41558e-06 
1098.34 4.41311e-06 
1098.78 4.37752e-06 
1099.22 4.31796e-06 
1099.66 4.24624e-06 
1100.1 4.17265e-06 
1100.54 4.10395e-06 
1100.98 4.04349e-06 
1101.42 3.99214e-06 
1101.86 3.94939e-06 
1102.29 3.91408e-06 
1102.73 3.88486e-06 
1103.17 3.86047e-06 
1103.61 3.83976e-06 
1104.05 3.82187e-06 
1104.49 3.80612e-06 
1104.93 3.79211e-06 
1105.37 3.77966e-06 
1105.81 3.76877e-06 
1106.25 3.75964e-06 
1106.69 3.7525e-06 
1107.13 3.74764e-06 
1107.57 3.74531e-06 
1108.01 3.74571e-06 
1108.45 3.74893e-06 
1108.89 3.755e-06 
1109.33 3.76386e-06 
1109.77 3.7754e-06 
1110.21 3.78944e-06 
1110.64 3.80578e-06 
1111.08 3.82414e-06 
1111.52 3.84419e-06 
1111.96 3.86552e-06 
1112.4 3.8876e-06 
1112.84 3.90982e-06 
1113.28 3.93145e-06 
1113.72 3.95164e-06 
1114.16 3.96947e-06 
1114.6 3.98401e-06 
1115.04 3.99435e-06 
1115.48 3.99978e-06 
1115.92 3.99994e-06 
1116.36 3.995e-06 
1116.8 3.98568e-06 
1117.24 3.97334e-06 
1117.68 3.95973e-06 
1118.12 3.94679e-06 
1118.55 3.93636e-06 
1118.99 3.92993e-06 
1119.43 3.9286e-06 
1119.87 3.93305e-06 
1120.31 3.94367e-06 
1120.75 3.96066e-06 
1121.19 3.98411e-06 
1121.63 4.01407e-06 
1122.07 4.05058e-06 
1122.51 4.09362e-06 
1122.95 4.14304e-06 
1123.39 4.19853e-06 
1123.83 4.25949e-06 
1124.27 4.32488e-06 
1124.71 4.39305e-06 
1125.15 4.46154e-06 
1125.59 4.52694e-06 
1126.03 4.58478e-06 
1126.46 4.62982e-06 
1126.9 4.65679e-06 
1127.34 4.66152e-06 
1127.78 4.64235e-06 
1128.22 4.60116e-06 
1128.66 4.54324e-06 
1129.1 4.47608e-06 
1129.54 4.4075e-06 
1129.98 4.34408e-06 
1130.42 4.2904e-06 
1130.86 4.24914e-06 
1131.3 4.22151e-06 
1131.74 4.20802e-06 
1132.18 4.20889e-06 
1132.62 4.22458e-06 
1133.06 4.25592e-06 
1133.5 4.30429e-06 
1133.94 4.37171e-06 
1134.38 4.46079e-06 
1134.81 4.57472e-06 
1135.25 4.71697e-06 
1135.69 4.89075e-06 
1136.13 5.09774e-06 
1136.57 5.33608e-06 
1137.01 5.59725e-06 
1137.45 5.86269e-06 
1137.89 6.10234e-06 
1138.33 6.27856e-06 
1138.77 6.35765e-06 
1139.21 6.32429e-06 
1139.65 6.18932e-06 
1140.09 5.98392e-06 
1140.53 5.74541e-06 
1140.97 5.50474e-06 
1141.41 5.28146e-06 
1141.85 5.08463e-06 
1142.29 4.91618e-06 
1142.72 4.7741e-06 
1143.16 4.65466e-06 
1143.6 4.55369e-06 
1144.04 4.46731e-06 
1144.48 4.39224e-06 
1144.92 4.32587e-06 
1145.36 4.26639e-06 
1145.8 4.21272e-06 
1146.24 4.16443e-06 
1146.68 4.12169e-06 
1147.12 4.08504e-06 
1147.56 4.05522e-06 
1148 4.03298e-06 
1148.44 4.01895e-06 
1148.88 4.01349e-06 
1149.32 4.01674e-06 
1149.76 4.02854e-06 
1150.2 4.04857e-06 
1150.63 4.07631e-06 
1151.07 4.11111e-06 
1151.51 4.15218e-06 
1151.95 4.19855e-06 
1152.39 4.24907e-06 
1152.83 4.3023e-06 
1153.27 4.35658e-06 
1153.71 4.4099e-06 
1154.15 4.45994e-06 
1154.59 4.50412e-06 
1155.03 4.53967e-06 
1155.47 4.56383e-06 
1155.91 4.57415e-06 
1156.35 4.56892e-06 
1156.79 4.54768e-06 
1157.23 4.5116e-06 
1157.67 4.4637e-06 
1158.11 4.40858e-06 
1158.54 4.35188e-06 
1158.98 4.29944e-06 
1159.42 4.25643e-06 
1159.86 4.22691e-06 
1160.3 4.21365e-06 
1160.74 4.21832e-06 
1161.18 4.24175e-06 
1161.62 4.28435e-06 
1162.06 4.34624e-06 
1162.5 4.42743e-06 
1162.94 4.52781e-06 
1163.38 4.64701e-06 
1163.82 4.78428e-06 
1164.26 4.93817e-06 
1164.7 5.10621e-06 
1165.14 5.28448e-06 
1165.58 5.46706e-06 
1166.02 5.64541e-06 
1166.46 5.80803e-06 
1166.89 5.94053e-06 
1167.33 6.02691e-06 
1167.77 6.05223e-06 
1168.21 6.00663e-06 
1168.65 5.88924e-06 
1169.09 5.71019e-06 
1169.53 5.48887e-06 
1169.97 5.24926e-06 
1170.41 5.01432e-06 
1170.85 4.80208e-06 
1171.29 4.62441e-06 
1171.73 4.48781e-06 
1172.17 4.39525e-06 
1172.61 4.34798e-06 
1173.05 4.34697e-06 
1173.49 4.39383e-06 
1173.93 4.49138e-06 
1174.37 4.64392e-06 
1174.8 4.85743e-06 
1175.24 5.13944e-06 
1175.68 5.49877e-06 
1176.12 5.9445e-06 
1176.56 6.48372e-06 
1177 7.1171e-06 
1177.44 7.83157e-06 
1177.88 8.59023e-06 
1178.32 9.32325e-06 
1178.76 9.92833e-06 
1179.2 1.02913e-05 
1179.64 1.03274e-05 
1180.08 1.00211e-05 
1180.52 9.43475e-06 
1180.96 8.67737e-06 
1181.4 7.85995e-06 
1181.84 7.06541e-06 
1182.28 6.34151e-06 
1182.71 5.70793e-06 
1183.15 5.16674e-06 
1183.59 4.71099e-06 
1184.03 4.33016e-06 
1184.47 4.01315e-06 
1184.91 3.74964e-06 
1185.35 3.53048e-06 
1185.79 3.3478e-06 
1186.23 3.19474e-06 
1186.67 3.06528e-06 
1187.11 2.95397e-06 
1187.55 2.85584e-06 
1187.99 2.76641e-06 
1188.43 2.68195e-06 
1188.87 2.59984e-06 
1189.31 2.5189e-06 
1189.75 2.43936e-06 
1190.19 2.36254e-06 
1190.62 2.29021e-06 
1191.06 2.22396e-06 
1191.5 2.16488e-06 
1191.94 2.1135e-06 
1192.38 2.06988e-06 
1192.82 2.03385e-06 
1193.26 2.00517e-06 
1193.7 1.98369e-06 
1194.14 1.96941e-06 
1194.58 1.96253e-06 
1195.02 1.9635e-06 
1195.46 1.97299e-06 
1195.9 1.99189e-06 
1196.34 2.02125e-06 
1196.78 2.0621e-06 
1197.22 2.11512e-06 
1197.66 2.18001e-06 
1198.1 2.25452e-06 
1198.54 2.33331e-06 
1198.97 2.40711e-06 
1199.41 2.46347e-06 
1199.85 2.49001e-06 
1200.29 2.47937e-06 
1200.73 2.43284e-06 
1201.17 2.35961e-06 
1201.61 2.27233e-06 
1202.05 2.18236e-06 
1202.49 2.09739e-06 
1202.93 2.0213e-06 
1203.37 1.95523e-06 
1203.81 1.89875e-06 
1204.25 1.85063e-06 
1204.69 1.80947e-06 
1205.13 1.77386e-06 
1205.57 1.7426e-06 
1206.01 1.7147e-06 
1206.45 1.68945e-06 
1206.88 1.66635e-06 
1207.32 1.64519e-06 
1207.76 1.62593e-06 
1208.2 1.60872e-06 
1208.64 1.59377e-06 
1209.08 1.58138e-06 
1209.52 1.57177e-06 
1209.96 1.56513e-06 
1210.4 1.56153e-06 
1210.84 1.56097e-06 
1211.28 1.56338e-06 
1211.72 1.5686e-06 
1212.16 1.57645e-06 
1212.6 1.58667e-06 
1213.04 1.59898e-06 
1213.48 1.613e-06 
1213.92 1.62831e-06 
1214.36 1.64436e-06 
1214.79 1.66053e-06 
1215.23 1.67608e-06 
1215.67 1.69015e-06 
1216.11 1.7018e-06 
1216.55 1.71007e-06 
1216.99 1.71403e-06 
1217.43 1.71294e-06 
1217.87 1.7064e-06 
1218.31 1.69448e-06 
1218.75 1.67792e-06 
1219.19 1.65802e-06 
1219.63 1.63658e-06 
1220.07 1.6156e-06 
1220.51 1.59701e-06 
1220.95 1.5824e-06 
1221.39 1.57296e-06 
1221.83 1.56942e-06 
1222.27 1.57223e-06 
1222.71 1.5816e-06 
1223.14 1.59763e-06 
1223.58 1.62035e-06 
1224.02 1.64978e-06 
1224.46 1.68586e-06 
1224.9 1.72844e-06 
1225.34 1.77716e-06 
1225.78 1.83138e-06 
1226.22 1.89003e-06 
1226.66 1.95144e-06 
1227.1 2.01313e-06 
1227.54 2.07162e-06 
1227.98 2.1224e-06 
1228.42 2.16008e-06 
1228.86 2.17913e-06 
1229.3 2.17503e-06 
1229.74 2.14574e-06 
1230.18 2.09284e-06 
1230.62 2.02156e-06 
1231.05 1.93963e-06 
1231.49 1.85538e-06 
1231.93 1.77596e-06 
1232.37 1.70654e-06 
1232.81 1.6502e-06 
1233.25 1.60849e-06 
1233.69 1.5821e-06 
1234.13 1.57138e-06 
1234.57 1.5768e-06 
1235.01 1.59918e-06 
1235.45 1.63983e-06 
1235.89 1.70059e-06 
1236.33 1.78393e-06 
1236.77 1.8928e-06 
1237.21 2.03048e-06 
1237.65 2.2e-06 
1238.09 2.40303e-06 
1238.53 2.63783e-06 
1238.96 2.89616e-06 
1239.4 3.15968e-06 
1239.84 3.39796e-06 
1240.28 3.57175e-06 
1240.72 3.64425e-06 
1241.16 3.59666e-06 
1241.6 3.43777e-06 
1242.04 3.19937e-06 
1242.48 2.92146e-06 
1242.92 2.63837e-06 
1243.36 2.37248e-06 
1243.8 2.13489e-06 
1244.24 1.92881e-06 
1244.68 1.75305e-06 
1245.12 1.60439e-06 
1245.56 1.479e-06 
1246 1.3732e-06 
1246.44 1.28369e-06 
1246.88 1.20767e-06 
1247.31 1.14282e-06 
1247.75 1.08724e-06 
1248.19 1.03937e-06 
1248.63 9.97955e-07 
1249.07 9.61961e-07 
1249.51 9.30545e-07 
1249.95 9.03018e-07 
1250.39 8.78804e-07 
1250.83 8.57429e-07 
1251.27 8.38494e-07 
1251.71 8.21659e-07 
1252.15 8.06638e-07 
1252.59 7.93182e-07 
1253.03 7.81079e-07 
1253.47 7.70146e-07 
1253.91 7.60224e-07 
1254.35 7.51177e-07 
1254.79 7.42893e-07 
1255.22 7.35279e-07 
1255.66 7.2826e-07 
1256.1 7.21783e-07 
1256.54 7.15811e-07 
1256.98 7.10323e-07 
1257.42 7.05313e-07 
1257.86 7.00785e-07 
1258.3 6.96749e-07 
1258.74 6.9322e-07 
1259.18 6.90205e-07 
1259.62 6.87708e-07 
1260.06 6.85723e-07 
1260.5 6.84236e-07 
1260.94 6.83218e-07 
1261.38 6.82633e-07 
1261.82 6.82437e-07 
1262.26 6.82578e-07 
1262.7 6.82996e-07 
1263.13 6.83626e-07 
1263.57 6.84398e-07 
1264.01 6.85234e-07 
1264.45 6.86056e-07 
1264.89 6.86782e-07 
1265.33 6.87328e-07 
1265.77 6.87621e-07 
1266.21 6.87593e-07 
1266.65 6.87195e-07 
1267.09 6.86401e-07 
1267.53 6.8522e-07 
1267.97 6.83697e-07 
1268.41 6.81925e-07 
1268.85 6.80035e-07 
1269.29 6.78191e-07 
1269.73 6.76574e-07 
1270.17 6.75365e-07 
1270.61 6.74726e-07 
1271.04 6.74783e-07 
1271.48 6.75624e-07 
1271.92 6.77296e-07 
1272.36 6.79809e-07 
1272.8 6.83146e-07 
1273.24 6.87264e-07 
1273.68 6.92103e-07 
1274.12 6.97577e-07 
1274.56 7.03582e-07 
1275 7.09979e-07 
1275.44 7.16601e-07 
1275.88 7.23241e-07 
1276.32 7.29654e-07 
1276.76 7.35552e-07 
1277.2 7.40616e-07 
1277.64 7.44507e-07 
1278.08 7.46892e-07 
1278.52 7.47489e-07 
1278.96 7.46118e-07 
1279.39 7.42765e-07 
1279.83 7.37627e-07 
1280.27 7.31122e-07 
1280.71 7.23858e-07 
1281.15 7.16543e-07 
1281.59 7.09883e-07 
1282.03 7.04487e-07 
1282.47 7.00818e-07 
1282.91 6.99182e-07 
1283.35 6.99757e-07 
1283.79 7.02638e-07 
1284.23 7.07866e-07 
1284.67 7.15462e-07 
1285.11 7.25428e-07 
1285.55 7.37755e-07 
1285.99 7.52397e-07 
1286.43 7.69252e-07 
1286.87 7.88122e-07 
1287.3 8.08672e-07 
1287.74 8.30369e-07 
1288.18 8.52415e-07 
1288.62 8.73675e-07 
1289.06 8.92636e-07 
1289.5 9.07454e-07 
1289.94 9.1614e-07 
1290.38 9.16936e-07 
1290.82 9.08831e-07 
1291.26 8.92014e-07 
1291.7 8.6803e-07 
1292.14 8.3947e-07 
1292.58 8.09312e-07 
1293.02 7.80264e-07 
1293.46 7.54359e-07 
1293.9 7.32873e-07 
1294.34 7.16473e-07 
1294.78 7.05453e-07 
1295.21 6.99951e-07 
1295.65 7.00104e-07 
1296.09 7.06151e-07 
1296.53 7.18501e-07 
1296.97 7.37755e-07 
1297.41 7.64718e-07 
1297.85 8.0039e-07 
1298.29 8.45898e-07 
1298.73 9.02356e-07 
1299.17 9.70535e-07 
1299.61 1.05024e-06 
1300.05 1.1393e-06 
1300.49 1.23234e-06 
1300.93 1.31977e-06 
1301.37 1.38831e-06 
1301.81 1.42418e-06 
1302.25 1.41843e-06 
1302.69 1.37154e-06 
1303.12 1.29311e-06 
1303.56 1.19711e-06 
1304 1.09651e-06 
1304.44 1.00038e-06 
1304.88 9.13587e-07 
1305.32 8.37794e-07 
1305.76 7.72896e-07 
1306.2 7.17914e-07 
1306.64 6.71502e-07 
1307.08 6.32294e-07 
1307.52 5.99088e-07 
1307.96 5.70889e-07 
1308.4 5.46862e-07 
1308.84 5.26247e-07 
1309.28 5.08434e-07 
1309.72 4.92976e-07 
1310.16 4.79522e-07 
1310.6 4.67756e-07 
1311.04 4.57377e-07 
1311.47 4.48155e-07 
1311.91 4.39946e-07 
1312.35 4.3263e-07 
1312.79 4.26076e-07 
1313.23 4.20141e-07 
1313.67 4.1473e-07 
1314.11 4.09803e-07 
1314.55 4.05333e-07 
1314.99 4.01269e-07 
1315.43 3.97524e-07 
1315.87 3.94041e-07 
1316.31 3.90818e-07 
1316.75 3.87876e-07 
1317.19 3.85217e-07 
1317.63 3.82781e-07 
1318.07 3.80512e-07 
1318.51 3.78393e-07 
1318.95 3.76455e-07 
1319.38 3.7473e-07 
1319.82 3.73194e-07 
1320.26 3.7179e-07 
1320.7 3.70466e-07 
1321.14 3.69217e-07 
1321.58 3.68075e-07 
1322.02 3.67065e-07 
1322.46 3.66171e-07 
1322.9 3.65334e-07 
1323.34 3.64503e-07 
1323.78 3.63668e-07 
1324.22 3.62875e-07 
1324.66 3.6216e-07 
1325.1 3.61512e-07 
1325.54 3.60875e-07 
1325.98 3.60196e-07 
1326.42 3.59485e-07 
1326.86 3.58784e-07 
1327.29 3.58145e-07 
1327.73 3.57576e-07 
1328.17 3.57046e-07 
1328.61 3.56513e-07 
1329.05 3.55974e-07 
1329.49 3.55476e-07 
1329.93 3.55079e-07 
1330.37 3.5481e-07 
1330.81 3.54625e-07 
1331.25 3.54471e-07 
1331.69 3.54322e-07 
1332.13 3.54206e-07 
1332.57 3.54173e-07 
1333.01 3.54245e-07 
1333.45 3.54398e-07 
1333.89 3.54577e-07 
1334.33 3.54747e-07 
1334.77 3.54914e-07 
1335.21 3.55138e-07 
1335.64 3.55461e-07 
1336.08 3.55874e-07 
1336.52 3.5632e-07 
1336.96 3.56739e-07 
1337.4 3.57126e-07 
1337.84 3.57511e-07 
1338.28 3.57932e-07 
1338.72 3.58384e-07 
1339.16 3.58819e-07 
1339.6 3.59177e-07 
1340.04 3.59445e-07 
1340.48 3.59682e-07 
1340.92 3.59959e-07 
1341.36 3.603e-07 
1341.8 3.60665e-07 
1342.24 3.61033e-07 
1342.68 3.61408e-07 
1343.12 3.61823e-07 
1343.55 3.62355e-07 
1343.99 3.63056e-07 
1344.43 3.63899e-07 
1344.87 3.64835e-07 
1345.31 3.65859e-07 
1345.75 3.66991e-07 
1346.19 3.68288e-07 
1346.63 3.69793e-07 
1347.07 3.71505e-07 
1347.51 3.73379e-07 
1347.95 3.75336e-07 
1348.39 3.77319e-07 
1348.83 3.79316e-07 
1349.27 3.81305e-07 
1349.71 3.83197e-07 
1350.15 3.84856e-07 
1350.59 3.8616e-07 
1351.03 3.87063e-07 
1351.46 3.87585e-07 
1351.9 3.87737e-07 
1352.34 3.87498e-07 
1352.78 3.8684e-07 
1353.22 3.85843e-07 
1353.66 3.84721e-07 
1354.1 3.83766e-07 
1354.54 3.8325e-07 
1354.98 3.83332e-07 
1355.42 3.84122e-07 
1355.86 3.85703e-07 
1356.3 3.88148e-07 
1356.74 3.91453e-07 
1357.18 3.95479e-07 
1357.62 4.00064e-07 
1358.06 4.05094e-07 
1358.5 4.10559e-07 
1358.94 4.16461e-07 
1359.38 4.22699e-07 
1359.81 4.29088e-07 
1360.25 4.35418e-07 
1360.69 4.4155e-07 
1361.13 4.47359e-07 
1361.57 4.52634e-07 
1362.01 4.57045e-07 
1362.45 4.60184e-07 
1362.89 4.61695e-07 
1363.33 4.61295e-07 
1363.77 4.58745e-07 
1364.21 4.53893e-07 
1364.65 4.46858e-07 
1365.09 4.38314e-07 
1365.53 4.29462e-07 
1365.97 4.21673e-07 
1366.41 4.1604e-07 
1366.85 4.13096e-07 
1367.29 4.12924e-07 
1367.72 4.15299e-07 
1368.16 4.19793e-07 
1368.6 4.26038e-07 
1369.04 4.3385e-07 
1369.48 4.43276e-07 
1369.92 4.54408e-07 
1370.36 4.67179e-07 
1370.8 4.81551e-07 
1371.24 4.97552e-07 
1371.68 5.15089e-07 
1372.12 5.33888e-07 
1372.56 5.53488e-07 
1373 5.73376e-07 
1373.44 5.92867e-07 
1373.88 6.10677e-07 
1374.32 6.24792e-07 
1374.76 6.32378e-07 
1375.2 6.29793e-07 
1375.63 6.13528e-07 
1376.07 5.82554e-07 
1376.51 5.40774e-07 
1376.95 4.96966e-07 
1377.39 4.59638e-07 
1377.83 4.32938e-07 
1378.27 4.16725e-07 
1378.71 4.08791e-07 
1379.15 4.0682e-07 
1379.59 4.09152e-07 
1380.03 4.14844e-07 
1380.47 4.2377e-07 
1380.91 4.36328e-07 
1381.35 4.52946e-07 
1381.79 4.74403e-07 
1382.23 5.01661e-07 
1382.67 5.35456e-07 
1383.11 5.76563e-07 
1383.54 6.2576e-07 
1383.98 6.84691e-07 
1384.42 7.55677e-07 
1384.86 8.41373e-07 
1385.3 9.43734e-07 
1385.74 1.05786e-06 
1386.18 1.16624e-06 
1386.62 1.22849e-06 
1387.06 1.18321e-06 
1387.5 1.0047e-06 
1387.94 7.83033e-07 
1388.38 6.00714e-07 
1388.82 4.78131e-07 
1389.26 4.03451e-07 
1389.7 3.58661e-07 
1390.14 3.30568e-07 
1390.58 3.11857e-07 
1391.02 2.98505e-07 
1391.46 2.8847e-07 
1391.89 2.8122e-07 
1392.33 2.77663e-07 
1392.77 2.78942e-07 
1393.21 2.85924e-07 
1393.65 2.99658e-07 
1394.09 3.21957e-07 
1394.53 3.56071e-07 
1394.97 4.07911e-07 
1395.41 4.88472e-07 
1395.85 6.19441e-07 
1396.29 8.46989e-07 
1396.73 1.27721e-06 
1397.17 2.14225e-06 
1397.61 3.64775e-06 
1398.05 4.68017e-06 
1398.49 3.35215e-06 
1398.93 1.9017e-06 
1399.37 1.16247e-06 
1399.8 7.96989e-07 
1400.24 6.00105e-07 
1400.68 4.84597e-07 
1401.12 4.11815e-07 
1401.56 3.63076e-07 
1402 3.28552e-07 
1402.44 3.02703e-07 
1402.88 2.82209e-07 
1403.32 2.64997e-07 
1403.76 2.49812e-07 
1404.2 2.36064e-07 
1404.64 2.23705e-07 
1405.08 2.13006e-07 
1405.52 2.0428e-07 
1405.96 1.97676e-07 
1406.4 1.93147e-07 
1406.84 1.90509e-07 
1407.28 1.89484e-07 
1407.71 1.89785e-07 
1408.15 1.9121e-07 
1408.59 1.93679e-07 
1409.03 1.97196e-07 
1409.47 2.01736e-07 
1409.91 2.07252e-07 
1410.35 2.1373e-07 
1410.79 2.21119e-07 
1411.23 2.29285e-07 
1411.67 2.38012e-07 
1412.11 2.47042e-07 
1412.55 2.56061e-07 
1412.99 2.64528e-07 
1413.43 2.71532e-07 
1413.87 2.75754e-07 
1414.31 2.7547e-07 
1414.75 2.68848e-07 
1415.19 2.5489e-07 
1415.62 2.34688e-07 
1416.06 2.11882e-07 
1416.5 1.90972e-07 
1416.94 1.74875e-07 
1417.38 1.64234e-07 
1417.82 1.58237e-07 
1418.26 1.55697e-07 
1418.7 1.55643e-07 
1419.14 1.57458e-07 
1419.58 1.60917e-07 
1420.02 1.66131e-07 
1420.46 1.73322e-07 
1420.9 1.82815e-07 
1421.34 1.95064e-07 
1421.78 2.10467e-07 
1422.22 2.29378e-07 
1422.66 2.52184e-07 
1423.1 2.7954e-07 
1423.54 3.12517e-07 
1423.97 3.52393e-07 
1424.41 4.00285e-07 
1424.85 4.55044e-07 
1425.29 5.10135e-07 
1425.73 5.49484e-07 
1426.17 5.45765e-07 
1426.61 4.78452e-07 
1427.05 3.7149e-07 
1427.49 2.71428e-07 
1427.93 1.99144e-07 
1428.37 1.53371e-07 
1428.81 1.25725e-07 
1429.25 1.08641e-07 
1429.69 9.74893e-08 
1430.13 8.9759e-08 
1430.57 8.41052e-08 
1431.01 8.00152e-08 
1431.45 7.76943e-08 
1431.88 7.76801e-08 
1432.32 8.03983e-08 
1432.76 8.6257e-08 
1433.2 9.59618e-08 
1433.64 1.10843e-07 
1434.08 1.33364e-07 
1434.52 1.68108e-07 
1434.96 2.24e-07 
1435.4 3.19737e-07 
1435.84 4.97532e-07 
1436.28 8.50428e-07 
1436.72 1.49226e-06 
1437.16 2.12307e-06 
1437.6 1.89407e-06 
1438.04 1.11084e-06 
1438.48 6.20695e-07 
1438.92 3.79578e-07 
1439.36 2.53814e-07 
1439.79 1.81932e-07 
1440.23 1.37476e-07 
1440.67 1.08206e-07 
1441.11 8.79478e-08 
1441.55 7.33535e-08 
1441.99 6.24885e-08 
1442.43 5.4176e-08 
1442.87 4.76681e-08 
1443.31 4.24718e-08 
1443.75 3.82512e-08 
1444.19 3.47718e-08 
1444.63 3.18656e-08 
1445.07 2.94097e-08 
1445.51 2.73127e-08 
1445.95 2.55053e-08 
1446.39 2.3934e-08 
1446.83 2.25575e-08 
1447.27 2.13431e-08 
1447.71 2.02648e-08 
1448.14 1.93014e-08 
1448.58 1.84361e-08 
1449.02 1.76547e-08 
1449.46 1.69456e-08 
1449.9 1.62995e-08 
1450.34 1.5708e-08 
1450.78 1.51647e-08 
1451.22 1.46635e-08 
1451.66 1.41997e-08 
1452.1 1.37691e-08 
1452.54 1.33682e-08 
1452.98 1.29938e-08 
1453.42 1.26434e-08 
1453.86 1.23146e-08 
1454.3 1.20054e-08 
1454.74 1.1714e-08 
1455.18 1.1439e-08 
1455.62 1.1179e-08 
1456.05 1.09326e-08 
1456.49 1.06988e-08 
1456.93 1.04763e-08 
1457.37 1.02641e-08 
1457.81 1.00614e-08 
1458.25 9.86737e-09 
1458.69 9.68109e-09 
1459.13 9.50191e-09 
1459.57 9.32922e-09 
1460.01 9.16252e-09 
1460.45 9.00136e-09 
1460.89 8.84522e-09 
1461.33 8.69368e-09 
1461.77 8.54635e-09 
1462.21 8.40295e-09 
1462.65 8.26323e-09 
1463.09 8.12693e-09 
1463.53 7.99385e-09 
1463.96 7.86382e-09 
1464.4 7.73682e-09 
1464.84 7.61288e-09 
1465.28 7.49206e-09 
1465.72 7.37452e-09 
1466.16 7.26048e-09 
1466.6 7.15032e-09 
1467.04 7.04432e-09 
1467.48 6.94247e-09 
1467.92 6.84445e-09 
1468.36 6.74964e-09 
1468.8 6.65745e-09 
1469.24 6.56734e-09 
1469.68 6.47878e-09 
1470.12 6.39146e-09 
1470.56 6.30512e-09 
1471 6.21962e-09 
1471.44 6.13477e-09 
1471.88 6.05021e-09 
1472.31 5.9657e-09 
1472.75 5.88106e-09 
1473.19 5.79593e-09 
1473.63 5.71004e-09 
1474.07 5.62307e-09 
1474.51 5.53486e-09 
1474.95 5.4453e-09 
1475.39 5.35409e-09 
1475.83 5.26112e-09 
1476.27 5.16651e-09 
1476.71 5.07072e-09 
1477.15 4.97483e-09 
1477.59 4.88134e-09 
1478.03 4.79368e-09 
1478.47 4.71578e-09 
1478.91 4.64779e-09 
1479.35 4.58714e-09 
1479.79 4.53083e-09 
1480.22 4.47668e-09 
1480.66 4.4236e-09 
1481.1 4.37102e-09 
1481.54 4.3186e-09 
1481.98 4.26624e-09 
1482.42 4.21392e-09 
1482.86 4.16108e-09 
1483.3 4.10751e-09 
1483.74 4.05281e-09 
1484.18 3.99602e-09 
1484.62 3.93664e-09 
1485.06 3.87349e-09 
1485.5 3.80607e-09 
1485.94 3.73342e-09 
1486.38 3.65352e-09 
1486.82 3.56539e-09 
1487.26 3.46339e-09 
1487.7 3.34354e-09 
1488.13 3.19783e-09 
1488.57 3.02555e-09 
1489.01 2.82641e-09 
1489.45 2.6997e-09 
1489.89 2.63087e-09 
1490.33 2.59132e-09 
1490.77 2.56394e-09 
1491.21 2.54018e-09 
1491.65 2.5177e-09 
1492.09 2.49631e-09 
1492.53 2.47564e-09 
1492.97 2.4559e-09 
1493.41 2.43719e-09 
1493.85 2.42015e-09 
1494.29 2.40453e-09 
1494.73 2.38981e-09 
1495.17 2.37569e-09 
1495.61 2.362e-09 
1496.04 2.34863e-09 
1496.48 2.33557e-09 
1496.92 2.32278e-09 
1497.36 2.31022e-09 
1497.8 2.29789e-09 
1498.24 2.28574e-09 
1498.68 2.27381e-09 
1499.12 2.26212e-09 
1499.56 2.25062e-09 
