#energy geo_1 
600 9.71431e-07 
600.439 9.72661e-07 
600.879 9.73892e-07 
601.318 9.75125e-07 
601.758 9.76359e-07 
602.197 9.77596e-07 
602.637 9.78834e-07 
603.076 9.80075e-07 
603.516 9.81316e-07 
603.955 9.8256e-07 
604.395 9.83806e-07 
604.834 9.85053e-07 
605.273 9.86303e-07 
605.713 9.87554e-07 
606.152 9.88807e-07 
606.592 9.90062e-07 
607.031 9.91319e-07 
607.471 9.92578e-07 
607.91 9.93838e-07 
608.35 9.95101e-07 
608.789 9.96365e-07 
609.229 9.97632e-07 
609.668 9.989e-07 
610.107 1.00017e-06 
610.547 1.00144e-06 
610.986 1.00272e-06 
611.426 1.00399e-06 
611.865 1.00527e-06 
612.305 1.00655e-06 
612.744 1.00783e-06 
613.184 1.00912e-06 
613.623 1.0104e-06 
614.062 1.01169e-06 
614.502 1.01298e-06 
614.941 1.01427e-06 
615.381 1.01557e-06 
615.82 1.01686e-06 
616.26 1.01816e-06 
616.699 1.01946e-06 
617.139 1.02077e-06 
617.578 1.02207e-06 
618.018 1.02338e-06 
618.457 1.02469e-06 
618.896 1.026e-06 
619.336 1.02731e-06 
619.775 1.02862e-06 
620.215 1.02994e-06 
620.654 1.03126e-06 
621.094 1.03258e-06 
621.533 1.0339e-06 
621.973 1.03523e-06 
622.412 1.03655e-06 
622.852 1.03788e-06 
623.291 1.03921e-06 
623.73 1.04054e-06 
624.17 1.04188e-06 
624.609 1.04321e-06 
625.049 1.04455e-06 
625.488 1.04589e-06 
625.928 1.04723e-06 
626.367 1.04858e-06 
626.807 1.04992e-06 
627.246 1.05127e-06 
627.686 1.05262e-06 
628.125 1.05397e-06 
628.564 1.05532e-06 
629.004 1.05667e-06 
629.443 1.05803e-06 
629.883 1.05939e-06 
630.322 1.06074e-06 
630.762 1.0621e-06 
631.201 1.06347e-06 
631.641 1.06483e-06 
632.08 1.06619e-06 
632.52 1.06756e-06 
632.959 1.06893e-06 
633.398 1.0703e-06 
633.838 1.07167e-06 
634.277 1.07304e-06 
634.717 1.07442e-06 
635.156 1.07579e-06 
635.596 1.07717e-06 
636.035 1.07855e-06 
636.475 1.07993e-06 
636.914 1.08132e-06 
637.354 1.0827e-06 
637.793 1.08408e-06 
638.232 1.08547e-06 
638.672 1.08686e-06 
639.111 1.08825e-06 
639.551 1.08964e-06 
639.99 1.09104e-06 
640.43 1.09243e-06 
640.869 1.09383e-06 
641.309 1.09523e-06 
641.748 1.09663e-06 
642.188 1.09803e-06 
642.627 1.09943e-06 
643.066 1.10084e-06 
643.506 1.10225e-06 
643.945 1.10365e-06 
644.385 1.10506e-06 
644.824 1.10648e-06 
645.264 1.10789e-06 
645.703 1.10931e-06 
646.143 1.11072e-06 
646.582 1.11214e-06 
647.021 1.11356e-06 
647.461 1.11499e-06 
647.9 1.11641e-06 
648.34 1.11783e-06 
648.779 1.11926e-06 
649.219 1.12069e-06 
649.658 1.12212e-06 
650.098 1.12356e-06 
650.537 1.12499e-06 
650.977 1.12643e-06 
651.416 1.12786e-06 
651.855 1.1293e-06 
652.295 1.13075e-06 
652.734 1.13219e-06 
653.174 1.13363e-06 
653.613 1.13508e-06 
654.053 1.13653e-06 
654.492 1.13798e-06 
654.932 1.13943e-06 
655.371 1.14088e-06 
655.811 1.14233e-06 
656.25 1.14379e-06 
656.689 1.14525e-06 
657.129 1.1467e-06 
657.568 1.14816e-06 
658.008 1.14963e-06 
658.447 1.15109e-06 
658.887 1.15255e-06 
659.326 1.15402e-06 
659.766 1.15549e-06 
660.205 1.15695e-06 
660.645 1.15842e-06 
661.084 1.15989e-06 
661.523 1.16137e-06 
661.963 1.16284e-06 
662.402 1.16432e-06 
662.842 1.16579e-06 
663.281 1.16727e-06 
663.721 1.16875e-06 
664.16 1.17023e-06 
664.6 1.17171e-06 
665.039 1.17319e-06 
665.479 1.17467e-06 
665.918 1.17616e-06 
666.357 1.17764e-06 
666.797 1.17913e-06 
667.236 1.18062e-06 
667.676 1.18211e-06 
668.115 1.1836e-06 
668.555 1.18509e-06 
668.994 1.18658e-06 
669.434 1.18808e-06 
669.873 1.18957e-06 
670.312 1.19107e-06 
670.752 1.19257e-06 
671.191 1.19407e-06 
671.631 1.19557e-06 
672.07 1.19707e-06 
672.51 1.19857e-06 
672.949 1.20007e-06 
673.389 1.20158e-06 
673.828 1.20308e-06 
674.268 1.20459e-06 
674.707 1.2061e-06 
675.146 1.20761e-06 
675.586 1.20912e-06 
676.025 1.21063e-06 
676.465 1.21214e-06 
676.904 1.21366e-06 
677.344 1.21517e-06 
677.783 1.21669e-06 
678.223 1.21821e-06 
678.662 1.21972e-06 
679.102 1.22124e-06 
679.541 1.22276e-06 
679.98 1.22429e-06 
680.42 1.22581e-06 
680.859 1.22733e-06 
681.299 1.22886e-06 
681.738 1.23039e-06 
682.178 1.23191e-06 
682.617 1.23344e-06 
683.057 1.23497e-06 
683.496 1.2365e-06 
683.936 1.23803e-06 
684.375 1.23957e-06 
684.814 1.2411e-06 
685.254 1.24264e-06 
685.693 1.24417e-06 
686.133 1.24571e-06 
686.572 1.24725e-06 
687.012 1.24879e-06 
687.451 1.25033e-06 
687.891 1.25187e-06 
688.33 1.25341e-06 
688.77 1.25495e-06 
689.209 1.2565e-06 
689.648 1.25804e-06 
690.088 1.25959e-06 
690.527 1.26114e-06 
690.967 1.26269e-06 
691.406 1.26424e-06 
691.846 1.26579e-06 
692.285 1.26734e-06 
692.725 1.26889e-06 
693.164 1.27044e-06 
693.604 1.272e-06 
694.043 1.27355e-06 
694.482 1.27511e-06 
694.922 1.27667e-06 
695.361 1.27823e-06 
695.801 1.27978e-06 
696.24 1.28134e-06 
696.68 1.2829e-06 
697.119 1.28447e-06 
697.559 1.28603e-06 
697.998 1.28759e-06 
698.438 1.28915e-06 
698.877 1.29072e-06 
699.316 1.29228e-06 
699.756 1.29385e-06 
700.195 1.29542e-06 
700.635 1.29698e-06 
701.074 1.29855e-06 
701.514 1.30012e-06 
701.953 1.30169e-06 
702.393 1.30326e-06 
702.832 1.30483e-06 
703.271 1.3064e-06 
703.711 1.30797e-06 
704.15 1.30954e-06 
704.59 1.31112e-06 
705.029 1.31269e-06 
705.469 1.31426e-06 
705.908 1.31584e-06 
706.348 1.31741e-06 
706.787 1.31898e-06 
707.227 1.32056e-06 
707.666 1.32213e-06 
708.105 1.32371e-06 
708.545 1.32529e-06 
708.984 1.32686e-06 
709.424 1.32844e-06 
709.863 1.33002e-06 
710.303 1.3316e-06 
710.742 1.33317e-06 
711.182 1.33475e-06 
711.621 1.33633e-06 
712.061 1.33791e-06 
712.5 1.33949e-06 
712.939 1.34107e-06 
713.379 1.34265e-06 
713.818 1.34424e-06 
714.258 1.34582e-06 
714.697 1.3474e-06 
715.137 1.34898e-06 
715.576 1.35057e-06 
716.016 1.35215e-06 
716.455 1.35374e-06 
716.895 1.35533e-06 
717.334 1.35691e-06 
717.773 1.3585e-06 
718.213 1.36009e-06 
718.652 1.36168e-06 
719.092 1.36327e-06 
719.531 1.36486e-06 
719.971 1.36645e-06 
720.41 1.36805e-06 
720.85 1.36964e-06 
721.289 1.37123e-06 
721.729 1.37283e-06 
722.168 1.37443e-06 
722.607 1.37602e-06 
723.047 1.37762e-06 
723.486 1.37922e-06 
723.926 1.38082e-06 
724.365 1.38242e-06 
724.805 1.38402e-06 
725.244 1.38563e-06 
725.684 1.38723e-06 
726.123 1.38883e-06 
726.562 1.39044e-06 
727.002 1.39204e-06 
727.441 1.39365e-06 
727.881 1.39525e-06 
728.32 1.39686e-06 
728.76 1.39847e-06 
729.199 1.40007e-06 
729.639 1.40168e-06 
730.078 1.40329e-06 
730.518 1.4049e-06 
730.957 1.4065e-06 
731.396 1.40811e-06 
731.836 1.40972e-06 
732.275 1.41133e-06 
732.715 1.41294e-06 
733.154 1.41455e-06 
733.594 1.41616e-06 
734.033 1.41776e-06 
734.473 1.41937e-06 
734.912 1.42098e-06 
735.352 1.42259e-06 
735.791 1.4242e-06 
736.23 1.42581e-06 
736.67 1.42742e-06 
737.109 1.42903e-06 
737.549 1.43063e-06 
737.988 1.43224e-06 
738.428 1.43385e-06 
738.867 1.43546e-06 
739.307 1.43707e-06 
739.746 1.43868e-06 
740.186 1.44029e-06 
740.625 1.4419e-06 
741.064 1.4435e-06 
741.504 1.44511e-06 
741.943 1.44672e-06 
742.383 1.44833e-06 
742.822 1.44995e-06 
743.262 1.45156e-06 
743.701 1.45317e-06 
744.141 1.45478e-06 
744.58 1.45639e-06 
745.02 1.45801e-06 
745.459 1.45962e-06 
745.898 1.46124e-06 
746.338 1.46285e-06 
746.777 1.46447e-06 
747.217 1.46609e-06 
747.656 1.46771e-06 
748.096 1.46932e-06 
748.535 1.47094e-06 
748.975 1.47256e-06 
749.414 1.47419e-06 
749.854 1.47581e-06 
750.293 1.47743e-06 
750.732 1.47906e-06 
751.172 1.48068e-06 
751.611 1.48231e-06 
752.051 1.48393e-06 
752.49 1.48556e-06 
752.93 1.48719e-06 
753.369 1.48882e-06 
753.809 1.49045e-06 
754.248 1.49208e-06 
754.688 1.49371e-06 
755.127 1.49534e-06 
755.566 1.49697e-06 
756.006 1.4986e-06 
756.445 1.50024e-06 
756.885 1.50187e-06 
757.324 1.50351e-06 
757.764 1.50514e-06 
758.203 1.50678e-06 
758.643 1.50841e-06 
759.082 1.51005e-06 
759.521 1.51168e-06 
759.961 1.51332e-06 
760.4 1.51496e-06 
760.84 1.5166e-06 
761.279 1.51823e-06 
761.719 1.51987e-06 
762.158 1.52151e-06 
762.598 1.52315e-06 
763.037 1.52479e-06 
763.477 1.52643e-06 
763.916 1.52807e-06 
764.355 1.52971e-06 
764.795 1.53135e-06 
765.234 1.53299e-06 
765.674 1.53463e-06 
766.113 1.53628e-06 
766.553 1.53792e-06 
766.992 1.53956e-06 
767.432 1.54121e-06 
767.871 1.54285e-06 
768.311 1.5445e-06 
768.75 1.54614e-06 
769.189 1.54779e-06 
769.629 1.54943e-06 
770.068 1.55108e-06 
770.508 1.55273e-06 
770.947 1.55438e-06 
771.387 1.55603e-06 
771.826 1.55768e-06 
772.266 1.55933e-06 
772.705 1.56099e-06 
773.145 1.56264e-06 
773.584 1.56429e-06 
774.023 1.56595e-06 
774.463 1.56761e-06 
774.902 1.56926e-06 
775.342 1.57092e-06 
775.781 1.57258e-06 
776.221 1.57424e-06 
776.66 1.5759e-06 
777.1 1.57756e-06 
777.539 1.57922e-06 
777.979 1.58089e-06 
778.418 1.58255e-06 
778.857 1.58422e-06 
779.297 1.58588e-06 
779.736 1.58755e-06 
780.176 1.58922e-06 
780.615 1.59089e-06 
781.055 1.59256e-06 
781.494 1.59423e-06 
781.934 1.59591e-06 
782.373 1.59758e-06 
782.812 1.59926e-06 
783.252 1.60093e-06 
783.691 1.60261e-06 
784.131 1.60429e-06 
784.57 1.60597e-06 
785.01 1.60766e-06 
785.449 1.60934e-06 
785.889 1.61103e-06 
786.328 1.61271e-06 
786.768 1.6144e-06 
787.207 1.61609e-06 
787.646 1.61778e-06 
788.086 1.61948e-06 
788.525 1.62117e-06 
788.965 1.62287e-06 
789.404 1.62456e-06 
789.844 1.62626e-06 
790.283 1.62796e-06 
790.723 1.62967e-06 
791.162 1.63137e-06 
791.602 1.63308e-06 
792.041 1.63478e-06 
792.48 1.63649e-06 
792.92 1.6382e-06 
793.359 1.63991e-06 
793.799 1.64162e-06 
794.238 1.64334e-06 
794.678 1.64505e-06 
795.117 1.64677e-06 
795.557 1.64848e-06 
795.996 1.6502e-06 
796.436 1.65192e-06 
796.875 1.65364e-06 
797.314 1.65536e-06 
797.754 1.65708e-06 
798.193 1.6588e-06 
798.633 1.66053e-06 
799.072 1.66225e-06 
799.512 1.66398e-06 
799.951 1.6657e-06 
800.391 1.66743e-06 
800.83 1.66916e-06 
801.27 1.67089e-06 
801.709 1.67262e-06 
802.148 1.67435e-06 
802.588 1.67608e-06 
803.027 1.67782e-06 
803.467 1.67955e-06 
803.906 1.68129e-06 
804.346 1.68303e-06 
804.785 1.68477e-06 
805.225 1.68651e-06 
805.664 1.68825e-06 
806.104 1.69e-06 
806.543 1.69174e-06 
806.982 1.69349e-06 
807.422 1.69524e-06 
807.861 1.69699e-06 
808.301 1.69875e-06 
808.74 1.7005e-06 
809.18 1.70226e-06 
809.619 1.70402e-06 
810.059 1.70578e-06 
810.498 1.70755e-06 
810.938 1.70932e-06 
811.377 1.71109e-06 
811.816 1.71286e-06 
812.256 1.71463e-06 
812.695 1.71641e-06 
813.135 1.71818e-06 
813.574 1.71996e-06 
814.014 1.72174e-06 
814.453 1.72353e-06 
814.893 1.72531e-06 
815.332 1.7271e-06 
815.771 1.72889e-06 
816.211 1.73068e-06 
816.65 1.73247e-06 
817.09 1.73427e-06 
817.529 1.73606e-06 
817.969 1.73786e-06 
818.408 1.73966e-06 
818.848 1.74146e-06 
819.287 1.74326e-06 
819.727 1.74506e-06 
820.166 1.74687e-06 
820.605 1.74867e-06 
821.045 1.75048e-06 
821.484 1.75229e-06 
821.924 1.7541e-06 
822.363 1.75591e-06 
822.803 1.75773e-06 
823.242 1.75954e-06 
823.682 1.76136e-06 
824.121 1.76318e-06 
824.561 1.765e-06 
825 1.76682e-06 
825.439 1.76865e-06 
825.879 1.77048e-06 
826.318 1.77231e-06 
826.758 1.77414e-06 
827.197 1.77598e-06 
827.637 1.77781e-06 
828.076 1.77966e-06 
828.516 1.7815e-06 
828.955 1.78334e-06 
829.395 1.78519e-06 
829.834 1.78705e-06 
830.273 1.7889e-06 
830.713 1.79076e-06 
831.152 1.79262e-06 
831.592 1.79448e-06 
832.031 1.79634e-06 
832.471 1.79821e-06 
832.91 1.80008e-06 
833.35 1.80195e-06 
833.789 1.80382e-06 
834.229 1.8057e-06 
834.668 1.80758e-06 
835.107 1.80946e-06 
835.547 1.81134e-06 
835.986 1.81323e-06 
836.426 1.81511e-06 
836.865 1.817e-06 
837.305 1.81889e-06 
837.744 1.82078e-06 
838.184 1.82268e-06 
838.623 1.82457e-06 
839.062 1.82647e-06 
839.502 1.82837e-06 
839.941 1.83027e-06 
840.381 1.83217e-06 
840.82 1.83407e-06 
841.26 1.83598e-06 
841.699 1.83789e-06 
842.139 1.83979e-06 
842.578 1.84171e-06 
843.018 1.84362e-06 
843.457 1.84553e-06 
843.896 1.84745e-06 
844.336 1.84937e-06 
844.775 1.85129e-06 
845.215 1.85322e-06 
845.654 1.85514e-06 
846.094 1.85707e-06 
846.533 1.859e-06 
846.973 1.86093e-06 
847.412 1.86287e-06 
847.852 1.86481e-06 
848.291 1.86675e-06 
848.73 1.86869e-06 
849.17 1.87064e-06 
849.609 1.87259e-06 
850.049 1.87454e-06 
850.488 1.87649e-06 
850.928 1.87844e-06 
851.367 1.8804e-06 
851.807 1.88236e-06 
852.246 1.88432e-06 
852.686 1.88628e-06 
853.125 1.88825e-06 
853.564 1.89021e-06 
854.004 1.89218e-06 
854.443 1.89415e-06 
854.883 1.89612e-06 
855.322 1.8981e-06 
855.762 1.90007e-06 
856.201 1.90205e-06 
856.641 1.90403e-06 
857.08 1.90601e-06 
857.52 1.90799e-06 
857.959 1.90997e-06 
858.398 1.91196e-06 
858.838 1.91395e-06 
859.277 1.91594e-06 
859.717 1.91793e-06 
860.156 1.91992e-06 
860.596 1.92192e-06 
861.035 1.92392e-06 
861.475 1.92592e-06 
861.914 1.92792e-06 
862.354 1.92992e-06 
862.793 1.93192e-06 
863.232 1.93393e-06 
863.672 1.93594e-06 
864.111 1.93795e-06 
864.551 1.93996e-06 
864.99 1.94197e-06 
865.43 1.94398e-06 
865.869 1.946e-06 
866.309 1.94801e-06 
866.748 1.95003e-06 
867.188 1.95204e-06 
867.627 1.95406e-06 
868.066 1.95608e-06 
868.506 1.9581e-06 
868.945 1.96011e-06 
869.385 1.96213e-06 
869.824 1.96416e-06 
870.264 1.96618e-06 
870.703 1.9682e-06 
871.143 1.97022e-06 
871.582 1.97225e-06 
872.021 1.97428e-06 
872.461 1.97631e-06 
872.9 1.97834e-06 
873.34 1.98037e-06 
873.779 1.98241e-06 
874.219 1.98445e-06 
874.658 1.9865e-06 
875.098 1.98855e-06 
875.537 1.9906e-06 
875.977 1.99266e-06 
876.416 1.99472e-06 
876.855 1.99679e-06 
877.295 1.99886e-06 
877.734 2.00093e-06 
878.174 2.00302e-06 
878.613 2.0051e-06 
879.053 2.0072e-06 
879.492 2.0093e-06 
879.932 2.0114e-06 
880.371 2.01351e-06 
880.811 2.01562e-06 
881.25 2.01774e-06 
881.689 2.01987e-06 
882.129 2.02199e-06 
882.568 2.02413e-06 
883.008 2.02627e-06 
883.447 2.02841e-06 
883.887 2.03055e-06 
884.326 2.0327e-06 
884.766 2.03486e-06 
885.205 2.03702e-06 
885.645 2.03918e-06 
886.084 2.04135e-06 
886.523 2.04352e-06 
886.963 2.0457e-06 
887.402 2.04788e-06 
887.842 2.05007e-06 
888.281 2.05227e-06 
888.721 2.05447e-06 
889.16 2.05668e-06 
889.6 2.05889e-06 
890.039 2.06111e-06 
890.479 2.06334e-06 
890.918 2.06557e-06 
891.357 2.06781e-06 
891.797 2.07006e-06 
892.236 2.07231e-06 
892.676 2.07457e-06 
893.115 2.07683e-06 
893.555 2.0791e-06 
893.994 2.08138e-06 
894.434 2.08366e-06 
894.873 2.08594e-06 
895.312 2.08823e-06 
895.752 2.09052e-06 
896.191 2.09281e-06 
896.631 2.09511e-06 
897.07 2.09741e-06 
897.51 2.09971e-06 
897.949 2.10201e-06 
898.389 2.10432e-06 
898.828 2.10663e-06 
899.268 2.10894e-06 
899.707 2.11125e-06 
900.146 2.11357e-06 
900.586 2.11589e-06 
901.025 2.11821e-06 
901.465 2.12054e-06 
901.904 2.12287e-06 
902.344 2.12521e-06 
902.783 2.12754e-06 
903.223 2.12988e-06 
903.662 2.13223e-06 
904.102 2.13457e-06 
904.541 2.13692e-06 
904.98 2.13927e-06 
905.42 2.14161e-06 
905.859 2.14396e-06 
906.299 2.14631e-06 
906.738 2.14866e-06 
907.178 2.151e-06 
907.617 2.15335e-06 
908.057 2.15568e-06 
908.496 2.15802e-06 
908.936 2.16035e-06 
909.375 2.16268e-06 
909.814 2.16501e-06 
910.254 2.16733e-06 
910.693 2.16964e-06 
911.133 2.17196e-06 
911.572 2.17427e-06 
912.012 2.17658e-06 
912.451 2.17889e-06 
912.891 2.1812e-06 
913.33 2.18351e-06 
913.77 2.18581e-06 
914.209 2.18812e-06 
914.648 2.19042e-06 
915.088 2.19272e-06 
915.527 2.19501e-06 
915.967 2.1973e-06 
916.406 2.19958e-06 
916.846 2.20186e-06 
917.285 2.20412e-06 
917.725 2.20638e-06 
918.164 2.20862e-06 
918.604 2.21085e-06 
919.043 2.21306e-06 
919.482 2.21525e-06 
919.922 2.21742e-06 
920.361 2.21957e-06 
920.801 2.22172e-06 
921.24 2.22385e-06 
921.68 2.22597e-06 
922.119 2.22808e-06 
922.559 2.23017e-06 
922.998 2.23224e-06 
923.438 2.23429e-06 
923.877 2.23633e-06 
924.316 2.23835e-06 
924.756 2.24035e-06 
925.195 2.24234e-06 
925.635 2.24431e-06 
926.074 2.24627e-06 
926.514 2.24822e-06 
926.953 2.25015e-06 
927.393 2.25209e-06 
927.832 2.25401e-06 
928.271 2.25593e-06 
928.711 2.25785e-06 
929.15 2.25977e-06 
929.59 2.26169e-06 
930.029 2.26363e-06 
930.469 2.26557e-06 
930.908 2.26753e-06 
931.348 2.26951e-06 
931.787 2.2715e-06 
932.227 2.27353e-06 
932.666 2.27557e-06 
933.105 2.27765e-06 
933.545 2.27977e-06 
933.984 2.28192e-06 
934.424 2.28411e-06 
934.863 2.28635e-06 
935.303 2.28863e-06 
935.742 2.29096e-06 
936.182 2.29334e-06 
936.621 2.29577e-06 
937.061 2.29826e-06 
937.5 2.3008e-06 
937.939 2.3034e-06 
938.379 2.30606e-06 
938.818 2.30878e-06 
939.258 2.31156e-06 
939.697 2.3144e-06 
940.137 2.31729e-06 
940.576 2.32025e-06 
941.016 2.32326e-06 
941.455 2.32632e-06 
941.895 2.32943e-06 
942.334 2.33258e-06 
942.773 2.33578e-06 
943.213 2.33902e-06 
943.652 2.34229e-06 
944.092 2.34559e-06 
944.531 2.3489e-06 
944.971 2.35224e-06 
945.41 2.35558e-06 
945.85 2.35894e-06 
946.289 2.3623e-06 
946.729 2.36566e-06 
947.168 2.36902e-06 
947.607 2.37237e-06 
948.047 2.37573e-06 
948.486 2.37909e-06 
948.926 2.38244e-06 
949.365 2.38579e-06 
949.805 2.38914e-06 
950.244 2.39249e-06 
950.684 2.39584e-06 
951.123 2.3992e-06 
951.562 2.40257e-06 
952.002 2.40594e-06 
952.441 2.40933e-06 
952.881 2.41274e-06 
953.32 2.41618e-06 
953.76 2.41965e-06 
954.199 2.42315e-06 
954.639 2.42669e-06 
955.078 2.43027e-06 
955.518 2.43389e-06 
955.957 2.43756e-06 
956.396 2.44127e-06 
956.836 2.44505e-06 
957.275 2.44889e-06 
957.715 2.4528e-06 
958.154 2.45679e-06 
958.594 2.4609e-06 
959.033 2.46514e-06 
959.473 2.46951e-06 
959.912 2.47404e-06 
960.352 2.47872e-06 
960.791 2.48356e-06 
961.23 2.48856e-06 
961.67 2.49371e-06 
962.109 2.49901e-06 
962.549 2.50444e-06 
962.988 2.51e-06 
963.428 2.51567e-06 
963.867 2.52146e-06 
964.307 2.52735e-06 
964.746 2.53331e-06 
965.186 2.53929e-06 
965.625 2.54525e-06 
966.064 2.55112e-06 
966.504 2.55683e-06 
966.943 2.56231e-06 
967.383 2.56752e-06 
967.822 2.57239e-06 
968.262 2.57691e-06 
968.701 2.58107e-06 
969.141 2.58487e-06 
969.58 2.58828e-06 
970.02 2.59129e-06 
970.459 2.59389e-06 
970.898 2.59604e-06 
971.338 2.59772e-06 
971.777 2.59892e-06 
972.217 2.59967e-06 
972.656 2.60002e-06 
973.096 2.6e-06 
973.535 2.59965e-06 
973.975 2.59898e-06 
974.414 2.59796e-06 
974.854 2.59656e-06 
975.293 2.59473e-06 
975.732 2.59244e-06 
976.172 2.58965e-06 
976.611 2.58634e-06 
977.051 2.58251e-06 
977.49 2.57813e-06 
977.93 2.57314e-06 
978.369 2.56749e-06 
978.809 2.56115e-06 
979.248 2.55419e-06 
979.688 2.54675e-06 
980.127 2.53905e-06 
980.566 2.53133e-06 
981.006 2.52381e-06 
981.445 2.51663e-06 
981.885 2.50988e-06 
982.324 2.5036e-06 
982.764 2.49784e-06 
983.203 2.49266e-06 
983.643 2.48813e-06 
984.082 2.48428e-06 
984.521 2.48116e-06 
984.961 2.47875e-06 
985.4 2.47704e-06 
985.84 2.47602e-06 
986.279 2.47569e-06 
986.719 2.47609e-06 
987.158 2.47721e-06 
987.598 2.47898e-06 
988.037 2.48123e-06 
988.477 2.48383e-06 
988.916 2.48679e-06 
989.355 2.49028e-06 
989.795 2.49463e-06 
990.234 2.50014e-06 
990.674 2.507e-06 
991.113 2.51518e-06 
991.553 2.52449e-06 
991.992 2.53475e-06 
992.432 2.54586e-06 
992.871 2.55786e-06 
993.311 2.57083e-06 
993.75 2.58483e-06 
994.189 2.59992e-06 
994.629 2.61616e-06 
995.068 2.63369e-06 
995.508 2.65251e-06 
995.947 2.67239e-06 
996.387 2.69275e-06 
996.826 2.71259e-06 
997.266 2.73061e-06 
997.705 2.74518e-06 
998.145 2.75431e-06 
998.584 2.75664e-06 
999.023 2.75216e-06 
999.463 2.74196e-06 
999.902 2.72777e-06 
1000.34 2.7111e-06 
1000.78 2.6929e-06 
1001.22 2.67374e-06 
1001.66 2.65419e-06 
1002.1 2.63502e-06 
1002.54 2.61703e-06 
1002.98 2.60087e-06 
1003.42 2.58696e-06 
1003.86 2.57558e-06 
1004.3 2.56686e-06 
1004.74 2.56075e-06 
1005.18 2.55702e-06 
1005.62 2.55527e-06 
1006.05 2.5551e-06 
1006.49 2.55608e-06 
1006.93 2.55776e-06 
1007.37 2.55986e-06 
1007.81 2.56241e-06 
1008.25 2.56571e-06 
1008.69 2.57004e-06 
1009.13 2.57526e-06 
1009.57 2.58035e-06 
1010.01 2.58351e-06 
1010.45 2.58332e-06 
1010.89 2.57971e-06 
1011.33 2.57406e-06 
1011.77 2.56861e-06 
1012.21 2.56545e-06 
1012.65 2.56571e-06 
1013.09 2.56973e-06 
1013.53 2.578e-06 
1013.96 2.59152e-06 
1014.4 2.61166e-06 
1014.84 2.64001e-06 
1015.28 2.67862e-06 
1015.72 2.73076e-06 
1016.16 2.80171e-06 
1016.6 2.90045e-06 
1017.04 3.04356e-06 
1017.48 3.26226e-06 
1017.92 3.61843e-06 
1018.36 4.24664e-06 
1018.8 5.46109e-06 
1019.24 7.92144e-06 
1019.68 1.1629e-05 
1020.12 1.26505e-05 
1020.56 9.61431e-06 
1021 6.39899e-06 
1021.44 4.69743e-06 
1021.88 3.84624e-06 
1022.31 3.38388e-06 
1022.75 3.1103e-06 
1023.19 2.93682e-06 
1023.63 2.82067e-06 
1024.07 2.73951e-06 
1024.51 2.68086e-06 
1024.95 2.63729e-06 
1025.39 2.60421e-06 
1025.83 2.57864e-06 
1026.27 2.55859e-06 
1026.71 2.54271e-06 
1027.15 2.53003e-06 
1027.59 2.51984e-06 
1028.03 2.51163e-06 
1028.47 2.505e-06 
1028.91 2.49966e-06 
1029.35 2.49538e-06 
1029.79 2.49196e-06 
1030.22 2.48928e-06 
1030.66 2.48722e-06 
1031.1 2.48571e-06 
1031.54 2.48464e-06 
1031.98 2.48398e-06 
1032.42 2.48367e-06 
1032.86 2.48366e-06 
1033.3 2.48392e-06 
1033.74 2.48443e-06 
1034.18 2.48515e-06 
1034.62 2.48606e-06 
1035.06 2.48714e-06 
1035.5 2.48839e-06 
1035.94 2.48979e-06 
1036.38 2.49133e-06 
1036.82 2.49299e-06 
1037.26 2.49479e-06 
1037.7 2.4967e-06 
1038.13 2.49874e-06 
1038.57 2.5009e-06 
1039.01 2.5032e-06 
1039.45 2.50563e-06 
1039.89 2.50819e-06 
1040.33 2.51088e-06 
1040.77 2.51372e-06 
1041.21 2.51671e-06 
1041.65 2.51987e-06 
1042.09 2.52319e-06 
1042.53 2.52668e-06 
1042.97 2.53034e-06 
1043.41 2.53419e-06 
1043.85 2.53825e-06 
1044.29 2.54253e-06 
1044.73 2.54701e-06 
1045.17 2.5517e-06 
1045.61 2.55661e-06 
1046.04 2.56175e-06 
1046.48 2.5671e-06 
1046.92 2.57269e-06 
1047.36 2.5785e-06 
1047.8 2.58454e-06 
1048.24 2.5908e-06 
1048.68 2.59731e-06 
1049.12 2.60408e-06 
1049.56 2.61111e-06 
1050 2.61841e-06 
1050.44 2.62596e-06 
1050.88 2.63376e-06 
1051.32 2.64182e-06 
1051.76 2.65011e-06 
1052.2 2.65861e-06 
1052.64 2.6673e-06 
1053.08 2.67615e-06 
1053.52 2.68517e-06 
1053.96 2.69433e-06 
1054.39 2.70364e-06 
1054.83 2.71306e-06 
1055.27 2.72255e-06 
1055.71 2.73207e-06 
1056.15 2.74154e-06 
1056.59 2.75088e-06 
1057.03 2.76003e-06 
1057.47 2.76889e-06 
1057.91 2.77741e-06 
1058.35 2.78553e-06 
1058.79 2.79325e-06 
1059.23 2.80057e-06 
1059.67 2.80749e-06 
1060.11 2.814e-06 
1060.55 2.82011e-06 
1060.99 2.82577e-06 
1061.43 2.83096e-06 
1061.87 2.83568e-06 
1062.3 2.83992e-06 
1062.74 2.84373e-06 
1063.18 2.84719e-06 
1063.62 2.85039e-06 
1064.06 2.85339e-06 
1064.5 2.85626e-06 
1064.94 2.85903e-06 
1065.38 2.86169e-06 
1065.82 2.8642e-06 
1066.26 2.86654e-06 
1066.7 2.86868e-06 
1067.14 2.8706e-06 
1067.58 2.87227e-06 
1068.02 2.87363e-06 
1068.46 2.8746e-06 
1068.9 2.87506e-06 
1069.34 2.87497e-06 
1069.78 2.87441e-06 
1070.21 2.87353e-06 
1070.65 2.87254e-06 
1071.09 2.87163e-06 
1071.53 2.87093e-06 
1071.97 2.87043e-06 
1072.41 2.87007e-06 
1072.85 2.86973e-06 
1073.29 2.8693e-06 
1073.73 2.86872e-06 
1074.17 2.86801e-06 
1074.61 2.86719e-06 
1075.05 2.86627e-06 
1075.49 2.86522e-06 
1075.93 2.86398e-06 
1076.37 2.86247e-06 
1076.81 2.86065e-06 
1077.25 2.8585e-06 
1077.69 2.85597e-06 
1078.12 2.85298e-06 
1078.56 2.84947e-06 
1079 2.84539e-06 
1079.44 2.84086e-06 
1079.88 2.83616e-06 
1080.32 2.83163e-06 
1080.76 2.82757e-06 
1081.2 2.82407e-06 
1081.64 2.82097e-06 
1082.08 2.81794e-06 
1082.52 2.81471e-06 
1082.96 2.81113e-06 
1083.4 2.80718e-06 
1083.84 2.80283e-06 
1084.28 2.798e-06 
1084.72 2.79265e-06 
1085.16 2.78702e-06 
1085.6 2.78158e-06 
1086.04 2.77689e-06 
1086.47 2.77327e-06 
1086.91 2.77055e-06 
1087.35 2.76788e-06 
1087.79 2.76385e-06 
1088.23 2.75655e-06 
1088.67 2.74362e-06 
1089.11 2.72353e-06 
1089.55 2.69656e-06 
1089.99 2.66429e-06 
1090.43 2.62901e-06 
1090.87 2.5926e-06 
1091.31 2.55617e-06 
1091.75 2.52036e-06 
1092.19 2.48595e-06 
1092.63 2.45397e-06 
1093.07 2.42545e-06 
1093.51 2.40103e-06 
1093.95 2.38083e-06 
1094.38 2.3648e-06 
1094.82 2.35299e-06 
1095.26 2.34571e-06 
1095.7 2.34348e-06 
1096.14 2.34663e-06 
1096.58 2.35524e-06 
1097.02 2.36881e-06 
1097.46 2.38634e-06 
1097.9 2.407e-06 
1098.34 2.43053e-06 
1098.78 2.45731e-06 
1099.22 2.48791e-06 
1099.66 2.52228e-06 
1100.1 2.55925e-06 
1100.54 2.59669e-06 
1100.98 2.63319e-06 
1101.42 2.6689e-06 
1101.86 2.70523e-06 
1102.29 2.74366e-06 
1102.73 2.78435e-06 
1103.17 2.82534e-06 
1103.61 2.86295e-06 
1104.05 2.89266e-06 
1104.49 2.91146e-06 
1104.93 2.92033e-06 
1105.37 2.92373e-06 
1105.81 2.9287e-06 
1106.25 2.94389e-06 
1106.69 2.97905e-06 
1107.13 3.04766e-06 
1107.57 3.17309e-06 
1108.01 3.39862e-06 
1108.45 3.80887e-06 
1108.89 4.58618e-06 
1109.33 6.15305e-06 
1109.77 9.35131e-06 
1110.21 1.38961e-05 
1110.64 1.50223e-05 
1111.08 1.08757e-05 
1111.52 6.86455e-06 
1111.96 4.7972e-06 
1112.4 3.75818e-06 
1112.84 3.18913e-06 
1113.28 2.84991e-06 
1113.72 2.63377e-06 
1114.16 2.48966e-06 
1114.6 2.39127e-06 
1115.04 2.32327e-06 
1115.48 2.27444e-06 
1115.92 2.23462e-06 
1116.36 2.1958e-06 
1116.8 2.15443e-06 
1117.24 2.11178e-06 
1117.68 2.07226e-06 
1118.12 2.04089e-06 
1118.55 2.02072e-06 
1118.99 2.01241e-06 
1119.43 2.0166e-06 
1119.87 2.03535e-06 
1120.31 2.07191e-06 
1120.75 2.1302e-06 
1121.19 2.21505e-06 
1121.63 2.33407e-06 
1122.07 2.49972e-06 
1122.51 2.73291e-06 
1122.95 3.07186e-06 
1123.39 3.5884e-06 
1123.83 4.42315e-06 
1124.27 5.87593e-06 
1124.71 8.63976e-06 
1125.15 1.42343e-05 
1125.59 2.35717e-05 
1126.03 2.89779e-05 
1126.46 2.26477e-05 
1126.9 1.32888e-05 
1127.34 8.11045e-06 
1127.78 5.54706e-06 
1128.22 4.17668e-06 
1128.66 3.37602e-06 
1129.1 2.8725e-06 
1129.54 2.53688e-06 
1129.98 2.30264e-06 
1130.42 2.13297e-06 
1130.86 2.0063e-06 
1131.3 1.90933e-06 
1131.74 1.83353e-06 
1132.18 1.7732e-06 
1132.62 1.72445e-06 
1133.06 1.68453e-06 
1133.5 1.65147e-06 
1133.94 1.62382e-06 
1134.38 1.60049e-06 
1134.81 1.58065e-06 
1135.25 1.56367e-06 
1135.69 1.54904e-06 
1136.13 1.53638e-06 
1136.57 1.52538e-06 
1137.01 1.51577e-06 
1137.45 1.50736e-06 
1137.89 1.49998e-06 
1138.33 1.49348e-06 
1138.77 1.48775e-06 
1139.21 1.4827e-06 
1139.65 1.47824e-06 
1140.09 1.4743e-06 
1140.53 1.47083e-06 
1140.97 1.46777e-06 
1141.41 1.46508e-06 
1141.85 1.46272e-06 
1142.29 1.46066e-06 
1142.72 1.45887e-06 
1143.16 1.45733e-06 
1143.6 1.456e-06 
1144.04 1.45488e-06 
1144.48 1.45395e-06 
1144.92 1.45318e-06 
1145.36 1.45258e-06 
1145.8 1.45211e-06 
1146.24 1.45178e-06 
1146.68 1.45158e-06 
1147.12 1.45149e-06 
1147.56 1.4515e-06 
1148 1.45162e-06 
1148.44 1.45184e-06 
1148.88 1.45214e-06 
1149.32 1.45253e-06 
1149.76 1.453e-06 
1150.2 1.45356e-06 
1150.63 1.45418e-06 
1151.07 1.45488e-06 
1151.51 1.45566e-06 
1151.95 1.4565e-06 
1152.39 1.4574e-06 
1152.83 1.45837e-06 
1153.27 1.4594e-06 
1153.71 1.46049e-06 
1154.15 1.46164e-06 
1154.59 1.46284e-06 
1155.03 1.4641e-06 
1155.47 1.4654e-06 
1155.91 1.46675e-06 
1156.35 1.46815e-06 
1156.79 1.46958e-06 
1157.23 1.47105e-06 
1157.67 1.47256e-06 
1158.11 1.4741e-06 
1158.54 1.47567e-06 
1158.98 1.47726e-06 
1159.42 1.47888e-06 
1159.86 1.48053e-06 
1160.3 1.48219e-06 
1160.74 1.48387e-06 
1161.18 1.48558e-06 
1161.62 1.48729e-06 
1162.06 1.48903e-06 
1162.5 1.49078e-06 
1162.94 1.49255e-06 
1163.38 1.49434e-06 
1163.82 1.49614e-06 
1164.26 1.49796e-06 
1164.7 1.4998e-06 
1165.14 1.50165e-06 
1165.58 1.50352e-06 
1166.02 1.50541e-06 
1166.46 1.50731e-06 
1166.89 1.50922e-06 
1167.33 1.51115e-06 
1167.77 1.51309e-06 
1168.21 1.51503e-06 
1168.65 1.51699e-06 
1169.09 1.51894e-06 
1169.53 1.5209e-06 
1169.97 1.52286e-06 
1170.41 1.52482e-06 
1170.85 1.52677e-06 
1171.29 1.52872e-06 
1171.73 1.53066e-06 
1172.17 1.53259e-06 
1172.61 1.53452e-06 
1173.05 1.53643e-06 
1173.49 1.53834e-06 
1173.93 1.54024e-06 
1174.37 1.54213e-06 
1174.8 1.54401e-06 
1175.24 1.54588e-06 
1175.68 1.54774e-06 
1176.12 1.5496e-06 
1176.56 1.55144e-06 
1177 1.55328e-06 
1177.44 1.5551e-06 
1177.88 1.55691e-06 
1178.32 1.5587e-06 
1178.76 1.56047e-06 
1179.2 1.56221e-06 
1179.64 1.56391e-06 
1180.08 1.56558e-06 
1180.52 1.5672e-06 
1180.96 1.56878e-06 
1181.4 1.57029e-06 
1181.84 1.57175e-06 
1182.28 1.57315e-06 
1182.71 1.5745e-06 
1183.15 1.57578e-06 
1183.59 1.577e-06 
1184.03 1.57814e-06 
1184.47 1.5792e-06 
1184.91 1.58021e-06 
1185.35 1.58115e-06 
1185.79 1.58204e-06 
1186.23 1.58287e-06 
1186.67 1.58363e-06 
1187.11 1.58433e-06 
1187.55 1.58497e-06 
1187.99 1.58554e-06 
1188.43 1.58605e-06 
1188.87 1.58651e-06 
1189.31 1.58692e-06 
1189.75 1.58729e-06 
1190.19 1.58762e-06 
1190.62 1.58792e-06 
1191.06 1.58821e-06 
1191.5 1.58848e-06 
1191.94 1.58875e-06 
1192.38 1.58903e-06 
1192.82 1.58933e-06 
1193.26 1.58966e-06 
1193.7 1.59003e-06 
1194.14 1.59045e-06 
1194.58 1.59094e-06 
1195.02 1.5915e-06 
1195.46 1.59216e-06 
1195.9 1.59292e-06 
1196.34 1.59379e-06 
1196.78 1.59479e-06 
1197.22 1.59593e-06 
1197.66 1.59722e-06 
1198.1 1.59867e-06 
1198.54 1.60028e-06 
1198.97 1.60207e-06 
1199.41 1.60406e-06 
1199.85 1.60625e-06 
1200.29 1.60864e-06 
1200.73 1.61125e-06 
1201.17 1.61406e-06 
1201.61 1.61709e-06 
1202.05 1.62035e-06 
1202.49 1.62385e-06 
1202.93 1.62756e-06 
1203.37 1.63149e-06 
1203.81 1.63563e-06 
1204.25 1.63997e-06 
1204.69 1.64453e-06 
1205.13 1.64928e-06 
1205.57 1.65421e-06 
1206.01 1.65928e-06 
1206.45 1.6645e-06 
1206.88 1.66986e-06 
1207.32 1.67533e-06 
1207.76 1.68091e-06 
1208.2 1.68654e-06 
1208.64 1.69223e-06 
1209.08 1.69796e-06 
1209.52 1.70373e-06 
1209.96 1.70953e-06 
1210.4 1.71534e-06 
1210.84 1.72114e-06 
1211.28 1.72692e-06 
1211.72 1.7327e-06 
1212.16 1.73848e-06 
1212.6 1.74426e-06 
1213.04 1.75004e-06 
1213.48 1.75581e-06 
1213.92 1.76159e-06 
1214.36 1.76739e-06 
1214.79 1.77323e-06 
1215.23 1.77911e-06 
1215.67 1.78506e-06 
1216.11 1.79108e-06 
1216.55 1.79717e-06 
1216.99 1.80336e-06 
1217.43 1.80967e-06 
1217.87 1.81612e-06 
1218.31 1.82274e-06 
1218.75 1.82955e-06 
1219.19 1.83654e-06 
1219.63 1.84376e-06 
1220.07 1.85125e-06 
1220.51 1.85906e-06 
1220.95 1.86722e-06 
1221.39 1.87578e-06 
1221.83 1.88474e-06 
1222.27 1.89416e-06 
1222.71 1.90408e-06 
1223.14 1.91455e-06 
1223.58 1.92559e-06 
1224.02 1.93722e-06 
1224.46 1.94944e-06 
1224.9 1.96223e-06 
1225.34 1.97561e-06 
1225.78 1.98952e-06 
1226.22 2.00393e-06 
1226.66 2.01874e-06 
1227.1 2.03386e-06 
1227.54 2.04915e-06 
1227.98 2.06449e-06 
1228.42 2.07975e-06 
1228.86 2.09477e-06 
1229.3 2.1094e-06 
1229.74 2.12345e-06 
1230.18 2.13676e-06 
1230.62 2.14914e-06 
1231.05 2.16042e-06 
1231.49 2.17043e-06 
1231.93 2.17899e-06 
1232.37 2.186e-06 
1232.81 2.19138e-06 
1233.25 2.19509e-06 
1233.69 2.19711e-06 
1234.13 2.19748e-06 
1234.57 2.19626e-06 
1235.01 2.19342e-06 
1235.45 2.18894e-06 
1235.89 2.18274e-06 
1236.33 2.17478e-06 
1236.77 2.1651e-06 
1237.21 2.15374e-06 
1237.65 2.14077e-06 
1238.09 2.12617e-06 
1238.53 2.10991e-06 
1238.96 2.09187e-06 
1239.4 2.07188e-06 
1239.84 2.04972e-06 
1240.28 2.02525e-06 
1240.72 1.99847e-06 
1241.16 1.96956e-06 
1241.6 1.93878e-06 
1242.04 1.90642e-06 
1242.48 1.8727e-06 
1242.92 1.83775e-06 
1243.36 1.8018e-06 
1243.8 1.76524e-06 
1244.24 1.72856e-06 
1244.68 1.69243e-06 
1245.12 1.65752e-06 
1245.56 1.62437e-06 
1246 1.59328e-06 
1246.44 1.56442e-06 
1246.88 1.53786e-06 
1247.31 1.51369e-06 
1247.75 1.49207e-06 
1248.19 1.4732e-06 
1248.63 1.4572e-06 
1249.07 1.444e-06 
1249.51 1.43333e-06 
1249.95 1.42489e-06 
1250.39 1.41861e-06 
1250.83 1.41477e-06 
1251.27 1.41389e-06 
1251.71 1.4164e-06 
1252.15 1.42236e-06 
1252.59 1.43141e-06 
1253.03 1.44313e-06 
1253.47 1.45746e-06 
1253.91 1.47486e-06 
1254.35 1.49614e-06 
1254.79 1.52204e-06 
1255.22 1.55283e-06 
1255.66 1.58828e-06 
1256.1 1.62799e-06 
1256.54 1.67176e-06 
1256.98 1.71967e-06 
1257.42 1.77165e-06 
1257.86 1.82715e-06 
1258.3 1.88489e-06 
1258.74 1.94303e-06 
1259.18 1.99935e-06 
1259.62 2.05109e-06 
1260.06 2.09506e-06 
1260.5 2.12973e-06 
1260.94 2.15436e-06 
1261.38 2.16871e-06 
1261.82 2.17192e-06 
1262.26 2.1613e-06 
1262.7 2.13326e-06 
1263.13 2.08719e-06 
1263.57 2.02591e-06 
1264.01 1.95448e-06 
1264.45 1.87835e-06 
1264.89 1.80117e-06 
1265.33 1.72511e-06 
1265.77 1.6517e-06 
1266.21 1.58259e-06 
1266.65 1.5195e-06 
1267.09 1.46367e-06 
1267.53 1.41566e-06 
1267.97 1.37561e-06 
1268.41 1.34333e-06 
1268.85 1.31823e-06 
1269.29 1.29991e-06 
1269.73 1.2879e-06 
1270.17 1.28171e-06 
1270.61 1.28043e-06 
1271.04 1.28184e-06 
1271.48 1.28231e-06 
1271.92 1.2788e-06 
1272.36 1.27089e-06 
1272.8 1.26111e-06 
1273.24 1.25307e-06 
1273.68 1.24905e-06 
1274.12 1.24765e-06 
1274.56 1.2452e-06 
1275 1.24033e-06 
1275.44 1.23638e-06 
1275.88 1.24024e-06 
1276.32 1.25997e-06 
1276.76 1.30246e-06 
1277.2 1.37348e-06 
1277.64 1.48091e-06 
1278.08 1.63851e-06 
1278.52 1.87092e-06 
1278.96 2.2225e-06 
1279.39 2.7764e-06 
1279.83 3.70554e-06 
1280.27 5.40289e-06 
1280.71 8.72984e-06 
1281.15 1.44457e-05 
1281.59 1.9114e-05 
1282.03 1.61153e-05 
1282.47 1.13541e-05 
1282.91 1.02732e-05 
1283.35 1.29761e-05 
1283.79 1.99562e-05 
1284.23 2.68729e-05 
1284.67 2.27545e-05 
1285.11 1.31922e-05 
1285.55 7.63846e-06 
1285.99 4.88348e-06 
1286.43 3.41156e-06 
1286.87 2.54929e-06 
1287.3 2.00383e-06 
1287.74 1.63735e-06 
1288.18 1.37914e-06 
1288.62 1.1902e-06 
1289.06 1.04764e-06 
1289.5 9.37326e-07 
1289.94 8.5013e-07 
1290.38 7.79967e-07 
1290.82 7.22633e-07 
1291.26 6.75159e-07 
1291.7 6.35389e-07 
1292.14 6.01732e-07 
1292.58 5.72988e-07 
1293.02 5.48243e-07 
1293.46 5.26785e-07 
1293.9 5.08055e-07 
1294.34 4.91611e-07 
1294.78 4.77096e-07 
1295.21 4.64221e-07 
1295.65 4.5275e-07 
1296.09 4.42487e-07 
1296.53 4.33272e-07 
1296.97 4.24969e-07 
1297.41 4.17463e-07 
1297.85 4.10659e-07 
1298.29 4.04473e-07 
1298.73 3.98836e-07 
1299.17 3.93688e-07 
1299.61 3.88975e-07 
1300.05 3.84652e-07 
1300.49 3.8068e-07 
1300.93 3.77025e-07 
1301.37 3.73654e-07 
1301.81 3.70542e-07 
1302.25 3.67665e-07 
1302.69 3.65001e-07 
1303.12 3.62533e-07 
1303.56 3.60242e-07 
1304 3.58114e-07 
1304.44 3.56136e-07 
1304.88 3.54296e-07 
1305.32 3.52582e-07 
1305.76 3.50984e-07 
1306.2 3.49495e-07 
1306.64 3.48105e-07 
1307.08 3.46809e-07 
1307.52 3.45598e-07 
1307.96 3.44468e-07 
1308.4 3.43412e-07 
1308.84 3.42427e-07 
1309.28 3.41507e-07 
1309.72 3.40649e-07 
1310.16 3.39848e-07 
1310.6 3.39102e-07 
1311.04 3.38408e-07 
1311.47 3.37763e-07 
1311.91 3.37163e-07 
1312.35 3.36607e-07 
1312.79 3.36093e-07 
1313.23 3.35617e-07 
1313.67 3.35178e-07 
1314.11 3.34775e-07 
1314.55 3.34405e-07 
1314.99 3.34066e-07 
1315.43 3.33757e-07 
1315.87 3.33476e-07 
1316.31 3.33221e-07 
1316.75 3.32992e-07 
1317.19 3.32787e-07 
1317.63 3.32604e-07 
1318.07 3.32443e-07 
1318.51 3.32302e-07 
1318.95 3.32181e-07 
1319.38 3.32078e-07 
1319.82 3.31993e-07 
1320.26 3.31926e-07 
1320.7 3.31875e-07 
1321.14 3.31841e-07 
1321.58 3.31822e-07 
1322.02 3.31819e-07 
1322.46 3.31831e-07 
1322.9 3.31858e-07 
1323.34 3.319e-07 
1323.78 3.31956e-07 
1324.22 3.32026e-07 
1324.66 3.32109e-07 
1325.1 3.32205e-07 
1325.54 3.32313e-07 
1325.98 3.32433e-07 
1326.42 3.32563e-07 
1326.86 3.32704e-07 
1327.29 3.32853e-07 
1327.73 3.3301e-07 
1328.17 3.33174e-07 
1328.61 3.33344e-07 
1329.05 3.33519e-07 
1329.49 3.33697e-07 
1329.93 3.33879e-07 
1330.37 3.34062e-07 
1330.81 3.34249e-07 
1331.25 3.3444e-07 
1331.69 3.34633e-07 
1332.13 3.34828e-07 
1332.57 3.35025e-07 
1333.01 3.35222e-07 
1333.45 3.35419e-07 
1333.89 3.35616e-07 
1334.33 3.35813e-07 
1334.77 3.3601e-07 
1335.21 3.36207e-07 
1335.64 3.36405e-07 
1336.08 3.36605e-07 
1336.52 3.36805e-07 
1336.96 3.37007e-07 
1337.4 3.37211e-07 
1337.84 3.37417e-07 
1338.28 3.37627e-07 
1338.72 3.37839e-07 
1339.16 3.38055e-07 
1339.6 3.38275e-07 
1340.04 3.38499e-07 
1340.48 3.38727e-07 
1340.92 3.3896e-07 
1341.36 3.39198e-07 
1341.8 3.39442e-07 
1342.24 3.39691e-07 
1342.68 3.39945e-07 
1343.12 3.40207e-07 
1343.55 3.40475e-07 
1343.99 3.40751e-07 
1344.43 3.41035e-07 
1344.87 3.41327e-07 
1345.31 3.41628e-07 
1345.75 3.4194e-07 
1346.19 3.42262e-07 
1346.63 3.42596e-07 
1347.07 3.4294e-07 
1347.51 3.43298e-07 
1347.95 3.43668e-07 
1348.39 3.44052e-07 
1348.83 3.44449e-07 
1349.27 3.44858e-07 
1349.71 3.45279e-07 
1350.15 3.45712e-07 
1350.59 3.46157e-07 
1351.03 3.46611e-07 
1351.46 3.47073e-07 
1351.9 3.47542e-07 
1352.34 3.48014e-07 
1352.78 3.48489e-07 
1353.22 3.48964e-07 
1353.66 3.49437e-07 
1354.1 3.49904e-07 
1354.54 3.50365e-07 
1354.98 3.50818e-07 
1355.42 3.51262e-07 
1355.86 3.51696e-07 
1356.3 3.52119e-07 
1356.74 3.52532e-07 
1357.18 3.52934e-07 
1357.62 3.53322e-07 
1358.06 3.53699e-07 
1358.5 3.54063e-07 
1358.94 3.54412e-07 
1359.38 3.54746e-07 
1359.81 3.55065e-07 
1360.25 3.55373e-07 
1360.69 3.55669e-07 
1361.13 3.55954e-07 
1361.57 3.56232e-07 
1362.01 3.56502e-07 
1362.45 3.56767e-07 
1362.89 3.5703e-07 
1363.33 3.57294e-07 
1363.77 3.57564e-07 
1364.21 3.5784e-07 
1364.65 3.58126e-07 
1365.09 3.58425e-07 
1365.53 3.5874e-07 
1365.97 3.59072e-07 
1366.41 3.59425e-07 
1366.85 3.59806e-07 
1367.29 3.60217e-07 
1367.72 3.60662e-07 
1368.16 3.61145e-07 
1368.6 3.61674e-07 
1369.04 3.62259e-07 
1369.48 3.62906e-07 
1369.92 3.63617e-07 
1370.36 3.64397e-07 
1370.8 3.65249e-07 
1371.24 3.66175e-07 
1371.68 3.67178e-07 
1372.12 3.68255e-07 
1372.56 3.69404e-07 
1373 3.70625e-07 
1373.44 3.71918e-07 
1373.88 3.73283e-07 
1374.32 3.74716e-07 
1374.76 3.76211e-07 
1375.2 3.77759e-07 
1375.63 3.79347e-07 
1376.07 3.80959e-07 
1376.51 3.82577e-07 
1376.95 3.84182e-07 
1377.39 3.85756e-07 
1377.83 3.8728e-07 
1378.27 3.88745e-07 
1378.71 3.90145e-07 
1379.15 3.91475e-07 
1379.59 3.92729e-07 
1380.03 3.93896e-07 
1380.47 3.94969e-07 
1380.91 3.9594e-07 
1381.35 3.96799e-07 
1381.79 3.97542e-07 
1382.23 3.98164e-07 
1382.67 3.98674e-07 
1383.11 3.99085e-07 
1383.54 3.99407e-07 
1383.98 3.99645e-07 
1384.42 3.99796e-07 
1384.86 3.9985e-07 
1385.3 3.99797e-07 
1385.74 3.99626e-07 
1386.18 3.99332e-07 
1386.62 3.98911e-07 
1387.06 3.98362e-07 
1387.5 3.97683e-07 
1387.94 3.96865e-07 
1388.38 3.95898e-07 
1388.82 3.94768e-07 
1389.26 3.93488e-07 
1389.7 3.92088e-07 
1390.14 3.90618e-07 
1390.58 3.89142e-07 
1391.02 3.87719e-07 
1391.46 3.86397e-07 
1391.89 3.8521e-07 
1392.33 3.84181e-07 
1392.77 3.83327e-07 
1393.21 3.8267e-07 
1393.65 3.82231e-07 
1394.09 3.82039e-07 
1394.53 3.82115e-07 
1394.97 3.82472e-07 
1395.41 3.83111e-07 
1395.85 3.84029e-07 
1396.29 3.85225e-07 
1396.73 3.86708e-07 
1397.17 3.88478e-07 
1397.61 3.90525e-07 
1398.05 3.92805e-07 
1398.49 3.95268e-07 
1398.93 3.97883e-07 
1399.37 4.00661e-07 
1399.8 4.03655e-07 
1400.24 4.06924e-07 
1400.68 4.10503e-07 
1401.12 4.14371e-07 
1401.56 4.18447e-07 
1402 4.22639e-07 
1402.44 4.26873e-07 
1402.88 4.31112e-07 
1403.32 4.35345e-07 
1403.76 4.39568e-07 
1404.2 4.43789e-07 
1404.64 4.48006e-07 
1405.08 4.52235e-07 
1405.52 4.56493e-07 
1405.96 4.60741e-07 
1406.4 4.64885e-07 
1406.84 4.6871e-07 
1407.28 4.71923e-07 
1407.71 4.74162e-07 
1408.15 4.74983e-07 
1408.59 4.73903e-07 
1409.03 4.70799e-07 
1409.47 4.65834e-07 
1409.91 4.594e-07 
1410.35 4.51921e-07 
1410.79 4.4367e-07 
1411.23 4.34781e-07 
1411.67 4.2535e-07 
1412.11 4.15525e-07 
1412.55 4.05481e-07 
1412.99 3.95414e-07 
1413.43 3.85449e-07 
1413.87 3.75686e-07 
1414.31 3.66201e-07 
1414.75 3.57053e-07 
1415.19 3.48309e-07 
1415.62 3.39985e-07 
1416.06 3.32103e-07 
1416.5 3.24694e-07 
1416.94 3.17751e-07 
1417.38 3.11248e-07 
1417.82 3.05205e-07 
1418.26 2.99702e-07 
1418.7 2.94862e-07 
1419.14 2.90742e-07 
1419.58 2.87237e-07 
1420.02 2.83961e-07 
1420.46 2.80466e-07 
1420.9 2.76546e-07 
1421.34 2.72401e-07 
1421.78 2.68494e-07 
1422.22 2.6539e-07 
1422.66 2.63495e-07 
1423.1 2.62937e-07 
1423.54 2.63782e-07 
1423.97 2.6621e-07 
1424.41 2.70544e-07 
1424.85 2.77206e-07 
1425.29 2.86691e-07 
1425.73 2.99727e-07 
1426.17 3.17439e-07 
1426.61 3.4151e-07 
1427.05 3.74844e-07 
1427.49 4.22886e-07 
1427.93 4.96107e-07 
1428.37 6.16241e-07 
1428.81 8.32554e-07 
1429.25 1.25851e-06 
1429.69 2.06976e-06 
1430.13 2.94913e-06 
1430.57 2.4717e-06 
1431.01 1.51185e-06 
1431.45 9.90861e-07 
1431.88 7.41331e-07 
1432.32 6.13071e-07 
1432.76 5.40674e-07 
1433.2 4.95586e-07 
1433.64 4.6415e-07 
1434.08 4.39054e-07 
1434.52 4.16423e-07 
1434.96 3.94495e-07 
1435.4 3.72733e-07 
1435.84 3.51359e-07 
1436.28 3.30654e-07 
1436.72 3.10797e-07 
1437.16 2.9188e-07 
1437.6 2.74103e-07 
1438.04 2.57769e-07 
1438.48 2.43169e-07 
1438.92 2.30481e-07 
1439.36 2.19731e-07 
1439.79 2.10899e-07 
1440.23 2.03868e-07 
1440.67 1.98468e-07 
1441.11 1.94427e-07 
1441.55 1.91468e-07 
1441.99 1.89425e-07 
1442.43 1.88161e-07 
1442.87 1.87499e-07 
1443.31 1.87244e-07 
1443.75 1.87089e-07 
1444.19 1.8675e-07 
1444.63 1.86081e-07 
1445.07 1.85078e-07 
1445.51 1.83524e-07 
1445.95 1.81032e-07 
1446.39 1.77476e-07 
1446.83 1.73205e-07 
1447.27 1.69134e-07 
1447.71 1.66555e-07 
1448.14 1.6669e-07 
1448.58 1.70227e-07 
1449.02 1.77601e-07 
1449.46 1.89624e-07 
1449.9 2.07713e-07 
1450.34 2.33955e-07 
1450.78 2.71563e-07 
1451.22 3.26209e-07 
1451.66 4.08435e-07 
1452.1 5.38838e-07 
1452.54 7.62096e-07 
1452.98 1.18049e-06 
1453.42 1.98407e-06 
1453.86 3.07606e-06 
1454.3 3.15837e-06 
1454.74 2.85437e-06 
1455.18 3.60925e-06 
1455.62 5.2089e-06 
1456.05 4.87e-06 
1456.49 2.84561e-06 
1456.93 1.59681e-06 
1457.37 9.80975e-07 
1457.81 6.56842e-07 
1458.25 4.69632e-07 
1458.69 3.52684e-07 
1459.13 2.74947e-07 
1459.57 2.20691e-07 
1460.01 1.81318e-07 
1460.45 1.51826e-07 
1460.89 1.2915e-07 
1461.33 1.1133e-07 
1461.77 9.70615e-08 
1462.21 8.54534e-08 
1462.65 7.58777e-08 
1463.09 6.78817e-08 
1463.53 6.11328e-08 
1463.96 5.53817e-08 
1464.4 5.04388e-08 
1464.84 4.61576e-08 
1465.28 4.24236e-08 
1465.72 3.91458e-08 
1466.16 3.6252e-08 
1466.6 3.36833e-08 
1467.04 3.13921e-08 
1467.48 2.93388e-08 
1467.92 2.74912e-08 
1468.36 2.5822e-08 
1468.8 2.43086e-08 
1469.24 2.29317e-08 
1469.68 2.1675e-08 
1470.12 2.05245e-08 
1470.56 1.94681e-08 
1471 1.84953e-08 
1471.44 1.75973e-08 
1471.88 1.67661e-08 
1472.31 1.5995e-08 
1472.75 1.52781e-08 
1473.19 1.461e-08 
1473.63 1.39861e-08 
1474.07 1.34023e-08 
1474.51 1.28549e-08 
1474.95 1.23406e-08 
1475.39 1.18563e-08 
1475.83 1.13995e-08 
1476.27 1.09676e-08 
1476.71 1.05586e-08 
1477.15 1.01706e-08 
1477.59 9.80205e-09 
1478.03 9.45162e-09 
1478.47 9.11898e-09 
1478.91 8.80326e-09 
1479.35 8.50407e-09 
1479.79 8.22051e-09 
1480.22 7.95169e-09 
1480.66 7.69669e-09 
1481.1 7.45475e-09 
1481.54 7.2252e-09 
1481.98 7.0073e-09 
1482.42 6.80038e-09 
1482.86 6.60358e-09 
1483.3 6.41627e-09 
1483.74 6.23771e-09 
1484.18 6.06722e-09 
1484.62 5.90422e-09 
1485.06 5.74804e-09 
1485.5 5.59824e-09 
1485.94 5.45436e-09 
1486.38 5.31602e-09 
1486.82 5.18288e-09 
1487.26 5.05473e-09 
1487.7 4.93135e-09 
1488.13 4.81255e-09 
1488.57 4.69792e-09 
1489.01 4.58718e-09 
1489.45 4.47976e-09 
1489.89 4.37572e-09 
1490.33 4.27531e-09 
1490.77 4.17907e-09 
1491.21 4.08719e-09 
1491.65 3.99969e-09 
1492.09 3.91619e-09 
1492.53 3.83609e-09 
1492.97 3.7592e-09 
1493.41 3.68538e-09 
1493.85 3.61441e-09 
1494.29 3.54606e-09 
1494.73 3.47995e-09 
1495.17 3.41591e-09 
1495.61 3.35383e-09 
1496.04 3.29345e-09 
1496.48 3.23482e-09 
1496.92 3.17809e-09 
1497.36 3.12314e-09 
1497.8 3.06986e-09 
1498.24 3.01837e-09 
1498.68 2.96889e-09 
1499.12 2.92188e-09 
1499.56 2.87666e-09 
