#energy geo_1 
600 1.98362e-06 
600.439 1.98537e-06 
600.879 1.98712e-06 
601.318 1.98888e-06 
601.758 1.99065e-06 
602.197 1.99242e-06 
602.637 1.9942e-06 
603.076 1.99598e-06 
603.516 1.99777e-06 
603.955 1.99956e-06 
604.395 2.00135e-06 
604.834 2.00315e-06 
605.273 2.00495e-06 
605.713 2.00674e-06 
606.152 2.00854e-06 
606.592 2.01033e-06 
607.031 2.01212e-06 
607.471 2.0139e-06 
607.91 2.01568e-06 
608.35 2.01744e-06 
608.789 2.01919e-06 
609.229 2.02093e-06 
609.668 2.02265e-06 
610.107 2.02435e-06 
610.547 2.02602e-06 
610.986 2.02768e-06 
611.426 2.02932e-06 
611.865 2.03093e-06 
612.305 2.03253e-06 
612.744 2.03412e-06 
613.184 2.03569e-06 
613.623 2.03725e-06 
614.062 2.0388e-06 
614.502 2.04035e-06 
614.941 2.0419e-06 
615.381 2.04345e-06 
615.82 2.04499e-06 
616.26 2.04654e-06 
616.699 2.04808e-06 
617.139 2.04962e-06 
617.578 2.05116e-06 
618.018 2.05269e-06 
618.457 2.05423e-06 
618.896 2.05576e-06 
619.336 2.05729e-06 
619.775 2.05882e-06 
620.215 2.06036e-06 
620.654 2.0619e-06 
621.094 2.06344e-06 
621.533 2.065e-06 
621.973 2.06656e-06 
622.412 2.06814e-06 
622.852 2.06973e-06 
623.291 2.07133e-06 
623.73 2.07295e-06 
624.17 2.07458e-06 
624.609 2.07624e-06 
625.049 2.0779e-06 
625.488 2.07958e-06 
625.928 2.08128e-06 
626.367 2.08299e-06 
626.807 2.08471e-06 
627.246 2.08644e-06 
627.686 2.08819e-06 
628.125 2.08995e-06 
628.564 2.09172e-06 
629.004 2.09351e-06 
629.443 2.09531e-06 
629.883 2.09713e-06 
630.322 2.09897e-06 
630.762 2.10084e-06 
631.201 2.10272e-06 
631.641 2.10464e-06 
632.08 2.10659e-06 
632.52 2.10857e-06 
632.959 2.11059e-06 
633.398 2.11267e-06 
633.838 2.11479e-06 
634.277 2.11697e-06 
634.717 2.11923e-06 
635.156 2.12156e-06 
635.596 2.12399e-06 
636.035 2.12652e-06 
636.475 2.12917e-06 
636.914 2.13197e-06 
637.354 2.13493e-06 
637.793 2.13808e-06 
638.232 2.14147e-06 
638.672 2.14514e-06 
639.111 2.14915e-06 
639.551 2.15357e-06 
639.99 2.15851e-06 
640.43 2.16406e-06 
640.869 2.17035e-06 
641.309 2.17754e-06 
641.748 2.18574e-06 
642.188 2.19507e-06 
642.627 2.20552e-06 
643.066 2.21688e-06 
643.506 2.22861e-06 
643.945 2.2397e-06 
644.385 2.24878e-06 
644.824 2.2544e-06 
645.264 2.25569e-06 
645.703 2.25274e-06 
646.143 2.24662e-06 
646.582 2.23878e-06 
647.021 2.23055e-06 
647.461 2.22281e-06 
647.9 2.21605e-06 
648.34 2.21041e-06 
648.779 2.20588e-06 
649.219 2.20234e-06 
649.658 2.19966e-06 
650.098 2.1977e-06 
650.537 2.19635e-06 
650.977 2.19549e-06 
651.416 2.19505e-06 
651.855 2.19495e-06 
652.295 2.19513e-06 
652.734 2.19555e-06 
653.174 2.19617e-06 
653.613 2.19695e-06 
654.053 2.19788e-06 
654.492 2.19893e-06 
654.932 2.20009e-06 
655.371 2.20134e-06 
655.811 2.20266e-06 
656.25 2.20406e-06 
656.689 2.20551e-06 
657.129 2.20701e-06 
657.568 2.20857e-06 
658.008 2.21015e-06 
658.447 2.21178e-06 
658.887 2.21343e-06 
659.326 2.21511e-06 
659.766 2.21681e-06 
660.205 2.21852e-06 
660.645 2.22025e-06 
661.084 2.222e-06 
661.523 2.22375e-06 
661.963 2.22552e-06 
662.402 2.2273e-06 
662.842 2.22909e-06 
663.281 2.23088e-06 
663.721 2.23268e-06 
664.16 2.23449e-06 
664.6 2.2363e-06 
665.039 2.23812e-06 
665.479 2.23994e-06 
665.918 2.24176e-06 
666.357 2.2436e-06 
666.797 2.24543e-06 
667.236 2.24727e-06 
667.676 2.24913e-06 
668.115 2.25099e-06 
668.555 2.25286e-06 
668.994 2.25473e-06 
669.434 2.25663e-06 
669.873 2.25853e-06 
670.312 2.26044e-06 
670.752 2.26236e-06 
671.191 2.26429e-06 
671.631 2.26623e-06 
672.07 2.26818e-06 
672.51 2.27013e-06 
672.949 2.2721e-06 
673.389 2.27408e-06 
673.828 2.27606e-06 
674.268 2.27806e-06 
674.707 2.28007e-06 
675.146 2.28209e-06 
675.586 2.28413e-06 
676.025 2.28618e-06 
676.465 2.28825e-06 
676.904 2.29033e-06 
677.344 2.29242e-06 
677.783 2.29453e-06 
678.223 2.29665e-06 
678.662 2.29879e-06 
679.102 2.30094e-06 
679.541 2.3031e-06 
679.98 2.30527e-06 
680.42 2.30745e-06 
680.859 2.30964e-06 
681.299 2.31184e-06 
681.738 2.31403e-06 
682.178 2.31623e-06 
682.617 2.31843e-06 
683.057 2.32061e-06 
683.496 2.32279e-06 
683.936 2.32496e-06 
684.375 2.3271e-06 
684.814 2.32923e-06 
685.254 2.33133e-06 
685.693 2.33341e-06 
686.133 2.33547e-06 
686.572 2.33751e-06 
687.012 2.33953e-06 
687.451 2.34153e-06 
687.891 2.34352e-06 
688.33 2.34549e-06 
688.77 2.34746e-06 
689.209 2.34941e-06 
689.648 2.35136e-06 
690.088 2.35329e-06 
690.527 2.3552e-06 
690.967 2.3571e-06 
691.406 2.35898e-06 
691.846 2.36084e-06 
692.285 2.36268e-06 
692.725 2.3645e-06 
693.164 2.36629e-06 
693.604 2.36807e-06 
694.043 2.36984e-06 
694.482 2.37159e-06 
694.922 2.37333e-06 
695.361 2.37507e-06 
695.801 2.37681e-06 
696.24 2.37855e-06 
696.68 2.3803e-06 
697.119 2.38205e-06 
697.559 2.38381e-06 
697.998 2.38558e-06 
698.438 2.38736e-06 
698.877 2.38915e-06 
699.316 2.39096e-06 
699.756 2.39278e-06 
700.195 2.3946e-06 
700.635 2.39644e-06 
701.074 2.39828e-06 
701.514 2.40013e-06 
701.953 2.40198e-06 
702.393 2.40383e-06 
702.832 2.40568e-06 
703.271 2.40752e-06 
703.711 2.40935e-06 
704.15 2.41117e-06 
704.59 2.41297e-06 
705.029 2.41474e-06 
705.469 2.41647e-06 
705.908 2.41815e-06 
706.348 2.41977e-06 
706.787 2.42132e-06 
707.227 2.4228e-06 
707.666 2.42424e-06 
708.105 2.42564e-06 
708.545 2.42708e-06 
708.984 2.42861e-06 
709.424 2.43031e-06 
709.863 2.4323e-06 
710.303 2.43465e-06 
710.742 2.43747e-06 
711.182 2.44083e-06 
711.621 2.44477e-06 
712.061 2.44933e-06 
712.5 2.45453e-06 
712.939 2.4604e-06 
713.379 2.46699e-06 
713.818 2.47433e-06 
714.258 2.48252e-06 
714.697 2.4917e-06 
715.137 2.50204e-06 
715.576 2.51375e-06 
716.016 2.52702e-06 
716.455 2.54195e-06 
716.895 2.55839e-06 
717.334 2.57583e-06 
717.773 2.59316e-06 
718.213 2.6087e-06 
718.652 2.62048e-06 
719.092 2.62695e-06 
719.531 2.62772e-06 
719.971 2.62376e-06 
720.41 2.61686e-06 
720.85 2.6089e-06 
721.289 2.60128e-06 
721.729 2.59481e-06 
722.168 2.58979e-06 
722.607 2.58624e-06 
723.047 2.584e-06 
723.486 2.58289e-06 
723.926 2.58273e-06 
724.365 2.58331e-06 
724.805 2.58443e-06 
725.244 2.58583e-06 
725.684 2.58726e-06 
726.123 2.58841e-06 
726.562 2.58901e-06 
727.002 2.58887e-06 
727.441 2.58782e-06 
727.881 2.58582e-06 
728.32 2.5829e-06 
728.76 2.57923e-06 
729.199 2.57518e-06 
729.639 2.5711e-06 
730.078 2.56733e-06 
730.518 2.56408e-06 
730.957 2.56139e-06 
731.396 2.55908e-06 
731.836 2.55693e-06 
732.275 2.55475e-06 
732.715 2.55248e-06 
733.154 2.55009e-06 
733.594 2.54758e-06 
734.033 2.5449e-06 
734.473 2.54193e-06 
734.912 2.53853e-06 
735.352 2.53464e-06 
735.791 2.53037e-06 
736.23 2.52585e-06 
736.67 2.52129e-06 
737.109 2.51686e-06 
737.549 2.5127e-06 
737.988 2.50881e-06 
738.428 2.50522e-06 
738.867 2.50193e-06 
739.307 2.49904e-06 
739.746 2.49667e-06 
740.186 2.49485e-06 
740.625 2.49357e-06 
741.064 2.49273e-06 
741.504 2.49228e-06 
741.943 2.49217e-06 
742.383 2.49231e-06 
742.822 2.49259e-06 
743.262 2.4929e-06 
743.701 2.49316e-06 
744.141 2.49331e-06 
744.58 2.4933e-06 
745.02 2.49319e-06 
745.459 2.49304e-06 
745.898 2.49285e-06 
746.338 2.49262e-06 
746.777 2.49241e-06 
747.217 2.49233e-06 
747.656 2.49243e-06 
748.096 2.49272e-06 
748.535 2.49311e-06 
748.975 2.49351e-06 
749.414 2.49396e-06 
749.854 2.49455e-06 
750.293 2.49544e-06 
750.732 2.49685e-06 
751.172 2.49903e-06 
751.611 2.50218e-06 
752.051 2.5063e-06 
752.49 2.51134e-06 
752.93 2.51731e-06 
753.369 2.52429e-06 
753.809 2.53239e-06 
754.248 2.54159e-06 
754.688 2.55147e-06 
755.127 2.56212e-06 
755.566 2.57473e-06 
756.006 2.5909e-06 
756.445 2.61258e-06 
756.885 2.6425e-06 
757.324 2.68466e-06 
757.764 2.74531e-06 
758.203 2.83511e-06 
758.643 2.97347e-06 
759.082 3.19849e-06 
759.521 3.59169e-06 
759.961 4.3416e-06 
760.4 5.87678e-06 
760.84 8.56709e-06 
761.279 9.66316e-06 
761.719 7.41866e-06 
762.158 5.215e-06 
762.598 4.02451e-06 
763.037 3.42806e-06 
763.477 3.10556e-06 
763.916 2.91569e-06 
764.355 2.79587e-06 
764.795 2.71604e-06 
765.234 2.66055e-06 
765.674 2.62068e-06 
766.113 2.59126e-06 
766.553 2.5691e-06 
766.992 2.55212e-06 
767.432 2.53894e-06 
767.871 2.52863e-06 
768.311 2.52049e-06 
768.75 2.51405e-06 
769.189 2.50895e-06 
769.629 2.50493e-06 
770.068 2.50178e-06 
770.508 2.49934e-06 
770.947 2.49748e-06 
771.387 2.49613e-06 
771.826 2.49518e-06 
772.266 2.49459e-06 
772.705 2.4943e-06 
773.145 2.49427e-06 
773.584 2.49446e-06 
774.023 2.49484e-06 
774.463 2.4954e-06 
774.902 2.4961e-06 
775.342 2.49692e-06 
775.781 2.49786e-06 
776.221 2.4989e-06 
776.66 2.50003e-06 
777.1 2.50123e-06 
777.539 2.5025e-06 
777.979 2.50384e-06 
778.418 2.50523e-06 
778.857 2.50668e-06 
779.297 2.50817e-06 
779.736 2.50971e-06 
780.176 2.51128e-06 
780.615 2.51289e-06 
781.055 2.51452e-06 
781.494 2.51619e-06 
781.934 2.51787e-06 
782.373 2.51958e-06 
782.812 2.52131e-06 
783.252 2.52305e-06 
783.691 2.52481e-06 
784.131 2.52659e-06 
784.57 2.52837e-06 
785.01 2.53017e-06 
785.449 2.53197e-06 
785.889 2.53378e-06 
786.328 2.5356e-06 
786.768 2.53743e-06 
787.207 2.53926e-06 
787.646 2.5411e-06 
788.086 2.54295e-06 
788.525 2.5448e-06 
788.965 2.54666e-06 
789.404 2.54852e-06 
789.844 2.5504e-06 
790.283 2.55228e-06 
790.723 2.55417e-06 
791.162 2.55608e-06 
791.602 2.55799e-06 
792.041 2.55993e-06 
792.48 2.56187e-06 
792.92 2.56384e-06 
793.359 2.56582e-06 
793.799 2.56782e-06 
794.238 2.56983e-06 
794.678 2.57187e-06 
795.117 2.57393e-06 
795.557 2.576e-06 
795.996 2.5781e-06 
796.436 2.58021e-06 
796.875 2.58235e-06 
797.314 2.58451e-06 
797.754 2.58669e-06 
798.193 2.58888e-06 
798.633 2.5911e-06 
799.072 2.59334e-06 
799.512 2.5956e-06 
799.951 2.59787e-06 
800.391 2.60016e-06 
800.83 2.60246e-06 
801.27 2.60478e-06 
801.709 2.6071e-06 
802.148 2.60943e-06 
802.588 2.61177e-06 
803.027 2.61412e-06 
803.467 2.61646e-06 
803.906 2.61881e-06 
804.346 2.62115e-06 
804.785 2.62349e-06 
805.225 2.62583e-06 
805.664 2.62817e-06 
806.104 2.63049e-06 
806.543 2.63281e-06 
806.982 2.63513e-06 
807.422 2.63743e-06 
807.861 2.63972e-06 
808.301 2.64199e-06 
808.74 2.64425e-06 
809.18 2.6465e-06 
809.619 2.64873e-06 
810.059 2.65095e-06 
810.498 2.65316e-06 
810.938 2.65535e-06 
811.377 2.65753e-06 
811.816 2.6597e-06 
812.256 2.66186e-06 
812.695 2.66401e-06 
813.135 2.66615e-06 
813.574 2.66828e-06 
814.014 2.6704e-06 
814.453 2.67251e-06 
814.893 2.67461e-06 
815.332 2.6767e-06 
815.771 2.67879e-06 
816.211 2.68087e-06 
816.65 2.68294e-06 
817.09 2.68499e-06 
817.529 2.68704e-06 
817.969 2.68908e-06 
818.408 2.6911e-06 
818.848 2.69311e-06 
819.287 2.69508e-06 
819.727 2.69703e-06 
820.166 2.69894e-06 
820.605 2.70081e-06 
821.045 2.70262e-06 
821.484 2.70437e-06 
821.924 2.70602e-06 
822.363 2.70757e-06 
822.803 2.70898e-06 
823.242 2.71026e-06 
823.682 2.71141e-06 
824.121 2.71242e-06 
824.561 2.71334e-06 
825 2.71422e-06 
825.439 2.71512e-06 
825.879 2.71613e-06 
826.318 2.71736e-06 
826.758 2.71888e-06 
827.197 2.72076e-06 
827.637 2.72305e-06 
828.076 2.72575e-06 
828.516 2.72882e-06 
828.955 2.73224e-06 
829.395 2.73593e-06 
829.834 2.73984e-06 
830.273 2.7439e-06 
830.713 2.74804e-06 
831.152 2.75227e-06 
831.592 2.75657e-06 
832.031 2.761e-06 
832.471 2.76558e-06 
832.91 2.77036e-06 
833.35 2.77535e-06 
833.789 2.78056e-06 
834.229 2.78596e-06 
834.668 2.7915e-06 
835.107 2.79717e-06 
835.547 2.80294e-06 
835.986 2.80882e-06 
836.426 2.81483e-06 
836.865 2.82096e-06 
837.305 2.82724e-06 
837.744 2.83362e-06 
838.184 2.84006e-06 
838.623 2.84651e-06 
839.062 2.85293e-06 
839.502 2.85927e-06 
839.941 2.86552e-06 
840.381 2.87167e-06 
840.82 2.87766e-06 
841.26 2.88341e-06 
841.699 2.88874e-06 
842.139 2.89344e-06 
842.578 2.89725e-06 
843.018 2.89996e-06 
843.457 2.9014e-06 
843.896 2.90148e-06 
844.336 2.90023e-06 
844.775 2.89775e-06 
845.215 2.89438e-06 
845.654 2.89057e-06 
846.094 2.88676e-06 
846.533 2.88332e-06 
846.973 2.88045e-06 
847.412 2.8781e-06 
847.852 2.87605e-06 
848.291 2.87404e-06 
848.73 2.87192e-06 
849.17 2.86963e-06 
849.609 2.86718e-06 
850.049 2.86454e-06 
850.488 2.86162e-06 
850.928 2.85828e-06 
851.367 2.85437e-06 
851.807 2.84991e-06 
852.246 2.84502e-06 
852.686 2.83992e-06 
853.125 2.83483e-06 
853.564 2.82996e-06 
854.004 2.82539e-06 
854.443 2.82115e-06 
854.883 2.81725e-06 
855.322 2.81373e-06 
855.762 2.81074e-06 
856.201 2.80836e-06 
856.641 2.80664e-06 
857.08 2.80551e-06 
857.52 2.80488e-06 
857.959 2.80469e-06 
858.398 2.80487e-06 
858.838 2.80529e-06 
859.277 2.80584e-06 
859.717 2.80639e-06 
860.156 2.80685e-06 
860.596 2.80717e-06 
861.035 2.80732e-06 
861.475 2.80739e-06 
861.914 2.80743e-06 
862.354 2.80742e-06 
862.793 2.80738e-06 
863.232 2.80742e-06 
863.672 2.80764e-06 
864.111 2.80809e-06 
864.551 2.80872e-06 
864.99 2.80943e-06 
865.43 2.81016e-06 
865.869 2.81096e-06 
866.309 2.81199e-06 
866.748 2.81344e-06 
867.188 2.8156e-06 
867.627 2.81878e-06 
868.066 2.8231e-06 
868.506 2.82856e-06 
868.945 2.8351e-06 
869.385 2.84276e-06 
869.824 2.85166e-06 
870.264 2.86191e-06 
870.703 2.87331e-06 
871.143 2.88543e-06 
871.582 2.89889e-06 
872.021 2.91532e-06 
872.461 2.93674e-06 
872.9 2.96573e-06 
873.34 3.00602e-06 
873.779 3.06316e-06 
874.219 3.14613e-06 
874.658 3.27065e-06 
875.098 3.46619e-06 
875.537 3.79259e-06 
875.977 4.38222e-06 
876.416 5.54554e-06 
876.855 7.8867e-06 
877.295 1.08782e-05 
877.734 1.05047e-05 
878.174 7.66525e-06 
878.613 5.4623e-06 
879.053 4.34067e-06 
879.492 3.76847e-06 
879.932 3.45021e-06 
880.371 3.25824e-06 
880.811 3.13473e-06 
881.25 3.05119e-06 
881.689 2.99242e-06 
882.129 2.94978e-06 
882.568 2.91809e-06 
883.008 2.89408e-06 
883.447 2.87561e-06 
883.887 2.86125e-06 
884.326 2.85001e-06 
884.766 2.84117e-06 
885.205 2.8342e-06 
885.645 2.82874e-06 
886.084 2.82449e-06 
886.523 2.82123e-06 
886.963 2.81879e-06 
887.402 2.81703e-06 
887.842 2.81586e-06 
888.281 2.81517e-06 
888.721 2.81491e-06 
889.16 2.81502e-06 
889.6 2.81544e-06 
890.039 2.81613e-06 
890.479 2.81706e-06 
890.918 2.8182e-06 
891.357 2.81952e-06 
891.797 2.82099e-06 
892.236 2.8226e-06 
892.676 2.82433e-06 
893.115 2.82615e-06 
893.555 2.82807e-06 
893.994 2.83006e-06 
894.434 2.83211e-06 
894.873 2.83421e-06 
895.312 2.83636e-06 
895.752 2.83854e-06 
896.191 2.84075e-06 
896.631 2.84297e-06 
897.07 2.84521e-06 
897.51 2.84746e-06 
897.949 2.8497e-06 
898.389 2.85194e-06 
898.828 2.85417e-06 
899.268 2.85638e-06 
899.707 2.85859e-06 
900.146 2.86078e-06 
900.586 2.86296e-06 
901.025 2.86513e-06 
901.465 2.86728e-06 
901.904 2.86942e-06 
902.344 2.87156e-06 
902.783 2.87368e-06 
903.223 2.8758e-06 
903.662 2.8779e-06 
904.102 2.87999e-06 
904.541 2.88207e-06 
904.98 2.88414e-06 
905.42 2.88621e-06 
905.859 2.88826e-06 
906.299 2.8903e-06 
906.738 2.89233e-06 
907.178 2.89434e-06 
907.617 2.89633e-06 
908.057 2.8983e-06 
908.496 2.90023e-06 
908.936 2.9021e-06 
909.375 2.90391e-06 
909.814 2.90564e-06 
910.254 2.90728e-06 
910.693 2.90881e-06 
911.133 2.91017e-06 
911.572 2.91135e-06 
912.012 2.91229e-06 
912.451 2.91295e-06 
912.891 2.9133e-06 
913.33 2.91335e-06 
913.77 2.91311e-06 
914.209 2.91264e-06 
914.648 2.91205e-06 
915.088 2.91149e-06 
915.527 2.91115e-06 
915.967 2.91124e-06 
916.406 2.91194e-06 
916.846 2.91342e-06 
917.285 2.91576e-06 
917.725 2.91898e-06 
918.164 2.92305e-06 
918.604 2.92786e-06 
919.043 2.93331e-06 
919.482 2.93923e-06 
919.922 2.94549e-06 
920.361 2.95196e-06 
920.801 2.95861e-06 
921.24 2.96544e-06 
921.68 2.97252e-06 
922.119 2.97993e-06 
922.559 2.98777e-06 
922.998 2.99606e-06 
923.438 3.00482e-06 
923.877 3.01401e-06 
924.316 3.02354e-06 
924.756 3.03333e-06 
925.195 3.04335e-06 
925.635 3.0536e-06 
926.074 3.0641e-06 
926.514 3.07489e-06 
926.953 3.08597e-06 
927.393 3.09729e-06 
927.832 3.10875e-06 
928.271 3.12024e-06 
928.711 3.13164e-06 
929.15 3.14289e-06 
929.59 3.15394e-06 
930.029 3.16476e-06 
930.469 3.17526e-06 
930.908 3.18524e-06 
931.348 3.19436e-06 
931.787 3.20216e-06 
932.227 3.20809e-06 
932.666 3.21166e-06 
933.105 3.21251e-06 
933.545 3.21041e-06 
933.984 3.20537e-06 
934.424 3.19765e-06 
934.863 3.18786e-06 
935.303 3.17698e-06 
935.742 3.166e-06 
936.182 3.15573e-06 
936.621 3.14666e-06 
937.061 3.13875e-06 
937.5 3.13153e-06 
937.939 3.12446e-06 
938.379 3.11717e-06 
938.818 3.1095e-06 
939.258 3.10143e-06 
939.697 3.09296e-06 
940.137 3.08388e-06 
940.576 3.0739e-06 
941.016 3.06271e-06 
941.455 3.05027e-06 
941.895 3.03685e-06 
942.334 3.02288e-06 
942.773 3.00886e-06 
943.213 2.99524e-06 
943.652 2.98228e-06 
944.092 2.97002e-06 
944.531 2.95848e-06 
944.971 2.94775e-06 
945.41 2.93811e-06 
945.85 2.92981e-06 
946.289 2.92291e-06 
946.729 2.91732e-06 
947.168 2.91282e-06 
947.607 2.9093e-06 
948.047 2.90658e-06 
948.486 2.90442e-06 
948.926 2.90255e-06 
949.365 2.90069e-06 
949.805 2.89865e-06 
950.244 2.89628e-06 
950.684 2.89353e-06 
951.123 2.89055e-06 
951.562 2.88747e-06 
952.002 2.88427e-06 
952.441 2.88099e-06 
952.881 2.87782e-06 
953.32 2.87502e-06 
953.76 2.87271e-06 
954.199 2.87082e-06 
954.639 2.86912e-06 
955.078 2.86749e-06 
955.518 2.86601e-06 
955.957 2.86501e-06 
956.396 2.86492e-06 
956.836 2.86632e-06 
957.275 2.86988e-06 
957.715 2.87596e-06 
958.154 2.88455e-06 
958.594 2.89556e-06 
959.033 2.90904e-06 
959.473 2.92525e-06 
959.912 2.94448e-06 
960.352 2.96638e-06 
960.791 2.9901e-06 
961.23 3.01663e-06 
961.67 3.04936e-06 
962.109 3.0927e-06 
962.549 3.15222e-06 
962.988 3.23582e-06 
963.428 3.3553e-06 
963.867 3.52961e-06 
964.307 3.79166e-06 
964.746 4.2027e-06 
965.186 4.88622e-06 
965.625 6.11335e-06 
966.064 8.51771e-06 
966.504 1.33641e-05 
966.943 1.99804e-05 
967.383 2.04087e-05 
967.822 1.44287e-05 
968.262 9.13432e-06 
968.701 6.40335e-06 
969.141 5.02265e-06 
969.58 4.26187e-06 
970.02 3.80599e-06 
970.459 3.51375e-06 
970.898 3.31619e-06 
971.338 3.17692e-06 
971.777 3.07536e-06 
972.217 2.99926e-06 
972.656 2.94093e-06 
973.096 2.89538e-06 
973.535 2.85925e-06 
973.975 2.83021e-06 
974.414 2.80661e-06 
974.854 2.78726e-06 
975.293 2.77127e-06 
975.732 2.75797e-06 
976.172 2.74686e-06 
976.611 2.73754e-06 
977.051 2.7297e-06 
977.49 2.7231e-06 
977.93 2.71755e-06 
978.369 2.71289e-06 
978.809 2.70898e-06 
979.248 2.70572e-06 
979.688 2.70302e-06 
980.127 2.70081e-06 
980.566 2.69903e-06 
981.006 2.69763e-06 
981.445 2.69656e-06 
981.885 2.69578e-06 
982.324 2.69526e-06 
982.764 2.69498e-06 
983.203 2.69491e-06 
983.643 2.69502e-06 
984.082 2.6953e-06 
984.521 2.69573e-06 
984.961 2.6963e-06 
985.4 2.69699e-06 
985.84 2.6978e-06 
986.279 2.69871e-06 
986.719 2.69971e-06 
987.158 2.7008e-06 
987.598 2.70197e-06 
988.037 2.7032e-06 
988.477 2.7045e-06 
988.916 2.70586e-06 
989.355 2.70728e-06 
989.795 2.70875e-06 
990.234 2.71026e-06 
990.674 2.71182e-06 
991.113 2.71342e-06 
991.553 2.71506e-06 
991.992 2.71674e-06 
992.432 2.71844e-06 
992.871 2.72019e-06 
993.311 2.72196e-06 
993.75 2.72377e-06 
994.189 2.7256e-06 
994.629 2.72747e-06 
995.068 2.72936e-06 
995.508 2.73128e-06 
995.947 2.73323e-06 
996.387 2.7352e-06 
996.826 2.7372e-06 
997.266 2.73923e-06 
997.705 2.74128e-06 
998.145 2.74335e-06 
998.584 2.74544e-06 
999.023 2.74756e-06 
999.463 2.7497e-06 
999.902 2.75185e-06 
1000.34 2.75403e-06 
1000.78 2.75622e-06 
1001.22 2.75844e-06 
1001.66 2.76066e-06 
1002.1 2.7629e-06 
1002.54 2.76516e-06 
1002.98 2.76742e-06 
1003.42 2.7697e-06 
1003.86 2.77199e-06 
1004.3 2.77429e-06 
1004.74 2.7766e-06 
1005.18 2.77892e-06 
1005.62 2.78124e-06 
1006.05 2.78358e-06 
1006.49 2.78592e-06 
1006.93 2.78827e-06 
1007.37 2.79063e-06 
1007.81 2.793e-06 
1008.25 2.79538e-06 
1008.69 2.79777e-06 
1009.13 2.80018e-06 
1009.57 2.80259e-06 
1010.01 2.80502e-06 
1010.45 2.80746e-06 
1010.89 2.80991e-06 
1011.33 2.81238e-06 
1011.77 2.81487e-06 
1012.21 2.81737e-06 
1012.65 2.81988e-06 
1013.09 2.82241e-06 
1013.53 2.82495e-06 
1013.96 2.82752e-06 
1014.4 2.83009e-06 
1014.84 2.83268e-06 
1015.28 2.83528e-06 
1015.72 2.83789e-06 
1016.16 2.84052e-06 
1016.6 2.84315e-06 
1017.04 2.8458e-06 
1017.48 2.84845e-06 
1017.92 2.8511e-06 
1018.36 2.85377e-06 
1018.8 2.85644e-06 
1019.24 2.85911e-06 
1019.68 2.86178e-06 
1020.12 2.86446e-06 
1020.56 2.86714e-06 
1021 2.86983e-06 
1021.44 2.87251e-06 
1021.88 2.87521e-06 
1022.31 2.8779e-06 
1022.75 2.88061e-06 
1023.19 2.88332e-06 
1023.63 2.88603e-06 
1024.07 2.88876e-06 
1024.51 2.8915e-06 
1024.95 2.89425e-06 
1025.39 2.897e-06 
1025.83 2.89978e-06 
1026.27 2.90256e-06 
1026.71 2.90536e-06 
1027.15 2.90818e-06 
1027.59 2.91101e-06 
1028.03 2.91385e-06 
1028.47 2.91671e-06 
1028.91 2.91958e-06 
1029.35 2.92246e-06 
1029.79 2.92536e-06 
1030.22 2.92827e-06 
1030.66 2.93119e-06 
1031.1 2.93411e-06 
1031.54 2.93705e-06 
1031.98 2.93999e-06 
1032.42 2.94294e-06 
1032.86 2.94589e-06 
1033.3 2.94886e-06 
1033.74 2.95182e-06 
1034.18 2.9548e-06 
1034.62 2.95778e-06 
1035.06 2.96077e-06 
1035.5 2.96377e-06 
1035.94 2.96677e-06 
1036.38 2.96979e-06 
1036.82 2.97282e-06 
1037.26 2.97586e-06 
1037.7 2.97891e-06 
1038.13 2.98198e-06 
1038.57 2.98507e-06 
1039.01 2.98818e-06 
1039.45 2.9913e-06 
1039.89 2.99444e-06 
1040.33 2.99761e-06 
1040.77 3.00079e-06 
1041.21 3.00399e-06 
1041.65 3.0072e-06 
1042.09 3.01044e-06 
1042.53 3.01369e-06 
1042.97 3.01696e-06 
1043.41 3.02025e-06 
1043.85 3.02355e-06 
1044.29 3.02686e-06 
1044.73 3.03019e-06 
1045.17 3.03353e-06 
1045.61 3.03688e-06 
1046.04 3.04025e-06 
1046.48 3.04363e-06 
1046.92 3.04702e-06 
1047.36 3.05042e-06 
1047.8 3.05385e-06 
1048.24 3.05729e-06 
1048.68 3.06074e-06 
1049.12 3.06421e-06 
1049.56 3.06769e-06 
1050 3.0712e-06 
1050.44 3.07472e-06 
1050.88 3.07825e-06 
1051.32 3.0818e-06 
1051.76 3.08537e-06 
1052.2 3.08895e-06 
1052.64 3.09254e-06 
1053.08 3.09614e-06 
1053.52 3.09975e-06 
1053.96 3.10337e-06 
1054.39 3.10699e-06 
1054.83 3.11062e-06 
1055.27 3.11426e-06 
1055.71 3.11792e-06 
1056.15 3.1216e-06 
1056.59 3.1253e-06 
1057.03 3.12901e-06 
1057.47 3.13273e-06 
1057.91 3.13646e-06 
1058.35 3.1402e-06 
1058.79 3.14393e-06 
1059.23 3.14767e-06 
1059.67 3.1514e-06 
1060.11 3.15513e-06 
1060.55 3.15886e-06 
1060.99 3.16257e-06 
1061.43 3.16628e-06 
1061.87 3.16998e-06 
1062.3 3.17368e-06 
1062.74 3.17737e-06 
1063.18 3.18106e-06 
1063.62 3.18475e-06 
1064.06 3.18843e-06 
1064.5 3.19212e-06 
1064.94 3.19582e-06 
1065.38 3.19953e-06 
1065.82 3.20326e-06 
1066.26 3.20699e-06 
1066.7 3.21075e-06 
1067.14 3.21453e-06 
1067.58 3.21833e-06 
1068.02 3.22215e-06 
1068.46 3.226e-06 
1068.9 3.22988e-06 
1069.34 3.23377e-06 
1069.78 3.2377e-06 
1070.21 3.24165e-06 
1070.65 3.24562e-06 
1071.09 3.24961e-06 
1071.53 3.25362e-06 
1071.97 3.25765e-06 
1072.41 3.26172e-06 
1072.85 3.26583e-06 
1073.29 3.26999e-06 
1073.73 3.27419e-06 
1074.17 3.27843e-06 
1074.61 3.28271e-06 
1075.05 3.28702e-06 
1075.49 3.29137e-06 
1075.93 3.29576e-06 
1076.37 3.30018e-06 
1076.81 3.30463e-06 
1077.25 3.30911e-06 
1077.69 3.3136e-06 
1078.12 3.3181e-06 
1078.56 3.32262e-06 
1079 3.32713e-06 
1079.44 3.33164e-06 
1079.88 3.33614e-06 
1080.32 3.34061e-06 
1080.76 3.34506e-06 
1081.2 3.34947e-06 
1081.64 3.35385e-06 
1082.08 3.35819e-06 
1082.52 3.3625e-06 
1082.96 3.36675e-06 
1083.4 3.37096e-06 
1083.84 3.37512e-06 
1084.28 3.37924e-06 
1084.72 3.38333e-06 
1085.16 3.38737e-06 
1085.6 3.39137e-06 
1086.04 3.39533e-06 
1086.47 3.39927e-06 
1086.91 3.40318e-06 
1087.35 3.40708e-06 
1087.79 3.41097e-06 
1088.23 3.41485e-06 
1088.67 3.41874e-06 
1089.11 3.42264e-06 
1089.55 3.42656e-06 
1089.99 3.43051e-06 
1090.43 3.43449e-06 
1090.87 3.4385e-06 
1091.31 3.44255e-06 
1091.75 3.44664e-06 
1092.19 3.45076e-06 
1092.63 3.45493e-06 
1093.07 3.45916e-06 
1093.51 3.46343e-06 
1093.95 3.46775e-06 
1094.38 3.4721e-06 
1094.82 3.47647e-06 
1095.26 3.48085e-06 
1095.7 3.48524e-06 
1096.14 3.4896e-06 
1096.58 3.49391e-06 
1097.02 3.49813e-06 
1097.46 3.50224e-06 
1097.9 3.50621e-06 
1098.34 3.51e-06 
1098.78 3.51355e-06 
1099.22 3.51681e-06 
1099.66 3.51969e-06 
1100.1 3.52213e-06 
1100.54 3.52405e-06 
1100.98 3.52545e-06 
1101.42 3.52634e-06 
1101.86 3.52677e-06 
1102.29 3.52688e-06 
1102.73 3.52685e-06 
1103.17 3.52695e-06 
1103.61 3.52749e-06 
1104.05 3.52877e-06 
1104.49 3.53106e-06 
1104.93 3.53454e-06 
1105.37 3.53927e-06 
1105.81 3.5452e-06 
1106.25 3.55225e-06 
1106.69 3.56025e-06 
1107.13 3.569e-06 
1107.57 3.57826e-06 
1108.01 3.58783e-06 
1108.45 3.59761e-06 
1108.89 3.60758e-06 
1109.33 3.61782e-06 
1109.77 3.62847e-06 
1110.21 3.63967e-06 
1110.64 3.65149e-06 
1111.08 3.66397e-06 
1111.52 3.67706e-06 
1111.96 3.69065e-06 
1112.4 3.7046e-06 
1112.84 3.71882e-06 
1113.28 3.73327e-06 
1113.72 3.74796e-06 
1114.16 3.76289e-06 
1114.6 3.77807e-06 
1115.04 3.7934e-06 
1115.48 3.80872e-06 
1115.92 3.82379e-06 
1116.36 3.83832e-06 
1116.8 3.85209e-06 
1117.24 3.86492e-06 
1117.68 3.87671e-06 
1118.12 3.88736e-06 
1118.55 3.89668e-06 
1118.99 3.90435e-06 
1119.43 3.90999e-06 
1119.87 3.91313e-06 
1120.31 3.91341e-06 
1120.75 3.91071e-06 
1121.19 3.90501e-06 
1121.63 3.89656e-06 
1122.07 3.88586e-06 
1122.51 3.87363e-06 
1122.95 3.86112e-06 
1123.39 3.84967e-06 
1123.83 3.84034e-06 
1124.27 3.83374e-06 
1124.71 3.82978e-06 
1125.15 3.82767e-06 
1125.59 3.82643e-06 
1126.03 3.82542e-06 
1126.46 3.82441e-06 
1126.9 3.82355e-06 
1127.34 3.82304e-06 
1127.78 3.82279e-06 
1128.22 3.8224e-06 
1128.66 3.8213e-06 
1129.1 3.81903e-06 
1129.54 3.81568e-06 
1129.98 3.81175e-06 
1130.42 3.80799e-06 
1130.86 3.8052e-06 
1131.3 3.80394e-06 
1131.74 3.80439e-06 
1132.18 3.80644e-06 
1132.62 3.80998e-06 
1133.06 3.81505e-06 
1133.5 3.82183e-06 
1133.94 3.83037e-06 
1134.38 3.8405e-06 
1134.81 3.85186e-06 
1135.25 3.86402e-06 
1135.69 3.87631e-06 
1136.13 3.88764e-06 
1136.57 3.89655e-06 
1137.01 3.90138e-06 
1137.45 3.90062e-06 
1137.89 3.89322e-06 
1138.33 3.87848e-06 
1138.77 3.85651e-06 
1139.21 3.82816e-06 
1139.65 3.79485e-06 
1140.09 3.75876e-06 
1140.53 3.72239e-06 
1140.97 3.68803e-06 
1141.41 3.65709e-06 
1141.85 3.62959e-06 
1142.29 3.60415e-06 
1142.72 3.57925e-06 
1143.16 3.55397e-06 
1143.6 3.52835e-06 
1144.04 3.50296e-06 
1144.48 3.47854e-06 
1144.92 3.45572e-06 
1145.36 3.43454e-06 
1145.8 3.41451e-06 
1146.24 3.39529e-06 
1146.68 3.37748e-06 
1147.12 3.36236e-06 
1147.56 3.35157e-06 
1148 3.34612e-06 
1148.44 3.34546e-06 
1148.88 3.34974e-06 
1149.32 3.36307e-06 
1149.76 3.39207e-06 
1150.2 3.44508e-06 
1150.63 3.5333e-06 
1151.07 3.6726e-06 
1151.51 3.88719e-06 
1151.95 4.21806e-06 
1152.39 4.74021e-06 
1152.83 5.60128e-06 
1153.27 7.11644e-06 
1153.71 1.00115e-05 
1154.15 1.58653e-05 
1154.59 2.55604e-05 
1155.03 3.12515e-05 
1155.47 2.44847e-05 
1155.91 1.47137e-05 
1156.35 9.35878e-06 
1156.79 6.70292e-06 
1157.23 5.27588e-06 
1157.67 4.43668e-06 
1158.11 3.90516e-06 
1158.54 3.54833e-06 
1158.98 3.2973e-06 
1159.42 3.11361e-06 
1159.86 2.97455e-06 
1160.3 2.86659e-06 
1160.74 2.78161e-06 
1161.18 2.7147e-06 
1161.62 2.66316e-06 
1162.06 2.62568e-06 
1162.5 2.6011e-06 
1162.94 2.58795e-06 
1163.38 2.58488e-06 
1163.82 2.59113e-06 
1164.26 2.60666e-06 
1164.7 2.63161e-06 
1165.14 2.66497e-06 
1165.58 2.70465e-06 
1166.02 2.75211e-06 
1166.46 2.81504e-06 
1166.89 2.90355e-06 
1167.33 3.03032e-06 
1167.77 3.21342e-06 
1168.21 3.48002e-06 
1168.65 3.87368e-06 
1169.09 4.47e-06 
1169.53 5.40971e-06 
1169.97 6.97656e-06 
1170.41 9.7923e-06 
1170.85 1.52998e-05 
1171.29 2.62602e-05 
1171.73 4.11467e-05 
1172.17 4.44556e-05 
1172.61 2.99405e-05 
1173.05 1.71124e-05 
1173.49 1.0624e-05 
1173.93 7.35069e-06 
1174.37 5.5452e-06 
1174.8 4.46164e-06 
1175.24 3.76538e-06 
1175.68 3.29324e-06 
1176.12 2.95901e-06 
1176.56 2.71402e-06 
1177 2.52923e-06 
1177.44 2.38647e-06 
1177.88 2.27393e-06 
1178.32 2.18366e-06 
1178.76 2.11017e-06 
1179.2 2.04955e-06 
1179.64 1.99898e-06 
1180.08 1.95637e-06 
1180.52 1.92014e-06 
1180.96 1.88909e-06 
1181.4 1.86229e-06 
1181.84 1.83901e-06 
1182.28 1.81867e-06 
1182.71 1.80081e-06 
1183.15 1.78505e-06 
1183.59 1.77108e-06 
1184.03 1.75866e-06 
1184.47 1.74758e-06 
1184.91 1.73765e-06 
1185.35 1.72874e-06 
1185.79 1.72072e-06 
1186.23 1.71348e-06 
1186.67 1.70694e-06 
1187.11 1.70101e-06 
1187.55 1.69564e-06 
1187.99 1.69076e-06 
1188.43 1.68632e-06 
1188.87 1.68228e-06 
1189.31 1.6786e-06 
1189.75 1.67525e-06 
1190.19 1.67219e-06 
1190.62 1.66941e-06 
1191.06 1.66686e-06 
1191.5 1.66455e-06 
1191.94 1.66243e-06 
1192.38 1.66051e-06 
1192.82 1.65876e-06 
1193.26 1.65717e-06 
1193.7 1.65573e-06 
1194.14 1.65443e-06 
1194.58 1.65325e-06 
1195.02 1.65219e-06 
1195.46 1.65124e-06 
1195.9 1.65039e-06 
1196.34 1.64964e-06 
1196.78 1.64897e-06 
1197.22 1.64839e-06 
1197.66 1.64789e-06 
1198.1 1.64746e-06 
1198.54 1.6471e-06 
1198.97 1.6468e-06 
1199.41 1.64657e-06 
1199.85 1.6464e-06 
1200.29 1.64628e-06 
1200.73 1.64621e-06 
1201.17 1.6462e-06 
1201.61 1.64623e-06 
1202.05 1.64631e-06 
1202.49 1.64644e-06 
1202.93 1.6466e-06 
1203.37 1.64681e-06 
1203.81 1.64706e-06 
1204.25 1.64734e-06 
1204.69 1.64766e-06 
1205.13 1.64801e-06 
1205.57 1.64839e-06 
1206.01 1.64881e-06 
1206.45 1.64926e-06 
1206.88 1.64973e-06 
1207.32 1.65024e-06 
1207.76 1.65077e-06 
1208.2 1.65132e-06 
1208.64 1.6519e-06 
1209.08 1.65251e-06 
1209.52 1.65313e-06 
1209.96 1.65378e-06 
1210.4 1.65444e-06 
1210.84 1.65513e-06 
1211.28 1.65583e-06 
1211.72 1.65656e-06 
1212.16 1.65729e-06 
1212.6 1.65805e-06 
1213.04 1.65882e-06 
1213.48 1.6596e-06 
1213.92 1.6604e-06 
1214.36 1.66121e-06 
1214.79 1.66204e-06 
1215.23 1.66288e-06 
1215.67 1.66373e-06 
1216.11 1.6646e-06 
1216.55 1.66547e-06 
1216.99 1.66636e-06 
1217.43 1.66726e-06 
1217.87 1.66818e-06 
1218.31 1.6691e-06 
1218.75 1.67004e-06 
1219.19 1.67099e-06 
1219.63 1.67196e-06 
1220.07 1.67293e-06 
1220.51 1.67392e-06 
1220.95 1.67492e-06 
1221.39 1.67593e-06 
1221.83 1.67696e-06 
1222.27 1.678e-06 
1222.71 1.67905e-06 
1223.14 1.68012e-06 
1223.58 1.6812e-06 
1224.02 1.68229e-06 
1224.46 1.68339e-06 
1224.9 1.6845e-06 
1225.34 1.68563e-06 
1225.78 1.68677e-06 
1226.22 1.68792e-06 
1226.66 1.68908e-06 
1227.1 1.69024e-06 
1227.54 1.69142e-06 
1227.98 1.69261e-06 
1228.42 1.69381e-06 
1228.86 1.69501e-06 
1229.3 1.69622e-06 
1229.74 1.69744e-06 
1230.18 1.69867e-06 
1230.62 1.6999e-06 
1231.05 1.70114e-06 
1231.49 1.70239e-06 
1231.93 1.70364e-06 
1232.37 1.7049e-06 
1232.81 1.70616e-06 
1233.25 1.70743e-06 
1233.69 1.70871e-06 
1234.13 1.70999e-06 
1234.57 1.71128e-06 
1235.01 1.71258e-06 
1235.45 1.71388e-06 
1235.89 1.71519e-06 
1236.33 1.71651e-06 
1236.77 1.71784e-06 
1237.21 1.71918e-06 
1237.65 1.72053e-06 
1238.09 1.72188e-06 
1238.53 1.72325e-06 
1238.96 1.72463e-06 
1239.4 1.72602e-06 
1239.84 1.72742e-06 
1240.28 1.72883e-06 
1240.72 1.73025e-06 
1241.16 1.73169e-06 
1241.6 1.73313e-06 
1242.04 1.73459e-06 
1242.48 1.73605e-06 
1242.92 1.73753e-06 
1243.36 1.73902e-06 
1243.8 1.74051e-06 
1244.24 1.74201e-06 
1244.68 1.74353e-06 
1245.12 1.74504e-06 
1245.56 1.74657e-06 
1246 1.7481e-06 
1246.44 1.74964e-06 
1246.88 1.75118e-06 
1247.31 1.75273e-06 
1247.75 1.75428e-06 
1248.19 1.75584e-06 
1248.63 1.7574e-06 
1249.07 1.75897e-06 
1249.51 1.76054e-06 
1249.95 1.76211e-06 
1250.39 1.76369e-06 
1250.83 1.76528e-06 
1251.27 1.76687e-06 
1251.71 1.76847e-06 
1252.15 1.77007e-06 
1252.59 1.77169e-06 
1253.03 1.77331e-06 
1253.47 1.77494e-06 
1253.91 1.77657e-06 
1254.35 1.77822e-06 
1254.79 1.77988e-06 
1255.22 1.78155e-06 
1255.66 1.78323e-06 
1256.1 1.78492e-06 
1256.54 1.78663e-06 
1256.98 1.78834e-06 
1257.42 1.79007e-06 
1257.86 1.7918e-06 
1258.3 1.79355e-06 
1258.74 1.7953e-06 
1259.18 1.79707e-06 
1259.62 1.79884e-06 
1260.06 1.80062e-06 
1260.5 1.80241e-06 
1260.94 1.80421e-06 
1261.38 1.80601e-06 
1261.82 1.80782e-06 
1262.26 1.80963e-06 
1262.7 1.81145e-06 
1263.13 1.81327e-06 
1263.57 1.8151e-06 
1264.01 1.81694e-06 
1264.45 1.81878e-06 
1264.89 1.82062e-06 
1265.33 1.82247e-06 
1265.77 1.82433e-06 
1266.21 1.8262e-06 
1266.65 1.82808e-06 
1267.09 1.82997e-06 
1267.53 1.83187e-06 
1267.97 1.83378e-06 
1268.41 1.8357e-06 
1268.85 1.83764e-06 
1269.29 1.83959e-06 
1269.73 1.84155e-06 
1270.17 1.84354e-06 
1270.61 1.84554e-06 
1271.04 1.84755e-06 
1271.48 1.84958e-06 
1271.92 1.85163e-06 
1272.36 1.85369e-06 
1272.8 1.85577e-06 
1273.24 1.85786e-06 
1273.68 1.85996e-06 
1274.12 1.86207e-06 
1274.56 1.8642e-06 
1275 1.86633e-06 
1275.44 1.86847e-06 
1275.88 1.87062e-06 
1276.32 1.87278e-06 
1276.76 1.87495e-06 
1277.2 1.87711e-06 
1277.64 1.87929e-06 
1278.08 1.88147e-06 
1278.52 1.88365e-06 
1278.96 1.88584e-06 
1279.39 1.88804e-06 
1279.83 1.89024e-06 
1280.27 1.89244e-06 
1280.71 1.89466e-06 
1281.15 1.89688e-06 
1281.59 1.89911e-06 
1282.03 1.90135e-06 
1282.47 1.9036e-06 
1282.91 1.90586e-06 
1283.35 1.90813e-06 
1283.79 1.91041e-06 
1284.23 1.91271e-06 
1284.67 1.91501e-06 
1285.11 1.91733e-06 
1285.55 1.91966e-06 
1285.99 1.922e-06 
1286.43 1.92435e-06 
1286.87 1.92671e-06 
1287.3 1.92907e-06 
1287.74 1.93145e-06 
1288.18 1.93383e-06 
1288.62 1.93621e-06 
1289.06 1.9386e-06 
1289.5 1.94099e-06 
1289.94 1.94338e-06 
1290.38 1.94577e-06 
1290.82 1.94817e-06 
1291.26 1.95057e-06 
1291.7 1.95297e-06 
1292.14 1.95537e-06 
1292.58 1.95778e-06 
1293.02 1.9602e-06 
1293.46 1.96263e-06 
1293.9 1.96507e-06 
1294.34 1.96753e-06 
1294.78 1.97e-06 
1295.21 1.97249e-06 
1295.65 1.975e-06 
1296.09 1.97753e-06 
1296.53 1.98009e-06 
1296.97 1.98268e-06 
1297.41 1.98529e-06 
1297.85 1.98794e-06 
1298.29 1.99061e-06 
1298.73 1.9933e-06 
1299.17 1.99603e-06 
1299.61 1.99879e-06 
1300.05 2.00157e-06 
1300.49 2.00437e-06 
1300.93 2.0072e-06 
1301.37 2.01006e-06 
1301.81 2.01294e-06 
1302.25 2.01584e-06 
1302.69 2.01877e-06 
1303.12 2.02172e-06 
1303.56 2.02469e-06 
1304 2.02769e-06 
1304.44 2.03071e-06 
1304.88 2.03377e-06 
1305.32 2.03686e-06 
1305.76 2.03998e-06 
1306.2 2.04313e-06 
1306.64 2.04632e-06 
1307.08 2.04955e-06 
1307.52 2.05282e-06 
1307.96 2.05613e-06 
1308.4 2.05947e-06 
1308.84 2.06284e-06 
1309.28 2.06625e-06 
1309.72 2.06968e-06 
1310.16 2.07314e-06 
1310.6 2.07661e-06 
1311.04 2.08009e-06 
1311.47 2.08358e-06 
1311.91 2.08706e-06 
1312.35 2.09054e-06 
1312.79 2.09402e-06 
1313.23 2.0975e-06 
1313.67 2.10098e-06 
1314.11 2.10443e-06 
1314.55 2.10786e-06 
1314.99 2.11125e-06 
1315.43 2.11461e-06 
1315.87 2.11796e-06 
1316.31 2.12128e-06 
1316.75 2.12459e-06 
1317.19 2.12788e-06 
1317.63 2.13113e-06 
1318.07 2.13435e-06 
1318.51 2.13753e-06 
1318.95 2.14068e-06 
1319.38 2.14379e-06 
1319.82 2.14686e-06 
1320.26 2.14989e-06 
1320.7 2.15287e-06 
1321.14 2.15581e-06 
1321.58 2.15869e-06 
1322.02 2.16154e-06 
1322.46 2.16434e-06 
1322.9 2.1671e-06 
1323.34 2.16982e-06 
1323.78 2.1725e-06 
1324.22 2.17514e-06 
1324.66 2.17776e-06 
1325.1 2.18034e-06 
1325.54 2.18291e-06 
1325.98 2.18547e-06 
1326.42 2.18802e-06 
1326.86 2.19058e-06 
1327.29 2.19315e-06 
1327.73 2.19573e-06 
1328.17 2.19834e-06 
1328.61 2.20098e-06 
1329.05 2.20366e-06 
1329.49 2.20638e-06 
1329.93 2.20914e-06 
1330.37 2.21195e-06 
1330.81 2.21481e-06 
1331.25 2.21773e-06 
1331.69 2.22072e-06 
1332.13 2.2238e-06 
1332.57 2.22699e-06 
1333.01 2.23029e-06 
1333.45 2.23376e-06 
1333.89 2.23741e-06 
1334.33 2.24126e-06 
1334.77 2.24534e-06 
1335.21 2.24963e-06 
1335.64 2.25413e-06 
1336.08 2.25883e-06 
1336.52 2.26372e-06 
1336.96 2.26878e-06 
1337.4 2.27395e-06 
1337.84 2.27922e-06 
1338.28 2.28455e-06 
1338.72 2.28995e-06 
1339.16 2.2954e-06 
1339.6 2.3009e-06 
1340.04 2.30645e-06 
1340.48 2.31203e-06 
1340.92 2.31764e-06 
1341.36 2.32325e-06 
1341.8 2.32886e-06 
1342.24 2.33444e-06 
1342.68 2.33996e-06 
1343.12 2.34541e-06 
1343.55 2.35078e-06 
1343.99 2.35608e-06 
1344.43 2.36129e-06 
1344.87 2.36642e-06 
1345.31 2.37144e-06 
1345.75 2.37634e-06 
1346.19 2.38109e-06 
1346.63 2.38569e-06 
1347.07 2.39013e-06 
1347.51 2.39442e-06 
1347.95 2.39854e-06 
1348.39 2.40249e-06 
1348.83 2.40623e-06 
1349.27 2.40971e-06 
1349.71 2.41289e-06 
1350.15 2.41571e-06 
1350.59 2.41812e-06 
1351.03 2.42008e-06 
1351.46 2.42157e-06 
1351.9 2.4226e-06 
1352.34 2.42321e-06 
1352.78 2.42353e-06 
1353.22 2.42367e-06 
1353.66 2.42372e-06 
1354.1 2.42374e-06 
1354.54 2.42375e-06 
1354.98 2.42369e-06 
1355.42 2.42344e-06 
1355.86 2.4229e-06 
1356.3 2.42195e-06 
1356.74 2.42049e-06 
1357.18 2.41843e-06 
1357.62 2.41567e-06 
1358.06 2.41214e-06 
1358.5 2.40777e-06 
1358.94 2.40255e-06 
1359.38 2.39658e-06 
1359.81 2.39e-06 
1360.25 2.38309e-06 
1360.69 2.37614e-06 
1361.13 2.36948e-06 
1361.57 2.3634e-06 
1362.01 2.35816e-06 
1362.45 2.35395e-06 
1362.89 2.35097e-06 
1363.33 2.34948e-06 
1363.77 2.34973e-06 
1364.21 2.35193e-06 
1364.65 2.35617e-06 
1365.09 2.36255e-06 
1365.53 2.37112e-06 
1365.97 2.3818e-06 
1366.41 2.39458e-06 
1366.85 2.40933e-06 
1367.29 2.42592e-06 
1367.72 2.44413e-06 
1368.16 2.46364e-06 
1368.6 2.48422e-06 
1369.04 2.50569e-06 
1369.48 2.528e-06 
1369.92 2.5512e-06 
1370.36 2.57552e-06 
1370.8 2.60121e-06 
1371.24 2.62845e-06 
1371.68 2.65729e-06 
1372.12 2.68755e-06 
1372.56 2.71888e-06 
1373 2.75094e-06 
1373.44 2.78346e-06 
1373.88 2.81635e-06 
1374.32 2.84964e-06 
1374.76 2.88342e-06 
1375.2 2.91768e-06 
1375.63 2.95209e-06 
1376.07 2.98597e-06 
1376.51 3.01842e-06 
1376.95 3.0484e-06 
1377.39 3.07486e-06 
1377.83 3.09717e-06 
1378.27 3.11464e-06 
1378.71 3.12681e-06 
1379.15 3.13383e-06 
1379.59 3.13611e-06 
1380.03 3.13475e-06 
1380.47 3.13101e-06 
1380.91 3.12653e-06 
1381.35 3.12346e-06 
1381.79 3.12471e-06 
1382.23 3.1352e-06 
1382.67 3.16507e-06 
1383.11 3.23684e-06 
1383.54 3.40201e-06 
1383.98 3.77459e-06 
1384.42 4.49528e-06 
1384.86 5.17302e-06 
1385.3 4.61882e-06 
1385.74 3.71484e-06 
1386.18 3.20749e-06 
1386.62 2.93579e-06 
1387.06 2.76933e-06 
1387.5 2.65248e-06 
1387.94 2.5614e-06 
1388.38 2.48466e-06 
1388.82 2.41583e-06 
1389.26 2.35113e-06 
1389.7 2.28877e-06 
1390.14 2.22868e-06 
1390.58 2.17164e-06 
1391.02 2.11848e-06 
1391.46 2.06969e-06 
1391.89 2.02508e-06 
1392.33 1.98417e-06 
1392.77 1.94665e-06 
1393.21 1.91226e-06 
1393.65 1.8811e-06 
1394.09 1.85321e-06 
1394.53 1.82825e-06 
1394.97 1.80559e-06 
1395.41 1.78455e-06 
1395.85 1.76495e-06 
1396.29 1.74681e-06 
1396.73 1.72965e-06 
1397.17 1.71282e-06 
1397.61 1.69605e-06 
1398.05 1.67935e-06 
1398.49 1.66269e-06 
1398.93 1.64592e-06 
1399.37 1.62899e-06 
1399.8 1.61177e-06 
1400.24 1.59398e-06 
1400.68 1.57602e-06 
1401.12 1.5589e-06 
1401.56 1.54389e-06 
1402 1.5324e-06 
1402.44 1.52515e-06 
1402.88 1.52203e-06 
1403.32 1.52272e-06 
1403.76 1.52758e-06 
1404.2 1.53775e-06 
1404.64 1.55464e-06 
1405.08 1.57949e-06 
1405.52 1.6122e-06 
1405.96 1.65257e-06 
1406.4 1.70485e-06 
1406.84 1.77537e-06 
1407.28 1.87192e-06 
1407.71 2.00554e-06 
1408.15 2.19208e-06 
1408.59 2.45432e-06 
1409.03 2.8297e-06 
1409.47 3.392e-06 
1409.91 4.28815e-06 
1410.35 5.82074e-06 
1410.79 8.66926e-06 
1411.23 1.43449e-05 
1411.67 2.45609e-05 
1412.11 3.30256e-05 
1412.55 2.53788e-05 
1412.99 1.5917e-05 
1413.43 1.19887e-05 
1413.87 1.19159e-05 
1414.31 1.55349e-05 
1414.75 2.47452e-05 
1415.19 3.86788e-05 
1415.62 3.88589e-05 
1416.06 2.33792e-05 
1416.5 1.3098e-05 
1416.94 8.04175e-06 
1417.38 5.42119e-06 
1417.82 3.93484e-06 
1418.26 3.02849e-06 
1418.7 2.45199e-06 
1419.14 2.08818e-06 
1419.58 1.89123e-06 
1420.02 1.87477e-06 
1420.46 2.1336e-06 
1420.9 2.77551e-06 
1421.34 3.22534e-06 
1421.78 2.43998e-06 
1422.22 1.60104e-06 
1422.66 1.14764e-06 
1423.1 9.00111e-07 
1423.54 7.4899e-07 
1423.97 6.4717e-07 
1424.41 5.73457e-07 
1424.85 5.17438e-07 
1425.29 4.73479e-07 
1425.73 4.38209e-07 
1426.17 4.09478e-07 
1426.61 3.85873e-07 
1427.05 3.66476e-07 
1427.49 3.50672e-07 
1427.93 3.37945e-07 
1428.37 3.27668e-07 
1428.81 3.19497e-07 
1429.25 3.13965e-07 
1429.69 3.11912e-07 
1430.13 3.14415e-07 
1430.57 3.23059e-07 
1431.01 3.40279e-07 
1431.45 3.69928e-07 
1431.88 4.18633e-07 
1432.32 4.985e-07 
1432.76 6.33268e-07 
1433.2 8.73565e-07 
1433.64 1.33544e-06 
1434.08 2.27598e-06 
1434.52 3.94748e-06 
1434.96 5.01521e-06 
1435.4 3.45875e-06 
1435.84 1.91339e-06 
1436.28 1.13298e-06 
1436.72 7.42911e-07 
1437.16 5.29301e-07 
1437.6 4.01464e-07 
1438.04 3.19211e-07 
1438.48 2.63122e-07 
1438.92 2.23041e-07 
1439.36 1.9328e-07 
1439.79 1.70468e-07 
1440.23 1.52507e-07 
1440.67 1.3804e-07 
1441.11 1.26157e-07 
1441.55 1.16229e-07 
1441.99 1.07813e-07 
1442.43 1.00584e-07 
1442.87 9.43044e-08 
1443.31 8.87944e-08 
1443.75 8.3916e-08 
1444.19 7.95626e-08 
1444.63 7.56497e-08 
1445.07 7.21104e-08 
1445.51 6.88907e-08 
1445.95 6.59465e-08 
1446.39 6.32416e-08 
1446.83 6.07462e-08 
1447.27 5.84351e-08 
1447.71 5.62873e-08 
1448.14 5.42848e-08 
1448.58 5.24123e-08 
1449.02 5.06565e-08 
1449.46 4.90061e-08 
1449.9 4.74511e-08 
1450.34 4.59829e-08 
1450.78 4.45936e-08 
1451.22 4.32767e-08 
1451.66 4.20262e-08 
1452.1 4.08368e-08 
1452.54 3.97037e-08 
1452.98 3.86228e-08 
1453.42 3.75903e-08 
1453.86 3.66028e-08 
1454.3 3.56573e-08 
1454.74 3.47509e-08 
1455.18 3.38811e-08 
1455.62 3.30456e-08 
1456.05 3.22421e-08 
1456.49 3.14687e-08 
1456.93 3.07237e-08 
1457.37 3.00052e-08 
1457.81 2.9312e-08 
1458.25 2.86424e-08 
1458.69 2.79954e-08 
1459.13 2.73695e-08 
1459.57 2.67638e-08 
1460.01 2.6177e-08 
1460.45 2.56083e-08 
1460.89 2.50568e-08 
1461.33 2.45216e-08 
1461.77 2.40019e-08 
1462.21 2.3497e-08 
1462.65 2.30063e-08 
1463.09 2.25291e-08 
1463.53 2.20647e-08 
1463.96 2.16127e-08 
1464.4 2.11725e-08 
1464.84 2.07437e-08 
1465.28 2.03261e-08 
1465.72 1.99194e-08 
1466.16 1.95234e-08 
1466.6 1.91381e-08 
1467.04 1.87632e-08 
1467.48 1.83988e-08 
1467.92 1.80445e-08 
1468.36 1.77001e-08 
1468.8 1.73651e-08 
1469.24 1.70391e-08 
1469.68 1.67214e-08 
1470.12 1.64117e-08 
1470.56 1.61096e-08 
1471 1.5815e-08 
1471.44 1.55278e-08 
1471.88 1.52477e-08 
1472.31 1.49745e-08 
1472.75 1.4708e-08 
1473.19 1.4448e-08 
1473.63 1.41945e-08 
1474.07 1.39475e-08 
1474.51 1.37068e-08 
1474.95 1.34725e-08 
1475.39 1.32444e-08 
1475.83 1.30223e-08 
1476.27 1.28059e-08 
1476.71 1.25949e-08 
1477.15 1.23893e-08 
1477.59 1.21888e-08 
1478.03 1.19933e-08 
1478.47 1.18025e-08 
1478.91 1.16162e-08 
1479.35 1.14341e-08 
1479.79 1.1256e-08 
1480.22 1.10817e-08 
1480.66 1.09111e-08 
1481.1 1.07441e-08 
1481.54 1.05804e-08 
1481.98 1.04201e-08 
1482.42 1.0263e-08 
1482.86 1.01092e-08 
1483.3 9.95855e-09 
1483.74 9.81121e-09 
1484.18 9.667e-09 
1484.62 9.52582e-09 
1485.06 9.38774e-09 
1485.5 9.25268e-09 
1485.94 9.1206e-09 
1486.38 8.99133e-09 
1486.82 8.86477e-09 
1487.26 8.74085e-09 
1487.7 8.61957e-09 
1488.13 8.50101e-09 
1488.57 8.38512e-09 
1489.01 8.27187e-09 
1489.45 8.16124e-09 
1489.89 8.05305e-09 
1490.33 7.947e-09 
1490.77 7.84289e-09 
1491.21 7.74061e-09 
1491.65 7.64011e-09 
1492.09 7.54132e-09 
1492.53 7.44418e-09 
1492.97 7.34839e-09 
1493.41 7.2538e-09 
1493.85 7.16192e-09 
1494.29 7.07275e-09 
1494.73 6.9863e-09 
1495.17 6.9026e-09 
1495.61 6.82162e-09 
1496.04 6.7431e-09 
1496.48 6.66694e-09 
1496.92 6.59298e-09 
1497.36 6.52108e-09 
1497.8 6.45113e-09 
1498.24 6.38296e-09 
1498.68 6.31643e-09 
1499.12 6.25131e-09 
1499.56 6.18779e-09 
