#energy geo_1 
600 3.38235e-06 
600.439 3.38649e-06 
600.879 3.39064e-06 
601.318 3.39478e-06 
601.758 3.39893e-06 
602.197 3.40309e-06 
602.637 3.40724e-06 
603.076 3.4114e-06 
603.516 3.41556e-06 
603.955 3.41973e-06 
604.395 3.4239e-06 
604.834 3.42807e-06 
605.273 3.43224e-06 
605.713 3.43641e-06 
606.152 3.44059e-06 
606.592 3.44477e-06 
607.031 3.44896e-06 
607.471 3.45315e-06 
607.91 3.45734e-06 
608.35 3.46153e-06 
608.789 3.46573e-06 
609.229 3.46992e-06 
609.668 3.47413e-06 
610.107 3.47833e-06 
610.547 3.48254e-06 
610.986 3.48675e-06 
611.426 3.49096e-06 
611.865 3.49518e-06 
612.305 3.4994e-06 
612.744 3.50362e-06 
613.184 3.50785e-06 
613.623 3.51208e-06 
614.062 3.51631e-06 
614.502 3.52055e-06 
614.941 3.52479e-06 
615.381 3.52903e-06 
615.82 3.53327e-06 
616.26 3.53752e-06 
616.699 3.54177e-06 
617.139 3.54603e-06 
617.578 3.55028e-06 
618.018 3.55454e-06 
618.457 3.55881e-06 
618.896 3.56308e-06 
619.336 3.56735e-06 
619.775 3.57162e-06 
620.215 3.5759e-06 
620.654 3.58018e-06 
621.094 3.58447e-06 
621.533 3.58875e-06 
621.973 3.59305e-06 
622.412 3.59734e-06 
622.852 3.60164e-06 
623.291 3.60594e-06 
623.73 3.61025e-06 
624.17 3.61456e-06 
624.609 3.61887e-06 
625.049 3.62319e-06 
625.488 3.62751e-06 
625.928 3.63183e-06 
626.367 3.63616e-06 
626.807 3.64049e-06 
627.246 3.64482e-06 
627.686 3.64916e-06 
628.125 3.6535e-06 
628.564 3.65785e-06 
629.004 3.6622e-06 
629.443 3.66656e-06 
629.883 3.67091e-06 
630.322 3.67527e-06 
630.762 3.67964e-06 
631.201 3.68401e-06 
631.641 3.68839e-06 
632.08 3.69276e-06 
632.52 3.69715e-06 
632.959 3.70153e-06 
633.398 3.70592e-06 
633.838 3.71032e-06 
634.277 3.71471e-06 
634.717 3.71912e-06 
635.156 3.72352e-06 
635.596 3.72793e-06 
636.035 3.73235e-06 
636.475 3.73677e-06 
636.914 3.74119e-06 
637.354 3.74562e-06 
637.793 3.75005e-06 
638.232 3.75448e-06 
638.672 3.75892e-06 
639.111 3.76337e-06 
639.551 3.76782e-06 
639.99 3.77227e-06 
640.43 3.77672e-06 
640.869 3.78118e-06 
641.309 3.78565e-06 
641.748 3.79012e-06 
642.188 3.79459e-06 
642.627 3.79906e-06 
643.066 3.80355e-06 
643.506 3.80803e-06 
643.945 3.81252e-06 
644.385 3.81701e-06 
644.824 3.8215e-06 
645.264 3.826e-06 
645.703 3.8305e-06 
646.143 3.83501e-06 
646.582 3.83952e-06 
647.021 3.84403e-06 
647.461 3.84854e-06 
647.9 3.85306e-06 
648.34 3.85758e-06 
648.779 3.8621e-06 
649.219 3.86662e-06 
649.658 3.87115e-06 
650.098 3.87568e-06 
650.537 3.8802e-06 
650.977 3.88473e-06 
651.416 3.88926e-06 
651.855 3.8938e-06 
652.295 3.89833e-06 
652.734 3.90286e-06 
653.174 3.90739e-06 
653.613 3.91192e-06 
654.053 3.91645e-06 
654.492 3.92097e-06 
654.932 3.9255e-06 
655.371 3.93002e-06 
655.811 3.93454e-06 
656.25 3.93905e-06 
656.689 3.94356e-06 
657.129 3.94807e-06 
657.568 3.95256e-06 
658.008 3.95706e-06 
658.447 3.96154e-06 
658.887 3.96602e-06 
659.326 3.97049e-06 
659.766 3.97495e-06 
660.205 3.9794e-06 
660.645 3.98384e-06 
661.084 3.98827e-06 
661.523 3.99269e-06 
661.963 3.99709e-06 
662.402 4.00148e-06 
662.842 4.00585e-06 
663.281 4.01021e-06 
663.721 4.01455e-06 
664.16 4.01887e-06 
664.6 4.02317e-06 
665.039 4.02745e-06 
665.479 4.03172e-06 
665.918 4.03596e-06 
666.357 4.04017e-06 
666.797 4.04437e-06 
667.236 4.04854e-06 
667.676 4.05268e-06 
668.115 4.0568e-06 
668.555 4.06089e-06 
668.994 4.06495e-06 
669.434 4.06899e-06 
669.873 4.073e-06 
670.312 4.07698e-06 
670.752 4.08093e-06 
671.191 4.08485e-06 
671.631 4.08875e-06 
672.07 4.09262e-06 
672.51 4.09646e-06 
672.949 4.10028e-06 
673.389 4.10408e-06 
673.828 4.10785e-06 
674.268 4.1116e-06 
674.707 4.11534e-06 
675.146 4.11906e-06 
675.586 4.12278e-06 
676.025 4.12649e-06 
676.465 4.13021e-06 
676.904 4.13393e-06 
677.344 4.13767e-06 
677.783 4.14144e-06 
678.223 4.14525e-06 
678.662 4.1491e-06 
679.102 4.15302e-06 
679.541 4.15701e-06 
679.98 4.1611e-06 
680.42 4.16532e-06 
680.859 4.16967e-06 
681.299 4.1742e-06 
681.738 4.17893e-06 
682.178 4.1839e-06 
682.617 4.18916e-06 
683.057 4.19476e-06 
683.496 4.20075e-06 
683.936 4.20721e-06 
684.375 4.21422e-06 
684.814 4.22186e-06 
685.254 4.23026e-06 
685.693 4.23955e-06 
686.133 4.24988e-06 
686.572 4.26144e-06 
687.012 4.27447e-06 
687.451 4.28922e-06 
687.891 4.30605e-06 
688.33 4.32535e-06 
688.77 4.34761e-06 
689.209 4.37343e-06 
689.648 4.40357e-06 
690.088 4.43894e-06 
690.527 4.48064e-06 
690.967 4.53005e-06 
691.406 4.5888e-06 
691.846 4.65877e-06 
692.285 4.74206e-06 
692.725 4.8407e-06 
693.164 4.95621e-06 
693.604 5.08864e-06 
694.043 5.23502e-06 
694.482 5.3873e-06 
694.922 5.53077e-06 
695.361 5.64468e-06 
695.801 5.70733e-06 
696.24 5.70482e-06 
696.68 5.638e-06 
697.119 5.52205e-06 
697.559 5.37885e-06 
697.998 5.22857e-06 
698.438 5.08521e-06 
698.877 4.95622e-06 
699.316 4.84425e-06 
699.756 4.74906e-06 
700.195 4.66909e-06 
700.635 4.60228e-06 
701.074 4.54658e-06 
701.514 4.50013e-06 
701.953 4.46134e-06 
702.393 4.42887e-06 
702.832 4.40163e-06 
703.271 4.37874e-06 
703.711 4.35948e-06 
704.15 4.34327e-06 
704.59 4.32963e-06 
705.029 4.31818e-06 
705.469 4.30861e-06 
705.908 4.30066e-06 
706.348 4.29412e-06 
706.787 4.28884e-06 
707.227 4.28467e-06 
707.666 4.2815e-06 
708.105 4.27926e-06 
708.545 4.27788e-06 
708.984 4.27732e-06 
709.424 4.27754e-06 
709.863 4.27855e-06 
710.303 4.28033e-06 
710.742 4.28292e-06 
711.182 4.28635e-06 
711.621 4.29068e-06 
712.061 4.29598e-06 
712.5 4.30237e-06 
712.939 4.30996e-06 
713.379 4.31894e-06 
713.818 4.32949e-06 
714.258 4.34189e-06 
714.697 4.35645e-06 
715.137 4.37356e-06 
715.576 4.39372e-06 
716.016 4.41752e-06 
716.455 4.44572e-06 
716.895 4.47923e-06 
717.334 4.51914e-06 
717.773 4.56673e-06 
718.213 4.62344e-06 
718.652 4.69071e-06 
719.092 4.76966e-06 
719.531 4.86057e-06 
719.971 4.96175e-06 
720.41 5.06828e-06 
720.85 5.17071e-06 
721.289 5.25514e-06 
721.729 5.30626e-06 
722.168 5.31312e-06 
722.607 5.27453e-06 
723.047 5.19961e-06 
723.486 5.10321e-06 
723.926 4.99982e-06 
724.365 4.89997e-06 
724.805 4.80954e-06 
725.244 4.73083e-06 
725.684 4.66396e-06 
726.123 4.60792e-06 
726.562 4.56133e-06 
727.002 4.52272e-06 
727.441 4.49079e-06 
727.881 4.46438e-06 
728.32 4.44253e-06 
728.76 4.42446e-06 
729.199 4.40953e-06 
729.639 4.3972e-06 
730.078 4.38706e-06 
730.518 4.37876e-06 
730.957 4.37201e-06 
731.396 4.36658e-06 
731.836 4.36227e-06 
732.275 4.35893e-06 
732.715 4.35643e-06 
733.154 4.35465e-06 
733.594 4.3535e-06 
734.033 4.3529e-06 
734.473 4.35278e-06 
734.912 4.3531e-06 
735.352 4.35379e-06 
735.791 4.35482e-06 
736.23 4.35615e-06 
736.67 4.35775e-06 
737.109 4.35959e-06 
737.549 4.36165e-06 
737.988 4.3639e-06 
738.428 4.36634e-06 
738.867 4.36894e-06 
739.307 4.37168e-06 
739.746 4.37456e-06 
740.186 4.37757e-06 
740.625 4.38069e-06 
741.064 4.38392e-06 
741.504 4.38725e-06 
741.943 4.39066e-06 
742.383 4.39416e-06 
742.822 4.39774e-06 
743.262 4.40139e-06 
743.701 4.40511e-06 
744.141 4.40889e-06 
744.58 4.41274e-06 
745.02 4.41664e-06 
745.459 4.42059e-06 
745.898 4.42459e-06 
746.338 4.42864e-06 
746.777 4.43274e-06 
747.217 4.43688e-06 
747.656 4.44106e-06 
748.096 4.44528e-06 
748.535 4.44954e-06 
748.975 4.45383e-06 
749.414 4.45815e-06 
749.854 4.46251e-06 
750.293 4.46691e-06 
750.732 4.47133e-06 
751.172 4.47577e-06 
751.611 4.48025e-06 
752.051 4.48476e-06 
752.49 4.48929e-06 
752.93 4.49385e-06 
753.369 4.49843e-06 
753.809 4.50303e-06 
754.248 4.50767e-06 
754.688 4.51232e-06 
755.127 4.51699e-06 
755.566 4.52169e-06 
756.006 4.5264e-06 
756.445 4.53114e-06 
756.885 4.5359e-06 
757.324 4.54068e-06 
757.764 4.54547e-06 
758.203 4.55029e-06 
758.643 4.55512e-06 
759.082 4.55998e-06 
759.521 4.56485e-06 
759.961 4.56974e-06 
760.4 4.57464e-06 
760.84 4.57956e-06 
761.279 4.5845e-06 
761.719 4.58946e-06 
762.158 4.59443e-06 
762.598 4.59941e-06 
763.037 4.60441e-06 
763.477 4.60943e-06 
763.916 4.61446e-06 
764.355 4.6195e-06 
764.795 4.62456e-06 
765.234 4.62964e-06 
765.674 4.63472e-06 
766.113 4.63982e-06 
766.553 4.64493e-06 
766.992 4.65005e-06 
767.432 4.65518e-06 
767.871 4.66033e-06 
768.311 4.66548e-06 
768.75 4.67065e-06 
769.189 4.67582e-06 
769.629 4.681e-06 
770.068 4.68619e-06 
770.508 4.69139e-06 
770.947 4.69659e-06 
771.387 4.7018e-06 
771.826 4.70702e-06 
772.266 4.71224e-06 
772.705 4.71746e-06 
773.145 4.72268e-06 
773.584 4.72791e-06 
774.023 4.73314e-06 
774.463 4.73836e-06 
774.902 4.74359e-06 
775.342 4.74881e-06 
775.781 4.75403e-06 
776.221 4.75924e-06 
776.66 4.76445e-06 
777.1 4.76964e-06 
777.539 4.77483e-06 
777.979 4.78001e-06 
778.418 4.78517e-06 
778.857 4.79032e-06 
779.297 4.79545e-06 
779.736 4.80056e-06 
780.176 4.80565e-06 
780.615 4.81072e-06 
781.055 4.81577e-06 
781.494 4.82079e-06 
781.934 4.82578e-06 
782.373 4.83074e-06 
782.812 4.83566e-06 
783.252 4.84055e-06 
783.691 4.84541e-06 
784.131 4.85022e-06 
784.57 4.85499e-06 
785.01 4.85971e-06 
785.449 4.86439e-06 
785.889 4.86901e-06 
786.328 4.87359e-06 
786.768 4.87811e-06 
787.207 4.88257e-06 
787.646 4.88697e-06 
788.086 4.89131e-06 
788.525 4.89558e-06 
788.965 4.89979e-06 
789.404 4.90394e-06 
789.844 4.90801e-06 
790.283 4.91201e-06 
790.723 4.91595e-06 
791.162 4.91981e-06 
791.602 4.9236e-06 
792.041 4.92732e-06 
792.48 4.93097e-06 
792.92 4.93455e-06 
793.359 4.93807e-06 
793.799 4.94152e-06 
794.238 4.94491e-06 
794.678 4.94826e-06 
795.117 4.95155e-06 
795.557 4.9548e-06 
795.996 4.95802e-06 
796.436 4.96122e-06 
796.875 4.96442e-06 
797.314 4.96762e-06 
797.754 4.97085e-06 
798.193 4.97412e-06 
798.633 4.97747e-06 
799.072 4.98091e-06 
799.512 4.98448e-06 
799.951 4.98821e-06 
800.391 4.99214e-06 
800.83 4.99633e-06 
801.27 5.00083e-06 
801.709 5.0057e-06 
802.148 5.01101e-06 
802.588 5.01685e-06 
803.027 5.02331e-06 
803.467 5.03051e-06 
803.906 5.03858e-06 
804.346 5.04767e-06 
804.785 5.05795e-06 
805.225 5.06963e-06 
805.664 5.08295e-06 
806.104 5.0982e-06 
806.543 5.11572e-06 
806.982 5.1359e-06 
807.422 5.15923e-06 
807.861 5.18628e-06 
808.301 5.21774e-06 
808.74 5.25445e-06 
809.18 5.29743e-06 
809.619 5.34791e-06 
810.059 5.40741e-06 
810.498 5.47781e-06 
810.938 5.5614e-06 
811.377 5.66099e-06 
811.816 5.78001e-06 
812.256 5.9226e-06 
812.695 6.0936e-06 
813.135 6.2985e-06 
813.574 6.54287e-06 
814.014 6.83144e-06 
814.453 7.16589e-06 
814.893 7.54134e-06 
815.332 7.94116e-06 
815.771 8.33209e-06 
816.211 8.6633e-06 
816.65 8.87585e-06 
817.09 8.92348e-06 
817.529 8.79429e-06 
817.969 8.51683e-06 
818.408 8.14546e-06 
818.848 7.73735e-06 
819.287 7.33618e-06 
819.727 6.96788e-06 
820.166 6.64358e-06 
820.605 6.36503e-06 
821.045 6.12902e-06 
821.484 5.93036e-06 
821.924 5.76346e-06 
822.363 5.62311e-06 
822.803 5.50476e-06 
823.242 5.4046e-06 
823.682 5.3195e-06 
824.121 5.24687e-06 
824.561 5.18464e-06 
825 5.13112e-06 
825.439 5.08494e-06 
825.879 5.04498e-06 
826.318 5.01035e-06 
826.758 4.98031e-06 
827.197 4.95426e-06 
827.637 4.93172e-06 
828.076 4.91229e-06 
828.516 4.89567e-06 
828.955 4.88161e-06 
829.395 4.86992e-06 
829.834 4.86046e-06 
830.273 4.85316e-06 
830.713 4.84795e-06 
831.152 4.84485e-06 
831.592 4.84389e-06 
832.031 4.84517e-06 
832.471 4.84883e-06 
832.91 4.85504e-06 
833.35 4.86409e-06 
833.789 4.87628e-06 
834.229 4.89205e-06 
834.668 4.9119e-06 
835.107 4.93649e-06 
835.547 4.96664e-06 
835.986 5.00332e-06 
836.426 5.0478e-06 
836.865 5.10158e-06 
837.305 5.16658e-06 
837.744 5.24509e-06 
838.184 5.33993e-06 
838.623 5.4544e-06 
839.062 5.59226e-06 
839.502 5.75746e-06 
839.941 5.95345e-06 
840.381 6.18191e-06 
840.82 6.44032e-06 
841.26 6.71862e-06 
841.699 6.99549e-06 
842.139 7.23706e-06 
842.578 7.40214e-06 
843.018 7.45572e-06 
843.457 7.38479e-06 
843.896 7.20503e-06 
844.336 6.95263e-06 
844.775 6.66829e-06 
845.215 6.3847e-06 
845.654 6.12204e-06 
846.094 5.88962e-06 
846.533 5.68954e-06 
846.973 5.51994e-06 
847.412 5.37731e-06 
847.852 5.25771e-06 
848.291 5.15741e-06 
848.73 5.07312e-06 
849.17 5.00208e-06 
849.609 4.94199e-06 
850.049 4.89098e-06 
850.488 4.84751e-06 
850.928 4.81034e-06 
851.367 4.77846e-06 
851.807 4.75104e-06 
852.246 4.7274e-06 
852.686 4.70698e-06 
853.125 4.68933e-06 
853.564 4.67405e-06 
854.004 4.66083e-06 
854.443 4.6494e-06 
854.883 4.63952e-06 
855.322 4.63102e-06 
855.762 4.62372e-06 
856.201 4.61749e-06 
856.641 4.6122e-06 
857.08 4.60774e-06 
857.52 4.60404e-06 
857.959 4.60102e-06 
858.398 4.59859e-06 
858.838 4.59672e-06 
859.277 4.59534e-06 
859.717 4.5944e-06 
860.156 4.59388e-06 
860.596 4.59373e-06 
861.035 4.59391e-06 
861.475 4.59441e-06 
861.914 4.59519e-06 
862.354 4.59624e-06 
862.793 4.59754e-06 
863.232 4.59905e-06 
863.672 4.60078e-06 
864.111 4.6027e-06 
864.551 4.6048e-06 
864.99 4.60707e-06 
865.43 4.6095e-06 
865.869 4.61207e-06 
866.309 4.61478e-06 
866.748 4.61762e-06 
867.188 4.62058e-06 
867.627 4.62366e-06 
868.066 4.62684e-06 
868.506 4.63013e-06 
868.945 4.63352e-06 
869.385 4.63699e-06 
869.824 4.64055e-06 
870.264 4.6442e-06 
870.703 4.64792e-06 
871.143 4.65173e-06 
871.582 4.6556e-06 
872.021 4.65954e-06 
872.461 4.66354e-06 
872.9 4.66761e-06 
873.34 4.67174e-06 
873.779 4.67592e-06 
874.219 4.68016e-06 
874.658 4.68446e-06 
875.098 4.6888e-06 
875.537 4.69319e-06 
875.977 4.69763e-06 
876.416 4.70211e-06 
876.855 4.70664e-06 
877.295 4.71121e-06 
877.734 4.71582e-06 
878.174 4.72047e-06 
878.613 4.72516e-06 
879.053 4.72988e-06 
879.492 4.73464e-06 
879.932 4.73943e-06 
880.371 4.74425e-06 
880.811 4.74911e-06 
881.25 4.75399e-06 
881.689 4.7589e-06 
882.129 4.76384e-06 
882.568 4.7688e-06 
883.008 4.77379e-06 
883.447 4.7788e-06 
883.887 4.78383e-06 
884.326 4.78888e-06 
884.766 4.79396e-06 
885.205 4.79905e-06 
885.645 4.80416e-06 
886.084 4.80928e-06 
886.523 4.81442e-06 
886.963 4.81956e-06 
887.402 4.82473e-06 
887.842 4.82989e-06 
888.281 4.83507e-06 
888.721 4.84026e-06 
889.16 4.84545e-06 
889.6 4.85064e-06 
890.039 4.85584e-06 
890.479 4.86103e-06 
890.918 4.86622e-06 
891.357 4.87141e-06 
891.797 4.8766e-06 
892.236 4.88177e-06 
892.676 4.88694e-06 
893.115 4.89209e-06 
893.555 4.89723e-06 
893.994 4.90236e-06 
894.434 4.90747e-06 
894.873 4.91256e-06 
895.312 4.91762e-06 
895.752 4.92266e-06 
896.191 4.92768e-06 
896.631 4.93267e-06 
897.07 4.93762e-06 
897.51 4.94255e-06 
897.949 4.94744e-06 
898.389 4.95229e-06 
898.828 4.9571e-06 
899.268 4.96187e-06 
899.707 4.9666e-06 
900.146 4.97128e-06 
900.586 4.97592e-06 
901.025 4.98051e-06 
901.465 4.98505e-06 
901.904 4.98955e-06 
902.344 4.99399e-06 
902.783 4.99839e-06 
903.223 5.00273e-06 
903.662 5.00702e-06 
904.102 5.01127e-06 
904.541 5.01548e-06 
904.98 5.01964e-06 
905.42 5.02376e-06 
905.859 5.02785e-06 
906.299 5.03191e-06 
906.738 5.03594e-06 
907.178 5.03996e-06 
907.617 5.04398e-06 
908.057 5.048e-06 
908.496 5.05205e-06 
908.936 5.05613e-06 
909.375 5.06027e-06 
909.814 5.06448e-06 
910.254 5.06879e-06 
910.693 5.07324e-06 
911.133 5.07785e-06 
911.572 5.08267e-06 
912.012 5.08773e-06 
912.451 5.09309e-06 
912.891 5.09882e-06 
913.33 5.10498e-06 
913.77 5.11166e-06 
914.209 5.11896e-06 
914.648 5.12697e-06 
915.088 5.13585e-06 
915.527 5.14574e-06 
915.967 5.15683e-06 
916.406 5.16934e-06 
916.846 5.18351e-06 
917.285 5.19967e-06 
917.725 5.21819e-06 
918.164 5.2395e-06 
918.604 5.26415e-06 
919.043 5.29279e-06 
919.482 5.32622e-06 
919.922 5.36542e-06 
920.361 5.41159e-06 
920.801 5.46621e-06 
921.24 5.53109e-06 
921.68 5.60844e-06 
922.119 5.70094e-06 
922.559 5.81178e-06 
922.998 5.94457e-06 
923.438 6.10317e-06 
923.877 6.29109e-06 
924.316 6.51029e-06 
924.756 6.75907e-06 
925.195 7.0289e-06 
925.635 7.30074e-06 
926.074 7.54338e-06 
926.514 7.71733e-06 
926.953 7.78689e-06 
927.393 7.73563e-06 
927.832 7.57475e-06 
928.271 7.33723e-06 
928.711 7.06289e-06 
929.15 6.78519e-06 
929.59 6.52572e-06 
930.029 6.29505e-06 
930.469 6.09614e-06 
930.908 5.9277e-06 
931.348 5.78656e-06 
931.787 5.66901e-06 
932.227 5.57148e-06 
932.666 5.49085e-06 
933.105 5.42452e-06 
933.545 5.37037e-06 
933.984 5.32673e-06 
934.424 5.29235e-06 
934.863 5.26628e-06 
935.303 5.24787e-06 
935.742 5.23673e-06 
936.182 5.23271e-06 
936.621 5.23589e-06 
937.061 5.24654e-06 
937.5 5.26522e-06 
937.939 5.29271e-06 
938.379 5.33012e-06 
938.818 5.37889e-06 
939.258 5.44088e-06 
939.697 5.51845e-06 
940.137 5.61452e-06 
940.576 5.7327e-06 
941.016 5.8773e-06 
941.455 6.0533e-06 
941.895 6.26607e-06 
942.334 6.52061e-06 
942.773 6.82007e-06 
943.213 7.16289e-06 
943.652 7.53857e-06 
944.092 7.92261e-06 
944.531 8.27364e-06 
944.971 8.53804e-06 
945.41 8.66538e-06 
945.85 8.63013e-06 
946.289 8.44477e-06 
946.729 8.15368e-06 
947.168 7.81304e-06 
947.607 7.47198e-06 
948.047 7.16372e-06 
948.486 6.90619e-06 
948.926 6.7066e-06 
949.365 6.56608e-06 
949.805 6.4827e-06 
950.244 6.45273e-06 
950.684 6.47043e-06 
951.123 6.52636e-06 
951.562 6.60508e-06 
952.002 6.68361e-06 
952.441 6.7332e-06 
952.881 6.7265e-06 
953.32 6.64794e-06 
953.76 6.50054e-06 
954.199 6.30352e-06 
954.639 6.08268e-06 
955.078 5.8609e-06 
955.518 5.65345e-06 
955.957 5.468e-06 
956.396 5.30677e-06 
956.836 5.16885e-06 
957.275 5.05192e-06 
957.715 4.95323e-06 
958.154 4.87009e-06 
958.594 4.80014e-06 
959.033 4.7414e-06 
959.473 4.69223e-06 
959.912 4.65133e-06 
960.352 4.61769e-06 
960.791 4.59053e-06 
961.23 4.56928e-06 
961.67 4.55357e-06 
962.109 4.54319e-06 
962.549 4.53807e-06 
962.988 4.53832e-06 
963.428 4.54419e-06 
963.867 4.55611e-06 
964.307 4.57471e-06 
964.746 4.60083e-06 
965.186 4.63559e-06 
965.625 4.68042e-06 
966.064 4.73711e-06 
966.504 4.80789e-06 
966.943 4.89543e-06 
967.383 5.00286e-06 
967.822 5.13359e-06 
968.262 5.29091e-06 
968.701 5.47704e-06 
969.141 5.69149e-06 
969.58 5.92836e-06 
970.02 6.17305e-06 
970.459 6.39995e-06 
970.898 6.57435e-06 
971.338 6.66149e-06 
971.777 6.64061e-06 
972.217 6.5152e-06 
972.656 6.31106e-06 
973.096 6.06411e-06 
973.535 5.80706e-06 
973.975 5.56247e-06 
974.414 5.3423e-06 
974.854 5.15067e-06 
975.293 4.98712e-06 
975.732 4.84898e-06 
976.172 4.7328e-06 
976.611 4.63516e-06 
977.051 4.55297e-06 
977.49 4.48357e-06 
977.93 4.42475e-06 
978.369 4.3747e-06 
978.809 4.33194e-06 
979.248 4.29525e-06 
979.688 4.26366e-06 
980.127 4.23636e-06 
980.566 4.2127e-06 
981.006 4.19214e-06 
981.445 4.17423e-06 
981.885 4.15861e-06 
982.324 4.14496e-06 
982.764 4.13303e-06 
983.203 4.12259e-06 
983.643 4.11347e-06 
984.082 4.1055e-06 
984.521 4.09856e-06 
984.961 4.09252e-06 
985.4 4.08729e-06 
985.84 4.08278e-06 
986.279 4.07893e-06 
986.719 4.07565e-06 
987.158 4.0729e-06 
987.598 4.07063e-06 
988.037 4.06878e-06 
988.477 4.06734e-06 
988.916 4.06625e-06 
989.355 4.06549e-06 
989.795 4.06503e-06 
990.234 4.06485e-06 
990.674 4.06492e-06 
991.113 4.06523e-06 
991.553 4.06575e-06 
991.992 4.06648e-06 
992.432 4.06739e-06 
992.871 4.06848e-06 
993.311 4.06973e-06 
993.75 4.07112e-06 
994.189 4.07266e-06 
994.629 4.07433e-06 
995.068 4.07612e-06 
995.508 4.07802e-06 
995.947 4.08004e-06 
996.387 4.08215e-06 
996.826 4.08435e-06 
997.266 4.08664e-06 
997.705 4.08902e-06 
998.145 4.09147e-06 
998.584 4.09399e-06 
999.023 4.09658e-06 
999.463 4.09923e-06 
999.902 4.10194e-06 
1000.34 4.10471e-06 
1000.78 4.10752e-06 
1001.22 4.11039e-06 
1001.66 4.11329e-06 
1002.1 4.11624e-06 
1002.54 4.11922e-06 
1002.98 4.12224e-06 
1003.42 4.12528e-06 
1003.86 4.12836e-06 
1004.3 4.13146e-06 
1004.74 4.13458e-06 
1005.18 4.13772e-06 
1005.62 4.14088e-06 
1006.05 4.14405e-06 
1006.49 4.14723e-06 
1006.93 4.15042e-06 
1007.37 4.15362e-06 
1007.81 4.15682e-06 
1008.25 4.16003e-06 
1008.69 4.16323e-06 
1009.13 4.16644e-06 
1009.57 4.16964e-06 
1010.01 4.17283e-06 
1010.45 4.17602e-06 
1010.89 4.1792e-06 
1011.33 4.18237e-06 
1011.77 4.18553e-06 
1012.21 4.18867e-06 
1012.65 4.19181e-06 
1013.09 4.19493e-06 
1013.53 4.19804e-06 
1013.96 4.20114e-06 
1014.4 4.20422e-06 
1014.84 4.2073e-06 
1015.28 4.21037e-06 
1015.72 4.21343e-06 
1016.16 4.21649e-06 
1016.6 4.21955e-06 
1017.04 4.22262e-06 
1017.48 4.2257e-06 
1017.92 4.2288e-06 
1018.36 4.23192e-06 
1018.8 4.23508e-06 
1019.24 4.23828e-06 
1019.68 4.24155e-06 
1020.12 4.24489e-06 
1020.56 4.24833e-06 
1021 4.25188e-06 
1021.44 4.25556e-06 
1021.88 4.25941e-06 
1022.31 4.26346e-06 
1022.75 4.26775e-06 
1023.19 4.27231e-06 
1023.63 4.2772e-06 
1024.07 4.28248e-06 
1024.51 4.28821e-06 
1024.95 4.29449e-06 
1025.39 4.30139e-06 
1025.83 4.30904e-06 
1026.27 4.31756e-06 
1026.71 4.32712e-06 
1027.15 4.3379e-06 
1027.59 4.35012e-06 
1028.03 4.36406e-06 
1028.47 4.38004e-06 
1028.91 4.39846e-06 
1029.35 4.4198e-06 
1029.79 4.44465e-06 
1030.22 4.47374e-06 
1030.66 4.50795e-06 
1031.1 4.54837e-06 
1031.54 4.59636e-06 
1031.98 4.65354e-06 
1032.42 4.72183e-06 
1032.86 4.80351e-06 
1033.3 4.90101e-06 
1033.74 5.01672e-06 
1034.18 5.15229e-06 
1034.62 5.30754e-06 
1035.06 5.47857e-06 
1035.5 5.65544e-06 
1035.94 5.8205e-06 
1036.38 5.94952e-06 
1036.82 6.01783e-06 
1037.26 6.01009e-06 
1037.7 5.92782e-06 
1038.13 5.78861e-06 
1038.57 5.61773e-06 
1039.01 5.43861e-06 
1039.45 5.26764e-06 
1039.89 5.11366e-06 
1040.33 4.97984e-06 
1040.77 4.86602e-06 
1041.21 4.77042e-06 
1041.65 4.69068e-06 
1042.09 4.62445e-06 
1042.53 4.56961e-06 
1042.97 4.52437e-06 
1043.41 4.48727e-06 
1043.85 4.45714e-06 
1044.29 4.43307e-06 
1044.73 4.41438e-06 
1045.17 4.40059e-06 
1045.61 4.39138e-06 
1046.04 4.38657e-06 
1046.48 4.38614e-06 
1046.92 4.3902e-06 
1047.36 4.39902e-06 
1047.8 4.413e-06 
1048.24 4.43273e-06 
1048.68 4.459e-06 
1049.12 4.49283e-06 
1049.56 4.53554e-06 
1050 4.58877e-06 
1050.44 4.65454e-06 
1050.88 4.7353e-06 
1051.32 4.83393e-06 
1051.76 4.95359e-06 
1052.2 5.09742e-06 
1052.64 5.26779e-06 
1053.08 5.46486e-06 
1053.52 5.68434e-06 
1053.96 5.91446e-06 
1054.39 6.1337e-06 
1054.83 6.3117e-06 
1055.27 6.41652e-06 
1055.71 6.42704e-06 
1056.15 6.3434e-06 
1056.59 6.18719e-06 
1057.03 5.99133e-06 
1057.47 5.78755e-06 
1057.91 5.59908e-06 
1058.35 5.43949e-06 
1058.79 5.31499e-06 
1059.23 5.22737e-06 
1059.67 5.17615e-06 
1060.11 5.15963e-06 
1060.55 5.1749e-06 
1060.99 5.217e-06 
1061.43 5.27745e-06 
1061.87 5.3429e-06 
1062.3 5.39544e-06 
1062.74 5.41625e-06 
1063.18 5.39213e-06 
1063.62 5.32141e-06 
1064.06 5.21442e-06 
1064.5 5.08823e-06 
1064.94 4.95976e-06 
1065.38 4.84153e-06 
1065.82 4.74086e-06 
1066.26 4.66104e-06 
1066.7 4.60301e-06 
1067.14 4.5667e-06 
1067.58 4.55182e-06 
1068.02 4.55845e-06 
1068.46 4.58721e-06 
1068.9 4.63951e-06 
1069.34 4.71754e-06 
1069.78 4.82424e-06 
1070.21 4.9632e-06 
1070.65 5.13816e-06 
1071.09 5.35202e-06 
1071.53 5.60501e-06 
1071.97 5.89161e-06 
1072.41 6.1965e-06 
1072.85 6.49113e-06 
1073.29 6.73435e-06 
1073.73 6.88146e-06 
1074.17 6.90088e-06 
1074.61 6.78947e-06 
1075.05 6.57433e-06 
1075.49 6.29999e-06 
1075.93 6.01084e-06 
1076.37 5.74003e-06 
1076.81 5.5073e-06 
1077.25 5.32178e-06 
1077.69 5.18618e-06 
1078.12 5.09979e-06 
1078.56 5.06018e-06 
1079 5.06339e-06 
1079.44 5.1029e-06 
1079.88 5.16776e-06 
1080.32 5.24078e-06 
1080.76 5.29857e-06 
1081.2 5.31583e-06 
1081.64 5.27372e-06 
1082.08 5.16794e-06 
1082.52 5.01023e-06 
1082.96 4.82203e-06 
1083.4 4.62526e-06 
1083.84 4.43628e-06 
1084.28 4.26443e-06 
1084.72 4.11336e-06 
1085.16 3.9832e-06 
1085.6 3.87229e-06 
1086.04 3.77831e-06 
1086.47 3.69885e-06 
1086.91 3.63172e-06 
1087.35 3.57506e-06 
1087.79 3.5273e-06 
1088.23 3.48719e-06 
1088.67 3.45376e-06 
1089.11 3.42623e-06 
1089.55 3.40404e-06 
1089.99 3.38679e-06 
1090.43 3.37423e-06 
1090.87 3.36626e-06 
1091.31 3.3629e-06 
1091.75 3.36431e-06 
1092.19 3.37079e-06 
1092.63 3.38282e-06 
1093.07 3.40103e-06 
1093.51 3.42628e-06 
1093.95 3.4597e-06 
1094.38 3.50269e-06 
1094.82 3.55701e-06 
1095.26 3.62481e-06 
1095.7 3.70864e-06 
1096.14 3.81135e-06 
1096.58 3.93587e-06 
1097.02 4.08464e-06 
1097.46 4.25838e-06 
1097.9 4.45424e-06 
1098.34 4.66303e-06 
1098.78 4.86666e-06 
1099.22 5.03794e-06 
1099.66 5.14566e-06 
1100.1 5.1655e-06 
1100.54 5.09126e-06 
1100.98 4.93813e-06 
1101.42 4.73502e-06 
1101.86 4.51243e-06 
1102.29 4.2938e-06 
1102.73 4.093e-06 
1103.17 3.916e-06 
1103.61 3.76373e-06 
1104.05 3.63443e-06 
1104.49 3.52532e-06 
1104.93 3.43336e-06 
1105.37 3.35576e-06 
1105.81 3.29006e-06 
1106.25 3.2342e-06 
1106.69 3.18647e-06 
1107.13 3.1455e-06 
1107.57 3.11013e-06 
1108.01 3.07946e-06 
1108.45 3.05272e-06 
1108.89 3.0293e-06 
1109.33 3.0087e-06 
1109.77 2.99049e-06 
1110.21 2.97433e-06 
1110.64 2.95994e-06 
1111.08 2.94706e-06 
1111.52 2.9355e-06 
1111.96 2.92508e-06 
1112.4 2.91565e-06 
1112.84 2.9071e-06 
1113.28 2.8993e-06 
1113.72 2.89217e-06 
1114.16 2.88563e-06 
1114.6 2.8796e-06 
1115.04 2.87403e-06 
1115.48 2.86886e-06 
1115.92 2.86404e-06 
1116.36 2.85953e-06 
1116.8 2.85529e-06 
1117.24 2.85129e-06 
1117.68 2.8475e-06 
1118.12 2.84388e-06 
1118.55 2.84043e-06 
1118.99 2.83711e-06 
1119.43 2.83391e-06 
1119.87 2.83081e-06 
1120.31 2.8278e-06 
1120.75 2.82485e-06 
1121.19 2.82197e-06 
1121.63 2.81913e-06 
1122.07 2.81633e-06 
1122.51 2.81356e-06 
1122.95 2.81082e-06 
1123.39 2.8081e-06 
1123.83 2.8054e-06 
1124.27 2.80272e-06 
1124.71 2.80005e-06 
1125.15 2.7974e-06 
1125.59 2.79478e-06 
1126.03 2.79218e-06 
1126.46 2.78963e-06 
1126.9 2.78712e-06 
1127.34 2.78469e-06 
1127.78 2.78235e-06 
1128.22 2.78013e-06 
1128.66 2.77805e-06 
1129.1 2.77616e-06 
1129.54 2.77452e-06 
1129.98 2.77318e-06 
1130.42 2.77223e-06 
1130.86 2.77177e-06 
1131.3 2.77192e-06 
1131.74 2.77287e-06 
1132.18 2.77482e-06 
1132.62 2.77808e-06 
1133.06 2.78304e-06 
1133.5 2.79025e-06 
1133.94 2.80046e-06 
1134.38 2.8148e-06 
1134.81 2.8349e-06 
1135.25 2.86327e-06 
1135.69 2.90393e-06 
1136.13 2.96359e-06 
1136.57 3.05414e-06 
1137.01 3.19799e-06 
1137.45 3.44107e-06 
1137.89 3.88551e-06 
1138.33 4.7683e-06 
1138.77 6.48879e-06 
1139.21 8.47133e-06 
1139.65 8.3852e-06 
1140.09 6.208e-06 
1140.53 4.59145e-06 
1140.97 3.78804e-06 
1141.41 3.37753e-06 
1141.85 3.14822e-06 
1142.29 3.00949e-06 
1142.72 2.92015e-06 
1143.16 2.85983e-06 
1143.6 2.81767e-06 
1144.04 2.78746e-06 
1144.48 2.76551e-06 
1144.92 2.74952e-06 
1145.36 2.73799e-06 
1145.8 2.72996e-06 
1146.24 2.72479e-06 
1146.68 2.72207e-06 
1147.12 2.72154e-06 
1147.56 2.72307e-06 
1148 2.72663e-06 
1148.44 2.73227e-06 
1148.88 2.74013e-06 
1149.32 2.75043e-06 
1149.76 2.76347e-06 
1150.2 2.77967e-06 
1150.63 2.79956e-06 
1151.07 2.8238e-06 
1151.51 2.85326e-06 
1151.95 2.88895e-06 
1152.39 2.93213e-06 
1152.83 2.98426e-06 
1153.27 3.04694e-06 
1153.71 3.12174e-06 
1154.15 3.2098e-06 
1154.59 3.31111e-06 
1155.03 3.42327e-06 
1155.47 3.54003e-06 
1155.91 3.65006e-06 
1156.35 3.7375e-06 
1156.79 3.7858e-06 
1157.23 3.78405e-06 
1157.67 3.73239e-06 
1158.11 3.64187e-06 
1158.54 3.52919e-06 
1158.98 3.41016e-06 
1159.42 3.296e-06 
1159.86 3.19283e-06 
1160.3 3.10294e-06 
1160.74 3.02626e-06 
1161.18 2.96161e-06 
1161.62 2.90741e-06 
1162.06 2.86204e-06 
1162.5 2.82403e-06 
1162.94 2.79211e-06 
1163.38 2.76522e-06 
1163.82 2.7425e-06 
1164.26 2.72324e-06 
1164.7 2.70686e-06 
1165.14 2.69289e-06 
1165.58 2.68095e-06 
1166.02 2.67073e-06 
1166.46 2.66197e-06 
1166.89 2.65446e-06 
1167.33 2.64802e-06 
1167.77 2.64251e-06 
1168.21 2.63779e-06 
1168.65 2.63378e-06 
1169.09 2.63038e-06 
1169.53 2.62752e-06 
1169.97 2.62514e-06 
1170.41 2.62317e-06 
1170.85 2.62158e-06 
1171.29 2.62032e-06 
1171.73 2.61937e-06 
1172.17 2.61868e-06 
1172.61 2.61823e-06 
1173.05 2.61801e-06 
1173.49 2.61798e-06 
1173.93 2.61813e-06 
1174.37 2.61845e-06 
1174.8 2.61891e-06 
1175.24 2.61952e-06 
1175.68 2.62025e-06 
1176.12 2.62109e-06 
1176.56 2.62204e-06 
1177 2.62309e-06 
1177.44 2.62423e-06 
1177.88 2.62545e-06 
1178.32 2.62675e-06 
1178.76 2.62812e-06 
1179.2 2.62955e-06 
1179.64 2.63105e-06 
1180.08 2.63259e-06 
1180.52 2.6342e-06 
1180.96 2.63584e-06 
1181.4 2.63753e-06 
1181.84 2.63927e-06 
1182.28 2.64103e-06 
1182.71 2.64283e-06 
1183.15 2.64466e-06 
1183.59 2.64651e-06 
1184.03 2.64839e-06 
1184.47 2.65028e-06 
1184.91 2.6522e-06 
1185.35 2.65412e-06 
1185.79 2.65606e-06 
1186.23 2.658e-06 
1186.67 2.65995e-06 
1187.11 2.66191e-06 
1187.55 2.66386e-06 
1187.99 2.6658e-06 
1188.43 2.66774e-06 
1188.87 2.66967e-06 
1189.31 2.67159e-06 
1189.75 2.67349e-06 
1190.19 2.67537e-06 
1190.62 2.67723e-06 
1191.06 2.67906e-06 
1191.5 2.68086e-06 
1191.94 2.68263e-06 
1192.38 2.68436e-06 
1192.82 2.68605e-06 
1193.26 2.6877e-06 
1193.7 2.6893e-06 
1194.14 2.69085e-06 
1194.58 2.69234e-06 
1195.02 2.69377e-06 
1195.46 2.69515e-06 
1195.9 2.69645e-06 
1196.34 2.69768e-06 
1196.78 2.69884e-06 
1197.22 2.69991e-06 
1197.66 2.7009e-06 
1198.1 2.7018e-06 
1198.54 2.70261e-06 
1198.97 2.70333e-06 
1199.41 2.70394e-06 
1199.85 2.70445e-06 
1200.29 2.70485e-06 
1200.73 2.70514e-06 
1201.17 2.70531e-06 
1201.61 2.70536e-06 
1202.05 2.70529e-06 
1202.49 2.70509e-06 
1202.93 2.70477e-06 
1203.37 2.70432e-06 
1203.81 2.70374e-06 
1204.25 2.70303e-06 
1204.69 2.70218e-06 
1205.13 2.70121e-06 
1205.57 2.7001e-06 
1206.01 2.69887e-06 
1206.45 2.69752e-06 
1206.88 2.69605e-06 
1207.32 2.69447e-06 
1207.76 2.6928e-06 
1208.2 2.69105e-06 
1208.64 2.68922e-06 
1209.08 2.68735e-06 
1209.52 2.68546e-06 
1209.96 2.68359e-06 
1210.4 2.68176e-06 
1210.84 2.68004e-06 
1211.28 2.67848e-06 
1211.72 2.67717e-06 
1212.16 2.67621e-06 
1212.6 2.67571e-06 
1213.04 2.67585e-06 
1213.48 2.67683e-06 
1213.92 2.67895e-06 
1214.36 2.68257e-06 
1214.79 2.68821e-06 
1215.23 2.69657e-06 
1215.67 2.70867e-06 
1216.11 2.72597e-06 
1216.55 2.75069e-06 
1216.99 2.78623e-06 
1217.43 2.83813e-06 
1217.87 2.91581e-06 
1218.31 3.03623e-06 
1218.75 3.23224e-06 
1219.19 3.57278e-06 
1219.63 4.21466e-06 
1220.07 5.50999e-06 
1220.51 7.83101e-06 
1220.95 9.79259e-06 
1221.39 8.59754e-06 
1221.83 5.93496e-06 
1222.27 4.38914e-06 
1222.71 3.62738e-06 
1223.14 3.22371e-06 
1223.58 2.98879e-06 
1224.02 2.84068e-06 
1224.46 2.74099e-06 
1224.9 2.67023e-06 
1225.34 2.61774e-06 
1225.78 2.57732e-06 
1226.22 2.5452e-06 
1226.66 2.51899e-06 
1227.1 2.49714e-06 
1227.54 2.47861e-06 
1227.98 2.46271e-06 
1228.42 2.44896e-06 
1228.86 2.43707e-06 
1229.3 2.42688e-06 
1229.74 2.41831e-06 
1230.18 2.41139e-06 
1230.62 2.40624e-06 
1231.05 2.40307e-06 
1231.49 2.40221e-06 
1231.93 2.40412e-06 
1232.37 2.40946e-06 
1232.81 2.41915e-06 
1233.25 2.43445e-06 
1233.69 2.45716e-06 
1234.13 2.48992e-06 
1234.57 2.53659e-06 
1235.01 2.60312e-06 
1235.45 2.69897e-06 
1235.89 2.8399e-06 
1236.33 3.05353e-06 
1236.77 3.39179e-06 
1237.21 3.95982e-06 
1237.65 4.9896e-06 
1238.09 7.01801e-06 
1238.53 1.10122e-05 
1238.96 1.62093e-05 
1239.4 1.6923e-05 
1239.84 1.1414e-05 
1240.28 7.13882e-06 
1240.72 5.01578e-06 
1241.16 3.93706e-06 
1241.6 3.33697e-06 
1242.04 2.97446e-06 
1242.48 2.74052e-06 
1242.92 2.58151e-06 
1243.36 2.46885e-06 
1243.8 2.38632e-06 
1244.24 2.32418e-06 
1244.68 2.27633e-06 
1245.12 2.23877e-06 
1245.56 2.20881e-06 
1246 2.1846e-06 
1246.44 2.16479e-06 
1246.88 2.14843e-06 
1247.31 2.13481e-06 
1247.75 2.12339e-06 
1248.19 2.11376e-06 
1248.63 2.1056e-06 
1249.07 2.09868e-06 
1249.51 2.09279e-06 
1249.95 2.08779e-06 
1250.39 2.08355e-06 
1250.83 2.07997e-06 
1251.27 2.07699e-06 
1251.71 2.07453e-06 
1252.15 2.07255e-06 
1252.59 2.07103e-06 
1253.03 2.06992e-06 
1253.47 2.06923e-06 
1253.91 2.06893e-06 
1254.35 2.06904e-06 
1254.79 2.06957e-06 
1255.22 2.07054e-06 
1255.66 2.07197e-06 
1256.1 2.0739e-06 
1256.54 2.07639e-06 
1256.98 2.07951e-06 
1257.42 2.08333e-06 
1257.86 2.08797e-06 
1258.3 2.09354e-06 
1258.74 2.1002e-06 
1259.18 2.10815e-06 
1259.62 2.11761e-06 
1260.06 2.12889e-06 
1260.5 2.14234e-06 
1260.94 2.15841e-06 
1261.38 2.17764e-06 
1261.82 2.2007e-06 
1262.26 2.22838e-06 
1262.7 2.26164e-06 
1263.13 2.30153e-06 
1263.57 2.34914e-06 
1264.01 2.40538e-06 
1264.45 2.47055e-06 
1264.89 2.5437e-06 
1265.33 2.6216e-06 
1265.77 2.69781e-06 
1266.21 2.76252e-06 
1266.65 2.80434e-06 
1267.09 2.81424e-06 
1267.53 2.78975e-06 
1267.97 2.73632e-06 
1268.41 2.66452e-06 
1268.85 2.58557e-06 
1269.29 2.50806e-06 
1269.73 2.43708e-06 
1270.17 2.37483e-06 
1270.61 2.32165e-06 
1271.04 2.27693e-06 
1271.48 2.23968e-06 
1271.92 2.20882e-06 
1272.36 2.18338e-06 
1272.8 2.1625e-06 
1273.24 2.14548e-06 
1273.68 2.13175e-06 
1274.12 2.12087e-06 
1274.56 2.11251e-06 
1275 2.10641e-06 
1275.44 2.1024e-06 
1275.88 2.10038e-06 
1276.32 2.10031e-06 
1276.76 2.10221e-06 
1277.2 2.10616e-06 
1277.64 2.11231e-06 
1278.08 2.12087e-06 
1278.52 2.13216e-06 
1278.96 2.14656e-06 
1279.39 2.1646e-06 
1279.83 2.18691e-06 
1280.27 2.21431e-06 
1280.71 2.24777e-06 
1281.15 2.28848e-06 
1281.59 2.33777e-06 
1282.03 2.397e-06 
1282.47 2.46737e-06 
1282.91 2.5494e-06 
1283.35 2.64203e-06 
1283.79 2.74146e-06 
1284.23 2.83981e-06 
1284.67 2.92484e-06 
1285.11 2.98186e-06 
1285.55 2.99864e-06 
1285.99 2.971e-06 
1286.43 2.905e-06 
1286.87 2.8139e-06 
1287.3 2.71228e-06 
1287.74 2.61162e-06 
1288.18 2.51887e-06 
1288.62 2.43712e-06 
1289.06 2.36696e-06 
1289.5 2.30765e-06 
1289.94 2.25791e-06 
1290.38 2.21632e-06 
1290.82 2.18156e-06 
1291.26 2.15246e-06 
1291.7 2.12805e-06 
1292.14 2.10751e-06 
1292.58 2.09019e-06 
1293.02 2.07554e-06 
1293.46 2.06313e-06 
1293.9 2.05261e-06 
1294.34 2.04367e-06 
1294.78 2.03609e-06 
1295.21 2.02966e-06 
1295.65 2.02423e-06 
1296.09 2.01964e-06 
1296.53 2.01581e-06 
1296.97 2.01262e-06 
1297.41 2.00999e-06 
1297.85 2.00787e-06 
1298.29 2.00618e-06 
1298.73 2.00489e-06 
1299.17 2.00395e-06 
1299.61 2.00332e-06 
1300.05 2.00297e-06 
1300.49 2.00287e-06 
1300.93 2.00299e-06 
1301.37 2.00333e-06 
1301.81 2.00385e-06 
1302.25 2.00455e-06 
1302.69 2.0054e-06 
1303.12 2.00639e-06 
1303.56 2.00752e-06 
1304 2.00877e-06 
1304.44 2.01013e-06 
1304.88 2.01159e-06 
1305.32 2.01315e-06 
1305.76 2.0148e-06 
1306.2 2.01653e-06 
1306.64 2.01833e-06 
1307.08 2.0202e-06 
1307.52 2.02215e-06 
1307.96 2.02415e-06 
1308.4 2.0262e-06 
1308.84 2.02831e-06 
1309.28 2.03046e-06 
1309.72 2.03265e-06 
1310.16 2.03489e-06 
1310.6 2.03715e-06 
1311.04 2.03945e-06 
1311.47 2.04177e-06 
1311.91 2.04412e-06 
1312.35 2.04648e-06 
1312.79 2.04886e-06 
1313.23 2.05126e-06 
1313.67 2.05365e-06 
1314.11 2.05606e-06 
1314.55 2.05845e-06 
1314.99 2.06085e-06 
1315.43 2.06323e-06 
1315.87 2.0656e-06 
1316.31 2.06794e-06 
1316.75 2.07027e-06 
1317.19 2.07256e-06 
1317.63 2.07481e-06 
1318.07 2.07703e-06 
1318.51 2.07919e-06 
1318.95 2.08131e-06 
1319.38 2.08336e-06 
1319.82 2.08534e-06 
1320.26 2.08725e-06 
1320.7 2.08908e-06 
1321.14 2.09082e-06 
1321.58 2.09246e-06 
1322.02 2.09399e-06 
1322.46 2.09541e-06 
1322.9 2.0967e-06 
1323.34 2.09785e-06 
1323.78 2.09887e-06 
1324.22 2.09972e-06 
1324.66 2.10042e-06 
1325.1 2.10093e-06 
1325.54 2.10125e-06 
1325.98 2.10137e-06 
1326.42 2.10129e-06 
1326.86 2.10097e-06 
1327.29 2.10042e-06 
1327.73 2.0996e-06 
1328.17 2.09853e-06 
1328.61 2.09717e-06 
1329.05 2.09552e-06 
1329.49 2.09355e-06 
1329.93 2.09126e-06 
1330.37 2.08862e-06 
1330.81 2.08564e-06 
1331.25 2.08228e-06 
1331.69 2.07852e-06 
1332.13 2.07436e-06 
1332.57 2.06978e-06 
1333.01 2.06477e-06 
1333.45 2.05931e-06 
1333.89 2.05337e-06 
1334.33 2.04694e-06 
1334.77 2.04003e-06 
1335.21 2.03261e-06 
1335.64 2.02466e-06 
1336.08 2.01617e-06 
1336.52 2.00713e-06 
1336.96 1.99754e-06 
1337.4 1.98739e-06 
1337.84 1.97667e-06 
1338.28 1.96535e-06 
1338.72 1.95346e-06 
1339.16 1.94099e-06 
1339.6 1.92795e-06 
1340.04 1.91434e-06 
1340.48 1.90015e-06 
1340.92 1.88542e-06 
1341.36 1.87017e-06 
1341.8 1.85442e-06 
1342.24 1.83821e-06 
1342.68 1.82155e-06 
1343.12 1.80451e-06 
1343.55 1.78716e-06 
1343.99 1.76957e-06 
1344.43 1.75183e-06 
1344.87 1.734e-06 
1345.31 1.71625e-06 
1345.75 1.69873e-06 
1346.19 1.68162e-06 
1346.63 1.66514e-06 
1347.07 1.64952e-06 
1347.51 1.63512e-06 
1347.95 1.62235e-06 
1348.39 1.61169e-06 
1348.83 1.60377e-06 
1349.27 1.59935e-06 
1349.71 1.59944e-06 
1350.15 1.60534e-06 
1350.59 1.61875e-06 
1351.03 1.64193e-06 
1351.46 1.67793e-06 
1351.9 1.73105e-06 
1352.34 1.80734e-06 
1352.78 1.91564e-06 
1353.22 2.06924e-06 
1353.66 2.28885e-06 
1354.1 2.60817e-06 
1354.54 3.08482e-06 
1354.98 3.82344e-06 
1355.42 5.02819e-06 
1355.86 7.13205e-06 
1356.3 1.11235e-05 
1356.74 1.91728e-05 
1357.18 3.32165e-05 
1357.62 4.3932e-05 
1358.06 3.27097e-05 
1358.5 1.81174e-05 
1358.94 1.04738e-05 
1359.38 6.69859e-06 
1359.81 4.6692e-06 
1360.25 3.47794e-06 
1360.69 2.72614e-06 
1361.13 2.22376e-06 
1361.57 1.87239e-06 
1362.01 1.61743e-06 
1362.45 1.42675e-06 
1362.89 1.28052e-06 
1363.33 1.16598e-06 
1363.77 1.07461e-06 
1364.21 1.00059e-06 
1364.65 9.39793e-07 
1365.09 8.89267e-07 
1365.53 8.46829e-07 
1365.97 8.1085e-07 
1366.41 7.80091e-07 
1366.85 7.53596e-07 
1367.29 7.30618e-07 
1367.72 7.10568e-07 
1368.16 6.92974e-07 
1368.6 6.77458e-07 
1369.04 6.63709e-07 
1369.48 6.51473e-07 
1369.92 6.40543e-07 
1370.36 6.30742e-07 
1370.8 6.21924e-07 
1371.24 6.13967e-07 
1371.68 6.06765e-07 
1372.12 6.00229e-07 
1372.56 5.94284e-07 
1373 5.88862e-07 
1373.44 5.83906e-07 
1373.88 5.79369e-07 
1374.32 5.75205e-07 
1374.76 5.71378e-07 
1375.2 5.67853e-07 
1375.63 5.64602e-07 
1376.07 5.61599e-07 
1376.51 5.5882e-07 
1376.95 5.56244e-07 
1377.39 5.53854e-07 
1377.83 5.51633e-07 
1378.27 5.49565e-07 
1378.71 5.47638e-07 
1379.15 5.45839e-07 
1379.59 5.44158e-07 
1380.03 5.42583e-07 
1380.47 5.41107e-07 
1380.91 5.3972e-07 
1381.35 5.38415e-07 
1381.79 5.37185e-07 
1382.23 5.36024e-07 
1382.67 5.34925e-07 
1383.11 5.33883e-07 
1383.54 5.32893e-07 
1383.98 5.3195e-07 
1384.42 5.3105e-07 
1384.86 5.30189e-07 
1385.3 5.29363e-07 
1385.74 5.28569e-07 
1386.18 5.27803e-07 
1386.62 5.27062e-07 
1387.06 5.26344e-07 
1387.5 5.25647e-07 
1387.94 5.24968e-07 
1388.38 5.24305e-07 
1388.82 5.23656e-07 
1389.26 5.23021e-07 
1389.7 5.22397e-07 
1390.14 5.21784e-07 
1390.58 5.21181e-07 
1391.02 5.20588e-07 
1391.46 5.20004e-07 
1391.89 5.19429e-07 
1392.33 5.18865e-07 
1392.77 5.18312e-07 
1393.21 5.17772e-07 
1393.65 5.17246e-07 
1394.09 5.16737e-07 
1394.53 5.16248e-07 
1394.97 5.15783e-07 
1395.41 5.15345e-07 
1395.85 5.1494e-07 
1396.29 5.14575e-07 
1396.73 5.14255e-07 
1397.17 5.13991e-07 
1397.61 5.1379e-07 
1398.05 5.13665e-07 
1398.49 5.13629e-07 
1398.93 5.13696e-07 
1399.37 5.13884e-07 
1399.8 5.14213e-07 
1400.24 5.14707e-07 
1400.68 5.15392e-07 
1401.12 5.16301e-07 
1401.56 5.17469e-07 
1402 5.18941e-07 
1402.44 5.20766e-07 
1402.88 5.23004e-07 
1403.32 5.25725e-07 
1403.76 5.29011e-07 
1404.2 5.32964e-07 
1404.64 5.37699e-07 
1405.08 5.4336e-07 
1405.52 5.50119e-07 
1405.96 5.58182e-07 
1406.4 5.67805e-07 
1406.84 5.79297e-07 
1407.28 5.93038e-07 
1407.71 6.09495e-07 
1408.15 6.29242e-07 
1408.59 6.52981e-07 
1409.03 6.81564e-07 
1409.47 7.16008e-07 
1409.91 7.57486e-07 
1410.35 8.07273e-07 
1410.79 8.66585e-07 
1411.23 9.36254e-07 
1411.67 1.01609e-06 
1412.11 1.10389e-06 
1412.55 1.19423e-06 
1412.99 1.27756e-06 
1413.43 1.34096e-06 
1413.87 1.37156e-06 
1414.31 1.36191e-06 
1414.75 1.3139e-06 
1415.19 1.23768e-06 
1415.62 1.1468e-06 
1416.06 1.05318e-06 
1416.5 9.64743e-07 
1416.94 8.85515e-07 
1417.38 8.1675e-07 
1417.82 7.58132e-07 
1418.26 7.08614e-07 
1418.7 6.66927e-07 
1419.14 6.31822e-07 
1419.58 6.02188e-07 
1420.02 5.77073e-07 
1420.46 5.5569e-07 
1420.9 5.3739e-07 
1421.34 5.21648e-07 
1421.78 5.08032e-07 
1422.22 4.96195e-07 
1422.66 4.85852e-07 
1423.1 4.76767e-07 
1423.54 4.68749e-07 
1423.97 4.61641e-07 
1424.41 4.55309e-07 
1424.85 4.49643e-07 
1425.29 4.44552e-07 
1425.73 4.39956e-07 
1426.17 4.3579e-07 
1426.61 4.31997e-07 
1427.05 4.28531e-07 
1427.49 4.25347e-07 
1427.93 4.22412e-07 
1428.37 4.19693e-07 
1428.81 4.17164e-07 
1429.25 4.14801e-07 
1429.69 4.12584e-07 
1430.13 4.10493e-07 
1430.57 4.08513e-07 
1431.01 4.06629e-07 
1431.45 4.0483e-07 
1431.88 4.03103e-07 
1432.32 4.01438e-07 
1432.76 3.99827e-07 
1433.2 3.98261e-07 
1433.64 3.96736e-07 
1434.08 3.95242e-07 
1434.52 3.93775e-07 
1434.96 3.92332e-07 
1435.4 3.90908e-07 
1435.84 3.89502e-07 
1436.28 3.8811e-07 
1436.72 3.86732e-07 
1437.16 3.85367e-07 
1437.6 3.84018e-07 
1438.04 3.82687e-07 
1438.48 3.81377e-07 
1438.92 3.80095e-07 
1439.36 3.78849e-07 
1439.79 3.7765e-07 
1440.23 3.76515e-07 
1440.67 3.75462e-07 
1441.11 3.74517e-07 
1441.55 3.73716e-07 
1441.99 3.73105e-07 
1442.43 3.72748e-07 
1442.87 3.7273e-07 
1443.31 3.73169e-07 
1443.75 3.74232e-07 
1444.19 3.76162e-07 
1444.63 3.79322e-07 
1445.07 3.84264e-07 
1445.51 3.91871e-07 
1445.95 4.03613e-07 
1446.39 4.22084e-07 
1446.83 4.52156e-07 
1447.27 5.03712e-07 
1447.71 5.9859e-07 
1448.14 7.87566e-07 
1448.58 1.16814e-06 
1449.02 1.69992e-06 
1449.46 1.62675e-06 
1449.9 1.06688e-06 
1450.34 7.23624e-07 
1450.78 5.55659e-07 
1451.22 4.67695e-07 
1451.66 4.16868e-07 
1452.1 3.84836e-07 
1452.54 3.63149e-07 
1452.98 3.47571e-07 
1453.42 3.35819e-07 
1453.86 3.26589e-07 
1454.3 3.19097e-07 
1454.74 3.12854e-07 
1455.18 3.07557e-07 
1455.62 3.03011e-07 
1456.05 2.99103e-07 
1456.49 2.95772e-07 
1456.93 2.92999e-07 
1457.37 2.90812e-07 
1457.81 2.89273e-07 
1458.25 2.88495e-07 
1458.69 2.88646e-07 
1459.13 2.89966e-07 
1459.57 2.92807e-07 
1460.01 2.97673e-07 
1460.45 3.05313e-07 
1460.89 3.1685e-07 
1461.33 3.34038e-07 
1461.77 3.59711e-07 
1462.21 3.98688e-07 
1462.65 4.59648e-07 
1463.09 5.59297e-07 
1463.53 7.32563e-07 
1463.96 1.05865e-06 
1464.4 1.72033e-06 
1464.84 2.99067e-06 
1465.28 4.15636e-06 
1465.72 3.1316e-06 
1466.16 1.7739e-06 
1466.6 1.06665e-06 
1467.04 7.1735e-07 
1467.48 5.29083e-07 
1467.92 4.17926e-07 
1468.36 3.4713e-07 
1468.8 2.99202e-07 
1469.24 2.65108e-07 
1469.68 2.39858e-07 
1470.12 2.20525e-07 
1470.56 2.05318e-07 
1471 1.93098e-07 
1471.44 1.83128e-07 
1471.88 1.74918e-07 
1472.31 1.6815e-07 
1472.75 1.62619e-07 
1473.19 1.58212e-07 
1473.63 1.54896e-07 
1474.07 1.52699e-07 
1474.51 1.51727e-07 
1474.95 1.52162e-07 
1475.39 1.54298e-07 
1475.83 1.58576e-07 
1476.27 1.65652e-07 
1476.71 1.76512e-07 
1477.15 1.92667e-07 
1477.59 2.16509e-07 
1478.03 2.51989e-07 
1478.47 3.05945e-07 
1478.91 3.90968e-07 
1479.35 5.31989e-07 
1479.79 7.82714e-07 
1480.22 1.26762e-06 
1480.66 2.26357e-06 
1481.1 3.97486e-06 
1481.54 4.51001e-06 
1481.98 2.79922e-06 
1482.42 1.52073e-06 
1482.86 8.9431e-07 
1483.3 5.77082e-07 
1483.74 4.00864e-07 
1484.18 2.94491e-07 
1484.62 2.25825e-07 
1485.06 1.79081e-07 
1485.5 1.45873e-07 
1485.94 1.21445e-07 
1486.38 1.02952e-07 
1486.82 8.86092e-08 
1487.26 7.72541e-08 
1487.7 6.81044e-08 
1488.13 6.06179e-08 
1488.57 5.44094e-08 
1489.01 4.91994e-08 
1489.45 4.47811e-08 
1489.89 4.0999e-08 
1490.33 3.7734e-08 
1490.77 3.4894e-08 
1491.21 3.24065e-08 
1491.65 3.02143e-08 
1492.09 2.82712e-08 
1492.53 2.654e-08 
1492.97 2.49904e-08 
1493.41 2.35971e-08 
1493.85 2.23395e-08 
1494.29 2.12002e-08 
1494.73 2.01645e-08 
1495.17 1.92202e-08 
1495.61 1.83567e-08 
1496.04 1.7565e-08 
1496.48 1.68375e-08 
1496.92 1.61674e-08 
1497.36 1.5549e-08 
1497.8 1.49773e-08 
1498.24 1.44477e-08 
1498.68 1.39564e-08 
1499.12 1.35001e-08 
1499.56 1.30756e-08 
