#energy geo_1 
600 2.92035e-06 
600.439 2.92526e-06 
600.879 2.93017e-06 
601.318 2.93509e-06 
601.758 2.94001e-06 
602.197 2.94493e-06 
602.637 2.94985e-06 
603.076 2.95479e-06 
603.516 2.95972e-06 
603.955 2.96466e-06 
604.395 2.9696e-06 
604.834 2.97455e-06 
605.273 2.9795e-06 
605.713 2.98446e-06 
606.152 2.98941e-06 
606.592 2.99438e-06 
607.031 2.99934e-06 
607.471 3.00432e-06 
607.91 3.00929e-06 
608.35 3.01427e-06 
608.789 3.01925e-06 
609.229 3.02424e-06 
609.668 3.02923e-06 
610.107 3.03422e-06 
610.547 3.03922e-06 
610.986 3.04422e-06 
611.426 3.04923e-06 
611.865 3.05424e-06 
612.305 3.05925e-06 
612.744 3.06427e-06 
613.184 3.06929e-06 
613.623 3.07432e-06 
614.062 3.07935e-06 
614.502 3.08438e-06 
614.941 3.08942e-06 
615.381 3.09446e-06 
615.82 3.0995e-06 
616.26 3.10455e-06 
616.699 3.10961e-06 
617.139 3.11466e-06 
617.578 3.11972e-06 
618.018 3.12479e-06 
618.457 3.12985e-06 
618.896 3.13493e-06 
619.336 3.14e-06 
619.775 3.14508e-06 
620.215 3.15017e-06 
620.654 3.15525e-06 
621.094 3.16034e-06 
621.533 3.16544e-06 
621.973 3.17054e-06 
622.412 3.17564e-06 
622.852 3.18075e-06 
623.291 3.18586e-06 
623.73 3.19097e-06 
624.17 3.19609e-06 
624.609 3.20121e-06 
625.049 3.20633e-06 
625.488 3.21146e-06 
625.928 3.2166e-06 
626.367 3.22173e-06 
626.807 3.22687e-06 
627.246 3.23202e-06 
627.686 3.23716e-06 
628.125 3.24232e-06 
628.564 3.24747e-06 
629.004 3.25263e-06 
629.443 3.25779e-06 
629.883 3.26296e-06 
630.322 3.26813e-06 
630.762 3.2733e-06 
631.201 3.27848e-06 
631.641 3.28366e-06 
632.08 3.28885e-06 
632.52 3.29404e-06 
632.959 3.29923e-06 
633.398 3.30442e-06 
633.838 3.30962e-06 
634.277 3.31483e-06 
634.717 3.32004e-06 
635.156 3.32525e-06 
635.596 3.33046e-06 
636.035 3.33568e-06 
636.475 3.3409e-06 
636.914 3.34613e-06 
637.354 3.35136e-06 
637.793 3.35659e-06 
638.232 3.36183e-06 
638.672 3.36707e-06 
639.111 3.37231e-06 
639.551 3.37756e-06 
639.99 3.38281e-06 
640.43 3.38807e-06 
640.869 3.39332e-06 
641.309 3.39859e-06 
641.748 3.40385e-06 
642.188 3.40912e-06 
642.627 3.41439e-06 
643.066 3.41967e-06 
643.506 3.42495e-06 
643.945 3.43024e-06 
644.385 3.43552e-06 
644.824 3.44082e-06 
645.264 3.44611e-06 
645.703 3.45141e-06 
646.143 3.45671e-06 
646.582 3.46202e-06 
647.021 3.46733e-06 
647.461 3.47264e-06 
647.9 3.47796e-06 
648.34 3.48328e-06 
648.779 3.4886e-06 
649.219 3.49393e-06 
649.658 3.49926e-06 
650.098 3.50459e-06 
650.537 3.50993e-06 
650.977 3.51527e-06 
651.416 3.52062e-06 
651.855 3.52597e-06 
652.295 3.53132e-06 
652.734 3.53667e-06 
653.174 3.54203e-06 
653.613 3.5474e-06 
654.053 3.55276e-06 
654.492 3.55813e-06 
654.932 3.56351e-06 
655.371 3.56888e-06 
655.811 3.57426e-06 
656.25 3.57965e-06 
656.689 3.58504e-06 
657.129 3.59043e-06 
657.568 3.59582e-06 
658.008 3.60122e-06 
658.447 3.60662e-06 
658.887 3.61203e-06 
659.326 3.61744e-06 
659.766 3.62285e-06 
660.205 3.62826e-06 
660.645 3.63368e-06 
661.084 3.63911e-06 
661.523 3.64453e-06 
661.963 3.64996e-06 
662.402 3.6554e-06 
662.842 3.66083e-06 
663.281 3.66627e-06 
663.721 3.67172e-06 
664.16 3.67716e-06 
664.6 3.68261e-06 
665.039 3.68807e-06 
665.479 3.69353e-06 
665.918 3.69899e-06 
666.357 3.70445e-06 
666.797 3.70992e-06 
667.236 3.71539e-06 
667.676 3.72086e-06 
668.115 3.72634e-06 
668.555 3.73182e-06 
668.994 3.73731e-06 
669.434 3.7428e-06 
669.873 3.74829e-06 
670.312 3.75378e-06 
670.752 3.75928e-06 
671.191 3.76479e-06 
671.631 3.77029e-06 
672.07 3.7758e-06 
672.51 3.78131e-06 
672.949 3.78683e-06 
673.389 3.79235e-06 
673.828 3.79787e-06 
674.268 3.8034e-06 
674.707 3.80893e-06 
675.146 3.81446e-06 
675.586 3.81999e-06 
676.025 3.82553e-06 
676.465 3.83108e-06 
676.904 3.83662e-06 
677.344 3.84217e-06 
677.783 3.84773e-06 
678.223 3.85328e-06 
678.662 3.85884e-06 
679.102 3.8644e-06 
679.541 3.86997e-06 
679.98 3.87554e-06 
680.42 3.88111e-06 
680.859 3.88669e-06 
681.299 3.89227e-06 
681.738 3.89785e-06 
682.178 3.90344e-06 
682.617 3.90903e-06 
683.057 3.91462e-06 
683.496 3.92021e-06 
683.936 3.92581e-06 
684.375 3.93142e-06 
684.814 3.93702e-06 
685.254 3.94263e-06 
685.693 3.94824e-06 
686.133 3.95386e-06 
686.572 3.95948e-06 
687.012 3.9651e-06 
687.451 3.97073e-06 
687.891 3.97636e-06 
688.33 3.98199e-06 
688.77 3.98762e-06 
689.209 3.99326e-06 
689.648 3.9989e-06 
690.088 4.00455e-06 
690.527 4.0102e-06 
690.967 4.01585e-06 
691.406 4.0215e-06 
691.846 4.02716e-06 
692.285 4.03282e-06 
692.725 4.03849e-06 
693.164 4.04416e-06 
693.604 4.04983e-06 
694.043 4.0555e-06 
694.482 4.06118e-06 
694.922 4.06686e-06 
695.361 4.07254e-06 
695.801 4.07823e-06 
696.24 4.08392e-06 
696.68 4.08961e-06 
697.119 4.09531e-06 
697.559 4.10101e-06 
697.998 4.10671e-06 
698.438 4.11242e-06 
698.877 4.11812e-06 
699.316 4.12383e-06 
699.756 4.12955e-06 
700.195 4.13527e-06 
700.635 4.14099e-06 
701.074 4.14672e-06 
701.514 4.15244e-06 
701.953 4.15817e-06 
702.393 4.16391e-06 
702.832 4.16964e-06 
703.271 4.17538e-06 
703.711 4.18112e-06 
704.15 4.18687e-06 
704.59 4.19262e-06 
705.029 4.19837e-06 
705.469 4.20413e-06 
705.908 4.20989e-06 
706.348 4.21565e-06 
706.787 4.22141e-06 
707.227 4.22718e-06 
707.666 4.23295e-06 
708.105 4.23872e-06 
708.545 4.2445e-06 
708.984 4.25028e-06 
709.424 4.25606e-06 
709.863 4.26185e-06 
710.303 4.26763e-06 
710.742 4.27343e-06 
711.182 4.27922e-06 
711.621 4.28502e-06 
712.061 4.29082e-06 
712.5 4.29662e-06 
712.939 4.30243e-06 
713.379 4.30824e-06 
713.818 4.31405e-06 
714.258 4.31986e-06 
714.697 4.32568e-06 
715.137 4.3315e-06 
715.576 4.33733e-06 
716.016 4.34315e-06 
716.455 4.34898e-06 
716.895 4.35482e-06 
717.334 4.36065e-06 
717.773 4.36649e-06 
718.213 4.37233e-06 
718.652 4.37818e-06 
719.092 4.38402e-06 
719.531 4.38987e-06 
719.971 4.39572e-06 
720.41 4.40158e-06 
720.85 4.40744e-06 
721.289 4.4133e-06 
721.729 4.41916e-06 
722.168 4.42503e-06 
722.607 4.4309e-06 
723.047 4.43677e-06 
723.486 4.44265e-06 
723.926 4.44853e-06 
724.365 4.45441e-06 
724.805 4.46029e-06 
725.244 4.46618e-06 
725.684 4.47207e-06 
726.123 4.47796e-06 
726.562 4.48385e-06 
727.002 4.48975e-06 
727.441 4.49565e-06 
727.881 4.50155e-06 
728.32 4.50746e-06 
728.76 4.51337e-06 
729.199 4.51928e-06 
729.639 4.52519e-06 
730.078 4.53111e-06 
730.518 4.53703e-06 
730.957 4.54295e-06 
731.396 4.54888e-06 
731.836 4.5548e-06 
732.275 4.56074e-06 
732.715 4.56667e-06 
733.154 4.5726e-06 
733.594 4.57854e-06 
734.033 4.58448e-06 
734.473 4.59043e-06 
734.912 4.59637e-06 
735.352 4.60232e-06 
735.791 4.60827e-06 
736.23 4.61423e-06 
736.67 4.62018e-06 
737.109 4.62614e-06 
737.549 4.63211e-06 
737.988 4.63807e-06 
738.428 4.64404e-06 
738.867 4.65e-06 
739.307 4.65598e-06 
739.746 4.66195e-06 
740.186 4.66793e-06 
740.625 4.67391e-06 
741.064 4.67989e-06 
741.504 4.68588e-06 
741.943 4.69186e-06 
742.383 4.69785e-06 
742.822 4.70385e-06 
743.262 4.70984e-06 
743.701 4.71584e-06 
744.141 4.72184e-06 
744.58 4.72784e-06 
745.02 4.73385e-06 
745.459 4.73986e-06 
745.898 4.74587e-06 
746.338 4.75188e-06 
746.777 4.75789e-06 
747.217 4.76391e-06 
747.656 4.76993e-06 
748.096 4.77595e-06 
748.535 4.78198e-06 
748.975 4.78801e-06 
749.414 4.79404e-06 
749.854 4.80007e-06 
750.293 4.80611e-06 
750.732 4.81214e-06 
751.172 4.81818e-06 
751.611 4.82422e-06 
752.051 4.83027e-06 
752.49 4.83632e-06 
752.93 4.84236e-06 
753.369 4.84842e-06 
753.809 4.85447e-06 
754.248 4.86053e-06 
754.688 4.86659e-06 
755.127 4.87265e-06 
755.566 4.87871e-06 
756.006 4.88478e-06 
756.445 4.89085e-06 
756.885 4.89692e-06 
757.324 4.90299e-06 
757.764 4.90906e-06 
758.203 4.91514e-06 
758.643 4.92122e-06 
759.082 4.9273e-06 
759.521 4.93339e-06 
759.961 4.93948e-06 
760.4 4.94557e-06 
760.84 4.95166e-06 
761.279 4.95775e-06 
761.719 4.96385e-06 
762.158 4.96995e-06 
762.598 4.97605e-06 
763.037 4.98215e-06 
763.477 4.98826e-06 
763.916 4.99436e-06 
764.355 5.00047e-06 
764.795 5.00659e-06 
765.234 5.0127e-06 
765.674 5.01882e-06 
766.113 5.02494e-06 
766.553 5.03106e-06 
766.992 5.03718e-06 
767.432 5.04331e-06 
767.871 5.04943e-06 
768.311 5.05557e-06 
768.75 5.0617e-06 
769.189 5.06783e-06 
769.629 5.07397e-06 
770.068 5.08011e-06 
770.508 5.08625e-06 
770.947 5.0924e-06 
771.387 5.09854e-06 
771.826 5.10469e-06 
772.266 5.11084e-06 
772.705 5.11699e-06 
773.145 5.12315e-06 
773.584 5.1293e-06 
774.023 5.13546e-06 
774.463 5.14162e-06 
774.902 5.14779e-06 
775.342 5.15396e-06 
775.781 5.16012e-06 
776.221 5.16629e-06 
776.66 5.17247e-06 
777.1 5.17864e-06 
777.539 5.18482e-06 
777.979 5.191e-06 
778.418 5.19718e-06 
778.857 5.20336e-06 
779.297 5.20955e-06 
779.736 5.21573e-06 
780.176 5.22192e-06 
780.615 5.22812e-06 
781.055 5.23431e-06 
781.494 5.24051e-06 
781.934 5.24671e-06 
782.373 5.25291e-06 
782.812 5.25911e-06 
783.252 5.26532e-06 
783.691 5.27152e-06 
784.131 5.27773e-06 
784.57 5.28395e-06 
785.01 5.29016e-06 
785.449 5.29638e-06 
785.889 5.30259e-06 
786.328 5.30881e-06 
786.768 5.31504e-06 
787.207 5.32126e-06 
787.646 5.32749e-06 
788.086 5.33372e-06 
788.525 5.33995e-06 
788.965 5.34618e-06 
789.404 5.35242e-06 
789.844 5.35866e-06 
790.283 5.3649e-06 
790.723 5.37114e-06 
791.162 5.37739e-06 
791.602 5.38363e-06 
792.041 5.38988e-06 
792.48 5.39613e-06 
792.92 5.40239e-06 
793.359 5.40864e-06 
793.799 5.4149e-06 
794.238 5.42116e-06 
794.678 5.42742e-06 
795.117 5.43369e-06 
795.557 5.43996e-06 
795.996 5.44623e-06 
796.436 5.4525e-06 
796.875 5.45877e-06 
797.314 5.46505e-06 
797.754 5.47132e-06 
798.193 5.4776e-06 
798.633 5.48389e-06 
799.072 5.49017e-06 
799.512 5.49646e-06 
799.951 5.50275e-06 
800.391 5.50904e-06 
800.83 5.51533e-06 
801.27 5.52163e-06 
801.709 5.52793e-06 
802.148 5.53423e-06 
802.588 5.54053e-06 
803.027 5.54684e-06 
803.467 5.55315e-06 
803.906 5.55946e-06 
804.346 5.56577e-06 
804.785 5.57208e-06 
805.225 5.5784e-06 
805.664 5.58472e-06 
806.104 5.59104e-06 
806.543 5.59737e-06 
806.982 5.60369e-06 
807.422 5.61002e-06 
807.861 5.61635e-06 
808.301 5.62269e-06 
808.74 5.62902e-06 
809.18 5.63536e-06 
809.619 5.6417e-06 
810.059 5.64804e-06 
810.498 5.65439e-06 
810.938 5.66074e-06 
811.377 5.66709e-06 
811.816 5.67344e-06 
812.256 5.6798e-06 
812.695 5.68616e-06 
813.135 5.69252e-06 
813.574 5.69888e-06 
814.014 5.70525e-06 
814.453 5.71162e-06 
814.893 5.71799e-06 
815.332 5.72436e-06 
815.771 5.73074e-06 
816.211 5.73712e-06 
816.65 5.7435e-06 
817.09 5.74988e-06 
817.529 5.75627e-06 
817.969 5.76266e-06 
818.408 5.76905e-06 
818.848 5.77545e-06 
819.287 5.78184e-06 
819.727 5.78824e-06 
820.166 5.79464e-06 
820.605 5.80105e-06 
821.045 5.80746e-06 
821.484 5.81387e-06 
821.924 5.82028e-06 
822.363 5.8267e-06 
822.803 5.83311e-06 
823.242 5.83954e-06 
823.682 5.84596e-06 
824.121 5.85239e-06 
824.561 5.85882e-06 
825 5.86525e-06 
825.439 5.87169e-06 
825.879 5.87813e-06 
826.318 5.88457e-06 
826.758 5.89102e-06 
827.197 5.89747e-06 
827.637 5.90392e-06 
828.076 5.91037e-06 
828.516 5.91683e-06 
828.955 5.92329e-06 
829.395 5.92975e-06 
829.834 5.93622e-06 
830.273 5.94269e-06 
830.713 5.94916e-06 
831.152 5.95564e-06 
831.592 5.96212e-06 
832.031 5.9686e-06 
832.471 5.97508e-06 
832.91 5.98157e-06 
833.35 5.98807e-06 
833.789 5.99456e-06 
834.229 6.00106e-06 
834.668 6.00756e-06 
835.107 6.01407e-06 
835.547 6.02058e-06 
835.986 6.02709e-06 
836.426 6.03361e-06 
836.865 6.04012e-06 
837.305 6.04665e-06 
837.744 6.05317e-06 
838.184 6.05971e-06 
838.623 6.06624e-06 
839.062 6.07278e-06 
839.502 6.07932e-06 
839.941 6.08586e-06 
840.381 6.09241e-06 
840.82 6.09897e-06 
841.26 6.10552e-06 
841.699 6.11208e-06 
842.139 6.11864e-06 
842.578 6.12521e-06 
843.018 6.13178e-06 
843.457 6.13836e-06 
843.896 6.14494e-06 
844.336 6.15153e-06 
844.775 6.15811e-06 
845.215 6.16471e-06 
845.654 6.1713e-06 
846.094 6.1779e-06 
846.533 6.1845e-06 
846.973 6.19112e-06 
847.412 6.19773e-06 
847.852 6.20435e-06 
848.291 6.21097e-06 
848.73 6.2176e-06 
849.17 6.22423e-06 
849.609 6.23086e-06 
850.049 6.23751e-06 
850.488 6.24415e-06 
850.928 6.2508e-06 
851.367 6.25746e-06 
851.807 6.26412e-06 
852.246 6.27078e-06 
852.686 6.27745e-06 
853.125 6.28412e-06 
853.564 6.2908e-06 
854.004 6.29749e-06 
854.443 6.30418e-06 
854.883 6.31087e-06 
855.322 6.31757e-06 
855.762 6.32428e-06 
856.201 6.33099e-06 
856.641 6.3377e-06 
857.08 6.34442e-06 
857.52 6.35115e-06 
857.959 6.35788e-06 
858.398 6.36462e-06 
858.838 6.37137e-06 
859.277 6.37812e-06 
859.717 6.38487e-06 
860.156 6.39163e-06 
860.596 6.3984e-06 
861.035 6.40517e-06 
861.475 6.41195e-06 
861.914 6.41874e-06 
862.354 6.42553e-06 
862.793 6.43233e-06 
863.232 6.43914e-06 
863.672 6.44595e-06 
864.111 6.45276e-06 
864.551 6.45959e-06 
864.99 6.46642e-06 
865.43 6.47326e-06 
865.869 6.4801e-06 
866.309 6.48696e-06 
866.748 6.49382e-06 
867.188 6.50068e-06 
867.627 6.50756e-06 
868.066 6.51444e-06 
868.506 6.52133e-06 
868.945 6.52822e-06 
869.385 6.53512e-06 
869.824 6.54204e-06 
870.264 6.54895e-06 
870.703 6.55588e-06 
871.143 6.56282e-06 
871.582 6.56976e-06 
872.021 6.57671e-06 
872.461 6.58367e-06 
872.9 6.59064e-06 
873.34 6.59761e-06 
873.779 6.6046e-06 
874.219 6.61159e-06 
874.658 6.61859e-06 
875.098 6.6256e-06 
875.537 6.63262e-06 
875.977 6.63965e-06 
876.416 6.64669e-06 
876.855 6.65374e-06 
877.295 6.66079e-06 
877.734 6.66786e-06 
878.174 6.67493e-06 
878.613 6.68201e-06 
879.053 6.68911e-06 
879.492 6.69621e-06 
879.932 6.70332e-06 
880.371 6.71044e-06 
880.811 6.71758e-06 
881.25 6.72472e-06 
881.689 6.73187e-06 
882.129 6.73903e-06 
882.568 6.7462e-06 
883.008 6.75338e-06 
883.447 6.76057e-06 
883.887 6.76777e-06 
884.326 6.77498e-06 
884.766 6.7822e-06 
885.205 6.78943e-06 
885.645 6.79666e-06 
886.084 6.80391e-06 
886.523 6.81117e-06 
886.963 6.81843e-06 
887.402 6.8257e-06 
887.842 6.83298e-06 
888.281 6.84027e-06 
888.721 6.84757e-06 
889.16 6.85488e-06 
889.6 6.86219e-06 
890.039 6.86951e-06 
890.479 6.87684e-06 
890.918 6.88417e-06 
891.357 6.89151e-06 
891.797 6.89885e-06 
892.236 6.9062e-06 
892.676 6.91355e-06 
893.115 6.92091e-06 
893.555 6.92827e-06 
893.994 6.93563e-06 
894.434 6.94299e-06 
894.873 6.95035e-06 
895.312 6.95771e-06 
895.752 6.96507e-06 
896.191 6.97242e-06 
896.631 6.97978e-06 
897.07 6.98712e-06 
897.51 6.99446e-06 
897.949 7.00179e-06 
898.389 7.00911e-06 
898.828 7.01643e-06 
899.268 7.02372e-06 
899.707 7.031e-06 
900.146 7.03827e-06 
900.586 7.04552e-06 
901.025 7.05275e-06 
901.465 7.05995e-06 
901.904 7.06713e-06 
902.344 7.07428e-06 
902.783 7.0814e-06 
903.223 7.08849e-06 
903.662 7.09555e-06 
904.102 7.10257e-06 
904.541 7.10954e-06 
904.98 7.11648e-06 
905.42 7.12336e-06 
905.859 7.1302e-06 
906.299 7.13698e-06 
906.738 7.14371e-06 
907.178 7.15038e-06 
907.617 7.15699e-06 
908.057 7.16353e-06 
908.496 7.17e-06 
908.936 7.17639e-06 
909.375 7.18271e-06 
909.814 7.18895e-06 
910.254 7.1951e-06 
910.693 7.20117e-06 
911.133 7.20715e-06 
911.572 7.21303e-06 
912.012 7.21882e-06 
912.451 7.22451e-06 
912.891 7.23009e-06 
913.33 7.23557e-06 
913.77 7.24095e-06 
914.209 7.24621e-06 
914.648 7.25137e-06 
915.088 7.25642e-06 
915.527 7.26136e-06 
915.967 7.2662e-06 
916.406 7.27092e-06 
916.846 7.27555e-06 
917.285 7.28007e-06 
917.725 7.2845e-06 
918.164 7.28885e-06 
918.604 7.29311e-06 
919.043 7.29731e-06 
919.482 7.30145e-06 
919.922 7.30555e-06 
920.361 7.30962e-06 
920.801 7.31369e-06 
921.24 7.31779e-06 
921.68 7.32192e-06 
922.119 7.32614e-06 
922.559 7.33048e-06 
922.998 7.33498e-06 
923.438 7.33968e-06 
923.877 7.34466e-06 
924.316 7.34998e-06 
924.756 7.35571e-06 
925.195 7.36194e-06 
925.635 7.36877e-06 
926.074 7.37633e-06 
926.514 7.38474e-06 
926.953 7.39418e-06 
927.393 7.40482e-06 
927.832 7.41689e-06 
928.271 7.43063e-06 
928.711 7.44634e-06 
929.15 7.46438e-06 
929.59 7.48515e-06 
930.029 7.50916e-06 
930.469 7.53698e-06 
930.908 7.56932e-06 
931.348 7.60703e-06 
931.787 7.65114e-06 
932.227 7.70288e-06 
932.666 7.76378e-06 
933.105 7.83569e-06 
933.545 7.92088e-06 
933.984 8.02217e-06 
934.424 8.14297e-06 
934.863 8.28746e-06 
935.303 8.46064e-06 
935.742 8.66836e-06 
936.182 8.91716e-06 
936.621 9.21364e-06 
937.061 9.56312e-06 
937.5 9.967e-06 
937.939 1.04183e-05 
938.379 1.08957e-05 
938.818 1.1358e-05 
939.258 1.17442e-05 
939.697 1.19863e-05 
940.137 1.20343e-05 
940.576 1.18797e-05 
941.016 1.15603e-05 
941.455 1.11414e-05 
941.895 1.06895e-05 
942.334 1.02547e-05 
942.773 9.86666e-06 
943.213 9.53848e-06 
943.652 9.27316e-06 
944.092 9.06861e-06 
944.531 8.92098e-06 
944.971 8.82647e-06 
945.41 8.78189e-06 
945.85 8.78468e-06 
946.289 8.83199e-06 
946.729 8.91913e-06 
947.168 9.03707e-06 
947.607 9.16956e-06 
948.047 9.2916e-06 
948.486 9.37202e-06 
948.926 9.38203e-06 
949.365 9.30696e-06 
949.805 9.15304e-06 
950.244 8.94366e-06 
950.684 8.70822e-06 
951.123 8.47193e-06 
951.562 8.25122e-06 
952.002 8.05412e-06 
952.441 7.88279e-06 
952.881 7.73609e-06 
953.32 7.61141e-06 
953.76 7.50569e-06 
954.199 7.41597e-06 
954.639 7.33964e-06 
955.078 7.27446e-06 
955.518 7.2186e-06 
955.957 7.17053e-06 
956.396 7.12903e-06 
956.836 7.09309e-06 
957.275 7.0619e-06 
957.715 7.03481e-06 
958.154 7.01129e-06 
958.594 6.99091e-06 
959.033 6.97334e-06 
959.473 6.95832e-06 
959.912 6.94564e-06 
960.352 6.93516e-06 
960.791 6.92678e-06 
961.23 6.92045e-06 
961.67 6.91615e-06 
962.109 6.91394e-06 
962.549 6.91388e-06 
962.988 6.9161e-06 
963.428 6.92078e-06 
963.867 6.92816e-06 
964.307 6.93854e-06 
964.746 6.95231e-06 
965.186 6.96996e-06 
965.625 6.99206e-06 
966.064 7.01938e-06 
966.504 7.05279e-06 
966.943 7.09344e-06 
967.383 7.1427e-06 
967.822 7.20229e-06 
968.262 7.27432e-06 
968.701 7.36134e-06 
969.141 7.4665e-06 
969.58 7.59347e-06 
970.02 7.74647e-06 
970.459 7.92995e-06 
970.898 8.1479e-06 
971.338 8.4025e-06 
971.777 8.69156e-06 
972.217 9.00483e-06 
972.656 9.31996e-06 
973.096 9.60066e-06 
973.535 9.80182e-06 
973.975 9.88343e-06 
974.414 9.82839e-06 
974.854 9.65115e-06 
975.293 9.39059e-06 
975.732 9.09266e-06 
976.172 8.79566e-06 
976.611 8.52436e-06 
977.051 8.29117e-06 
977.49 8.1002e-06 
977.93 7.95103e-06 
978.369 7.84145e-06 
978.809 7.76889e-06 
979.248 7.73115e-06 
979.688 7.72652e-06 
980.127 7.75331e-06 
980.566 7.80901e-06 
981.006 7.88873e-06 
981.445 7.98322e-06 
981.885 8.07725e-06 
982.324 8.15012e-06 
982.764 8.1801e-06 
983.203 8.15242e-06 
983.643 8.06593e-06 
984.082 7.93336e-06 
984.521 7.77479e-06 
984.961 7.60967e-06 
985.4 7.45196e-06 
985.84 7.30933e-06 
986.279 7.1846e-06 
986.719 7.07768e-06 
987.158 6.98697e-06 
987.598 6.9104e-06 
988.037 6.84584e-06 
988.477 6.79133e-06 
988.916 6.7452e-06 
989.355 6.70606e-06 
989.795 6.67274e-06 
990.234 6.6443e-06 
990.674 6.61995e-06 
991.113 6.59906e-06 
991.553 6.58112e-06 
991.992 6.56569e-06 
992.432 6.55241e-06 
992.871 6.54099e-06 
993.311 6.5312e-06 
993.75 6.5228e-06 
994.189 6.51565e-06 
994.629 6.50958e-06 
995.068 6.50448e-06 
995.508 6.50023e-06 
995.947 6.49674e-06 
996.387 6.49393e-06 
996.826 6.49174e-06 
997.266 6.4901e-06 
997.705 6.48896e-06 
998.145 6.48827e-06 
998.584 6.48799e-06 
999.023 6.48809e-06 
999.463 6.48854e-06 
999.902 6.4893e-06 
1000.34 6.49035e-06 
1000.78 6.49167e-06 
1001.22 6.49325e-06 
1001.66 6.49504e-06 
1002.1 6.49706e-06 
1002.54 6.49927e-06 
1002.98 6.50167e-06 
1003.42 6.50424e-06 
1003.86 6.50698e-06 
1004.3 6.50987e-06 
1004.74 6.5129e-06 
1005.18 6.51607e-06 
1005.62 6.51936e-06 
1006.05 6.52278e-06 
1006.49 6.5263e-06 
1006.93 6.52994e-06 
1007.37 6.53367e-06 
1007.81 6.53751e-06 
1008.25 6.54144e-06 
1008.69 6.54546e-06 
1009.13 6.54956e-06 
1009.57 6.55374e-06 
1010.01 6.55799e-06 
1010.45 6.56233e-06 
1010.89 6.56673e-06 
1011.33 6.5712e-06 
1011.77 6.57574e-06 
1012.21 6.58034e-06 
1012.65 6.585e-06 
1013.09 6.58971e-06 
1013.53 6.59448e-06 
1013.96 6.59931e-06 
1014.4 6.60419e-06 
1014.84 6.60912e-06 
1015.28 6.6141e-06 
1015.72 6.61912e-06 
1016.16 6.62419e-06 
1016.6 6.62931e-06 
1017.04 6.63446e-06 
1017.48 6.63966e-06 
1017.92 6.64489e-06 
1018.36 6.65017e-06 
1018.8 6.65548e-06 
1019.24 6.66083e-06 
1019.68 6.66621e-06 
1020.12 6.67162e-06 
1020.56 6.67706e-06 
1021 6.68254e-06 
1021.44 6.68804e-06 
1021.88 6.69357e-06 
1022.31 6.69913e-06 
1022.75 6.70471e-06 
1023.19 6.71032e-06 
1023.63 6.71595e-06 
1024.07 6.7216e-06 
1024.51 6.72727e-06 
1024.95 6.73296e-06 
1025.39 6.73866e-06 
1025.83 6.74438e-06 
1026.27 6.75012e-06 
1026.71 6.75586e-06 
1027.15 6.76162e-06 
1027.59 6.76739e-06 
1028.03 6.77316e-06 
1028.47 6.77894e-06 
1028.91 6.78472e-06 
1029.35 6.7905e-06 
1029.79 6.79629e-06 
1030.22 6.80207e-06 
1030.66 6.80785e-06 
1031.1 6.81362e-06 
1031.54 6.81939e-06 
1031.98 6.82515e-06 
1032.42 6.83089e-06 
1032.86 6.83662e-06 
1033.3 6.84234e-06 
1033.74 6.84804e-06 
1034.18 6.85372e-06 
1034.62 6.85937e-06 
1035.06 6.865e-06 
1035.5 6.87061e-06 
1035.94 6.87619e-06 
1036.38 6.88173e-06 
1036.82 6.88725e-06 
1037.26 6.89273e-06 
1037.7 6.89818e-06 
1038.13 6.90359e-06 
1038.57 6.90896e-06 
1039.01 6.9143e-06 
1039.45 6.9196e-06 
1039.89 6.92485e-06 
1040.33 6.93007e-06 
1040.77 6.93524e-06 
1041.21 6.94038e-06 
1041.65 6.94548e-06 
1042.09 6.95053e-06 
1042.53 6.95557e-06 
1042.97 6.96057e-06 
1043.41 6.96554e-06 
1043.85 6.97049e-06 
1044.29 6.97543e-06 
1044.73 6.98036e-06 
1045.17 6.9853e-06 
1045.61 6.99025e-06 
1046.04 6.99522e-06 
1046.48 7.00024e-06 
1046.92 7.00531e-06 
1047.36 7.01047e-06 
1047.8 7.01572e-06 
1048.24 7.02111e-06 
1048.68 7.02666e-06 
1049.12 7.03241e-06 
1049.56 7.03839e-06 
1050 7.04467e-06 
1050.44 7.0513e-06 
1050.88 7.05833e-06 
1051.32 7.06586e-06 
1051.76 7.07397e-06 
1052.2 7.08275e-06 
1052.64 7.09235e-06 
1053.08 7.10289e-06 
1053.52 7.11454e-06 
1053.96 7.1275e-06 
1054.39 7.14202e-06 
1054.83 7.15835e-06 
1055.27 7.17685e-06 
1055.71 7.1979e-06 
1056.15 7.22199e-06 
1056.59 7.2497e-06 
1057.03 7.28174e-06 
1057.47 7.31896e-06 
1057.91 7.36243e-06 
1058.35 7.41343e-06 
1058.79 7.47357e-06 
1059.23 7.54481e-06 
1059.67 7.62954e-06 
1060.11 7.73065e-06 
1060.55 7.85158e-06 
1060.99 7.99626e-06 
1061.43 8.16887e-06 
1061.87 8.3732e-06 
1062.3 8.61144e-06 
1062.74 8.8818e-06 
1063.18 9.17519e-06 
1063.62 9.47124e-06 
1064.06 9.73638e-06 
1064.5 9.92795e-06 
1064.94 1.00069e-05 
1065.38 9.9545e-06 
1065.82 9.78183e-06 
1066.26 9.52413e-06 
1066.7 9.22471e-06 
1067.14 8.92035e-06 
1067.58 8.63495e-06 
1068.02 8.38032e-06 
1068.46 8.15981e-06 
1068.9 7.97207e-06 
1069.34 7.81361e-06 
1069.78 7.6803e-06 
1070.21 7.56819e-06 
1070.65 7.47375e-06 
1071.09 7.394e-06 
1071.53 7.32649e-06 
1071.97 7.26924e-06 
1072.41 7.22066e-06 
1072.85 7.17951e-06 
1073.29 7.14477e-06 
1073.73 7.11571e-06 
1074.17 7.09174e-06 
1074.61 7.07245e-06 
1075.05 7.05757e-06 
1075.49 7.04695e-06 
1075.93 7.04056e-06 
1076.37 7.03848e-06 
1076.81 7.04092e-06 
1077.25 7.04819e-06 
1077.69 7.06072e-06 
1078.12 7.07913e-06 
1078.56 7.10419e-06 
1079 7.13687e-06 
1079.44 7.17838e-06 
1079.88 7.23025e-06 
1080.32 7.29436e-06 
1080.76 7.37304e-06 
1081.2 7.46919e-06 
1081.64 7.58638e-06 
1082.08 7.72899e-06 
1082.52 7.90236e-06 
1082.96 8.1129e-06 
1083.4 8.36799e-06 
1083.84 8.67572e-06 
1084.28 9.04391e-06 
1084.72 9.4781e-06 
1085.16 9.97777e-06 
1085.6 1.05305e-05 
1086.04 1.1105e-05 
1086.47 1.16461e-05 
1086.91 1.20809e-05 
1087.35 1.234e-05 
1087.79 1.23919e-05 
1088.23 1.22705e-05 
1088.67 1.20855e-05 
1089.11 1.20299e-05 
1089.55 1.24385e-05 
1089.99 1.37917e-05 
1090.43 1.53739e-05 
1090.87 1.4686e-05 
1091.31 1.20505e-05 
1091.75 1.01036e-05 
1092.19 9.04695e-06 
1092.63 8.44067e-06 
1093.07 8.06211e-06 
1093.51 7.81393e-06 
1093.95 7.65066e-06 
1094.38 7.54949e-06 
1094.82 7.49847e-06 
1095.26 7.49135e-06 
1095.7 7.52491e-06 
1096.14 7.59697e-06 
1096.58 7.70453e-06 
1097.02 7.84115e-06 
1097.46 7.9941e-06 
1097.9 8.14197e-06 
1098.34 8.2556e-06 
1098.78 8.30462e-06 
1099.22 8.26877e-06 
1099.66 8.14738e-06 
1100.1 7.95942e-06 
1100.54 7.73403e-06 
1100.98 7.4991e-06 
1101.42 7.27449e-06 
1101.86 7.07104e-06 
1102.29 6.89273e-06 
1102.73 6.7394e-06 
1103.17 6.60884e-06 
1103.61 6.49813e-06 
1104.05 6.4043e-06 
1104.49 6.32466e-06 
1104.93 6.25691e-06 
1105.37 6.19914e-06 
1105.81 6.14977e-06 
1106.25 6.10753e-06 
1106.69 6.07142e-06 
1107.13 6.04062e-06 
1107.57 6.0145e-06 
1108.01 5.99257e-06 
1108.45 5.97446e-06 
1108.89 5.95989e-06 
1109.33 5.9487e-06 
1109.77 5.94079e-06 
1110.21 5.93615e-06 
1110.64 5.93484e-06 
1111.08 5.93701e-06 
1111.52 5.94287e-06 
1111.96 5.95276e-06 
1112.4 5.9671e-06 
1112.84 5.98645e-06 
1113.28 6.01151e-06 
1113.72 6.04316e-06 
1114.16 6.0825e-06 
1114.6 6.13092e-06 
1115.04 6.19011e-06 
1115.48 6.26219e-06 
1115.92 6.34977e-06 
1116.36 6.45602e-06 
1116.8 6.5848e-06 
1117.24 6.74058e-06 
1117.68 6.92839e-06 
1118.12 7.1533e-06 
1118.55 7.41937e-06 
1118.99 7.7276e-06 
1119.43 8.07248e-06 
1119.87 8.43734e-06 
1120.31 8.79001e-06 
1120.75 9.08299e-06 
1121.19 9.26304e-06 
1121.63 9.29023e-06 
1122.07 9.15678e-06 
1122.51 8.89109e-06 
1122.95 8.54365e-06 
1123.39 8.16625e-06 
1123.83 7.79782e-06 
1124.27 7.46097e-06 
1124.71 7.1651e-06 
1125.15 6.91131e-06 
1125.59 6.69643e-06 
1126.03 6.51558e-06 
1126.46 6.36363e-06 
1126.9 6.23582e-06 
1127.34 6.12801e-06 
1127.78 6.03673e-06 
1128.22 5.95912e-06 
1128.66 5.89284e-06 
1129.1 5.836e-06 
1129.54 5.78703e-06 
1129.98 5.74467e-06 
1130.42 5.70791e-06 
1130.86 5.67587e-06 
1131.3 5.64788e-06 
1131.74 5.62334e-06 
1132.18 5.60178e-06 
1132.62 5.58279e-06 
1133.06 5.56603e-06 
1133.5 5.55121e-06 
1133.94 5.53809e-06 
1134.38 5.52646e-06 
1134.81 5.51615e-06 
1135.25 5.50699e-06 
1135.69 5.49886e-06 
1136.13 5.49163e-06 
1136.57 5.48522e-06 
1137.01 5.47952e-06 
1137.45 5.47446e-06 
1137.89 5.46997e-06 
1138.33 5.466e-06 
1138.77 5.46248e-06 
1139.21 5.45937e-06 
1139.65 5.45663e-06 
1140.09 5.45422e-06 
1140.53 5.45209e-06 
1140.97 5.45023e-06 
1141.41 5.4486e-06 
1141.85 5.44717e-06 
1142.29 5.44593e-06 
1142.72 5.44485e-06 
1143.16 5.44391e-06 
1143.6 5.4431e-06 
1144.04 5.4424e-06 
1144.48 5.4418e-06 
1144.92 5.44127e-06 
1145.36 5.44083e-06 
1145.8 5.44044e-06 
1146.24 5.44011e-06 
1146.68 5.43983e-06 
1147.12 5.43958e-06 
1147.56 5.43938e-06 
1148 5.43921e-06 
1148.44 5.43908e-06 
1148.88 5.43898e-06 
1149.32 5.43892e-06 
1149.76 5.43889e-06 
1150.2 5.43892e-06 
1150.63 5.439e-06 
1151.07 5.43916e-06 
1151.51 5.4394e-06 
1151.95 5.43974e-06 
1152.39 5.44022e-06 
1152.83 5.44086e-06 
1153.27 5.4417e-06 
1153.71 5.44278e-06 
1154.15 5.44417e-06 
1154.59 5.44593e-06 
1155.03 5.44817e-06 
1155.47 5.45099e-06 
1155.91 5.45454e-06 
1156.35 5.459e-06 
1156.79 5.46462e-06 
1157.23 5.47173e-06 
1157.67 5.48074e-06 
1158.11 5.49223e-06 
1158.54 5.50704e-06 
1158.98 5.52632e-06 
1159.42 5.55177e-06 
1159.86 5.58596e-06 
1160.3 5.63295e-06 
1160.74 5.69932e-06 
1161.18 5.79648e-06 
1161.62 5.94531e-06 
1162.06 6.18707e-06 
1162.5 6.61028e-06 
1162.94 7.41935e-06 
1163.38 9.04983e-06 
1163.82 1.16577e-05 
1164.26 1.30126e-05 
1164.7 1.1028e-05 
1165.14 8.4957e-06 
1165.58 7.14303e-06 
1166.02 6.47379e-06 
1166.46 6.1153e-06 
1166.89 5.9062e-06 
1167.33 5.77559e-06 
1167.77 5.68957e-06 
1168.21 5.63058e-06 
1168.65 5.58886e-06 
1169.09 5.55866e-06 
1169.53 5.53642e-06 
1169.97 5.51984e-06 
1170.41 5.50737e-06 
1170.85 5.49798e-06 
1171.29 5.49091e-06 
1171.73 5.48562e-06 
1172.17 5.48171e-06 
1172.61 5.47887e-06 
1173.05 5.47689e-06 
1173.49 5.47557e-06 
1173.93 5.47477e-06 
1174.37 5.47439e-06 
1174.8 5.47432e-06 
1175.24 5.47449e-06 
1175.68 5.47483e-06 
1176.12 5.4753e-06 
1176.56 5.47583e-06 
1177 5.4764e-06 
1177.44 5.47697e-06 
1177.88 5.47751e-06 
1178.32 5.47799e-06 
1178.76 5.47837e-06 
1179.2 5.47865e-06 
1179.64 5.47881e-06 
1180.08 5.47882e-06 
1180.52 5.47866e-06 
1180.96 5.47833e-06 
1181.4 5.4778e-06 
1181.84 5.47706e-06 
1182.28 5.47611e-06 
1182.71 5.47494e-06 
1183.15 5.47352e-06 
1183.59 5.47186e-06 
1184.03 5.46995e-06 
1184.47 5.46779e-06 
1184.91 5.46538e-06 
1185.35 5.46271e-06 
1185.79 5.45978e-06 
1186.23 5.45661e-06 
1186.67 5.4532e-06 
1187.11 5.44955e-06 
1187.55 5.44568e-06 
1187.99 5.44162e-06 
1188.43 5.43738e-06 
1188.87 5.43299e-06 
1189.31 5.4285e-06 
1189.75 5.42394e-06 
1190.19 5.41936e-06 
1190.62 5.41482e-06 
1191.06 5.41043e-06 
1191.5 5.40625e-06 
1191.94 5.40241e-06 
1192.38 5.39904e-06 
1192.82 5.39632e-06 
1193.26 5.39447e-06 
1193.7 5.39373e-06 
1194.14 5.39446e-06 
1194.58 5.39705e-06 
1195.02 5.40207e-06 
1195.46 5.41021e-06 
1195.9 5.42241e-06 
1196.34 5.43994e-06 
1196.78 5.46454e-06 
1197.22 5.49866e-06 
1197.66 5.54588e-06 
1198.1 5.61154e-06 
1198.54 5.70392e-06 
1198.97 5.83645e-06 
1199.41 6.03202e-06 
1199.85 6.33205e-06 
1200.29 6.81728e-06 
1200.73 7.65844e-06 
1201.17 9.24599e-06 
1201.61 1.24424e-05 
1202.05 1.79455e-05 
1202.49 2.19259e-05 
1202.93 1.85188e-05 
1203.37 1.26461e-05 
1203.81 9.37932e-06 
1204.25 7.78834e-06 
1204.69 6.96387e-06 
1205.13 6.50778e-06 
1205.57 6.24762e-06 
1206.01 6.10312e-06 
1206.45 6.03437e-06 
1206.88 6.02086e-06 
1207.32 6.05228e-06 
1207.76 6.12417e-06 
1208.2 6.23575e-06 
1208.64 6.38859e-06 
1209.08 6.58544e-06 
1209.52 6.82893e-06 
1209.96 7.11923e-06 
1210.4 7.4506e-06 
1210.84 7.80652e-06 
1211.28 8.15518e-06 
1211.72 8.44891e-06 
1212.16 8.63296e-06 
1212.6 8.66438e-06 
1213.04 8.53197e-06 
1213.48 8.26207e-06 
1213.92 7.90531e-06 
1214.36 7.51506e-06 
1214.79 7.13216e-06 
1215.23 6.78069e-06 
1215.67 6.47096e-06 
1216.11 6.20447e-06 
1216.55 5.97819e-06 
1216.99 5.78721e-06 
1217.43 5.62633e-06 
1217.87 5.49068e-06 
1218.31 5.37609e-06 
1218.75 5.27903e-06 
1219.19 5.19664e-06 
1219.63 5.1266e-06 
1220.07 5.06707e-06 
1220.51 5.01658e-06 
1220.95 4.97401e-06 
1221.39 4.93846e-06 
1221.83 4.90929e-06 
1222.27 4.88605e-06 
1222.71 4.86842e-06 
1223.14 4.85628e-06 
1223.58 4.84963e-06 
1224.02 4.84862e-06 
1224.46 4.85352e-06 
1224.9 4.8648e-06 
1225.34 4.88305e-06 
1225.78 4.90909e-06 
1226.22 4.94396e-06 
1226.66 4.98896e-06 
1227.1 5.04573e-06 
1227.54 5.11629e-06 
1227.98 5.20317e-06 
1228.42 5.3095e-06 
1228.86 5.43913e-06 
1229.3 5.59686e-06 
1229.74 5.7885e-06 
1230.18 6.02112e-06 
1230.62 6.30308e-06 
1231.05 6.64385e-06 
1231.49 7.05335e-06 
1231.93 7.54036e-06 
1232.37 8.10907e-06 
1232.81 8.75344e-06 
1233.25 9.44853e-06 
1233.69 1.01416e-05 
1234.13 1.07485e-05 
1234.57 1.11668e-05 
1235.01 1.13076e-05 
1235.45 1.11361e-05 
1235.89 1.06894e-05 
1236.33 1.0058e-05 
1236.77 9.34547e-06 
1237.21 8.63561e-06 
1237.65 7.98065e-06 
1238.09 7.40507e-06 
1238.53 6.91496e-06 
1238.96 6.50652e-06 
1239.4 6.17184e-06 
1239.84 5.90212e-06 
1240.28 5.68939e-06 
1240.72 5.5271e-06 
1241.16 5.41039e-06 
1241.6 5.33609e-06 
1242.04 5.30255e-06 
1242.48 5.30943e-06 
1242.92 5.35738e-06 
1243.36 5.4473e-06 
1243.8 5.57913e-06 
1244.24 5.74968e-06 
1244.68 5.94955e-06 
1245.12 6.15944e-06 
1245.56 6.3483e-06 
1246 6.47672e-06 
1246.44 6.50815e-06 
1246.88 6.42438e-06 
1247.31 6.2345e-06 
1247.75 5.97004e-06 
1248.19 5.67022e-06 
1248.63 5.3683e-06 
1249.07 5.0858e-06 
1249.51 4.83317e-06 
1249.95 4.61323e-06 
1250.39 4.42456e-06 
1250.83 4.26383e-06 
1251.27 4.12717e-06 
1251.71 4.01086e-06 
1252.15 3.91161e-06 
1252.59 3.82664e-06 
1253.03 3.75365e-06 
1253.47 3.69076e-06 
1253.91 3.63649e-06 
1254.35 3.58962e-06 
1254.79 3.54921e-06 
1255.22 3.51451e-06 
1255.66 3.48495e-06 
1256.1 3.46011e-06 
1256.54 3.43969e-06 
1256.98 3.4235e-06 
1257.42 3.41147e-06 
1257.86 3.40362e-06 
1258.3 3.40006e-06 
1258.74 3.40102e-06 
1259.18 3.40684e-06 
1259.62 3.41798e-06 
1260.06 3.43504e-06 
1260.5 3.45881e-06 
1260.94 3.49026e-06 
1261.38 3.53064e-06 
1261.82 3.58147e-06 
1262.26 3.64467e-06 
1262.7 3.7226e-06 
1263.13 3.81819e-06 
1263.57 3.93506e-06 
1264.01 4.07758e-06 
1264.45 4.25101e-06 
1264.89 4.46141e-06 
1265.33 4.71535e-06 
1265.77 5.01917e-06 
1266.21 5.37714e-06 
1266.65 5.7883e-06 
1267.09 6.24138e-06 
1267.53 6.70849e-06 
1267.97 7.14079e-06 
1268.41 7.47204e-06 
1268.85 7.63588e-06 
1269.29 7.59265e-06 
1269.73 7.3495e-06 
1270.17 6.95671e-06 
1270.61 6.48358e-06 
1271.04 5.9927e-06 
1271.48 5.52666e-06 
1271.92 5.10766e-06 
1272.36 4.7431e-06 
1272.8 4.43181e-06 
1273.24 4.16857e-06 
1273.68 3.94677e-06 
1274.12 3.7599e-06 
1274.56 3.60211e-06 
1275 3.46837e-06 
1275.44 3.35451e-06 
1275.88 3.25712e-06 
1276.32 3.17339e-06 
1276.76 3.10106e-06 
1277.2 3.03827e-06 
1277.64 2.98352e-06 
1278.08 2.93557e-06 
1278.52 2.89341e-06 
1278.96 2.8562e-06 
1279.39 2.82324e-06 
1279.83 2.79395e-06 
1280.27 2.76785e-06 
1280.71 2.74453e-06 
1281.15 2.72364e-06 
1281.59 2.70489e-06 
1282.03 2.68803e-06 
1282.47 2.67284e-06 
1282.91 2.65913e-06 
1283.35 2.64675e-06 
1283.79 2.63556e-06 
1284.23 2.62543e-06 
1284.67 2.61625e-06 
1285.11 2.60794e-06 
1285.55 2.60042e-06 
1285.99 2.5936e-06 
1286.43 2.58743e-06 
1286.87 2.58185e-06 
1287.3 2.57679e-06 
1287.74 2.57223e-06 
1288.18 2.56812e-06 
1288.62 2.56442e-06 
1289.06 2.5611e-06 
1289.5 2.55812e-06 
1289.94 2.55545e-06 
1290.38 2.55308e-06 
1290.82 2.55097e-06 
1291.26 2.54911e-06 
1291.7 2.54747e-06 
1292.14 2.54603e-06 
1292.58 2.54478e-06 
1293.02 2.5437e-06 
1293.46 2.54277e-06 
1293.9 2.54197e-06 
1294.34 2.5413e-06 
1294.78 2.54074e-06 
1295.21 2.54027e-06 
1295.65 2.53987e-06 
1296.09 2.53955e-06 
1296.53 2.53928e-06 
1296.97 2.53905e-06 
1297.41 2.53885e-06 
1297.85 2.53866e-06 
1298.29 2.53848e-06 
1298.73 2.53829e-06 
1299.17 2.53807e-06 
1299.61 2.53782e-06 
1300.05 2.53752e-06 
1300.49 2.53716e-06 
1300.93 2.53673e-06 
1301.37 2.5362e-06 
1301.81 2.53557e-06 
1302.25 2.53483e-06 
1302.69 2.53395e-06 
1303.12 2.53293e-06 
1303.56 2.53175e-06 
1304 2.53038e-06 
1304.44 2.52883e-06 
1304.88 2.52706e-06 
1305.32 2.52508e-06 
1305.76 2.52284e-06 
1306.2 2.52034e-06 
1306.64 2.51756e-06 
1307.08 2.51449e-06 
1307.52 2.51111e-06 
1307.96 2.50738e-06 
1308.4 2.50331e-06 
1308.84 2.49886e-06 
1309.28 2.49403e-06 
1309.72 2.48879e-06 
1310.16 2.48311e-06 
1310.6 2.47697e-06 
1311.04 2.47038e-06 
1311.47 2.4633e-06 
1311.91 2.45571e-06 
1312.35 2.44759e-06 
1312.79 2.43891e-06 
1313.23 2.42969e-06 
1313.67 2.41989e-06 
1314.11 2.4095e-06 
1314.55 2.39848e-06 
1314.99 2.38684e-06 
1315.43 2.37456e-06 
1315.87 2.36165e-06 
1316.31 2.34808e-06 
1316.75 2.33384e-06 
1317.19 2.31893e-06 
1317.63 2.30336e-06 
1318.07 2.28713e-06 
1318.51 2.27025e-06 
1318.95 2.25271e-06 
1319.38 2.23453e-06 
1319.82 2.21576e-06 
1320.26 2.19642e-06 
1320.7 2.17654e-06 
1321.14 2.15615e-06 
1321.58 2.13532e-06 
1322.02 2.11413e-06 
1322.46 2.09266e-06 
1322.9 2.07102e-06 
1323.34 2.04929e-06 
1323.78 2.02765e-06 
1324.22 2.00628e-06 
1324.66 1.98539e-06 
1325.1 1.96523e-06 
1325.54 1.94608e-06 
1325.98 1.92835e-06 
1326.42 1.9125e-06 
1326.86 1.89912e-06 
1327.29 1.88892e-06 
1327.73 1.88278e-06 
1328.17 1.88187e-06 
1328.61 1.8877e-06 
1329.05 1.90224e-06 
1329.49 1.92808e-06 
1329.93 1.96876e-06 
1330.37 2.0292e-06 
1330.81 2.11638e-06 
1331.25 2.24043e-06 
1331.69 2.41655e-06 
1332.13 2.66838e-06 
1332.57 3.03427e-06 
1333.01 3.57957e-06 
1333.45 4.42239e-06 
1333.89 5.79228e-06 
1334.33 8.17257e-06 
1334.77 1.26652e-05 
1335.21 2.17125e-05 
1335.64 3.77731e-05 
1336.08 5.13474e-05 
1336.52 4.01445e-05 
1336.96 2.24121e-05 
1337.4 1.28497e-05 
1337.84 8.14578e-06 
1338.28 5.63686e-06 
1338.72 4.17396e-06 
1339.16 3.25554e-06 
1339.6 2.64426e-06 
1340.04 2.21802e-06 
1340.48 1.90943e-06 
1340.92 1.67904e-06 
1341.36 1.50258e-06 
1341.8 1.36445e-06 
1342.24 1.25433e-06 
1342.68 1.16512e-06 
1343.12 1.09185e-06 
1343.55 1.03092e-06 
1343.99 9.79718e-07 
1344.43 9.36265e-07 
1344.87 8.99072e-07 
1345.31 8.6699e-07 
1345.75 8.39122e-07 
1346.19 8.14759e-07 
1346.63 7.93336e-07 
1347.07 7.74398e-07 
1347.51 7.57575e-07 
1347.95 7.42563e-07 
1348.39 7.29111e-07 
1348.83 7.17011e-07 
1349.27 7.06088e-07 
1349.71 6.96195e-07 
1350.15 6.87208e-07 
1350.59 6.79019e-07 
1351.03 6.71538e-07 
1351.46 6.64687e-07 
1351.9 6.58398e-07 
1352.34 6.52612e-07 
1352.78 6.47278e-07 
1353.22 6.42351e-07 
1353.66 6.37793e-07 
1354.1 6.33568e-07 
1354.54 6.29645e-07 
1354.98 6.25999e-07 
1355.42 6.22605e-07 
1355.86 6.19441e-07 
1356.3 6.16488e-07 
1356.74 6.13729e-07 
1357.18 6.11149e-07 
1357.62 6.08734e-07 
1358.06 6.0647e-07 
1358.5 6.04348e-07 
1358.94 6.02356e-07 
1359.38 6.00486e-07 
1359.81 5.98729e-07 
1360.25 5.97077e-07 
1360.69 5.95522e-07 
1361.13 5.9406e-07 
1361.57 5.92684e-07 
1362.01 5.91387e-07 
1362.45 5.90167e-07 
1362.89 5.89017e-07 
1363.33 5.87934e-07 
1363.77 5.86913e-07 
1364.21 5.85952e-07 
1364.65 5.85047e-07 
1365.09 5.84194e-07 
1365.53 5.83392e-07 
1365.97 5.82637e-07 
1366.41 5.81927e-07 
1366.85 5.81259e-07 
1367.29 5.80632e-07 
1367.72 5.80044e-07 
1368.16 5.79492e-07 
1368.6 5.78975e-07 
1369.04 5.78492e-07 
1369.48 5.7804e-07 
1369.92 5.77618e-07 
1370.36 5.77226e-07 
1370.8 5.76862e-07 
1371.24 5.76524e-07 
1371.68 5.76212e-07 
1372.12 5.75924e-07 
1372.56 5.7566e-07 
1373 5.75419e-07 
1373.44 5.752e-07 
1373.88 5.75001e-07 
1374.32 5.74823e-07 
1374.76 5.74664e-07 
1375.2 5.74524e-07 
1375.63 5.74403e-07 
1376.07 5.74298e-07 
1376.51 5.74212e-07 
1376.95 5.74141e-07 
1377.39 5.74086e-07 
1377.83 5.74047e-07 
1378.27 5.74023e-07 
1378.71 5.74013e-07 
1379.15 5.74018e-07 
1379.59 5.74036e-07 
1380.03 5.74068e-07 
1380.47 5.74112e-07 
1380.91 5.7417e-07 
1381.35 5.7424e-07 
1381.79 5.74321e-07 
1382.23 5.74415e-07 
1382.67 5.7452e-07 
1383.11 5.74636e-07 
1383.54 5.74763e-07 
1383.98 5.74901e-07 
1384.42 5.75049e-07 
1384.86 5.75207e-07 
1385.3 5.75376e-07 
1385.74 5.75554e-07 
1386.18 5.75742e-07 
1386.62 5.75939e-07 
1387.06 5.76146e-07 
1387.5 5.76362e-07 
1387.94 5.76586e-07 
1388.38 5.76819e-07 
1388.82 5.77061e-07 
1389.26 5.77311e-07 
1389.7 5.7757e-07 
1390.14 5.77836e-07 
1390.58 5.78111e-07 
1391.02 5.78393e-07 
1391.46 5.78683e-07 
1391.89 5.7898e-07 
1392.33 5.79285e-07 
1392.77 5.79598e-07 
1393.21 5.79917e-07 
1393.65 5.80243e-07 
1394.09 5.80576e-07 
1394.53 5.80916e-07 
1394.97 5.81262e-07 
1395.41 5.81615e-07 
1395.85 5.81974e-07 
1396.29 5.82339e-07 
1396.73 5.8271e-07 
1397.17 5.83087e-07 
1397.61 5.83469e-07 
1398.05 5.83857e-07 
1398.49 5.84251e-07 
1398.93 5.84649e-07 
1399.37 5.85053e-07 
1399.8 5.85461e-07 
1400.24 5.85874e-07 
1400.68 5.86291e-07 
1401.12 5.86712e-07 
1401.56 5.87137e-07 
1402 5.87566e-07 
1402.44 5.87998e-07 
1402.88 5.88434e-07 
1403.32 5.88872e-07 
1403.76 5.89313e-07 
1404.2 5.89756e-07 
1404.64 5.90201e-07 
1405.08 5.90648e-07 
1405.52 5.91097e-07 
1405.96 5.91546e-07 
1406.4 5.91996e-07 
1406.84 5.92446e-07 
1407.28 5.92896e-07 
1407.71 5.93345e-07 
1408.15 5.93794e-07 
1408.59 5.9424e-07 
1409.03 5.94685e-07 
1409.47 5.95127e-07 
1409.91 5.95567e-07 
1410.35 5.96003e-07 
1410.79 5.96434e-07 
1411.23 5.96861e-07 
1411.67 5.97283e-07 
1412.11 5.97699e-07 
1412.55 5.98108e-07 
1412.99 5.9851e-07 
1413.43 5.98904e-07 
1413.87 5.99289e-07 
1414.31 5.99666e-07 
1414.75 6.00032e-07 
1415.19 6.00387e-07 
1415.62 6.00731e-07 
1416.06 6.01062e-07 
1416.5 6.01381e-07 
1416.94 6.01685e-07 
1417.38 6.01974e-07 
1417.82 6.02248e-07 
1418.26 6.02506e-07 
1418.7 6.02746e-07 
1419.14 6.02969e-07 
1419.58 6.03172e-07 
1420.02 6.03356e-07 
1420.46 6.0352e-07 
1420.9 6.03663e-07 
1421.34 6.03784e-07 
1421.78 6.03882e-07 
1422.22 6.03957e-07 
1422.66 6.04009e-07 
1423.1 6.04038e-07 
1423.54 6.04042e-07 
1423.97 6.0402e-07 
1424.41 6.03974e-07 
1424.85 6.03904e-07 
1425.29 6.03809e-07 
1425.73 6.03691e-07 
1426.17 6.03548e-07 
1426.61 6.03383e-07 
1427.05 6.03197e-07 
1427.49 6.02992e-07 
1427.93 6.0277e-07 
1428.37 6.02533e-07 
1428.81 6.02286e-07 
1429.25 6.02033e-07 
1429.69 6.0178e-07 
1430.13 6.01533e-07 
1430.57 6.01301e-07 
1431.01 6.01097e-07 
1431.45 6.00932e-07 
1431.88 6.00826e-07 
1432.32 6.008e-07 
1432.76 6.00882e-07 
1433.2 6.01109e-07 
1433.64 6.0153e-07 
1434.08 6.02209e-07 
1434.52 6.03231e-07 
1434.96 6.04714e-07 
1435.4 6.06825e-07 
1435.84 6.09799e-07 
1436.28 6.13983e-07 
1436.72 6.19906e-07 
1437.16 6.28394e-07 
1437.6 6.40807e-07 
1438.04 6.59489e-07 
1438.48 6.88751e-07 
1438.92 7.37104e-07 
1439.36 8.22829e-07 
1439.79 9.88132e-07 
1440.23 1.3243e-06 
1440.67 1.89676e-06 
1441.11 2.15199e-06 
1441.55 1.58587e-06 
1441.99 1.11229e-06 
1442.43 8.77382e-07 
1442.87 7.5884e-07 
1443.31 6.93114e-07 
1443.75 6.53287e-07 
1444.19 6.27315e-07 
1444.63 6.09317e-07 
1445.07 5.96192e-07 
1445.51 5.86197e-07 
1445.95 5.7829e-07 
1446.39 5.71824e-07 
1446.83 5.66381e-07 
1447.27 5.61685e-07 
1447.71 5.5755e-07 
1448.14 5.53848e-07 
1448.58 5.50493e-07 
1449.02 5.47428e-07 
1449.46 5.44622e-07 
1449.9 5.42067e-07 
1450.34 5.39769e-07 
1450.78 5.37755e-07 
1451.22 5.36077e-07 
1451.66 5.34815e-07 
1452.1 5.3409e-07 
1452.54 5.34078e-07 
1452.98 5.35039e-07 
1453.42 5.37363e-07 
1453.86 5.41655e-07 
1454.3 5.48885e-07 
1454.74 5.60677e-07 
1455.18 5.79917e-07 
1455.62 6.12074e-07 
1456.05 6.68412e-07 
1456.49 7.74116e-07 
1456.93 9.87613e-07 
1457.37 1.40877e-06 
1457.81 1.89394e-06 
1458.25 1.64707e-06 
1458.69 1.12685e-06 
1459.13 8.43975e-07 
1459.57 7.10954e-07 
1460.01 6.48249e-07 
1460.45 6.22924e-07 
1460.89 6.23326e-07 
1461.33 6.48614e-07 
1461.77 7.07194e-07 
1462.21 8.22165e-07 
1462.65 1.04912e-06 
1463.09 1.5185e-06 
1463.53 2.43422e-06 
1463.96 3.33371e-06 
1464.4 2.62847e-06 
1464.84 1.5984e-06 
1465.28 1.0537e-06 
1465.72 7.83555e-07 
1466.16 6.36983e-07 
1466.6 5.49401e-07 
1467.04 4.92618e-07 
1467.48 4.53259e-07 
1467.92 4.24441e-07 
1468.36 4.02368e-07 
1468.8 3.84839e-07 
1469.24 3.70507e-07 
1469.68 3.58543e-07 
1470.12 3.48424e-07 
1470.56 3.39823e-07 
1471 3.32565e-07 
1471.44 3.26578e-07 
1471.88 3.21892e-07 
1472.31 3.18631e-07 
1472.75 3.17025e-07 
1473.19 3.17446e-07 
1473.63 3.20452e-07 
1474.07 3.26889e-07 
1474.51 3.38042e-07 
1474.95 3.55909e-07 
1475.39 3.83729e-07 
1475.83 4.26986e-07 
1476.27 4.9554e-07 
1476.71 6.08357e-07 
1477.15 8.05118e-07 
1477.59 1.17583e-06 
1478.03 1.92882e-06 
1478.47 3.37059e-06 
1478.91 4.58135e-06 
1479.35 3.35749e-06 
1479.79 1.93397e-06 
1480.22 1.22292e-06 
1480.66 8.98004e-07 
1481.1 7.60932e-07 
1481.54 7.3733e-07 
1481.98 8.1342e-07 
1482.42 1.02207e-06 
1482.86 1.46982e-06 
1483.3 2.42245e-06 
1483.74 4.31206e-06 
1484.18 6.08047e-06 
1484.62 4.52195e-06 
1485.06 2.48441e-06 
1485.5 1.42483e-06 
1485.94 9.00686e-07 
1486.38 6.17737e-07 
1486.82 4.50635e-07 
1487.26 3.44388e-07 
1487.7 2.72775e-07 
1488.13 2.22207e-07 
1488.57 1.85132e-07 
1489.01 1.57101e-07 
1489.45 1.35361e-07 
1489.89 1.18132e-07 
1490.33 1.04227e-07 
1490.77 9.28274e-08 
1491.21 8.33525e-08 
1491.65 7.53836e-08 
1492.09 6.86103e-08 
1492.53 6.27997e-08 
1492.97 5.77737e-08 
1493.41 5.3394e-08 
1493.85 4.95521e-08 
1494.29 4.61619e-08 
1494.73 4.31538e-08 
1495.17 4.04719e-08 
1495.61 3.80699e-08 
1496.04 3.59101e-08 
1496.48 3.39606e-08 
1496.92 3.21952e-08 
1497.36 3.05915e-08 
1497.8 2.91306e-08 
1498.24 2.77963e-08 
1498.68 2.65748e-08 
1499.12 2.54542e-08 
1499.56 2.4424e-08 
