#energy geo_1 
600 5.02418e-07 
600.439 5.03044e-07 
600.879 5.0367e-07 
601.318 5.04297e-07 
601.758 5.04926e-07 
602.197 5.05555e-07 
602.637 5.06185e-07 
603.076 5.06817e-07 
603.516 5.07449e-07 
603.955 5.08082e-07 
604.395 5.08717e-07 
604.834 5.09352e-07 
605.273 5.09988e-07 
605.713 5.10625e-07 
606.152 5.11264e-07 
606.592 5.11903e-07 
607.031 5.12543e-07 
607.471 5.13184e-07 
607.91 5.13827e-07 
608.35 5.1447e-07 
608.789 5.15114e-07 
609.229 5.15759e-07 
609.668 5.16406e-07 
610.107 5.17053e-07 
610.547 5.17701e-07 
610.986 5.18351e-07 
611.426 5.19001e-07 
611.865 5.19653e-07 
612.305 5.20305e-07 
612.744 5.20959e-07 
613.184 5.21614e-07 
613.623 5.2227e-07 
614.062 5.22927e-07 
614.502 5.23584e-07 
614.941 5.24244e-07 
615.381 5.24904e-07 
615.82 5.25565e-07 
616.26 5.26228e-07 
616.699 5.26892e-07 
617.139 5.27556e-07 
617.578 5.28223e-07 
618.018 5.2889e-07 
618.457 5.29559e-07 
618.896 5.30228e-07 
619.336 5.30899e-07 
619.775 5.31571e-07 
620.215 5.32245e-07 
620.654 5.3292e-07 
621.094 5.33596e-07 
621.533 5.34273e-07 
621.973 5.34952e-07 
622.412 5.35632e-07 
622.852 5.36313e-07 
623.291 5.36996e-07 
623.73 5.3768e-07 
624.17 5.38365e-07 
624.609 5.39052e-07 
625.049 5.3974e-07 
625.488 5.4043e-07 
625.928 5.4112e-07 
626.367 5.41812e-07 
626.807 5.42506e-07 
627.246 5.432e-07 
627.686 5.43897e-07 
628.125 5.44594e-07 
628.564 5.45293e-07 
629.004 5.45994e-07 
629.443 5.46695e-07 
629.883 5.47398e-07 
630.322 5.48102e-07 
630.762 5.48808e-07 
631.201 5.49515e-07 
631.641 5.50223e-07 
632.08 5.50933e-07 
632.52 5.51644e-07 
632.959 5.52357e-07 
633.398 5.5307e-07 
633.838 5.53786e-07 
634.277 5.54502e-07 
634.717 5.5522e-07 
635.156 5.55939e-07 
635.596 5.56659e-07 
636.035 5.57381e-07 
636.475 5.58103e-07 
636.914 5.58828e-07 
637.354 5.59553e-07 
637.793 5.6028e-07 
638.232 5.61008e-07 
638.672 5.61738e-07 
639.111 5.62468e-07 
639.551 5.632e-07 
639.99 5.63933e-07 
640.43 5.64669e-07 
640.869 5.65404e-07 
641.309 5.66141e-07 
641.748 5.6688e-07 
642.188 5.6762e-07 
642.627 5.68361e-07 
643.066 5.69104e-07 
643.506 5.69848e-07 
643.945 5.70593e-07 
644.385 5.71339e-07 
644.824 5.72088e-07 
645.264 5.72837e-07 
645.703 5.73587e-07 
646.143 5.7434e-07 
646.582 5.75093e-07 
647.021 5.75849e-07 
647.461 5.76605e-07 
647.9 5.77363e-07 
648.34 5.78123e-07 
648.779 5.78884e-07 
649.219 5.79646e-07 
649.658 5.8041e-07 
650.098 5.81176e-07 
650.537 5.81943e-07 
650.977 5.82711e-07 
651.416 5.83482e-07 
651.855 5.84253e-07 
652.295 5.85027e-07 
652.734 5.85802e-07 
653.174 5.86579e-07 
653.613 5.87357e-07 
654.053 5.88137e-07 
654.492 5.88919e-07 
654.932 5.89702e-07 
655.371 5.90487e-07 
655.811 5.91274e-07 
656.25 5.92062e-07 
656.689 5.92853e-07 
657.129 5.93645e-07 
657.568 5.94439e-07 
658.008 5.95234e-07 
658.447 5.96031e-07 
658.887 5.9683e-07 
659.326 5.97631e-07 
659.766 5.98433e-07 
660.205 5.99237e-07 
660.645 6.00043e-07 
661.084 6.00851e-07 
661.523 6.01661e-07 
661.963 6.02472e-07 
662.402 6.03285e-07 
662.842 6.041e-07 
663.281 6.04917e-07 
663.721 6.05735e-07 
664.16 6.06555e-07 
664.6 6.07377e-07 
665.039 6.082e-07 
665.479 6.09025e-07 
665.918 6.09853e-07 
666.357 6.10682e-07 
666.797 6.11512e-07 
667.236 6.12344e-07 
667.676 6.13178e-07 
668.115 6.14014e-07 
668.555 6.14851e-07 
668.994 6.1569e-07 
669.434 6.16531e-07 
669.873 6.17374e-07 
670.312 6.18218e-07 
670.752 6.19064e-07 
671.191 6.19912e-07 
671.631 6.20761e-07 
672.07 6.21612e-07 
672.51 6.22465e-07 
672.949 6.2332e-07 
673.389 6.24176e-07 
673.828 6.25034e-07 
674.268 6.25894e-07 
674.707 6.26755e-07 
675.146 6.27618e-07 
675.586 6.28483e-07 
676.025 6.2935e-07 
676.465 6.30219e-07 
676.904 6.31089e-07 
677.344 6.31961e-07 
677.783 6.32835e-07 
678.223 6.33711e-07 
678.662 6.34588e-07 
679.102 6.35468e-07 
679.541 6.3635e-07 
679.98 6.37233e-07 
680.42 6.38118e-07 
680.859 6.39005e-07 
681.299 6.39894e-07 
681.738 6.40786e-07 
682.178 6.41678e-07 
682.617 6.42573e-07 
683.057 6.4347e-07 
683.496 6.4437e-07 
683.936 6.45271e-07 
684.375 6.46174e-07 
684.814 6.47079e-07 
685.254 6.47986e-07 
685.693 6.48896e-07 
686.133 6.49807e-07 
686.572 6.50721e-07 
687.012 6.51637e-07 
687.451 6.52555e-07 
687.891 6.53475e-07 
688.33 6.54397e-07 
688.77 6.55321e-07 
689.209 6.56248e-07 
689.648 6.57177e-07 
690.088 6.58108e-07 
690.527 6.59041e-07 
690.967 6.59976e-07 
691.406 6.60914e-07 
691.846 6.61854e-07 
692.285 6.62796e-07 
692.725 6.63741e-07 
693.164 6.64687e-07 
693.604 6.65636e-07 
694.043 6.66587e-07 
694.482 6.6754e-07 
694.922 6.68496e-07 
695.361 6.69453e-07 
695.801 6.70413e-07 
696.24 6.71375e-07 
696.68 6.72339e-07 
697.119 6.73306e-07 
697.559 6.74275e-07 
697.998 6.75246e-07 
698.438 6.76219e-07 
698.877 6.77194e-07 
699.316 6.78172e-07 
699.756 6.79152e-07 
700.195 6.80134e-07 
700.635 6.81118e-07 
701.074 6.82105e-07 
701.514 6.83093e-07 
701.953 6.84084e-07 
702.393 6.85077e-07 
702.832 6.86072e-07 
703.271 6.87069e-07 
703.711 6.88069e-07 
704.15 6.89071e-07 
704.59 6.90075e-07 
705.029 6.91081e-07 
705.469 6.9209e-07 
705.908 6.931e-07 
706.348 6.94113e-07 
706.787 6.95128e-07 
707.227 6.96146e-07 
707.666 6.97166e-07 
708.105 6.98187e-07 
708.545 6.99212e-07 
708.984 7.00238e-07 
709.424 7.01267e-07 
709.863 7.02298e-07 
710.303 7.03332e-07 
710.742 7.04367e-07 
711.182 7.05406e-07 
711.621 7.06446e-07 
712.061 7.07489e-07 
712.5 7.08534e-07 
712.939 7.09582e-07 
713.379 7.10632e-07 
713.818 7.11685e-07 
714.258 7.1274e-07 
714.697 7.13798e-07 
715.137 7.14857e-07 
715.576 7.1592e-07 
716.016 7.16985e-07 
716.455 7.18053e-07 
716.895 7.19123e-07 
717.334 7.20195e-07 
717.773 7.2127e-07 
718.213 7.22348e-07 
718.652 7.23428e-07 
719.092 7.24511e-07 
719.531 7.25597e-07 
719.971 7.26684e-07 
720.41 7.27775e-07 
720.85 7.28868e-07 
721.289 7.29964e-07 
721.729 7.31063e-07 
722.168 7.32163e-07 
722.607 7.33267e-07 
723.047 7.34374e-07 
723.486 7.35483e-07 
723.926 7.36594e-07 
724.365 7.37708e-07 
724.805 7.38825e-07 
725.244 7.39945e-07 
725.684 7.41067e-07 
726.123 7.42192e-07 
726.562 7.43319e-07 
727.002 7.44449e-07 
727.441 7.45582e-07 
727.881 7.46717e-07 
728.32 7.47855e-07 
728.76 7.48996e-07 
729.199 7.50139e-07 
729.639 7.51285e-07 
730.078 7.52433e-07 
730.518 7.53584e-07 
730.957 7.54738e-07 
731.396 7.55894e-07 
731.836 7.57053e-07 
732.275 7.58215e-07 
732.715 7.59379e-07 
733.154 7.60546e-07 
733.594 7.61716e-07 
734.033 7.62888e-07 
734.473 7.64063e-07 
734.912 7.6524e-07 
735.352 7.66421e-07 
735.791 7.67603e-07 
736.23 7.68788e-07 
736.67 7.69977e-07 
737.109 7.71168e-07 
737.549 7.72361e-07 
737.988 7.73557e-07 
738.428 7.74756e-07 
738.867 7.75958e-07 
739.307 7.77162e-07 
739.746 7.78369e-07 
740.186 7.79578e-07 
740.625 7.80791e-07 
741.064 7.82006e-07 
741.504 7.83224e-07 
741.943 7.84445e-07 
742.383 7.85668e-07 
742.822 7.86894e-07 
743.262 7.88123e-07 
743.701 7.89355e-07 
744.141 7.90589e-07 
744.58 7.91826e-07 
745.02 7.93067e-07 
745.459 7.9431e-07 
745.898 7.95555e-07 
746.338 7.96804e-07 
746.777 7.98056e-07 
747.217 7.99309e-07 
747.656 8.00566e-07 
748.096 8.01826e-07 
748.535 8.03089e-07 
748.975 8.04354e-07 
749.414 8.05622e-07 
749.854 8.06894e-07 
750.293 8.08167e-07 
750.732 8.09444e-07 
751.172 8.10724e-07 
751.611 8.12006e-07 
752.051 8.13292e-07 
752.49 8.1458e-07 
752.93 8.15871e-07 
753.369 8.17165e-07 
753.809 8.18461e-07 
754.248 8.19761e-07 
754.688 8.21063e-07 
755.127 8.22368e-07 
755.566 8.23676e-07 
756.006 8.24987e-07 
756.445 8.26301e-07 
756.885 8.27617e-07 
757.324 8.28936e-07 
757.764 8.30259e-07 
758.203 8.31584e-07 
758.643 8.32911e-07 
759.082 8.34242e-07 
759.521 8.35576e-07 
759.961 8.36912e-07 
760.4 8.38251e-07 
760.84 8.39593e-07 
761.279 8.40939e-07 
761.719 8.42286e-07 
762.158 8.43637e-07 
762.598 8.4499e-07 
763.037 8.46347e-07 
763.477 8.47706e-07 
763.916 8.49068e-07 
764.355 8.50434e-07 
764.795 8.51802e-07 
765.234 8.53173e-07 
765.674 8.54546e-07 
766.113 8.55923e-07 
766.553 8.57303e-07 
766.992 8.58685e-07 
767.432 8.60071e-07 
767.871 8.6146e-07 
768.311 8.62851e-07 
768.75 8.64245e-07 
769.189 8.65642e-07 
769.629 8.67043e-07 
770.068 8.68446e-07 
770.508 8.69852e-07 
770.947 8.71261e-07 
771.387 8.72673e-07 
771.826 8.74088e-07 
772.266 8.75506e-07 
772.705 8.76927e-07 
773.145 8.78351e-07 
773.584 8.79777e-07 
774.023 8.81207e-07 
774.463 8.82639e-07 
774.902 8.84074e-07 
775.342 8.85513e-07 
775.781 8.86954e-07 
776.221 8.88399e-07 
776.66 8.89846e-07 
777.1 8.91296e-07 
777.539 8.92748e-07 
777.979 8.94204e-07 
778.418 8.95663e-07 
778.857 8.97124e-07 
779.297 8.98588e-07 
779.736 9.00055e-07 
780.176 9.01525e-07 
780.615 9.02998e-07 
781.055 9.04473e-07 
781.494 9.05951e-07 
781.934 9.07432e-07 
782.373 9.08916e-07 
782.812 9.10403e-07 
783.252 9.11892e-07 
783.691 9.13385e-07 
784.131 9.14879e-07 
784.57 9.16377e-07 
785.01 9.17877e-07 
785.449 9.1938e-07 
785.889 9.20887e-07 
786.328 9.22395e-07 
786.768 9.23907e-07 
787.207 9.25421e-07 
787.646 9.26937e-07 
788.086 9.28458e-07 
788.525 9.2998e-07 
788.965 9.31505e-07 
789.404 9.33033e-07 
789.844 9.34565e-07 
790.283 9.36098e-07 
790.723 9.37635e-07 
791.162 9.39174e-07 
791.602 9.40716e-07 
792.041 9.42262e-07 
792.48 9.43809e-07 
792.92 9.4536e-07 
793.359 9.46913e-07 
793.799 9.48469e-07 
794.238 9.50028e-07 
794.678 9.51591e-07 
795.117 9.53156e-07 
795.557 9.54724e-07 
795.996 9.56294e-07 
796.436 9.57868e-07 
796.875 9.59444e-07 
797.314 9.61024e-07 
797.754 9.62606e-07 
798.193 9.64191e-07 
798.633 9.65779e-07 
799.072 9.6737e-07 
799.512 9.68964e-07 
799.951 9.7056e-07 
800.391 9.7216e-07 
800.83 9.73761e-07 
801.27 9.75366e-07 
801.709 9.76974e-07 
802.148 9.78585e-07 
802.588 9.80198e-07 
803.027 9.81814e-07 
803.467 9.83433e-07 
803.906 9.85055e-07 
804.346 9.8668e-07 
804.785 9.88307e-07 
805.225 9.89937e-07 
805.664 9.91569e-07 
806.104 9.93204e-07 
806.543 9.94842e-07 
806.982 9.96482e-07 
807.422 9.98126e-07 
807.861 9.99771e-07 
808.301 1.00142e-06 
808.74 1.00307e-06 
809.18 1.00472e-06 
809.619 1.00638e-06 
810.059 1.00804e-06 
810.498 1.0097e-06 
810.938 1.01136e-06 
811.377 1.01303e-06 
811.816 1.0147e-06 
812.256 1.01637e-06 
812.695 1.01804e-06 
813.135 1.01972e-06 
813.574 1.0214e-06 
814.014 1.02308e-06 
814.453 1.02476e-06 
814.893 1.02645e-06 
815.332 1.02814e-06 
815.771 1.02983e-06 
816.211 1.03152e-06 
816.65 1.03322e-06 
817.09 1.03492e-06 
817.529 1.03662e-06 
817.969 1.03832e-06 
818.408 1.04003e-06 
818.848 1.04174e-06 
819.287 1.04345e-06 
819.727 1.04516e-06 
820.166 1.04688e-06 
820.605 1.0486e-06 
821.045 1.05032e-06 
821.484 1.05204e-06 
821.924 1.05377e-06 
822.363 1.0555e-06 
822.803 1.05723e-06 
823.242 1.05896e-06 
823.682 1.0607e-06 
824.121 1.06244e-06 
824.561 1.06418e-06 
825 1.06592e-06 
825.439 1.06767e-06 
825.879 1.06942e-06 
826.318 1.07117e-06 
826.758 1.07292e-06 
827.197 1.07468e-06 
827.637 1.07644e-06 
828.076 1.0782e-06 
828.516 1.07996e-06 
828.955 1.08173e-06 
829.395 1.0835e-06 
829.834 1.08527e-06 
830.273 1.08704e-06 
830.713 1.08882e-06 
831.152 1.09059e-06 
831.592 1.09237e-06 
832.031 1.09416e-06 
832.471 1.09594e-06 
832.91 1.09773e-06 
833.35 1.09952e-06 
833.789 1.10131e-06 
834.229 1.1031e-06 
834.668 1.1049e-06 
835.107 1.1067e-06 
835.547 1.1085e-06 
835.986 1.1103e-06 
836.426 1.11211e-06 
836.865 1.11392e-06 
837.305 1.11573e-06 
837.744 1.11754e-06 
838.184 1.11936e-06 
838.623 1.12117e-06 
839.062 1.12299e-06 
839.502 1.12481e-06 
839.941 1.12664e-06 
840.381 1.12846e-06 
840.82 1.13029e-06 
841.26 1.13212e-06 
841.699 1.13395e-06 
842.139 1.13579e-06 
842.578 1.13763e-06 
843.018 1.13947e-06 
843.457 1.14131e-06 
843.896 1.14315e-06 
844.336 1.145e-06 
844.775 1.14684e-06 
845.215 1.14869e-06 
845.654 1.15055e-06 
846.094 1.1524e-06 
846.533 1.15426e-06 
846.973 1.15611e-06 
847.412 1.15797e-06 
847.852 1.15984e-06 
848.291 1.1617e-06 
848.73 1.16356e-06 
849.17 1.16543e-06 
849.609 1.1673e-06 
850.049 1.16917e-06 
850.488 1.17105e-06 
850.928 1.17292e-06 
851.367 1.1748e-06 
851.807 1.17668e-06 
852.246 1.17856e-06 
852.686 1.18044e-06 
853.125 1.18233e-06 
853.564 1.18421e-06 
854.004 1.1861e-06 
854.443 1.18799e-06 
854.883 1.18988e-06 
855.322 1.19177e-06 
855.762 1.19367e-06 
856.201 1.19557e-06 
856.641 1.19747e-06 
857.08 1.19937e-06 
857.52 1.20127e-06 
857.959 1.20317e-06 
858.398 1.20508e-06 
858.838 1.20699e-06 
859.277 1.2089e-06 
859.717 1.21081e-06 
860.156 1.21273e-06 
860.596 1.21464e-06 
861.035 1.21656e-06 
861.475 1.21848e-06 
861.914 1.22041e-06 
862.354 1.22233e-06 
862.793 1.22426e-06 
863.232 1.22619e-06 
863.672 1.22812e-06 
864.111 1.23005e-06 
864.551 1.23199e-06 
864.99 1.23392e-06 
865.43 1.23586e-06 
865.869 1.23781e-06 
866.309 1.23975e-06 
866.748 1.24169e-06 
867.188 1.24364e-06 
867.627 1.24559e-06 
868.066 1.24754e-06 
868.506 1.24949e-06 
868.945 1.25145e-06 
869.385 1.2534e-06 
869.824 1.25536e-06 
870.264 1.25732e-06 
870.703 1.25928e-06 
871.143 1.26125e-06 
871.582 1.26321e-06 
872.021 1.26518e-06 
872.461 1.26715e-06 
872.9 1.26912e-06 
873.34 1.27109e-06 
873.779 1.27306e-06 
874.219 1.27503e-06 
874.658 1.27701e-06 
875.098 1.27898e-06 
875.537 1.28096e-06 
875.977 1.28294e-06 
876.416 1.28492e-06 
876.855 1.2869e-06 
877.295 1.28889e-06 
877.734 1.29087e-06 
878.174 1.29286e-06 
878.613 1.29484e-06 
879.053 1.29683e-06 
879.492 1.29882e-06 
879.932 1.30082e-06 
880.371 1.30281e-06 
880.811 1.3048e-06 
881.25 1.3068e-06 
881.689 1.3088e-06 
882.129 1.3108e-06 
882.568 1.3128e-06 
883.008 1.3148e-06 
883.447 1.3168e-06 
883.887 1.31881e-06 
884.326 1.32082e-06 
884.766 1.32283e-06 
885.205 1.32484e-06 
885.645 1.32685e-06 
886.084 1.32887e-06 
886.523 1.33088e-06 
886.963 1.3329e-06 
887.402 1.33492e-06 
887.842 1.33694e-06 
888.281 1.33897e-06 
888.721 1.34099e-06 
889.16 1.34302e-06 
889.6 1.34505e-06 
890.039 1.34708e-06 
890.479 1.34911e-06 
890.918 1.35114e-06 
891.357 1.35318e-06 
891.797 1.35522e-06 
892.236 1.35726e-06 
892.676 1.3593e-06 
893.115 1.36134e-06 
893.555 1.36338e-06 
893.994 1.36543e-06 
894.434 1.36747e-06 
894.873 1.36952e-06 
895.312 1.37157e-06 
895.752 1.37362e-06 
896.191 1.37568e-06 
896.631 1.37773e-06 
897.07 1.37979e-06 
897.51 1.38185e-06 
897.949 1.3839e-06 
898.389 1.38597e-06 
898.828 1.38803e-06 
899.268 1.39009e-06 
899.707 1.39216e-06 
900.146 1.39423e-06 
900.586 1.3963e-06 
901.025 1.39837e-06 
901.465 1.40044e-06 
901.904 1.40251e-06 
902.344 1.40459e-06 
902.783 1.40667e-06 
903.223 1.40875e-06 
903.662 1.41083e-06 
904.102 1.41291e-06 
904.541 1.415e-06 
904.98 1.41708e-06 
905.42 1.41917e-06 
905.859 1.42126e-06 
906.299 1.42335e-06 
906.738 1.42544e-06 
907.178 1.42754e-06 
907.617 1.42963e-06 
908.057 1.43173e-06 
908.496 1.43383e-06 
908.936 1.43593e-06 
909.375 1.43803e-06 
909.814 1.44014e-06 
910.254 1.44224e-06 
910.693 1.44435e-06 
911.133 1.44646e-06 
911.572 1.44857e-06 
912.012 1.45068e-06 
912.451 1.45279e-06 
912.891 1.4549e-06 
913.33 1.45702e-06 
913.77 1.45914e-06 
914.209 1.46125e-06 
914.648 1.46338e-06 
915.088 1.4655e-06 
915.527 1.46762e-06 
915.967 1.46975e-06 
916.406 1.47187e-06 
916.846 1.474e-06 
917.285 1.47613e-06 
917.725 1.47827e-06 
918.164 1.4804e-06 
918.604 1.48254e-06 
919.043 1.48468e-06 
919.482 1.48682e-06 
919.922 1.48896e-06 
920.361 1.49111e-06 
920.801 1.49325e-06 
921.24 1.4954e-06 
921.68 1.49755e-06 
922.119 1.49971e-06 
922.559 1.50186e-06 
922.998 1.50402e-06 
923.438 1.50618e-06 
923.877 1.50835e-06 
924.316 1.51051e-06 
924.756 1.51268e-06 
925.195 1.51485e-06 
925.635 1.51702e-06 
926.074 1.51919e-06 
926.514 1.52137e-06 
926.953 1.52354e-06 
927.393 1.52572e-06 
927.832 1.5279e-06 
928.271 1.53008e-06 
928.711 1.53227e-06 
929.15 1.53446e-06 
929.59 1.53665e-06 
930.029 1.53884e-06 
930.469 1.54103e-06 
930.908 1.54323e-06 
931.348 1.54543e-06 
931.787 1.54763e-06 
932.227 1.54983e-06 
932.666 1.55203e-06 
933.105 1.55424e-06 
933.545 1.55645e-06 
933.984 1.55866e-06 
934.424 1.56088e-06 
934.863 1.5631e-06 
935.303 1.56532e-06 
935.742 1.56754e-06 
936.182 1.56977e-06 
936.621 1.572e-06 
937.061 1.57423e-06 
937.5 1.57647e-06 
937.939 1.5787e-06 
938.379 1.58094e-06 
938.818 1.58319e-06 
939.258 1.58543e-06 
939.697 1.58768e-06 
940.137 1.58994e-06 
940.576 1.59219e-06 
941.016 1.59445e-06 
941.455 1.59671e-06 
941.895 1.59897e-06 
942.334 1.60123e-06 
942.773 1.6035e-06 
943.213 1.60577e-06 
943.652 1.60804e-06 
944.092 1.61032e-06 
944.531 1.61259e-06 
944.971 1.61487e-06 
945.41 1.61715e-06 
945.85 1.61944e-06 
946.289 1.62172e-06 
946.729 1.62401e-06 
947.168 1.62631e-06 
947.607 1.6286e-06 
948.047 1.6309e-06 
948.486 1.6332e-06 
948.926 1.63551e-06 
949.365 1.63781e-06 
949.805 1.64012e-06 
950.244 1.64244e-06 
950.684 1.64476e-06 
951.123 1.64708e-06 
951.562 1.6494e-06 
952.002 1.65173e-06 
952.441 1.65407e-06 
952.881 1.6564e-06 
953.32 1.65874e-06 
953.76 1.66109e-06 
954.199 1.66343e-06 
954.639 1.66578e-06 
955.078 1.66814e-06 
955.518 1.6705e-06 
955.957 1.67286e-06 
956.396 1.67522e-06 
956.836 1.67759e-06 
957.275 1.67996e-06 
957.715 1.68233e-06 
958.154 1.68471e-06 
958.594 1.68709e-06 
959.033 1.68947e-06 
959.473 1.69186e-06 
959.912 1.69425e-06 
960.352 1.69664e-06 
960.791 1.69904e-06 
961.23 1.70144e-06 
961.67 1.70385e-06 
962.109 1.70625e-06 
962.549 1.70867e-06 
962.988 1.71108e-06 
963.428 1.7135e-06 
963.867 1.71593e-06 
964.307 1.71836e-06 
964.746 1.72079e-06 
965.186 1.72323e-06 
965.625 1.72567e-06 
966.064 1.72811e-06 
966.504 1.73056e-06 
966.943 1.73302e-06 
967.383 1.73548e-06 
967.822 1.73794e-06 
968.262 1.7404e-06 
968.701 1.74287e-06 
969.141 1.74535e-06 
969.58 1.74782e-06 
970.02 1.7503e-06 
970.459 1.75279e-06 
970.898 1.75528e-06 
971.338 1.75777e-06 
971.777 1.76026e-06 
972.217 1.76276e-06 
972.656 1.76526e-06 
973.096 1.76777e-06 
973.535 1.77028e-06 
973.975 1.77279e-06 
974.414 1.77532e-06 
974.854 1.77784e-06 
975.293 1.78037e-06 
975.732 1.7829e-06 
976.172 1.78544e-06 
976.611 1.78799e-06 
977.051 1.79054e-06 
977.49 1.7931e-06 
977.93 1.79566e-06 
978.369 1.79823e-06 
978.809 1.80081e-06 
979.248 1.80339e-06 
979.688 1.80597e-06 
980.127 1.80857e-06 
980.566 1.81116e-06 
981.006 1.81376e-06 
981.445 1.81637e-06 
981.885 1.81898e-06 
982.324 1.82159e-06 
982.764 1.82421e-06 
983.203 1.82684e-06 
983.643 1.82947e-06 
984.082 1.8321e-06 
984.521 1.83474e-06 
984.961 1.83738e-06 
985.4 1.84002e-06 
985.84 1.84268e-06 
986.279 1.84533e-06 
986.719 1.84799e-06 
987.158 1.85066e-06 
987.598 1.85334e-06 
988.037 1.85602e-06 
988.477 1.8587e-06 
988.916 1.8614e-06 
989.355 1.86409e-06 
989.795 1.8668e-06 
990.234 1.86951e-06 
990.674 1.87223e-06 
991.113 1.87495e-06 
991.553 1.87767e-06 
991.992 1.88041e-06 
992.432 1.88314e-06 
992.871 1.88588e-06 
993.311 1.88863e-06 
993.75 1.89137e-06 
994.189 1.89412e-06 
994.629 1.89687e-06 
995.068 1.89963e-06 
995.508 1.90239e-06 
995.947 1.90516e-06 
996.387 1.90794e-06 
996.826 1.91073e-06 
997.266 1.91352e-06 
997.705 1.91632e-06 
998.145 1.91912e-06 
998.584 1.92193e-06 
999.023 1.92475e-06 
999.463 1.92757e-06 
999.902 1.9304e-06 
1000.34 1.93324e-06 
1000.78 1.93608e-06 
1001.22 1.93892e-06 
1001.66 1.94178e-06 
1002.1 1.94464e-06 
1002.54 1.94751e-06 
1002.98 1.95038e-06 
1003.42 1.95326e-06 
1003.86 1.95615e-06 
1004.3 1.95904e-06 
1004.74 1.96194e-06 
1005.18 1.96484e-06 
1005.62 1.96775e-06 
1006.05 1.97067e-06 
1006.49 1.97359e-06 
1006.93 1.97652e-06 
1007.37 1.97946e-06 
1007.81 1.9824e-06 
1008.25 1.98535e-06 
1008.69 1.98831e-06 
1009.13 1.99127e-06 
1009.57 1.99424e-06 
1010.01 1.99721e-06 
1010.45 2.0002e-06 
1010.89 2.00319e-06 
1011.33 2.00619e-06 
1011.77 2.00919e-06 
1012.21 2.0122e-06 
1012.65 2.01522e-06 
1013.09 2.01824e-06 
1013.53 2.02128e-06 
1013.96 2.02432e-06 
1014.4 2.02736e-06 
1014.84 2.03042e-06 
1015.28 2.03348e-06 
1015.72 2.03655e-06 
1016.16 2.03962e-06 
1016.6 2.0427e-06 
1017.04 2.04579e-06 
1017.48 2.04889e-06 
1017.92 2.05199e-06 
1018.36 2.0551e-06 
1018.8 2.05822e-06 
1019.24 2.06134e-06 
1019.68 2.06447e-06 
1020.12 2.06761e-06 
1020.56 2.07075e-06 
1021 2.0739e-06 
1021.44 2.07705e-06 
1021.88 2.08021e-06 
1022.31 2.08338e-06 
1022.75 2.08655e-06 
1023.19 2.08972e-06 
1023.63 2.09291e-06 
1024.07 2.09609e-06 
1024.51 2.09929e-06 
1024.95 2.10249e-06 
1025.39 2.10569e-06 
1025.83 2.1089e-06 
1026.27 2.11212e-06 
1026.71 2.11534e-06 
1027.15 2.11858e-06 
1027.59 2.12181e-06 
1028.03 2.12506e-06 
1028.47 2.12832e-06 
1028.91 2.13159e-06 
1029.35 2.13487e-06 
1029.79 2.13816e-06 
1030.22 2.14147e-06 
1030.66 2.14478e-06 
1031.1 2.14811e-06 
1031.54 2.15145e-06 
1031.98 2.1548e-06 
1032.42 2.15817e-06 
1032.86 2.16155e-06 
1033.3 2.16494e-06 
1033.74 2.16836e-06 
1034.18 2.17179e-06 
1034.62 2.17524e-06 
1035.06 2.1787e-06 
1035.5 2.18219e-06 
1035.94 2.1857e-06 
1036.38 2.18924e-06 
1036.82 2.1928e-06 
1037.26 2.19638e-06 
1037.7 2.19998e-06 
1038.13 2.20361e-06 
1038.57 2.20725e-06 
1039.01 2.21092e-06 
1039.45 2.21462e-06 
1039.89 2.21834e-06 
1040.33 2.2221e-06 
1040.77 2.22588e-06 
1041.21 2.2297e-06 
1041.65 2.23356e-06 
1042.09 2.23747e-06 
1042.53 2.24142e-06 
1042.97 2.24542e-06 
1043.41 2.24946e-06 
1043.85 2.25354e-06 
1044.29 2.25767e-06 
1044.73 2.26185e-06 
1045.17 2.26607e-06 
1045.61 2.27032e-06 
1046.04 2.27461e-06 
1046.48 2.27894e-06 
1046.92 2.28331e-06 
1047.36 2.28772e-06 
1047.8 2.29216e-06 
1048.24 2.29664e-06 
1048.68 2.30115e-06 
1049.12 2.30569e-06 
1049.56 2.31026e-06 
1050 2.31485e-06 
1050.44 2.31947e-06 
1050.88 2.3241e-06 
1051.32 2.32876e-06 
1051.76 2.33344e-06 
1052.2 2.33813e-06 
1052.64 2.34285e-06 
1053.08 2.34759e-06 
1053.52 2.35234e-06 
1053.96 2.35711e-06 
1054.39 2.36189e-06 
1054.83 2.36666e-06 
1055.27 2.37142e-06 
1055.71 2.37616e-06 
1056.15 2.38087e-06 
1056.59 2.38552e-06 
1057.03 2.3901e-06 
1057.47 2.39458e-06 
1057.91 2.39891e-06 
1058.35 2.40307e-06 
1058.79 2.40703e-06 
1059.23 2.41078e-06 
1059.67 2.41433e-06 
1060.11 2.41769e-06 
1060.55 2.42091e-06 
1060.99 2.42403e-06 
1061.43 2.42705e-06 
1061.87 2.4299e-06 
1062.3 2.43247e-06 
1062.74 2.43455e-06 
1063.18 2.43592e-06 
1063.62 2.43638e-06 
1064.06 2.43581e-06 
1064.5 2.43428e-06 
1064.94 2.43212e-06 
1065.38 2.42982e-06 
1065.82 2.42791e-06 
1066.26 2.42694e-06 
1066.7 2.42721e-06 
1067.14 2.42872e-06 
1067.58 2.43123e-06 
1068.02 2.43424e-06 
1068.46 2.43709e-06 
1068.9 2.43912e-06 
1069.34 2.43984e-06 
1069.78 2.43894e-06 
1070.21 2.43641e-06 
1070.65 2.43243e-06 
1071.09 2.42732e-06 
1071.53 2.42149e-06 
1071.97 2.41531e-06 
1072.41 2.40911e-06 
1072.85 2.40319e-06 
1073.29 2.39769e-06 
1073.73 2.39265e-06 
1074.17 2.388e-06 
1074.61 2.38366e-06 
1075.05 2.37958e-06 
1075.49 2.37572e-06 
1075.93 2.37209e-06 
1076.37 2.36876e-06 
1076.81 2.36589e-06 
1077.25 2.3638e-06 
1077.69 2.36291e-06 
1078.12 2.36364e-06 
1078.56 2.36637e-06 
1079 2.37129e-06 
1079.44 2.37843e-06 
1079.88 2.38734e-06 
1080.32 2.39695e-06 
1080.76 2.40597e-06 
1081.2 2.41334e-06 
1081.64 2.41858e-06 
1082.08 2.42177e-06 
1082.52 2.42331e-06 
1082.96 2.42364e-06 
1083.4 2.42311e-06 
1083.84 2.42189e-06 
1084.28 2.42018e-06 
1084.72 2.41843e-06 
1085.16 2.41729e-06 
1085.6 2.41749e-06 
1086.04 2.42002e-06 
1086.47 2.42657e-06 
1086.91 2.44051e-06 
1087.35 2.46768e-06 
1087.79 2.51555e-06 
1088.23 2.58813e-06 
1088.67 2.67396e-06 
1089.11 2.7486e-06 
1089.55 2.79417e-06 
1089.99 2.80808e-06 
1090.43 2.80173e-06 
1090.87 2.79629e-06 
1091.31 2.81784e-06 
1091.75 2.893e-06 
1092.19 3.05504e-06 
1092.63 3.36331e-06 
1093.07 3.94853e-06 
1093.51 5.12139e-06 
1093.95 7.44655e-06 
1094.38 1.0268e-05 
1094.82 1.02878e-05 
1095.26 7.35051e-06 
1095.7 5.01614e-06 
1096.14 3.84453e-06 
1096.58 3.24888e-06 
1097.02 2.91814e-06 
1097.46 2.71902e-06 
1097.9 2.59123e-06 
1098.34 2.50508e-06 
1098.78 2.44474e-06 
1099.22 2.4012e-06 
1099.66 2.36907e-06 
1100.1 2.34493e-06 
1100.54 2.32657e-06 
1100.98 2.31249e-06 
1101.42 2.30165e-06 
1101.86 2.29331e-06 
1102.29 2.28691e-06 
1102.73 2.28207e-06 
1103.17 2.27847e-06 
1103.61 2.27589e-06 
1104.05 2.27416e-06 
1104.49 2.27312e-06 
1104.93 2.27266e-06 
1105.37 2.2727e-06 
1105.81 2.27316e-06 
1106.25 2.27398e-06 
1106.69 2.27511e-06 
1107.13 2.27651e-06 
1107.57 2.27815e-06 
1108.01 2.28e-06 
1108.45 2.28204e-06 
1108.89 2.28423e-06 
1109.33 2.28658e-06 
1109.77 2.28906e-06 
1110.21 2.29166e-06 
1110.64 2.29437e-06 
1111.08 2.29717e-06 
1111.52 2.30008e-06 
1111.96 2.30306e-06 
1112.4 2.30613e-06 
1112.84 2.30926e-06 
1113.28 2.31247e-06 
1113.72 2.31575e-06 
1114.16 2.31908e-06 
1114.6 2.32247e-06 
1115.04 2.32591e-06 
1115.48 2.32942e-06 
1115.92 2.33297e-06 
1116.36 2.33658e-06 
1116.8 2.34025e-06 
1117.24 2.34396e-06 
1117.68 2.34773e-06 
1118.12 2.35155e-06 
1118.55 2.35542e-06 
1118.99 2.35933e-06 
1119.43 2.36329e-06 
1119.87 2.3673e-06 
1120.31 2.37135e-06 
1120.75 2.37546e-06 
1121.19 2.37961e-06 
1121.63 2.38383e-06 
1122.07 2.3881e-06 
1122.51 2.39243e-06 
1122.95 2.39683e-06 
1123.39 2.4013e-06 
1123.83 2.40584e-06 
1124.27 2.41046e-06 
1124.71 2.41514e-06 
1125.15 2.41991e-06 
1125.59 2.42474e-06 
1126.03 2.42964e-06 
1126.46 2.43461e-06 
1126.9 2.43967e-06 
1127.34 2.44479e-06 
1127.78 2.44999e-06 
1128.22 2.45526e-06 
1128.66 2.46062e-06 
1129.1 2.46607e-06 
1129.54 2.4716e-06 
1129.98 2.47721e-06 
1130.42 2.4829e-06 
1130.86 2.48867e-06 
1131.3 2.49451e-06 
1131.74 2.50042e-06 
1132.18 2.50641e-06 
1132.62 2.51246e-06 
1133.06 2.5186e-06 
1133.5 2.52482e-06 
1133.94 2.53113e-06 
1134.38 2.53753e-06 
1134.81 2.54404e-06 
1135.25 2.55065e-06 
1135.69 2.55736e-06 
1136.13 2.56416e-06 
1136.57 2.57104e-06 
1137.01 2.57798e-06 
1137.45 2.58498e-06 
1137.89 2.59201e-06 
1138.33 2.59904e-06 
1138.77 2.60603e-06 
1139.21 2.61294e-06 
1139.65 2.61974e-06 
1140.09 2.62639e-06 
1140.53 2.63287e-06 
1140.97 2.63919e-06 
1141.41 2.64535e-06 
1141.85 2.65141e-06 
1142.29 2.65739e-06 
1142.72 2.66331e-06 
1143.16 2.66911e-06 
1143.6 2.67466e-06 
1144.04 2.67975e-06 
1144.48 2.68412e-06 
1144.92 2.68755e-06 
1145.36 2.68986e-06 
1145.8 2.69108e-06 
1146.24 2.69153e-06 
1146.68 2.6917e-06 
1147.12 2.69221e-06 
1147.56 2.69364e-06 
1148 2.69642e-06 
1148.44 2.7006e-06 
1148.88 2.70594e-06 
1149.32 2.7119e-06 
1149.76 2.71771e-06 
1150.2 2.72258e-06 
1150.63 2.72583e-06 
1151.07 2.72695e-06 
1151.51 2.7258e-06 
1151.95 2.72248e-06 
1152.39 2.71729e-06 
1152.83 2.71068e-06 
1153.27 2.70314e-06 
1153.71 2.69515e-06 
1154.15 2.68713e-06 
1154.59 2.6793e-06 
1155.03 2.67161e-06 
1155.47 2.66372e-06 
1155.91 2.65513e-06 
1156.35 2.64524e-06 
1156.79 2.63358e-06 
1157.23 2.61985e-06 
1157.67 2.60423e-06 
1158.11 2.58759e-06 
1158.54 2.5713e-06 
1158.98 2.55705e-06 
1159.42 2.54655e-06 
1159.86 2.541e-06 
1160.3 2.54072e-06 
1160.74 2.5453e-06 
1161.18 2.55329e-06 
1161.62 2.56214e-06 
1162.06 2.5689e-06 
1162.5 2.57107e-06 
1162.94 2.56722e-06 
1163.38 2.55719e-06 
1163.82 2.54181e-06 
1164.26 2.52227e-06 
1164.7 2.49993e-06 
1165.14 2.47589e-06 
1165.58 2.45114e-06 
1166.02 2.4268e-06 
1166.46 2.40396e-06 
1166.89 2.38352e-06 
1167.33 2.36634e-06 
1167.77 2.35389e-06 
1168.21 2.34926e-06 
1168.65 2.35837e-06 
1169.09 2.38951e-06 
1169.53 2.44929e-06 
1169.97 2.53053e-06 
1170.41 2.60743e-06 
1170.85 2.65739e-06 
1171.29 2.6743e-06 
1171.73 2.66895e-06 
1172.17 2.6638e-06 
1172.61 2.68834e-06 
1173.05 2.77224e-06 
1173.49 2.94882e-06 
1173.93 3.27468e-06 
1174.37 3.87404e-06 
1174.8 5.04476e-06 
1175.24 7.3989e-06 
1175.68 1.08451e-05 
1176.12 1.20437e-05 
1176.56 8.90921e-06 
1177 5.76087e-06 
1177.44 4.13521e-06 
1177.88 3.31532e-06 
1178.32 2.86388e-06 
1178.76 2.59447e-06 
1179.2 2.42556e-06 
1179.64 2.32022e-06 
1180.08 2.26438e-06 
1180.52 2.25879e-06 
1180.96 2.3132e-06 
1181.4 2.43386e-06 
1181.84 2.59685e-06 
1182.28 2.74483e-06 
1182.71 2.83367e-06 
1183.15 2.85368e-06 
1183.59 2.82844e-06 
1184.03 2.8042e-06 
1184.47 2.84051e-06 
1184.91 2.99885e-06 
1185.35 3.35492e-06 
1185.79 4.04172e-06 
1186.23 5.34927e-06 
1186.67 7.96317e-06 
1187.11 1.31733e-05 
1187.55 2.00348e-05 
1187.99 2.11733e-05 
1188.43 1.413e-05 
1188.87 8.27924e-06 
1189.31 5.34243e-06 
1189.75 3.85331e-06 
1190.19 3.02703e-06 
1190.62 2.52847e-06 
1191.06 2.2067e-06 
1191.5 1.9877e-06 
1191.94 1.83223e-06 
1192.38 1.71801e-06 
1192.82 1.63172e-06 
1193.26 1.56501e-06 
1193.7 1.51241e-06 
1194.14 1.47024e-06 
1194.58 1.43597e-06 
1195.02 1.40776e-06 
1195.46 1.38431e-06 
1195.9 1.36463e-06 
1196.34 1.34799e-06 
1196.78 1.33382e-06 
1197.22 1.32168e-06 
1197.66 1.31124e-06 
1198.1 1.30221e-06 
1198.54 1.29437e-06 
1198.97 1.28756e-06 
1199.41 1.28161e-06 
1199.85 1.27643e-06 
1200.29 1.27189e-06 
1200.73 1.26792e-06 
1201.17 1.26445e-06 
1201.61 1.26142e-06 
1202.05 1.25878e-06 
1202.49 1.25649e-06 
1202.93 1.2545e-06 
1203.37 1.25279e-06 
1203.81 1.25132e-06 
1204.25 1.25007e-06 
1204.69 1.24903e-06 
1205.13 1.24816e-06 
1205.57 1.24746e-06 
1206.01 1.24691e-06 
1206.45 1.24649e-06 
1206.88 1.2462e-06 
1207.32 1.24603e-06 
1207.76 1.24596e-06 
1208.2 1.24599e-06 
1208.64 1.24611e-06 
1209.08 1.24631e-06 
1209.52 1.24659e-06 
1209.96 1.24695e-06 
1210.4 1.24737e-06 
1210.84 1.24786e-06 
1211.28 1.24841e-06 
1211.72 1.24902e-06 
1212.16 1.24969e-06 
1212.6 1.2504e-06 
1213.04 1.25116e-06 
1213.48 1.25197e-06 
1213.92 1.25282e-06 
1214.36 1.25372e-06 
1214.79 1.25465e-06 
1215.23 1.25561e-06 
1215.67 1.25661e-06 
1216.11 1.25765e-06 
1216.55 1.25871e-06 
1216.99 1.25979e-06 
1217.43 1.26091e-06 
1217.87 1.26204e-06 
1218.31 1.2632e-06 
1218.75 1.26439e-06 
1219.19 1.26559e-06 
1219.63 1.26681e-06 
1220.07 1.26806e-06 
1220.51 1.26932e-06 
1220.95 1.2706e-06 
1221.39 1.2719e-06 
1221.83 1.27322e-06 
1222.27 1.27456e-06 
1222.71 1.27592e-06 
1223.14 1.2773e-06 
1223.58 1.2787e-06 
1224.02 1.28012e-06 
1224.46 1.28155e-06 
1224.9 1.283e-06 
1225.34 1.28447e-06 
1225.78 1.28596e-06 
1226.22 1.28746e-06 
1226.66 1.28898e-06 
1227.1 1.29051e-06 
1227.54 1.29205e-06 
1227.98 1.2936e-06 
1228.42 1.29516e-06 
1228.86 1.29672e-06 
1229.3 1.2983e-06 
1229.74 1.29988e-06 
1230.18 1.30147e-06 
1230.62 1.30307e-06 
1231.05 1.30468e-06 
1231.49 1.30631e-06 
1231.93 1.30794e-06 
1232.37 1.3096e-06 
1232.81 1.31126e-06 
1233.25 1.31294e-06 
1233.69 1.31462e-06 
1234.13 1.31632e-06 
1234.57 1.31803e-06 
1235.01 1.31975e-06 
1235.45 1.32148e-06 
1235.89 1.32322e-06 
1236.33 1.32497e-06 
1236.77 1.32674e-06 
1237.21 1.32851e-06 
1237.65 1.3303e-06 
1238.09 1.33209e-06 
1238.53 1.3339e-06 
1238.96 1.33571e-06 
1239.4 1.33754e-06 
1239.84 1.33937e-06 
1240.28 1.34122e-06 
1240.72 1.34308e-06 
1241.16 1.34494e-06 
1241.6 1.34682e-06 
1242.04 1.34871e-06 
1242.48 1.35061e-06 
1242.92 1.35252e-06 
1243.36 1.35444e-06 
1243.8 1.35638e-06 
1244.24 1.35832e-06 
1244.68 1.36028e-06 
1245.12 1.36224e-06 
1245.56 1.36422e-06 
1246 1.3662e-06 
1246.44 1.3682e-06 
1246.88 1.37021e-06 
1247.31 1.37223e-06 
1247.75 1.37426e-06 
1248.19 1.3763e-06 
1248.63 1.37835e-06 
1249.07 1.38041e-06 
1249.51 1.38249e-06 
1249.95 1.38457e-06 
1250.39 1.38665e-06 
1250.83 1.38875e-06 
1251.27 1.39086e-06 
1251.71 1.39297e-06 
1252.15 1.3951e-06 
1252.59 1.39723e-06 
1253.03 1.39937e-06 
1253.47 1.40152e-06 
1253.91 1.40368e-06 
1254.35 1.40585e-06 
1254.79 1.40803e-06 
1255.22 1.41021e-06 
1255.66 1.4124e-06 
1256.1 1.4146e-06 
1256.54 1.41681e-06 
1256.98 1.41903e-06 
1257.42 1.42126e-06 
1257.86 1.4235e-06 
1258.3 1.42574e-06 
1258.74 1.42798e-06 
1259.18 1.43024e-06 
1259.62 1.43251e-06 
1260.06 1.43478e-06 
1260.5 1.43705e-06 
1260.94 1.43934e-06 
1261.38 1.44163e-06 
1261.82 1.44393e-06 
1262.26 1.44625e-06 
1262.7 1.44857e-06 
1263.13 1.45091e-06 
1263.57 1.45325e-06 
1264.01 1.45562e-06 
1264.45 1.458e-06 
1264.89 1.4604e-06 
1265.33 1.46282e-06 
1265.77 1.46526e-06 
1266.21 1.46772e-06 
1266.65 1.4702e-06 
1267.09 1.47271e-06 
1267.53 1.47524e-06 
1267.97 1.4778e-06 
1268.41 1.48039e-06 
1268.85 1.48301e-06 
1269.29 1.48567e-06 
1269.73 1.48837e-06 
1270.17 1.49111e-06 
1270.61 1.49391e-06 
1271.04 1.49675e-06 
1271.48 1.49964e-06 
1271.92 1.50259e-06 
1272.36 1.5056e-06 
1272.8 1.50867e-06 
1273.24 1.51179e-06 
1273.68 1.51498e-06 
1274.12 1.51823e-06 
1274.56 1.52154e-06 
1275 1.52493e-06 
1275.44 1.52838e-06 
1275.88 1.53193e-06 
1276.32 1.53556e-06 
1276.76 1.53929e-06 
1277.2 1.54312e-06 
1277.64 1.54707e-06 
1278.08 1.55112e-06 
1278.52 1.55529e-06 
1278.96 1.55959e-06 
1279.39 1.56399e-06 
1279.83 1.56851e-06 
1280.27 1.57313e-06 
1280.71 1.57787e-06 
1281.15 1.5827e-06 
1281.59 1.58764e-06 
1282.03 1.59267e-06 
1282.47 1.59779e-06 
1282.91 1.603e-06 
1283.35 1.60831e-06 
1283.79 1.6137e-06 
1284.23 1.61917e-06 
1284.67 1.62472e-06 
1285.11 1.63033e-06 
1285.55 1.63601e-06 
1285.99 1.64175e-06 
1286.43 1.64755e-06 
1286.87 1.6534e-06 
1287.3 1.6593e-06 
1287.74 1.66524e-06 
1288.18 1.67123e-06 
1288.62 1.67726e-06 
1289.06 1.68332e-06 
1289.5 1.68939e-06 
1289.94 1.69545e-06 
1290.38 1.70147e-06 
1290.82 1.70743e-06 
1291.26 1.71328e-06 
1291.7 1.71896e-06 
1292.14 1.72443e-06 
1292.58 1.7296e-06 
1293.02 1.73442e-06 
1293.46 1.73881e-06 
1293.9 1.74273e-06 
1294.34 1.74613e-06 
1294.78 1.749e-06 
1295.21 1.75137e-06 
1295.65 1.75322e-06 
1296.09 1.75454e-06 
1296.53 1.75526e-06 
1296.97 1.75523e-06 
1297.41 1.75421e-06 
1297.85 1.75193e-06 
1298.29 1.74803e-06 
1298.73 1.74228e-06 
1299.17 1.73464e-06 
1299.61 1.72525e-06 
1300.05 1.71447e-06 
1300.49 1.70285e-06 
1300.93 1.69123e-06 
1301.37 1.68039e-06 
1301.81 1.67102e-06 
1302.25 1.66355e-06 
1302.69 1.65805e-06 
1303.12 1.65395e-06 
1303.56 1.65041e-06 
1304 1.64634e-06 
1304.44 1.6406e-06 
1304.88 1.63217e-06 
1305.32 1.62037e-06 
1305.76 1.60494e-06 
1306.2 1.58605e-06 
1306.64 1.56431e-06 
1307.08 1.54049e-06 
1307.52 1.51553e-06 
1307.96 1.49016e-06 
1308.4 1.46494e-06 
1308.84 1.44033e-06 
1309.28 1.41667e-06 
1309.72 1.39406e-06 
1310.16 1.37248e-06 
1310.6 1.35183e-06 
1311.04 1.33213e-06 
1311.47 1.31367e-06 
1311.91 1.29693e-06 
1312.35 1.28247e-06 
1312.79 1.27093e-06 
1313.23 1.26298e-06 
1313.67 1.25942e-06 
1314.11 1.26063e-06 
1314.55 1.26615e-06 
1314.99 1.27495e-06 
1315.43 1.28586e-06 
1315.87 1.29802e-06 
1316.31 1.3099e-06 
1316.75 1.31984e-06 
1317.19 1.32607e-06 
1317.63 1.32771e-06 
1318.07 1.32461e-06 
1318.51 1.31756e-06 
1318.95 1.30782e-06 
1319.38 1.2969e-06 
1319.82 1.28611e-06 
1320.26 1.27674e-06 
1320.7 1.27117e-06 
1321.14 1.27387e-06 
1321.58 1.29246e-06 
1322.02 1.33714e-06 
1322.46 1.41678e-06 
1322.9 1.52709e-06 
1323.34 1.64626e-06 
1323.78 1.76278e-06 
1324.22 1.88268e-06 
1324.66 2.01571e-06 
1325.1 2.14722e-06 
1325.54 2.26624e-06 
1325.98 2.3854e-06 
1326.42 2.55137e-06 
1326.86 2.85614e-06 
1327.29 3.4776e-06 
1327.73 4.77705e-06 
1328.17 7.43178e-06 
1328.61 1.148e-05 
1329.05 1.34027e-05 
1329.49 1.11455e-05 
1329.93 1.10458e-05 
1330.37 1.47008e-05 
1330.81 1.78958e-05 
1331.25 1.34687e-05 
1331.69 7.68992e-06 
1332.13 4.59792e-06 
1332.57 3.04e-06 
1333.01 2.18426e-06 
1333.45 1.67048e-06 
1333.89 1.33902e-06 
1334.33 1.11279e-06 
1334.77 9.51403e-07 
1335.21 8.32116e-07 
1335.64 7.41373e-07 
1336.08 6.7068e-07 
1336.52 6.14494e-07 
1336.96 5.69074e-07 
1337.4 5.31818e-07 
1337.84 5.0087e-07 
1338.28 4.74874e-07 
1338.72 4.52825e-07 
1339.16 4.33962e-07 
1339.6 4.17697e-07 
1340.04 4.03577e-07 
1340.48 3.91242e-07 
1340.92 3.80405e-07 
1341.36 3.70836e-07 
1341.8 3.62346e-07 
1342.24 3.54783e-07 
1342.68 3.48018e-07 
1343.12 3.41947e-07 
1343.55 3.36482e-07 
1343.99 3.31547e-07 
1344.43 3.27079e-07 
1344.87 3.23025e-07 
1345.31 3.19336e-07 
1345.75 3.15975e-07 
1346.19 3.12905e-07 
1346.63 3.10097e-07 
1347.07 3.07525e-07 
1347.51 3.05165e-07 
1347.95 3.02998e-07 
1348.39 3.01004e-07 
1348.83 2.9917e-07 
1349.27 2.9748e-07 
1349.71 2.95921e-07 
1350.15 2.94484e-07 
1350.59 2.93157e-07 
1351.03 2.91932e-07 
1351.46 2.90801e-07 
1351.9 2.89757e-07 
1352.34 2.88793e-07 
1352.78 2.87902e-07 
1353.22 2.87081e-07 
1353.66 2.86324e-07 
1354.1 2.85627e-07 
1354.54 2.84986e-07 
1354.98 2.84398e-07 
1355.42 2.83858e-07 
1355.86 2.83365e-07 
1356.3 2.82916e-07 
1356.74 2.82507e-07 
1357.18 2.82137e-07 
1357.62 2.81803e-07 
1358.06 2.81504e-07 
1358.5 2.81237e-07 
1358.94 2.81001e-07 
1359.38 2.80793e-07 
1359.81 2.80612e-07 
1360.25 2.80457e-07 
1360.69 2.80326e-07 
1361.13 2.80217e-07 
1361.57 2.80129e-07 
1362.01 2.80061e-07 
1362.45 2.80011e-07 
1362.89 2.7998e-07 
1363.33 2.79966e-07 
1363.77 2.79969e-07 
1364.21 2.79989e-07 
1364.65 2.80026e-07 
1365.09 2.80078e-07 
1365.53 2.80145e-07 
1365.97 2.80226e-07 
1366.41 2.80321e-07 
1366.85 2.80429e-07 
1367.29 2.80548e-07 
1367.72 2.8068e-07 
1368.16 2.80823e-07 
1368.6 2.80978e-07 
1369.04 2.81143e-07 
1369.48 2.81319e-07 
1369.92 2.81505e-07 
1370.36 2.817e-07 
1370.8 2.81905e-07 
1371.24 2.82119e-07 
1371.68 2.82342e-07 
1372.12 2.82574e-07 
1372.56 2.82813e-07 
1373 2.83061e-07 
1373.44 2.83317e-07 
1373.88 2.8358e-07 
1374.32 2.83851e-07 
1374.76 2.84129e-07 
1375.2 2.84415e-07 
1375.63 2.84707e-07 
1376.07 2.85007e-07 
1376.51 2.85314e-07 
1376.95 2.85629e-07 
1377.39 2.85951e-07 
1377.83 2.86279e-07 
1378.27 2.86614e-07 
1378.71 2.86957e-07 
1379.15 2.87306e-07 
1379.59 2.87662e-07 
1380.03 2.88025e-07 
1380.47 2.88394e-07 
1380.91 2.88769e-07 
1381.35 2.89152e-07 
1381.79 2.89541e-07 
1382.23 2.89937e-07 
1382.67 2.9034e-07 
1383.11 2.9075e-07 
1383.54 2.91167e-07 
1383.98 2.91592e-07 
1384.42 2.92025e-07 
1384.86 2.92465e-07 
1385.3 2.92912e-07 
1385.74 2.93367e-07 
1386.18 2.93829e-07 
1386.62 2.94298e-07 
1387.06 2.94775e-07 
1387.5 2.95259e-07 
1387.94 2.95751e-07 
1388.38 2.96251e-07 
1388.82 2.96759e-07 
1389.26 2.97277e-07 
1389.7 2.97804e-07 
1390.14 2.98341e-07 
1390.58 2.98888e-07 
1391.02 2.99446e-07 
1391.46 3.00015e-07 
1391.89 3.00594e-07 
1392.33 3.01183e-07 
1392.77 3.01781e-07 
1393.21 3.02389e-07 
1393.65 3.03006e-07 
1394.09 3.03631e-07 
1394.53 3.04265e-07 
1394.97 3.04908e-07 
1395.41 3.0556e-07 
1395.85 3.06221e-07 
1396.29 3.06891e-07 
1396.73 3.07569e-07 
1397.17 3.08257e-07 
1397.61 3.08954e-07 
1398.05 3.09659e-07 
1398.49 3.10371e-07 
1398.93 3.11091e-07 
1399.37 3.11819e-07 
1399.8 3.12555e-07 
1400.24 3.13299e-07 
1400.68 3.14052e-07 
1401.12 3.14814e-07 
1401.56 3.15584e-07 
1402 3.16361e-07 
1402.44 3.17148e-07 
1402.88 3.17941e-07 
1403.32 3.1874e-07 
1403.76 3.19544e-07 
1404.2 3.20351e-07 
1404.64 3.21159e-07 
1405.08 3.21963e-07 
1405.52 3.2276e-07 
1405.96 3.23543e-07 
1406.4 3.24304e-07 
1406.84 3.2504e-07 
1407.28 3.25745e-07 
1407.71 3.26421e-07 
1408.15 3.27072e-07 
1408.59 3.27706e-07 
1409.03 3.28331e-07 
1409.47 3.28953e-07 
1409.91 3.29566e-07 
1410.35 3.30152e-07 
1410.79 3.30679e-07 
1411.23 3.31107e-07 
1411.67 3.31392e-07 
1412.11 3.31506e-07 
1412.55 3.31442e-07 
1412.99 3.31252e-07 
1413.43 3.31016e-07 
1413.87 3.30837e-07 
1414.31 3.3082e-07 
1414.75 3.31047e-07 
1415.19 3.31533e-07 
1415.62 3.32251e-07 
1416.06 3.33118e-07 
1416.5 3.34015e-07 
1416.94 3.34809e-07 
1417.38 3.35392e-07 
1417.82 3.35689e-07 
1418.26 3.35677e-07 
1418.7 3.35383e-07 
1419.14 3.34856e-07 
1419.58 3.34173e-07 
1420.02 3.33407e-07 
1420.46 3.32624e-07 
1420.9 3.31881e-07 
1421.34 3.31221e-07 
1421.78 3.30653e-07 
1422.22 3.30168e-07 
1422.66 3.29745e-07 
1423.1 3.29369e-07 
1423.54 3.29028e-07 
1423.97 3.2872e-07 
1424.41 3.28443e-07 
1424.85 3.2821e-07 
1425.29 3.28061e-07 
1425.73 3.28062e-07 
1426.17 3.28281e-07 
1426.61 3.2878e-07 
1427.05 3.29594e-07 
1427.49 3.30737e-07 
1427.93 3.32175e-07 
1428.37 3.33734e-07 
1428.81 3.35182e-07 
1429.25 3.36285e-07 
1429.69 3.36918e-07 
1430.13 3.37033e-07 
1430.57 3.36663e-07 
1431.01 3.35818e-07 
1431.45 3.34501e-07 
1431.88 3.32667e-07 
1432.32 3.30307e-07 
1432.76 3.27507e-07 
1433.2 3.24447e-07 
1433.64 3.21441e-07 
1434.08 3.18863e-07 
1434.52 3.17157e-07 
1434.96 3.16975e-07 
1435.4 3.19354e-07 
1435.84 3.25614e-07 
1436.28 3.36968e-07 
1436.72 3.52629e-07 
1437.16 3.67588e-07 
1437.6 3.77273e-07 
1438.04 3.79939e-07 
1438.48 3.76989e-07 
1438.92 3.7193e-07 
1439.36 3.69901e-07 
1439.79 3.76147e-07 
1440.23 3.96507e-07 
1440.67 4.401e-07 
1441.11 5.25628e-07 
1441.55 6.96425e-07 
1441.99 1.05036e-06 
1442.43 1.68286e-06 
1442.87 2.06102e-06 
1443.31 1.45181e-06 
1443.75 8.73716e-07 
1444.19 5.82125e-07 
1444.63 4.34961e-07 
1445.07 3.53322e-07 
1445.51 3.03838e-07 
1445.95 2.71782e-07 
1446.39 2.50134e-07 
1446.83 2.35284e-07 
1447.27 2.25247e-07 
1447.71 2.18719e-07 
1448.14 2.1476e-07 
1448.58 2.12617e-07 
1449.02 2.11523e-07 
1449.46 2.10778e-07 
1449.9 2.09824e-07 
1450.34 2.08364e-07 
1450.78 2.06311e-07 
1451.22 2.03772e-07 
1451.66 2.00857e-07 
1452.1 1.97737e-07 
1452.54 1.94553e-07 
1452.98 1.91436e-07 
1453.42 1.88617e-07 
1453.86 1.86466e-07 
1454.3 1.85582e-07 
1454.74 1.86956e-07 
1455.18 1.92134e-07 
1455.62 2.03118e-07 
1456.05 2.21505e-07 
1456.49 2.46017e-07 
1456.93 2.75296e-07 
1457.37 3.07357e-07 
1457.81 3.34954e-07 
1458.25 3.52571e-07 
1458.69 3.60883e-07 
1459.13 3.66418e-07 
1459.57 3.7959e-07 
1460.01 4.15992e-07 
1460.45 4.98229e-07 
1460.89 6.67008e-07 
1461.33 1.00984e-06 
1461.77 1.65765e-06 
1462.21 2.35703e-06 
1462.65 2.5004e-06 
1463.09 3.06601e-06 
1463.53 3.6286e-06 
1463.96 2.53358e-06 
1464.4 1.40576e-06 
1464.84 8.25965e-07 
1465.28 5.32732e-07 
1465.72 3.70477e-07 
1466.16 2.72604e-07 
1466.6 2.09309e-07 
1467.04 1.6608e-07 
1467.48 1.35246e-07 
1467.92 1.12471e-07 
1468.36 9.51586e-08 
1468.8 8.16813e-08 
1469.24 7.09747e-08 
1469.68 6.23216e-08 
1470.12 5.52225e-08 
1470.56 4.93221e-08 
1471 4.43614e-08 
1471.44 4.01479e-08 
1471.88 3.65363e-08 
1472.31 3.3415e-08 
1472.75 3.06971e-08 
1473.19 2.83144e-08 
1473.63 2.62127e-08 
1474.07 2.43483e-08 
1474.51 2.26859e-08 
1474.95 2.11966e-08 
1475.39 1.98569e-08 
1475.83 1.86468e-08 
1476.27 1.75498e-08 
1476.71 1.6552e-08 
1477.15 1.56414e-08 
1477.59 1.4808e-08 
1478.03 1.40431e-08 
1478.47 1.33391e-08 
1478.91 1.26895e-08 
1479.35 1.20886e-08 
1479.79 1.15316e-08 
1480.22 1.10141e-08 
1480.66 1.05325e-08 
1481.1 1.00833e-08 
1481.54 9.66368e-09 
1481.98 9.27104e-09 
1482.42 8.90309e-09 
1482.86 8.55767e-09 
1483.3 8.23287e-09 
1483.74 7.92688e-09 
1484.18 7.638e-09 
1484.62 7.36481e-09 
1485.06 7.10566e-09 
1485.5 6.85941e-09 
1485.94 6.62497e-09 
1486.38 6.40179e-09 
1486.82 6.18922e-09 
1487.26 5.98691e-09 
1487.7 5.79426e-09 
1488.13 5.61083e-09 
1488.57 5.43606e-09 
1489.01 5.26946e-09 
1489.45 5.11069e-09 
1489.89 4.95939e-09 
1490.33 4.81521e-09 
1490.77 4.67773e-09 
1491.21 4.5466e-09 
1491.65 4.42153e-09 
1492.09 4.30226e-09 
1492.53 4.18856e-09 
1492.97 4.07854e-09 
1493.41 3.97113e-09 
1493.85 3.85602e-09 
1494.29 3.73524e-09 
1494.73 3.61277e-09 
1495.17 3.49556e-09 
1495.61 3.38688e-09 
1496.04 3.29075e-09 
1496.48 3.20576e-09 
1496.92 3.12949e-09 
1497.36 3.05904e-09 
1497.8 2.99293e-09 
1498.24 2.92897e-09 
1498.68 2.86747e-09 
1499.12 2.80915e-09 
1499.56 2.75488e-09 
