5.155594933343206343e-02
3.630864115202190878e-01
1.813691071895893181e+00
3.817286200060977297e+00
4.784756014769109278e+00
5.038823528420197206e+00
5.121598611416233737e+00
5.132980763180573724e+00
4.888194764835541939e+00
4.437551976702834189e+00
4.016993240977922319e+00
3.816816432719221996e+00
2.922925558061732154e+00
3.368617964159053901e+00
4.532040525389797736e+00
5.172161370215917486e+00
4.874133855441479923e+00
4.240296526547187028e+00
4.045661680799486071e+00
4.443632948339530486e+00
4.966365040076736292e+00
5.095430898786381668e+00
4.703047282541226615e+00
4.134961516047980901e+00
3.885136581052976990e+00
4.117338819359837920e+00
4.594317702704795003e+00
5.014853449035916455e+00
5.278141775117851431e+00
5.393049306597035297e+00
5.274688843190792120e+00
4.793731307412411269e+00
4.040954744675540056e+00
3.424022271744786128e+00
3.381900831246949846e+00
3.964527138051447519e+00
4.734616191532483143e+00
5.142982465065880859e+00
5.015928980729810860e+00
4.649853428390290588e+00
4.428794225873065038e+00
4.411375561047347738e+00
4.360373313858262101e+00
4.159096383511929673e+00
4.080025089242144354e+00
4.518880587083524247e+00
5.444060184633454647e+00
6.212621573822568521e+00
6.071217033249122430e+00
4.909903567645331535e+00
3.487955243597832045e+00
2.830221273952700400e+00
3.335114502706590045e+00
4.454561221194104803e+00
5.246611033646107813e+00
5.235951473544470325e+00
4.743884787459101915e+00
4.432002585523889593e+00
4.603737626755763479e+00
4.986163712262173142e+00
5.132139143848259089e+00
4.917823734683805625e+00
4.583928266589256673e+00
4.355549298239887790e+00
4.167430233611760571e+00
3.852658533543039887e+00
3.541719265712955700e+00
3.707008143326619987e+00
4.675559340934289487e+00
6.098833857611786868e+00
7.031362737884221836e+00
6.681233281975931249e+00
5.156265300131358309e+00
3.454670556990677266e+00
2.664086129506694878e+00
3.110896323351135084e+00
4.232371820486335423e+00
5.205086826494524921e+00
5.639896319833006544e+00
5.687825250751715522e+00
5.600024300798466470e+00
5.353196374100346766e+00
4.782928045069936296e+00
4.001660714835700183e+00
3.507140661789963421e+00
3.747809692372297441e+00
4.589399519275233708e+00
5.325470332797173079e+00
5.323213656144989869e+00
4.677330457306545952e+00
4.165525998563195387e+00
4.491217944757531555e+00
5.549712101670632336e+00
6.462302170499683029e+00
6.363349447523814817e+00
5.181322223149779305e+00
3.684477049056299691e+00
2.805328295078078238e+00
2.928454511351615608e+00
3.762964842323881953e+00
4.767174860559849847e+00
5.584145535565881779e+00
6.084730441156592562e+00
6.153208739029007113e+00
5.631248193603180852e+00
4.557371959225506863e+00
3.378510262807512543e+00
2.755436809959018518e+00
3.033642025859433655e+00
3.891475814985428716e+00
4.572586512819209581e+00
4.529546412251483467e+00
3.868790777112566914e+00
3.177776077919494568e+00
2.939671370386374605e+00
3.134860150055745809e+00
3.385960541039720884e+00
3.412864312914932974e+00
3.275841545422403023e+00
3.185680326815682140e+00
3.174776126412830468e+00
3.058289684219108739e+00
2.733197445466990949e+00
2.427749811328693941e+00
2.544647929673149456e+00
3.214630774113074629e+00
4.050127146830331704e+00
4.418378237894289740e+00
4.006648228753371122e+00
3.125273928327616524e+00
2.448367568450648957e+00
2.452644561389493383e+00
3.083995468274963958e+00
3.900464233875526876e+00
4.455386084151568227e+00
4.528117064956262539e+00
4.094922819135542902e+00
3.257316217273718451e+00
2.302909776252322072e+00
1.753335463213645973e+00
2.125474017023031514e+00
3.447269945297859461e+00
4.994550190315763416e+00
5.680484775671176934e+00
4.926917440608473697e+00
3.258649339616741525e+00
1.978777320272492091e+00
2.109527422902811367e+00
3.531649309962008321e+00
5.129303313970262401e+00
5.808176097844516050e+00
5.420397420219340567e+00
4.747173344956915564e+00
4.640817040014709960e+00
5.235992364845480473e+00
5.989380814882056647e+00
6.395363064701657052e+00
6.539246294915627367e+00
6.901559257551068249e+00
7.700628342911403301e+00
8.576062270539189569e+00
9.008963957128747424e+00
9.010835718577226316e+00
9.266237369881430652e+00
1.048862885307933546e+01
1.262778815176463709e+01
1.478418941180209778e+01
1.598219299665069570e+01
1.606627177627996872e+01
1.584980375218542115e+01
1.639657565811592832e+01
1.815322446632465514e+01
2.072091272980575738e+01
2.334747222913864562e+01
2.553430263059969718e+01
2.718663174067999577e+01
2.835184252577659691e+01
2.903020633004356910e+01
2.932438916119424377e+01
2.964804520883419059e+01
3.055523324942776853e+01
3.221267127864541635e+01
3.406992810097577973e+01
3.520122960104217924e+01
3.510229938304929220e+01
3.417466927865790183e+01
3.337795249052514635e+01
3.336897130404047829e+01
3.398123921684232585e+01
3.453191225483607241e+01
3.456381362846344985e+01
3.420356197273187604e+01
3.380936163264919259e+01
3.342034334915815208e+01
3.272768987096712578e+01
3.161136902834120477e+01
3.051996599778266983e+01
3.007014530573392364e+01
3.018435716186589346e+01
2.980354307324659757e+01
2.776378432160423060e+01
2.414085337359589545e+01
2.062601404475454103e+01
1.926551230122960234e+01
2.055931926883782168e+01
2.276714894740893058e+01
2.327930670270749047e+01
2.091495522789105621e+01
1.699525721391855626e+01
1.412178335200864865e+01
1.379226543168332419e+01
1.513177984936002929e+01
1.592892500402603417e+01
1.489955910202098188e+01
1.291586803837809327e+01
1.201652244146001003e+01
1.325268209258910090e+01
1.556400079761521305e+01
1.679784040265650802e+01
1.581831651504502112e+01
1.359708145881059416e+01
1.225135163520635651e+01
1.304629608826178000e+01
1.532994913705930706e+01
1.733953960686949003e+01
1.794754728005630184e+01
1.760294463288931865e+01
1.767645839730476709e+01
1.903595192388731405e+01
2.130133424106278994e+01
2.336244349329607672e+01
2.444085465704035443e+01
2.460094056526046913e+01
2.440129196949622781e+01
2.431523834047268906e+01
2.460468853427314784e+01
2.558058276377012774e+01
2.762616753728360308e+01
3.070121815677315524e+01
3.386444173582159323e+01
3.559680371271646493e+01
3.494974073539388826e+01
3.253696356512226373e+01
3.029500029145372508e+01
3.001322809995136609e+01
3.186432539586853352e+01
3.427677493993715530e+01
3.529393850357062945e+01
3.419868833179337031e+01
3.197577357974393664e+01
3.031049130921985224e+01
3.015045957404071686e+01
3.111958822179637707e+01
3.212379575266691489e+01
3.236676240575187791e+01
3.179614714536334574e+01
3.077683015529130373e+01
2.960036669877819548e+01
2.843453044620838810e+01
2.761766555559474412e+01
2.769700882585600965e+01
2.891680425859024339e+01
3.063406840852128710e+01
3.145373784639363635e+01
3.026593459490404925e+01
2.738544697241740167e+01
2.466999928445157764e+01
2.427452399252587156e+01
2.693662785085994216e+01
3.123087067806078565e+01
3.451656362810761891e+01
3.491140087423203653e+01
3.274598450126261895e+01
3.034096985087239418e+01
3.027041208053211463e+01
3.344751492738032539e+01
3.847647815209487732e+01
4.272034548937084253e+01
4.424306567446249261e+01
4.316868912400713754e+01
4.148132891024956592e+01
4.146930608992468592e+01
4.401144562580815744e+01
4.798833441052281756e+01
5.122801803724572522e+01
5.222640995400682584e+01
5.130633126545706801e+01
5.033643562005347150e+01
5.125991730593973017e+01
5.459049927216202747e+01
5.901361164941442894e+01
6.233781864388394922e+01
6.302374301099412435e+01
6.116861967023519497e+01
5.833291991552604827e+01
5.646252522591516509e+01
5.670351844613993109e+01
5.883115930920047276e+01
6.153378988303953889e+01
6.330028050731429801e+01
6.338173751690253965e+01
6.226343332968167488e+01
6.129950174632730153e+01
6.164538899358701940e+01
6.319296301246355085e+01
6.441703293772715710e+01
6.349595373083992200e+01
5.999235194059972542e+01
5.566066554489566442e+01
5.342288880830671616e+01
5.507266320456939468e+01
5.956750725248463141e+01
6.352802257784353657e+01
6.375704832117532561e+01
5.974585171054995669e+01
5.400910037114939399e+01
4.994761886555565411e+01
4.913535328577151517e+01
5.039994407707465029e+01
5.134457231952155354e+01
5.069231218420117102e+01
4.920609124942905055e+01
4.849605105376898706e+01
4.914306340044775823e+01
5.010832188105106866e+01
4.990618523693157726e+01
4.813985442095900424e+01
4.572797770114581795e+01
4.370892462920595278e+01
4.212891570290013732e+01
4.036674995253743248e+01
3.847596810652495947e+01
3.777456688852244326e+01
3.963964199301198477e+01
4.358512813528815144e+01
4.683358928132949472e+01
4.631402873727202518e+01
4.150074075030624954e+01
3.532106523501865070e+01
3.192230250210931430e+01
3.316003745646772671e+01
3.718258872929173720e+01
4.054655861940346284e+01
4.161057730604039051e+01
4.148713835523194859e+01
4.191031846475316769e+01
4.291120181973610670e+01
4.252419675266531840e+01
3.880741600911497358e+01
3.271469845256579134e+01
2.883316656144317847e+01
3.201527845184867260e+01
4.203692499335219424e+01
4.744784324538456133e+01
4.434745427782166871e+01
4.147838840216182632e+01
4.062838394033617107e+01
4.176741486158183392e+01
4.339673422282137949e+01
4.232740258885661433e+01
3.464267790108382883e+01
2.003118991087911027e+01
3.518489557563003522e+00
3.314035473576070756e-01
