6.909610149184997312e-04
5.402377893286040497e-03
2.882143659245791495e-02
7.608984869363316639e-02
1.369025403934946150e-01
2.106915652250466731e-01
2.984231249187879742e-01
4.007458667890655968e-01
5.180778832777712672e-01
6.514107532304256321e-01
7.995537043564461266e-01
9.576858696820627070e-01
1.106309581306790690e+00
1.259276701214188554e+00
1.419610042039111786e+00
1.587412773072215177e+00
1.762357943705589403e+00
1.944122975177948964e+00
2.132384234265403578e+00
2.326810627038632173e+00
2.527044913516712565e+00
2.732657364432176994e+00
2.943073415254346070e+00
3.157553206525645972e+00
3.375226072817713252e+00
3.595116520580832198e+00
3.816157162840501993e+00
4.037197208441025253e+00
4.257011770206880819e+00
4.474313241630864191e+00
4.687764679917266974e+00
4.895994732323020848e+00
5.097613471780495509e+00
5.291228603670164787e+00
5.475461796029071238e+00
5.648965057439735205e+00
5.810437070219728106e+00
5.958639320971747644e+00
6.092411833427017420e+00
6.210688303271878929e+00
6.312510444501698181e+00
6.397041370742586608e+00
6.463577848430655415e+00
6.511561270896340403e+00
6.540587214392505011e+00
6.550413450411848082e+00
6.540966303947333138e+00
6.512345264493655250e+00
6.464825775062907454e+00
6.398860143910460430e+00
6.315076543740258508e+00
6.214276083719067145e+00
6.097427960470279906e+00
5.965662715173945863e+00
5.820263644718828289e+00
5.662656435342686478e+00
5.494397107101127276e+00
5.317158376625329197e+00
5.132714563750035985e+00
4.942925184509073588e+00
4.749717388540989127e+00
4.555067412922558567e+00
4.360981236724012611e+00
4.169474630994223219e+00
3.982552807330849376e+00
3.802189874560948368e+00
3.630308317276141672e+00
3.468758711975032494e+00
3.319299896330312194e+00
3.183579804607950425e+00
3.063117177533378310e+00
2.959284347961700146e+00
2.873291294623455894e+00
2.806171145066817196e+00
2.758767295805562014e+00
2.731722302730871466e+00
2.725468678202523698e+00
2.740221713058109465e+00
2.775974422248746354e+00
2.832494692118769919e+00
2.909324685699973934e+00
3.005782540004237724e+00
3.120966366397326830e+00
3.253760541951085550e+00
3.402844256435014980e+00
3.566702256560097428e+00
3.743637706457056069e+00
3.931787061395690674e+00
4.129136830651686907e+00
4.333542085422289247e+00
4.542746548989525124e+00
4.754404089121841537e+00
4.966101417174485277e+00
5.175381784656816642e+00
5.379769456328313382e+00
5.576794729290067920e+00
5.764019260158424807e+00
5.939061457327923677e+00
6.099621692610432078e+00
6.243507086212663815e+00
6.368655621100780984e+00
6.473159347283900189e+00
6.555286443395985430e+00
6.613501912108132430e+00
6.646486697278069400e+00
6.653155024239000070e+00
6.632669780118826353e+00
6.584455768418943755e+00
6.508210691105814405e+00
6.403913731997740832e+00
6.271831637067309728e+00
6.112522210219887064e+00
5.926835166928415610e+00
5.715910312577502594e+00
5.481173037258592728e+00
5.224327143825511222e+00
4.947345051020722195e+00
4.652455438180790104e+00
4.342128422181898983e+00
4.019058380664495722e+00
3.686144557950808309e+00
3.346469611227472107e+00
3.003276274302698390e+00
2.659942334373211814e+00
2.319954133577928346e+00
1.986878821514011184e+00
1.664335597210904849e+00
1.355966189180620729e+00
1.065404829990727054e+00
7.962479872686167859e-01
5.520241160881677045e-01
3.361636982861141432e-01
1.519698324025400282e-01
2.589633654303202803e-03
-1.090133033226757808e-01
-1.800851352208785450e-01
-2.081064617890878155e-01
-1.908152593866419000e-01
-1.262278525643999449e-01
-1.265773707603790044e-02
1.512679133889103245e-01
3.665942040657634848e-01
6.340270651829632564e-01
9.539244900434873387e-01
1.326290544229928647e+00
1.750772200682086943e+00
2.226659030597395894e+00
2.752885755101099008e+00
3.328037637656912295e+00
3.950358672471628196e+00
4.617762499915727403e+00
5.327845956460055987e+00
6.077905144027623940e+00
6.864953882186337175e+00
7.685744386452825871e+00
8.536789997320099133e+00
9.414389767624545158e+00
1.031465470067859158e+01
1.123353541834171665e+01
1.216685102699522680e+01
1.311031894031359002e+01
1.405958541085672486e+01
1.501025651789029425e+01
1.595792935650123923e+01
1.689822317301674559e+01
1.782681019394062361e+01
1.873944590005176991e+01
1.963199850390697065e+01
2.050047739767528654e+01
2.134106034890584880e+01
2.215011923437948482e+01
2.292424411648505256e+01
2.366026548244541416e+01
2.435527448403648521e+01
2.500664103402131389e+01
2.561202963517720832e+01
2.616941283833802956e+01
2.667708224710522202e+01
2.713365700860301288e+01
2.753808975165602746e+01
2.788966995585231246e+01
2.818802475691457943e+01
2.843311721544065662e+01
2.862524209719613921e+01
2.876501923356158841e+01
2.885338455027621407e+01
2.889157887111194256e+01
2.888113462040329082e+01
2.882386056430501142e+01
2.872182474512657180e+01
2.857733577598813568e+01
2.839292267426124283e+01
2.817131342172154618e+01
2.791541244699146418e+01
2.762827723164377858e+01
2.731309424525120377e+01
2.697315441669271152e+01
2.661182834918210816e+01
2.623254148479216141e+01
2.583874942075827974e+01
2.543391357462240165e+01
2.502147738839648738e+01
2.460484325347992041e+01
2.418735032816228880e+01
2.377225340829872380e+01
2.336270299929010363e+01
2.296172672396902215e+01
2.257221218653518591e+01
2.219689139744620476e+01
2.183832684831311610e+01
2.149889930953074213e+01
2.118079740675085176e+01
2.088600901554436362e+01
2.061631449685338069e+01
2.037328177925912698e+01
2.015826327784187200e+01
1.997239462362290396e+01
1.981659516239670538e+01
1.969157016731049481e+01
1.959781469594560477e+01
1.953561901000939827e+01
1.950507546415294513e+01
1.950608675997176888e+01
1.953837545199518999e+01
1.960149458448403337e+01
1.969483933117538754e+01
1.981765950477339899e+01
1.996907279899759402e+01
2.014807862337204369e+01
2.035357238965673332e+01
2.058436010886514111e+01
2.083917315914413138e+01
2.111668308736436828e+01
2.141551631102698039e+01
2.173426859196466054e+01
2.207151915922489493e+01
2.242584436538844628e+01
2.279583076829892363e+01
2.318008753866749672e+01
2.357725810316211934e+01
2.398603094228986166e+01
2.440514947252436784e+01
2.483342095260494276e+01
2.526972436463519855e+01
2.571301723142091333e+01
2.616234134230779063e+01
2.661682737050251646e+01
2.707569837538772006e+01
2.753827219357662415e+01
2.800396273231001132e+01
2.847228018819101791e+01
2.894283022311463682e+01
2.941531213750219820e+01
2.988951608854865682e+01
3.036531940807470065e+01
3.084268208071105022e+01
3.132164144849426535e+01
3.180230621250238698e+01
3.228484980588899589e+01
3.276950321558394563e+01
3.325654733202080138e+01
3.374630490753835232e+01
3.423913220460804041e+01
3.473541041478593172e+01
3.523553692831674056e+01
3.573991653266233470e+01
3.624895261594353002e+01
3.676303844841454094e+01
3.728254861169472179e+01
3.780783064162077522e+01
3.833919694631162400e+01
3.887691705642428985e+01
3.942121025968527448e+01
3.997223866666854519e+01
4.053010074952617003e+01
4.109482539001883339e+01
4.166636646780176534e+01
4.224459801455509478e+01
4.282930995425751775e+01
4.342020444474107421e+01
4.401689283067727132e+01
4.461889321337113046e+01
4.522562863821869428e+01
4.583642589644463072e+01
4.645051493380508134e+01
4.706702885534053138e+01
4.768500451200544177e+01
4.830338365209897233e+01
4.892101461787672889e+01
4.953665456553793689e+01
5.014897218495034537e+01
5.075655089398585318e+01
5.135789248118256012e+01
5.195142116960094825e+01
5.253548807418835764e+01
5.310837602467873353e+01
5.366830472600932467e+01
5.421343622840502974e+01
5.474188067963524418e+01
5.525170233245496121e+01
5.574092578087620353e+01
5.620754239964096399e+01
5.664951696205820042e+01
5.706479441219455850e+01
5.745130676824391713e+01
5.780698013472093777e+01
5.812974180190623485e+01
5.841752741169607788e+01
5.866828816965866622e+01
5.887999808365710663e+01
5.905066120985051015e+01
5.917831888721798350e+01
5.926105694197047313e+01
5.929701284333962974e+01
5.928438279228691243e+01
5.922142872467381380e+01
5.910648521031705371e+01
5.893796622898999260e+01
5.871437180368865683e+01
5.843429447043983060e+01
5.809642556312768136e+01
5.769956129225922581e+01
5.724260859909374943e+01
5.672459077029947139e+01
5.614465279898738004e+01
5.550206646835944468e+01
5.479623511079826415e+01
5.402669797094306148e+01
5.319313411058654140e+01
5.229536587221522836e+01
5.133336206516612066e+01
5.030724117313761923e+01
4.921727479678786921e+01
4.806389091010526471e+01
4.684767524907178426e+01
4.556936837141096674e+01
4.422985822764129438e+01
4.283017400646662054e+01
4.137149144752434893e+01
3.985515803572975813e+01
3.828273828568208614e+01
3.665605742452718374e+01
3.497716040819990013e+01
3.324804431478974465e+01
3.147015333472756282e+01
2.964440145289773199e+01
2.777236857023812178e+01
2.585762427223746585e+01
2.390627135985830165e+01
2.192702875689561637e+01
1.993115522259939709e+01
1.792276624366133220e+01
1.587701012000970913e+01
1.363736651103165620e+01
1.128185740803590953e+01
9.105399568773721697e+00
7.150718955941198551e+00
5.419506693425614863e+00
3.913419356602625854e+00
2.631102140790606114e+00
1.556505242079701645e+00
7.028023641274834254e-01
1.167371940062851832e-01
1.043621195004863951e-02
