9.050921155935007234e-02
6.104705242681651711e-01
2.958726195359925093e+00
5.506338668751827647e+00
5.188117477109004838e+00
3.896935413799263337e+00
3.652422197083366129e+00
3.838771529773638669e+00
3.760511153416483232e+00
4.392888374377577065e+00
5.630951800503541271e+00
5.752477257333430849e+00
3.030522311204620678e+00
3.347888843611495968e+00
5.341577873524721021e+00
4.675878852252355777e+00
2.589002947871680949e+00
3.007006670608408427e+00
4.868670143373918791e+00
5.067251125433821279e+00
4.742789372640374701e+00
5.792137989432318612e+00
5.982716557701304616e+00
4.044627425323390923e+00
3.177446547483176786e+00
4.507512178145486104e+00
4.830438116236810409e+00
3.595428790425501564e+00
4.024600376983078043e+00
6.086100554157189535e+00
6.312732634421623246e+00
4.544609193291615057e+00
3.665985894852618276e+00
4.026885907643450224e+00
4.154935008230138394e+00
4.328975156272821145e+00
4.874060147097279305e+00
4.573485334161426330e+00
3.622596641431387710e+00
3.838729802733872098e+00
4.878509897488798153e+00
4.876743166144713371e+00
4.255035237283094851e+00
4.453668490038280581e+00
4.940141836733654479e+00
5.146889045861920309e+00
5.911493052479467991e+00
6.496077798341348242e+00
4.944626624587076691e+00
2.590186041568114383e+00
2.539967418544243127e+00
3.991859027275156180e+00
4.218982158235818680e+00
4.219750751968143199e+00
5.918467999747845987e+00
7.117418130945655008e+00
5.551486630678468259e+00
3.588420085000140425e+00
3.526283431971740878e+00
3.658736550947427890e+00
3.100835198679058102e+00
4.047028788334151805e+00
6.338638121017516447e+00
6.718116836464673725e+00
4.995302103821503970e+00
4.107145291682074983e+00
4.229487354551094036e+00
3.478645972421220200e+00
2.821019318807651111e+00
4.146039259329049820e+00
6.078149832668022334e+00
6.590781564785871183e+00
6.253809361545001444e+00
5.689683664638664595e+00
4.276321878033966684e+00
2.967916867205627973e+00
3.453728410713594155e+00
4.582325033198380915e+00
4.513565465106611718e+00
4.476143034426088185e+00
5.711214286161025555e+00
6.280418477069905414e+00
5.080950333712864087e+00
4.244994323306550577e+00
4.506252242343701475e+00
4.017484447650186752e+00
3.313897811049569153e+00
4.648049917221132254e+00
6.350247337020570981e+00
5.256619993355906573e+00
3.307058810272290650e+00
4.162699118662924747e+00
6.145513236564999815e+00
5.887524698295347747e+00
4.829740963338247539e+00
5.334111711203565420e+00
5.544842354957991049e+00
3.940174032586405417e+00
3.055527512854206318e+00
4.148836133255777270e+00
4.605164045377508231e+00
3.684847912932813330e+00
4.059664293328777873e+00
5.945934371555205544e+00
6.451127621788140587e+00
5.234666204719339966e+00
4.613257605980492393e+00
4.727498669930975339e+00
4.012116688279764531e+00
2.860635287311869668e+00
2.520464305906160885e+00
2.629987829166866131e+00
2.761710943267679408e+00
3.540248457295149365e+00
4.636405969617539924e+00
4.779639105442546665e+00
4.126194837247642688e+00
3.650585488695587078e+00
3.085812254545096778e+00
2.125356675403296869e+00
1.770745164153318729e+00
2.358782588973635796e+00
2.788327434591110432e+00
2.925337471666785483e+00
3.690618584513464917e+00
4.492090988977789578e+00
4.015448914609441644e+00
3.036483930149957544e+00
3.055629515087211256e+00
3.447234292758047047e+00
3.057408107261956332e+00
2.677943273784417322e+00
3.283988533265584930e+00
4.071063132581275390e+00
4.164392910901933753e+00
3.946616709052627847e+00
3.668877669406346964e+00
3.024963130576458603e+00
2.354120845461416422e+00
2.375433885294492953e+00
3.119905585689696448e+00
4.206522185653423840e+00
5.090130146221286012e+00
4.857068817361389179e+00
3.412424584111706238e+00
2.241895253047289316e+00
2.342041349792638893e+00
3.007775799992447929e+00
3.915256677280466668e+00
5.533781622201781936e+00
6.679405426662059497e+00
5.622319649981525558e+00
3.836794554738447882e+00
4.053304287220725222e+00
5.401570810654100718e+00
5.530684545062328539e+00
5.457573172261649397e+00
6.942444594746927322e+00
8.273870572033349191e+00
7.863597043956471744e+00
7.760999515047334540e+00
9.157885651628872026e+00
9.799897318006841829e+00
9.235214014194689014e+00
1.024251921365547346e+01
1.292060553782659760e+01
1.430740459296598921e+01
1.442189882307634541e+01
1.558620297914533559e+01
1.703831095727581868e+01
1.717053901817194017e+01
1.803252017636457438e+01
2.126803561109788276e+01
2.424776007277145951e+01
2.527865564111868935e+01
2.645478725154815436e+01
2.810434709374640150e+01
2.805661458852844703e+01
2.767697012768751819e+01
3.002042157462852145e+01
3.296108407747956903e+01
3.309882378010080117e+01
3.292875602288090420e+01
3.521184985965684433e+01
3.635661689429245058e+01
3.387553380639283773e+01
3.214250652824400589e+01
3.353358457899796008e+01
3.402021720077260625e+01
3.272303016384977781e+01
3.386044977010142532e+01
3.640180977363350223e+01
3.509421449025126094e+01
3.194249760894283341e+01
3.267255805565716997e+01
3.451993006791416008e+01
3.172050146152613692e+01
2.765415655140126105e+01
2.788267697568285897e+01
2.899162963569304807e+01
2.646614000893827523e+01
2.366589334595922622e+01
2.337170097013864734e+01
2.235654989464944364e+01
2.069029085055166561e+01
2.256175270333842775e+01
2.487819373994975081e+01
2.043889872056972479e+01
1.246780536016063579e+01
1.038718527631926491e+01
1.411748198037590107e+01
1.703510893847215257e+01
1.808431215902870193e+01
1.827858299351488824e+01
1.500034181288194368e+01
1.007959569832678781e+01
1.084454044126952432e+01
1.609788032248566836e+01
1.640470003696539081e+01
1.177154962858774390e+01
1.139099928351397573e+01
1.562492239496329738e+01
1.694831727803381938e+01
1.579073084096445712e+01
1.718691321421822593e+01
1.827041922218440817e+01
1.582183280683221582e+01
1.583082096830665897e+01
2.106401447431294471e+01
2.332312862017897004e+01
1.990350937766511663e+01
2.014540321418463265e+01
2.645072583434643931e+01
2.877981219582718708e+01
2.449580420412823401e+01
2.289018242343433940e+01
2.676017432332687207e+01
2.969362335130666608e+01
3.085431142929791548e+01
3.355203095630151466e+01
3.420224662781703273e+01
2.986798590833597800e+01
2.781323103283826725e+01
3.280311966130565793e+01
3.719731982497035716e+01
3.545021100879818476e+01
3.346870884656303247e+01
3.486583390076692268e+01
3.435722238221855918e+01
3.024384985136179793e+01
2.741875705152217790e+01
2.696900400221938554e+01
2.744448579891725615e+01
3.181121549636189272e+01
3.937369303094283879e+01
4.045790439078901812e+01
3.189423710948366875e+01
2.456346972482467095e+01
2.517952199026597171e+01
2.697164589316877681e+01
2.589057836584310834e+01
2.711260718856090790e+01
3.086195659073112552e+01
3.138131798954458063e+01
3.043133948162367730e+01
3.246263395431667220e+01
3.156954661793851358e+01
2.322001070523712940e+01
1.880284535406645219e+01
2.772356067551483605e+01
3.832673690501587060e+01
3.678386152591603064e+01
2.941367129810217662e+01
2.814701175405841127e+01
3.138455662530283874e+01
3.459699056718129384e+01
4.068935165415560817e+01
4.763215529225031730e+01
4.606688789306154064e+01
3.791024859025116456e+01
3.651399176831237980e+01
4.344911741841912800e+01
4.675878767490539900e+01
4.420059578735425276e+01
4.597604518278047436e+01
5.368711638706079015e+01
5.767910187996479010e+01
5.521133179687323889e+01
5.307820139390018710e+01
5.389233693205408571e+01
5.494050274268126799e+01
5.694482964232916800e+01
6.111804977277259354e+01
6.272989778968452868e+01
5.859735159827853579e+01
5.497647345499112959e+01
5.847597689690040568e+01
6.510497996582360258e+01
6.662418260105215495e+01
6.248038730402525687e+01
5.839856279002432160e+01
5.748284765626380732e+01
5.872946555871057228e+01
6.116263195305776179e+01
6.426073201130920154e+01
6.608576956886706455e+01
6.495462144814554506e+01
6.191004040404575903e+01
5.887114995560607156e+01
5.605071457156073222e+01
5.387427955056057272e+01
5.478289497414331777e+01
5.918101785881336241e+01
6.229068014331141967e+01
5.990384483198826615e+01
5.473874333528326730e+01
5.211340597558810117e+01
5.241319607316766849e+01
5.283197414759768407e+01
5.252471352026041274e+01
5.117148827908557962e+01
4.755047600688080678e+01
4.381987921356528659e+01
4.476166433741119022e+01
4.941227749922590107e+01
5.138915914836503873e+01
4.956724846164350851e+01
4.866642299793890913e+01
4.848715109972928161e+01
4.423910059617356438e+01
3.764219380446252217e+01
3.529128705351465811e+01
3.704575827170165070e+01
3.827308192061923364e+01
4.026320529893601474e+01
4.571170417610866821e+01
4.904698301571498575e+01
4.434435335006214984e+01
3.678700491740502088e+01
3.424277448143957514e+01
3.506407876715567795e+01
3.491150927600355658e+01
3.622297569814286078e+01
4.093640687956404633e+01
4.348575910501313757e+01
4.052314664146918233e+01
3.840424514528969979e+01
4.160344979558951906e+01
4.361151539429410207e+01
3.826365982945936395e+01
3.091611159215453597e+01
3.118256819231281796e+01
4.077668703432937036e+01
4.483746271475745715e+01
4.040132445634028358e+01
3.990080665242398084e+01
4.064161676029759462e+01
4.088966528147376067e+01
4.314393847549568761e+01
4.655606228448462502e+01
4.315900189142853804e+01
2.759918643738232902e+01
4.941246221180644049e+00
4.742479580696951080e-01
