7.061397841790416352e-02
4.931779291328312054e-01
2.432730399466877191e+00
4.913085751135916723e+00
5.375046529998436462e+00
4.442866873260684635e+00
3.753883335779995889e+00
3.781352898086480341e+00
4.028127124028461736e+00
4.443323995625100054e+00
5.073972876966204026e+00
5.371879066534766878e+00
3.670455346000846664e+00
3.407470960750296651e+00
4.541272341538051371e+00
4.796528767251578174e+00
3.682388663336901846e+00
3.109835656570507645e+00
3.939566116551512120e+00
4.949408551107357113e+00
5.371248167130272755e+00
5.601216657195041471e+00
5.401281543045194589e+00
4.414720051042775317e+00
3.700404900153360543e+00
4.063148895577245234e+00
4.465007706530156995e+00
4.171831830990297085e+00
4.319230990111329938e+00
5.457513676215662635e+00
6.033778153519627985e+00
5.079356366757116881e+00
3.903910175674706995e+00
3.729385160775218644e+00
4.075691173935569012e+00
4.338684411949476960e+00
4.614264880829048288e+00
4.638475335593719606e+00
4.097644771103405859e+00
3.784141083328808719e+00
4.440740260047222776e+00
5.155916059788514083e+00
4.796921158516306960e+00
4.047729138157570183e+00
4.276783585824179390e+00
5.394109449847364068e+00
6.224972892624375476e+00
6.060537141939287942e+00
4.969459503204841866e+00
3.532029335677258963e+00
2.695030684161687784e+00
3.021372409299859285e+00
4.052136210416317219e+00
5.027144803445084520e+00
5.721730326565456437e+00
6.039078515111825141e+00
5.666433387320003234e+00
4.684245219405635652e+00
3.693071362944632785e+00
3.148161521623560777e+00
3.297952433936684358e+00
4.341275800478131330e+00
5.740401681929781397e+00
6.215702533500271798e+00
5.388611457614643996e+00
4.350066996126033203e+00
3.874391682893764788e+00
3.588427057194042202e+00
3.472733262747678573e+00
4.245615145892647213e+00
5.671175082138337764e+00
6.442010215307770515e+00
6.112243331819400716e+00
5.353256804572590788e+00
4.474402069233176071e+00
3.532600831823245358e+00
3.277406109139611612e+00
4.111498082521558572e+00
5.012324386428364420e+00
5.116752879525178876e+00
5.082462831983214357e+00
5.487863135871376308e+00
5.562484675894523889e+00
4.772991556216287456e+00
3.930311233333640075e+00
3.787459568011877664e+00
4.165217088780016397e+00
4.783729437517946437e+00
5.358739277692375680e+00
5.208343572484722905e+00
4.356548494507062053e+00
4.114310106270467671e+00
5.079159993729613021e+00
5.989740341011156488e+00
5.834468901179754141e+00
5.215707271796778954e+00
4.690308289615535031e+00
4.018251239684833998e+00
3.566523929985982999e+00
3.965542194234121798e+00
4.451593973701605478e+00
4.161277033593825614e+00
4.173226215001909267e+00
5.438406976732463427e+00
6.370061679533011834e+00
5.527047603790724573e+00
4.381981434482893789e+00
4.404929010134337908e+00
4.322012749859071690e+00
3.133133270324117259e+00
2.385764608935454056e+00
2.910085472453628253e+00
3.190743941626844826e+00
2.919456341439073288e+00
3.749140769546479568e+00
5.225736907557148037e+00
4.879477857355624337e+00
3.056448501427040387e+00
2.490872005677297718e+00
3.110987142689227269e+00
2.630853581337442737e+00
1.546099937801489022e+00
2.089445747489072858e+00
3.542401973681906568e+00
3.768162273404036089e+00
3.435479922439141909e+00
4.020120278022010218e+00
4.333248438111452217e+00
3.237253311162996194e+00
2.464944480150150774e+00
3.185058683380880495e+00
3.637650833295046127e+00
2.953168978424732583e+00
2.965139871106982739e+00
4.193814713023668261e+00
4.610796503422523784e+00
3.640951428947289514e+00
2.904985344987365714e+00
2.762541538892146153e+00
2.433384365753846978e+00
2.683384815568879755e+00
4.248951665444983483e+00
5.351163648118204996e+00
4.478109913908652651e+00
3.101334495575453598e+00
2.709127590107433203e+00
2.580903490041881465e+00
2.614025153661343470e+00
4.063965314175462140e+00
6.068461861660304990e+00
6.180267010646511849e+00
4.857026819669555628e+00
4.529818690806074244e+00
4.954438397068952504e+00
4.582902391031850264e+00
4.597212782535104125e+00
6.358506154151663203e+00
7.793471451589565113e+00
7.271413075366554679e+00
7.107753738301917146e+00
8.786964983121761108e+00
9.761266218136068318e+00
8.874551544650644885e+00
9.029148548929494922e+00
1.127906640397766047e+01
1.281586224813635155e+01
1.301740759741588782e+01
1.443973472623994425e+01
1.672343559937436552e+01
1.699660174228741027e+01
1.635796002452408260e+01
1.836079461006361413e+01
2.207722507219920161e+01
2.401165504880717094e+01
2.469249808678554103e+01
2.644223351155137181e+01
2.799950629726889062e+01
2.776536880074258917e+01
2.806021396192285522e+01
3.057823741631235492e+01
3.272742071189970403e+01
3.290201557834599555e+01
3.346151446385578510e+01
3.521153588899662168e+01
3.545841162983087003e+01
3.372635313837808013e+01
3.280349446393196899e+01
3.328180876981090108e+01
3.342154677447341271e+01
3.362692808716191450e+01
3.494901671464069182e+01
3.548734901929075392e+01
3.390616920298304393e+01
3.277072419460443342e+01
3.353278980471889525e+01
3.333486855926131653e+01
3.082019869085869956e+01
2.891737186119269865e+01
2.882483015354435096e+01
2.804337496448706801e+01
2.602680793320188002e+01
2.467083328512653040e+01
2.339094269626906808e+01
2.108893978807085290e+01
2.066887101477274413e+01
2.371068711492041459e+01
2.480393263011760041e+01
1.951645105871077845e+01
1.275147400650095086e+01
1.122706315218043471e+01
1.386698966185032234e+01
1.644858224014081216e+01
1.822919951357854629e+01
1.840683839357565788e+01
1.481290372666154553e+01
1.036081980966293514e+01
1.112595472016382558e+01
1.553722965455542848e+01
1.607659453867569255e+01
1.246416055199115469e+01
1.160262583887769061e+01
1.483154904338610258e+01
1.699060680682799784e+01
1.676899502935731334e+01
1.698132905774829737e+01
1.726344606921668046e+01
1.626046001315365785e+01
1.672868982345730515e+01
2.012139875879568152e+01
2.222807099251467022e+01
2.111082572462011697e+01
2.148527402448947754e+01
2.540525300619457383e+01
2.770526398347432462e+01
2.562235951028353753e+01
2.367121818294306834e+01
2.538007684157170374e+01
2.885309026008644295e+01
3.198605393241292205e+01
3.408834470210651091e+01
3.332824436293818593e+01
2.998740185131288527e+01
2.899418263181856403e+01
3.261340670612202786e+01
3.597024471630963660e+01
3.543415319248262563e+01
3.415961918314467027e+01
3.457599621411910817e+01
3.387508069131864374e+01
3.070809155588408146e+01
2.789699744951227345e+01
2.688681785700964966e+01
2.758198934120533252e+01
3.186391918097542231e+01
3.859837084325509693e+01
4.002700186445234465e+01
3.265587852547265157e+01
2.486272957398820438e+01
2.436113589587762362e+01
2.705989669344684856e+01
2.710449894531381432e+01
2.702112716606347931e+01
2.963482205938399972e+01
3.160956694715729398e+01
3.142990025898738082e+01
3.167071602439199651e+01
3.041610150303779037e+01
2.435074178152145663e+01
2.016686174388479103e+01
2.659514481727866198e+01
3.709418916940354194e+01
3.800198499758275261e+01
3.047056352230191933e+01
2.683441847514272993e+01
3.044416894176931621e+01
3.580855552827213018e+01
4.136403359634886101e+01
4.655853033211746350e+01
4.576522781095309966e+01
3.890971238005437982e+01
3.646726614332673222e+01
4.246423205233350018e+01
4.700464856765922406e+01
4.513950415740794142e+01
4.575287987080908891e+01
5.304864134581687551e+01
5.791859327627603449e+01
5.544316859440793621e+01
5.270409112347920910e+01
5.388158130760872666e+01
5.519397729440541411e+01
5.659440913289944319e+01
6.106992257521585543e+01
6.370312382284731001e+01
5.883670621981074333e+01
5.378347628544749170e+01
5.813560267787156022e+01
6.614583325873230990e+01
6.652112601171609185e+01
6.121874636729108943e+01
5.878493063103785232e+01
5.899841958560367772e+01
5.838686147306756880e+01
5.994991077825579140e+01
6.503672558896008127e+01
6.717322886783257729e+01
6.358576240718765860e+01
6.043913842781961421e+01
6.012945541136326710e+01
5.744913293010066724e+01
5.281919461976344365e+01
5.390826188079505954e+01
6.052294010288731840e+01
6.308781711828883232e+01
5.859820435468109423e+01
5.398448367961191963e+01
5.293828049980584183e+01
5.253498405295007956e+01
5.201968466011619086e+01
5.283854083834034299e+01
5.218781289267305823e+01
4.738316163869382081e+01
4.315689955217864338e+01
4.498071622972942407e+01
4.963115125961542873e+01
5.091308093630065201e+01
4.946055733905772200e+01
4.899243215089116177e+01
4.825407495883612086e+01
4.414918043781195678e+01
3.849619843705276168e+01
3.548901003539326382e+01
3.586287230895636213e+01
3.800809152129259161e+01
4.152354202375489223e+01
4.578671310351891321e+01
4.765908860490721111e+01
4.447807815235361062e+01
3.825585594740861239e+01
3.390423103584533493e+01
3.362965833506599722e+01
3.552363915892435386e+01
3.757376228070713609e+01
4.001178385443711960e+01
4.221344225275770867e+01
4.175512532577797487e+01
3.972378700287968201e+01
4.028658623576188091e+01
4.228848327696087495e+01
3.941312290843415411e+01
3.189663315001797272e+01
3.003566568986938989e+01
4.021731393264893484e+01
4.598450523789842492e+01
4.083654375193919606e+01
3.915869815038286816e+01
4.043468434519072474e+01
4.139991316284457668e+01
4.288046169076616820e+01
4.575448140223736715e+01
4.339534669717772175e+01
2.859807652475476303e+01
5.147957925517959943e+00
4.969904181558303380e-01
