7.169845392812876361e-02
5.002927834812822550e-01
2.465197152120566226e+00
4.961172132475613061e+00
5.370757816015028219e+00
4.377564854298844566e+00
3.720739257881392259e+00
3.812340422234567150e+00
4.033901395615680840e+00
4.400706961705772358e+00
5.085747739648565080e+00
5.453237659512869762e+00
3.674263065181225585e+00
3.338112027099656931e+00
4.559392113919505718e+00
4.863230578320997033e+00
3.620678100778725206e+00
2.999912317354421099e+00
3.995009452324388199e+00
5.077029136111049112e+00
5.335321545803169307e+00
5.493162173045361918e+00
5.448940076405803801e+00
4.517551280138924596e+00
3.647193758158516541e+00
3.964151009522811187e+00
4.508941765761467657e+00
4.244357690204343392e+00
4.267675250334458603e+00
5.407515642532296773e+00
6.101876795560542632e+00
5.122947161243126324e+00
3.828665361494828279e+00
3.684777609287110067e+00
4.145715508186953002e+00
4.387786733756559698e+00
4.567897016936784738e+00
4.598528016380277528e+00
4.119478794709040770e+00
3.805368536988105621e+00
4.429917807204478919e+00
5.136607338839694670e+00
4.781246213899660980e+00
4.057403381359907968e+00
4.324429088988611447e+00
5.419299551371389967e+00
6.187570652248506775e+00
6.034711189477924620e+00
4.994198822935817184e+00
3.519840043599289814e+00
2.634685267691440735e+00
3.036089997779434224e+00
4.133821070556382260e+00
5.021595031758582017e+00
5.655702074204702612e+00
6.084710299218182961e+00
5.759818083549919976e+00
4.618111976373201699e+00
3.552499454770245535e+00
3.174748849811280582e+00
3.416497740427431484e+00
4.318788579670471250e+00
5.656706787713658535e+00
6.277397620058560612e+00
5.490078315155643374e+00
4.296911793785909595e+00
3.781169157883946141e+00
3.623296473242418880e+00
3.514986013351307115e+00
4.170135518998719704e+00
5.627752046903164995e+00
6.539701238159873142e+00
6.187477963838678541e+00
5.294568123015980454e+00
4.419339314324864709e+00
3.572606811383721492e+00
3.305704837510133665e+00
4.065605729599757190e+00
4.972895678181557422e+00
5.129475580930066947e+00
5.110793486634914728e+00
5.512717190175417947e+00
5.574571480299158388e+00
4.752584622783809110e+00
3.908825198840803150e+00
3.803539223536224867e+00
4.172339859556747577e+00
4.749780506348200149e+00
5.356795757015412107e+00
5.255925074496225591e+00
4.349405879224248928e+00
4.054589185747007107e+00
5.102973120367800597e+00
6.069700689208823441e+00
5.799051793217373962e+00
5.115253726814967372e+00
4.731788922296606081e+00
4.138509752626834626e+00
3.533226469005291914e+00
3.842903190421070647e+00
4.473130827344797389e+00
4.259074942323523238e+00
4.134825769900610126e+00
5.352762695983915187e+00
6.429129830902062359e+00
5.617970192969628407e+00
4.330246236783754199e+00
4.337423065402357558e+00
4.384693664409994973e+00
3.178567689034883958e+00
2.289209100771373073e+00
2.838013783431172943e+00
3.269531487651635260e+00
3.000218141618174794e+00
3.716299822802761277e+00
5.188803852839496855e+00
4.915645755159759211e+00
3.080476898899796812e+00
2.454837936625366535e+00
3.071991699054714697e+00
2.616731737968075677e+00
1.546222780817016584e+00
2.116129788396762912e+00
3.580977055830052880e+00
3.776029607701237190e+00
3.430457899710498637e+00
4.031408205648125076e+00
4.314050883075678300e+00
3.178595265097034606e+00
2.460776346405212589e+00
3.239574281649291176e+00
3.627296956963290686e+00
2.894495375552124994e+00
3.014526097353121603e+00
4.305559126794423541e+00
4.578799114780544244e+00
3.511958690080227097e+00
2.910329280651141381e+00
2.861871758443162772e+00
2.405306264039754449e+00
2.586784607166393801e+00
4.294518689563293634e+00
5.455395351063728526e+00
4.439926677736312222e+00
3.021271985537605342e+00
2.764251348914893214e+00
2.644550325199264140e+00
2.530479913829597027e+00
3.988743485095220365e+00
6.152102744647529597e+00
6.260232826854377208e+00
4.788298301094278564e+00
4.459070502011950765e+00
5.007672985963102619e+00
4.639406698368605753e+00
4.561166334830349278e+00
6.322215503813124471e+00
7.817823937360254938e+00
7.292261224531855213e+00
7.098023413385861957e+00
8.781922723877151782e+00
9.755217101817400760e+00
8.855567191880263422e+00
9.027844919822538117e+00
1.129466921027583304e+01
1.281952130474894780e+01
1.303282046537671590e+01
1.447497987019696097e+01
1.670770365245574496e+01
1.693194481052575284e+01
1.636043422774136857e+01
1.842217807604744806e+01
2.204880684760941278e+01
2.392167240185589705e+01
2.473171062480238902e+01
2.657386692108806869e+01
2.799801832286128800e+01
2.765660912329050447e+01
2.806326901050747935e+01
3.065459769737353923e+01
3.267709325403154708e+01
3.280220546604720511e+01
3.351265061524037492e+01
3.531342388456955916e+01
3.541998896321073431e+01
3.366516965376948178e+01
3.288503570631241502e+01
3.335309616859490944e+01
3.331937815880252174e+01
3.351918526386446473e+01
3.500600601315590410e+01
3.556745893078253573e+01
3.386648136529390740e+01
3.272883956162137054e+01
3.359011411170934025e+01
3.338513636783303440e+01
3.078853343406875709e+01
2.888142805151256454e+01
2.882451115665434571e+01
2.803182120724653714e+01
2.600917604911301595e+01
2.468625573778121662e+01
2.341704493423652522e+01
2.109846703980680260e+01
2.067500869846714195e+01
2.370302146440712576e+01
2.477531436940748932e+01
1.952095066124408618e+01
1.279143814030018689e+01
1.120748908038364533e+01
1.379760981213719440e+01
1.647095467255694601e+01
1.832656266016811486e+01
1.839507854280299881e+01
1.470650686423523901e+01
1.036673500663062697e+01
1.122899382894776821e+01
1.552847505211170542e+01
1.598628008049238325e+01
1.249259428476550582e+01
1.168862029951075066e+01
1.477999995455558668e+01
1.689613456153079696e+01
1.682494482530165669e+01
1.706794251409110430e+01
1.719586272796025739e+01
1.618259486080305010e+01
1.681937401657921072e+01
2.022089103055182946e+01
2.215529331796240342e+01
2.101049234561087076e+01
2.152027556995592406e+01
2.545936017798544171e+01
2.766196261860858030e+01
2.558769598172099435e+01
2.372339071734003113e+01
2.542374953124499370e+01
2.883706768670432652e+01
3.197789971787625518e+01
3.409881415082489298e+01
3.330336873730967540e+01
2.994406386357018945e+01
2.898381504250368934e+01
3.263130413178129885e+01
3.600181681820006219e+01
3.547248130016212997e+01
3.416099601914923056e+01
3.453657327122786569e+01
3.387725098058957229e+01
3.075278308270173611e+01
2.786338583639647837e+01
2.678732742217532703e+01
2.759006283433347306e+01
3.197758282482079650e+01
3.861945341353384009e+01
3.994942722382317157e+01
3.266901826782317642e+01
2.494420663474041433e+01
2.432036482018117241e+01
2.695510374215963623e+01
2.713645493285736876e+01
2.710875317260638795e+01
2.958323978925041686e+01
3.153121622461337736e+01
3.151543292172377519e+01
3.177540018276895495e+01
3.033923790800352904e+01
2.424090698833836299e+01
2.022138906684945425e+01
2.668076082446651398e+01
3.704224567928943657e+01
3.793398226721300404e+01
3.051816387309808931e+01
2.688599534175501304e+01
3.040581378148190694e+01
3.577964024188485581e+01
4.139983210709677053e+01
4.657048662635028080e+01
4.573083968642961850e+01
3.890811014930533673e+01
3.650233216115790214e+01
4.247120226812324972e+01
4.697969171899740104e+01
4.511480893365702372e+01
4.573917495049473558e+01
5.306690915709098988e+01
5.796381676310549835e+01
5.544369131309309040e+01
5.265459818169976103e+01
5.389178352393701488e+01
5.526770169932662924e+01
5.658119832311741959e+01
6.096378494869742326e+01
6.368588079290548620e+01
5.892283871685982177e+01
5.379229599114984950e+01
5.807293338551760797e+01
6.618744182830465661e+01
6.661560859079847319e+01
6.117160864053514757e+01
5.867617388258500455e+01
5.903376788600451164e+01
5.846691981771051161e+01
5.987584333047391993e+01
6.494128832011917041e+01
6.726395401296244358e+01
6.371687401375365312e+01
6.039469794539746772e+01
6.003269168392593258e+01
5.748267462055635235e+01
5.287066016633999510e+01
5.384284124486979550e+01
6.046187422405222378e+01
6.313819609585714687e+01
5.864802519531451708e+01
5.396005893488479899e+01
5.293630374210370348e+01
5.258616217567254125e+01
5.202393830128082897e+01
5.277842706926750793e+01
5.215219313217224339e+01
4.739770545300130777e+01
4.317959000133890157e+01
4.499418262091359111e+01
4.962755663243384419e+01
5.089438411388600514e+01
4.947522680256555816e+01
4.904257545836441068e+01
4.824388912770199767e+01
4.406852834061435686e+01
3.848297102144486814e+01
3.556735305572576777e+01
3.587665313809489476e+01
3.793592579017422395e+01
4.152752867059233211e+01
4.586336976137140908e+01
4.763649038490256515e+01
4.439390742084918173e+01
3.829722212024935146e+01
3.400047259108195163e+01
3.357791882574421294e+01
3.542119171060659966e+01
3.763384350657516109e+01
4.011606264196187510e+01
4.214279997185440862e+01
4.163835603620527337e+01
3.977991206982621009e+01
4.039602464605826526e+01
4.225557779543566284e+01
3.934618287421737648e+01
3.194560193244623392e+01
3.008297364786750805e+01
4.015039277947597185e+01
4.593074186190724362e+01
4.088001394168974656e+01
3.918569288101116399e+01
4.039454678373058272e+01
4.139582193829202339e+01
4.294854037253787737e+01
4.579126064074316105e+01
4.335356447407485092e+01
2.855099594173722721e+01
5.138870860602480661e+00
4.960766692327994720e-01
