1.016880040051643813e-01
6.757174463253760033e-01
3.252587864815117857e+00
5.836156654573407820e+00
5.128467473497331675e+00
3.699800530787134889e+00
3.688934069300308760e+00
3.982270402369203488e+00
3.758835537185040820e+00
4.307329258189898979e+00
5.580315545095972496e+00
5.723510456392081558e+00
2.839487387905548665e+00
3.494206846068092176e+00
5.619054201696834561e+00
4.629581182277095586e+00
2.446140419437071944e+00
3.054743300923437044e+00
4.887226922011149277e+00
5.006632959787906678e+00
4.798875405271617822e+00
5.752708674094773933e+00
5.680671066675573755e+00
4.057402728177637918e+00
3.712330909112268706e+00
4.642215784156025649e+00
4.299264556463996634e+00
3.489946372088722271e+00
4.547473556955483609e+00
6.074792246375229965e+00
5.735158916474368596e+00
4.583382782953793644e+00
4.145359959053636523e+00
3.846994479165380287e+00
3.787371921647000761e+00
4.765115468237885565e+00
5.308624055346654380e+00
4.064676604721190856e+00
3.171160360559627911e+00
4.297502165631783555e+00
5.211265240261452547e+00
4.418036688967901249e+00
3.975228329148544848e+00
4.793720832715797187e+00
5.139116015287188866e+00
5.051173076344620760e+00
5.958992517262217348e+00
6.468002505065906682e+00
4.709777095263770974e+00
2.690872598581551145e+00
2.818296678145954193e+00
3.721567313943632271e+00
3.883849945839973561e+00
4.611116849780062310e+00
6.230771485985755476e+00
6.648564264314159367e+00
5.429682900027498427e+00
4.264737203109569386e+00
3.498094248276357288e+00
2.770925192017506422e+00
3.207312305395463081e+00
5.020620986290905030e+00
6.090478647905340992e+00
5.657294214686831246e+00
5.325024822723986695e+00
5.192648769494389249e+00
3.926939120493242008e+00
2.580666898132332410e+00
3.190532230315696882e+00
4.825038959407103256e+00
5.606590654529635565e+00
6.067151671700746540e+00
6.694431747426754953e+00
5.960187298053622129e+00
3.848897369130030111e+00
2.933156611699203165e+00
3.895772494036100930e+00
4.568121406740050183e+00
4.278284477086170767e+00
4.574879427708357760e+00
5.629594783217837239e+00
5.998567610455507015e+00
5.372803021010268409e+00
4.559055769899758914e+00
3.926575588919933857e+00
3.719055022129735377e+00
4.270590445017558245e+00
5.070201506719544504e+00
5.239785204878145919e+00
4.839907985630787834e+00
4.446652780804266847e+00
4.355012753460000496e+00
4.857434539087276626e+00
5.831071239546363749e+00
6.158468299391340217e+00
5.281486494953587574e+00
4.369231074615908206e+00
4.283781925251660461e+00
4.190765858601811722e+00
3.611171068329901424e+00
3.479490692638607108e+00
4.170058374534595380e+00
4.929420572371151721e+00
5.467576567583729563e+00
5.873468709500636820e+00
5.716440856930613990e+00
5.009825681881745041e+00
4.470190560573830574e+00
3.936270130868867678e+00
2.877657926295904112e+00
2.205984949652452176e+00
2.717337453974381312e+00
3.248789056152598942e+00
3.232493224356870254e+00
4.058620493196971601e+00
5.411001778634648041e+00
4.834786709678294159e+00
2.811448912347233264e+00
2.415123677308282701e+00
3.187203277736301743e+00
2.277953204875920790e+00
9.801726463482706153e-01
2.359839789611916760e+00
4.487808160923415279e+00
4.012301297025862468e+00
2.879796899056760839e+00
3.889480263059221787e+00
4.686832938133878912e+00
3.067460458446713112e+00
1.911035906330947221e+00
3.140303228810966463e+00
3.936139334449388905e+00
3.022725637537123866e+00
3.064834393215980946e+00
4.513136966632123936e+00
4.658726204145121841e+00
3.335299392844768285e+00
2.706092322730023980e+00
2.709714453876471030e+00
2.411281688478908336e+00
2.868514723970576163e+00
4.382701160840737131e+00
5.034391203331370690e+00
4.357202320596649692e+00
3.726311140676792810e+00
2.982407733343993783e+00
1.783550745079441446e+00
2.206540276053952532e+00
4.884675008396696327e+00
6.474566137440559643e+00
5.390630178898487834e+00
4.555634962632907126e+00
5.218750350694949525e+00
4.961063236888590744e+00
3.851017252967497306e+00
4.825369274936189612e+00
7.189328904746836280e+00
7.566659466488526498e+00
6.643694257111046220e+00
7.501244186427841854e+00
9.245453140414639392e+00
9.154331173524045795e+00
8.323829289806999654e+00
9.341013078917278278e+00
1.150021368629816010e+01
1.278649571466631230e+01
1.348039822181201863e+01
1.471789990071824761e+01
1.612191527313828487e+01
1.677071368218500425e+01
1.694637627290026316e+01
1.805846929640260612e+01
2.095819390014641570e+01
2.432310850212408226e+01
2.600274661344584004e+01
2.628791335872937296e+01
2.719309848974685195e+01
2.854053405553837308e+01
2.883177764906128004e+01
2.925355434269924615e+01
3.161995615879309796e+01
3.402769066681259602e+01
3.418722620263443446e+01
3.399001118476672900e+01
3.521495458201552253e+01
3.541259494088548365e+01
3.323219891060090703e+01
3.188047966823319257e+01
3.311462368788648547e+01
3.442943652674801314e+01
3.453371712205724009e+01
3.468576574008296376e+01
3.456582736268808276e+01
3.345322455079985247e+01
3.299774630121465435e+01
3.332283481711112216e+01
3.164149926943619917e+01
2.853908603738497973e+01
2.782334908691488096e+01
2.852313555132311862e+01
2.664800358087168064e+01
2.371146114750662548e+01
2.309435088762733557e+01
2.261251166702002280e+01
2.084742522062142811e+01
2.195571154888162724e+01
2.493354555537615269e+01
2.142656538193586258e+01
1.224188133147398716e+01
9.198628732843134870e+00
1.466570089559164813e+01
1.840289297037130822e+01
1.714436841545406409e+01
1.664409496442951308e+01
1.609809952936425503e+01
1.174552133995600123e+01
9.638886871137483325e+00
1.462997457509579036e+01
1.784548502821790805e+01
1.313514781201244475e+01
9.914096761537400937e+00
1.445619198081667633e+01
1.826660662134560198e+01
1.649113644929336076e+01
1.585223845690541467e+01
1.789809076283827594e+01
1.713847682704035336e+01
1.611375795625549401e+01
2.010546285408743117e+01
2.327011444929787487e+01
2.050214312060358424e+01
1.998081824822371999e+01
2.610152181430832030e+01
2.884587718576937831e+01
2.433220333885595821e+01
2.289478575791195425e+01
2.753992857313696518e+01
2.980869234064467221e+01
2.975848397255674627e+01
3.352031972770467405e+01
3.553709106642996574e+01
2.964629850872596961e+01
2.615679428788517313e+01
3.313275824788721025e+01
3.892641171510150855e+01
3.494708679517449923e+01
3.187464930237553062e+01
3.576193718541247080e+01
3.593722261693690001e+01
2.906964594767122634e+01
2.587050349257717130e+01
2.823550503062953254e+01
2.878378598040730196e+01
3.045023603174501048e+01
3.822100874677011717e+01
4.177782793013427209e+01
3.286732459273305551e+01
2.350824658485139551e+01
2.454309356353629568e+01
2.774472734767492810e+01
2.617162971366068547e+01
2.662410669585713308e+01
3.086219963481261530e+01
3.152112752725900435e+01
3.015947560683939344e+01
3.260132510946140627e+01
3.196059633656433263e+01
2.282173951772974974e+01
1.849988914260391937e+01
2.850315306197770937e+01
3.853269037222949578e+01
3.566675077760056212e+01
2.936359239850735392e+01
2.952053352951523379e+01
3.113437746652624583e+01
3.286164587756162092e+01
4.109845781460041536e+01
4.962181981153565857e+01
4.566389136613057076e+01
3.601412823061811963e+01
3.707737856607875671e+01
4.520225781335418702e+01
4.601028218824752258e+01
4.255805019924109445e+01
4.668790445582037307e+01
5.493612820603663494e+01
5.689650358844034628e+01
5.441054764194277027e+01
5.409773937721870141e+01
5.457010335647150612e+01
5.400356361560228891e+01
5.640257244762389632e+01
6.172821158006728837e+01
6.293100081339392204e+01
5.817161602048161484e+01
5.490968419517622578e+01
5.858046937840712332e+01
6.516429884819504537e+01
6.713750283744505509e+01
6.271779087300816968e+01
5.748482912830020553e+01
5.696735282603213335e+01
5.976273915374635237e+01
6.160186895176220645e+01
6.297310103053166586e+01
6.572889513768510028e+01
6.646352115407535166e+01
6.224257007075252801e+01
5.742221855240602935e+01
5.603389426620511671e+01
5.534190126055478487e+01
5.439916952935986671e+01
5.751163537859347485e+01
6.280100161777973256e+01
6.159209334227728760e+01
5.417992549668528568e+01
5.056668734510223118e+01
5.304288729215463860e+01
5.426064365300319992e+01
5.201182845537056210e+01
5.001988817595127301e+01
4.787258800526960556e+01
4.450958990084059508e+01
4.450545384507741176e+01
4.912036336391268065e+01
5.158391805678278530e+01
4.954674360734489369e+01
4.856701576642866769e+01
4.874274754967624546e+01
4.425258108159182058e+01
3.734650375579341386e+01
3.551022915946337122e+01
3.731223855227848674e+01
3.768988072801557365e+01
3.996843209685770404e+01
4.661077540120523821e+01
4.929995971159995349e+01
4.308969741651581131e+01
3.654706557979840653e+01
3.585676300217551926e+01
3.547704894301458012e+01
3.326148043115817643e+01
3.575833438368014328e+01
4.241922283822059114e+01
4.374734753100481299e+01
3.908255960131165097e+01
3.826070975533071561e+01
4.290454169995155098e+01
4.364576920233102442e+01
3.728561876237645833e+01
3.125361828370905570e+01
3.208346695470521581e+01
4.024552608783685059e+01
4.383119374257173462e+01
4.068467815426100032e+01
4.073393165875805266e+01
4.051389409877378256e+01
4.032660906573065063e+01
4.326516396780203877e+01
4.700273373884076022e+01
4.327125201681220545e+01
2.762196055517687299e+01
4.943544014846171564e+00
4.744568877128850226e-01
