1.043353519434597476e-01
6.981801998820335031e-01
3.371434611151706839e+00
6.140602716004573303e+00
5.496055702528538589e+00
3.665812191195614744e+00
3.260127089098213027e+00
4.101488268741402266e+00
4.567390604977024537e+00
4.445334456497998410e+00
4.597760530586388228e+00
5.147009067230481349e+00
3.396921139001985335e+00
3.835336353510941265e+00
5.109487064775954046e+00
4.783973612084344573e+00
3.358980752520849933e+00
2.925653153498623649e+00
3.950836434673168363e+00
5.194748862299896963e+00
5.625286456463905793e+00
5.249046127105993165e+00
4.528954110784050968e+00
4.345739153849247138e+00
4.939307825474710256e+00
4.878468049018516162e+00
3.616325794239788394e+00
3.181234374006317367e+00
4.807951637801774147e+00
6.345073789013055077e+00
5.672533333733821514e+00
4.112794313611577657e+00
3.787136807888980883e+00
4.282985624823042237e+00
4.438344299068707421e+00
4.566020801544302010e+00
4.826513307031385480e+00
4.346836311247501250e+00
3.449624648773619295e+00
3.730347411927904755e+00
4.987543658664246315e+00
5.205012052261700717e+00
4.128471927799821195e+00
3.757716016388415348e+00
4.945376848664566616e+00
6.251369072972960517e+00
6.326786036380518397e+00
5.353285054343716709e+00
4.223073477030756528e+00
3.579675211122828049e+00
3.396323376818172424e+00
3.231881941428623062e+00
3.342570591389116608e+00
4.595023740420911551e+00
6.444552862899048051e+00
6.876763345321941223e+00
5.459037207965798721e+00
4.026548577915740168e+00
3.517532922993709565e+00
3.179799668982998817e+00
3.233675008256869710e+00
4.598245938881097672e+00
6.082538393004247368e+00
5.838454281810303570e+00
4.825623642548069192e+00
4.834979302877598251e+00
4.831434179650924143e+00
3.416872609339076661e+00
2.440944474794409125e+00
3.958799165707117318e+00
6.305943669453180078e+00
6.862267619906279315e+00
5.891425726117561545e+00
4.906710578740420381e+00
4.206572430373961780e+00
3.818040723939967851e+00
4.046079895779588931e+00
4.379926108567628873e+00
4.291502217955146747e+00
4.529127495758723754e+00
5.485672797321588412e+00
5.938453161868880947e+00
5.213686268356027220e+00
4.359673501280130203e+00
4.056269960165786337e+00
3.968188656237519485e+00
4.343186933904690683e+00
5.352442608734786056e+00
5.608577632329462048e+00
4.355087035812430507e+00
3.505908030258810815e+00
4.557137803888519301e+00
5.841281098061664068e+00
5.641686273549182395e+00
5.114690635284931730e+00
5.506574955747079336e+00
5.617414359600167550e+00
4.422079296106826263e+00
3.232453315600741561e+00
3.294970759561760776e+00
3.889607623739007369e+00
4.209074215484934101e+00
4.715802704751320462e+00
5.604300608571572972e+00
6.011545248238284955e+00
5.568035790153156306e+00
5.020814809099443998e+00
4.712140693651116763e+00
3.981391612179328465e+00
2.710551087093640454e+00
2.011734306730272426e+00
2.534608311300840633e+00
3.405232707420807969e+00
3.778304795997516230e+00
4.055925228303980390e+00
4.560345908552513094e+00
4.585683118579574113e+00
3.812658078348975188e+00
2.958664067445831325e+00
2.321854672480134774e+00
1.673712487147801298e+00
1.672476615004422573e+00
2.876666156511697547e+00
3.917726480408361134e+00
3.552130897142527388e+00
3.160405157054975156e+00
4.039434121104529041e+00
4.549185711024787970e+00
3.352890861267841860e+00
2.323826078380275550e+00
2.899039675378735748e+00
3.427907727600442822e+00
2.999641729207204399e+00
3.304513643184479488e+00
4.516604225412340412e+00
4.456932542990834634e+00
3.149529815977290870e+00
2.850843196855843864e+00
3.382995907973988192e+00
2.884533054952409969e+00
2.247954792724135675e+00
3.453784424927638597e+00
5.225955170587251786e+00
5.092755507912071877e+00
3.493071422913912372e+00
2.300158132218910190e+00
2.101507002411602709e+00
3.015364920837503959e+00
4.897467289361471465e+00
6.105357722498441220e+00
5.444695945524034464e+00
4.449721789202839339e+00
4.610706620114793708e+00
4.845174590199167852e+00
4.517153418614072713e+00
5.148351144493370946e+00
6.811451753568153578e+00
7.427376784079956273e+00
7.058475121705991562e+00
7.769735231280171739e+00
8.991861986996861233e+00
8.620893042327868017e+00
7.928654083183655388e+00
9.560908983765532554e+00
1.221777808190357995e+01
1.300160954932963264e+01
1.289008332636465326e+01
1.448110341950001079e+01
1.673449825748865649e+01
1.703538391293873744e+01
1.633162024151828362e+01
1.769697583655963058e+01
2.128705376651380732e+01
2.442289388283155205e+01
2.580246777024331450e+01
2.658407967098919400e+01
2.756755095332035665e+01
2.810083143498742331e+01
2.831077135431835146e+01
2.969467542868171250e+01
3.222831823605476131e+01
3.369828231677991681e+01
3.355472865173111785e+01
3.405324463365299437e+01
3.565867783257072432e+01
3.556611133724138085e+01
3.306955439227147764e+01
3.158077306769224890e+01
3.297024348931466875e+01
3.482573659756691598e+01
3.506841698827988552e+01
3.447173104509983688e+01
3.390242078306641815e+01
3.341581502165892203e+01
3.340012384088695541e+01
3.324655531308311396e+01
3.138496132998055543e+01
2.878071125873580627e+01
2.803873373075306930e+01
2.829852344164611821e+01
2.676156550631050379e+01
2.424225403707381687e+01
2.284974446251284164e+01
2.163261011347566054e+01
2.067978356114703686e+01
2.276354887173812713e+01
2.527390878586241030e+01
2.102106769659356189e+01
1.213894027535638109e+01
9.571583693015163874e+00
1.485274922159931954e+01
1.829674327477980000e+01
1.687044895123846544e+01
1.614496605563332565e+01
1.585307087200456877e+01
1.225445809846532974e+01
1.021854654848678834e+01
1.450639047854025243e+01
1.759601382516916601e+01
1.335352489225056694e+01
1.000153672033477292e+01
1.411624777678258091e+01
1.814122979020347870e+01
1.653979564587455542e+01
1.550360627886928633e+01
1.776675781492929573e+01
1.794452302201915472e+01
1.676119318777199396e+01
1.952271105926501704e+01
2.256960159041808822e+01
2.083311469492814538e+01
2.041706648890121656e+01
2.572825258099094725e+01
2.842839259092009385e+01
2.447740891392881224e+01
2.311489896533958088e+01
2.770869754998092560e+01
3.014007674587478647e+01
2.973211633574248580e+01
3.292803445249596450e+01
3.532942542135323549e+01
3.013130031820798038e+01
2.632443298438992230e+01
3.273464345417811217e+01
3.882570845169361462e+01
3.518303315837625433e+01
3.186804899825936133e+01
3.581262286600206579e+01
3.626118962593519512e+01
2.888316794938749865e+01
2.522613363901125894e+01
2.840087342306886242e+01
2.961484635900006523e+01
3.038510005452624796e+01
3.736166148207533411e+01
4.166351861854165151e+01
3.345163367647596431e+01
2.361875202642743687e+01
2.433490154268692152e+01
2.786630653709941541e+01
2.619377286186669451e+01
2.638268724729743653e+01
3.106673151299751012e+01
3.189586149731492171e+01
2.971527125781308953e+01
3.189883761872876278e+01
3.220488141529678927e+01
2.348747516900087717e+01
1.854799608287062895e+01
2.835017513373323794e+01
3.866471876346788150e+01
3.555718806286113676e+01
2.907941592146207910e+01
2.972759963423424523e+01
3.127234395719527527e+01
3.220479161804330204e+01
4.073029615273305382e+01
5.046605009760776284e+01
4.642560275736486375e+01
3.563436147029162271e+01
3.661123528233959235e+01
4.536493441045617203e+01
4.597692499175003888e+01
4.220812816554504820e+01
4.677381738987796211e+01
5.508944474282338888e+01
5.655418799670911767e+01
5.447835395505216383e+01
5.499113661628078376e+01
5.487594041022304481e+01
5.319588501756477683e+01
5.590907077090411548e+01
6.203911905639968438e+01
6.299576913568287750e+01
5.792975785950225287e+01
5.509066270659339892e+01
5.876834341774932824e+01
6.494901727101165534e+01
6.734829058115364830e+01
6.335778830203104661e+01
5.722794710361680615e+01
5.599182746383915088e+01
5.968573839589605257e+01
6.229618000265155331e+01
6.303806434120446056e+01
6.538820863256015059e+01
6.663119459989687243e+01
6.241330963571633816e+01
5.719750923901543871e+01
5.620058254899181804e+01
5.573614600248875206e+01
5.392047370956760233e+01
5.679180142662590924e+01
6.324189392248692343e+01
6.238175435173853600e+01
5.388066584522716340e+01
4.997331871926526503e+01
5.326910715307725042e+01
5.455021309156043685e+01
5.182804800456511884e+01
5.013817059633353068e+01
4.815315238833472478e+01
4.407480705206548777e+01
4.407834083551093585e+01
4.968413219444056494e+01
5.204103239340393827e+01
4.890455149901193721e+01
4.806169439956122602e+01
4.924552422247839445e+01
4.468337981447545104e+01
3.721804763558021278e+01
3.557111232629905118e+01
3.735016641348935451e+01
3.715493227637993812e+01
3.977304727333625323e+01
4.723873125593929245e+01
4.938494002798181981e+01
4.229204531339922823e+01
3.653536414581665071e+01
3.684181609834164561e+01
3.574628763172059109e+01
3.268479766980022561e+01
3.560880616359694528e+01
4.247435075286677630e+01
4.331156976764150812e+01
3.897507459818380937e+01
3.889107102006195760e+01
4.301414481154643710e+01
4.305277151469696406e+01
3.752212557629782452e+01
3.216134703100439651e+01
3.190732258992374071e+01
3.942681946179386188e+01
4.362411069233098715e+01
4.076069782415363107e+01
4.077315501216430249e+01
4.072155521811644263e+01
4.073224425069001597e+01
4.320669145453472737e+01
4.654014295081421437e+01
4.348269701952892774e+01
2.854190000064107124e+01
5.133938530635670183e+00
4.955760026404110175e-01
