1.067005156604573513e-01
7.090318832188560183e-01
3.414664113132735768e+00
6.124922003061906928e+00
5.364607813070439768e+00
3.646923214029785587e+00
3.392315361679601349e+00
4.077378311755636808e+00
4.374980924593852905e+00
4.470176148721252574e+00
4.853707476016058564e+00
5.201347332308380977e+00
3.153500741402784247e+00
3.849954544668103829e+00
5.314430876146754912e+00
4.653271619183718677e+00
3.112832683999658734e+00
3.070146395276144080e+00
4.185053057019264777e+00
5.064156500914597459e+00
5.456972622728476274e+00
5.416011519036911359e+00
4.692650639154580361e+00
4.211007921552479161e+00
4.786271060126584764e+00
4.898519395726561143e+00
3.669169917337141484e+00
3.230010195414619645e+00
4.847008733556284810e+00
6.260351390092957047e+00
5.599382614748781961e+00
4.267179859007600662e+00
3.902875739240101005e+00
4.080332565416529889e+00
4.292304697351879028e+00
4.770943167320818468e+00
4.937516258689992554e+00
4.126950990296895050e+00
3.397578749232667672e+00
3.978853141895027701e+00
4.992739762382885083e+00
4.942156194705363603e+00
4.159669830549235670e+00
4.022327996263117988e+00
4.906650289888655259e+00
6.017704123476420364e+00
6.353547945349022896e+00
5.521409454586298615e+00
4.210206420293730822e+00
3.481771150634793255e+00
3.366307930608912979e+00
3.230632056289863385e+00
3.417076435442885529e+00
4.721481525179421546e+00
6.379662268042505247e+00
6.690419857779937196e+00
5.525463860608107680e+00
4.213927653192908629e+00
3.390734586176396892e+00
2.964267923156623130e+00
3.386859343701783320e+00
4.811169136650073952e+00
5.933921409940047020e+00
5.710452483776224497e+00
5.043971202350993721e+00
4.925961396765693223e+00
4.550006483997627527e+00
3.289582181510676495e+00
2.664498336366051490e+00
4.053647400155635516e+00
6.147890123191787737e+00
6.829001687724549186e+00
6.029670538117324341e+00
4.968413607690449041e+00
4.179196251713167776e+00
3.751643195699204014e+00
3.914067059302447582e+00
4.354236223489998281e+00
4.466079711750845505e+00
4.580203753513479192e+00
5.304461399505159491e+00
5.949602965294104706e+00
5.470592093603012351e+00
4.347014599801099166e+00
3.783120508808982763e+00
3.979682853820371236e+00
4.547098508928664629e+00
5.239951064077970067e+00
5.403472671548235517e+00
4.537828429989475332e+00
3.750907009429406802e+00
4.411599268425009157e+00
5.646176771427169783e+00
5.764417718569709415e+00
5.244343960826753914e+00
5.392653559360556237e+00
5.502825345312103877e+00
4.444275813498390626e+00
3.284314776673301406e+00
3.377648988191964907e+00
3.949432922378596000e+00
4.090653867440450675e+00
4.601396644651339685e+00
5.753761702056434224e+00
6.134377821205934112e+00
5.368103726056600244e+00
4.889883910135432110e+00
4.932058435880771086e+00
4.085320343568669799e+00
2.483159345170889321e+00
1.968891305797646263e+00
2.784398944039789381e+00
3.397841157121979538e+00
3.514981168345541640e+00
4.094949220924423372e+00
4.821126329820988765e+00
4.545491381664183095e+00
3.584865350841590192e+00
2.968878219603290791e+00
2.464086500993331708e+00
1.680446284075496344e+00
1.623463423945594730e+00
2.854164952565686697e+00
3.888888698072409333e+00
3.623199444668243174e+00
3.295859609585260586e+00
3.949962317767678144e+00
4.328019202213574168e+00
3.418161535779360882e+00
2.531677377865488854e+00
2.795930782874131992e+00
3.247193357075614184e+00
3.179376414486084990e+00
3.502231669996429986e+00
4.329008600473511770e+00
4.301463890567783999e+00
3.347237873933216701e+00
2.925920060010327894e+00
3.115176936747233505e+00
2.794203017187593119e+00
2.500821837246553159e+00
3.575039554682937215e+00
5.093735352921853199e+00
5.038893368763235792e+00
3.557763634299038635e+00
2.312705142307756478e+00
2.086999365517189453e+00
2.969421184943742631e+00
4.769808496451678259e+00
6.110890931272028759e+00
5.673713311040060603e+00
4.519901347599106778e+00
4.403941855122866400e+00
4.819969261160498064e+00
4.733303080843975330e+00
5.097604625235687692e+00
6.538593485372024894e+00
7.478512763983849787e+00
7.298893583761818959e+00
7.678547352196232190e+00
8.805851569344811836e+00
8.803885009976349707e+00
8.143894369976356629e+00
9.384717633705259132e+00
1.200275189017072819e+01
1.310048237091117329e+01
1.301767398742911119e+01
1.441686674098576226e+01
1.667037450520865960e+01
1.705008017949383614e+01
1.635653267706246794e+01
1.778523330483442422e+01
2.135067300810316127e+01
2.427262214342854563e+01
2.566309840407136278e+01
2.674579934386344959e+01
2.770874249961924818e+01
2.790987455588977184e+01
2.819369781960763177e+01
2.991926440943872834e+01
3.231324965584075670e+01
3.345842218302724547e+01
3.352336228927095618e+01
3.431019942357907127e+01
3.564496093038186331e+01
3.530293500203194412e+01
3.310762033847540664e+01
3.182756009465913039e+01
3.292849230889989087e+01
3.461359252351731897e+01
3.507390646228892450e+01
3.459785715480037283e+01
3.393398816984906574e+01
3.341141795544469772e+01
3.337003022325033186e+01
3.316966945444268333e+01
3.143504444602397996e+01
2.892055295582225938e+01
2.794112692769704509e+01
2.807458155634214947e+01
2.685422789434236535e+01
2.448082296105698674e+01
2.276090769359498367e+01
2.146147440364046233e+01
2.085169195414507115e+01
2.291729783945104160e+01
2.503963990612451695e+01
2.085515386250202496e+01
1.235116904351916212e+01
9.672318019800503208e+00
1.462748731507557487e+01
1.824109545519986852e+01
1.711921352896978021e+01
1.624756959635853804e+01
1.571038060513814649e+01
1.216444785672600837e+01
1.022115414149898882e+01
1.450566512572195066e+01
1.763976469384666146e+01
1.336358027114855851e+01
9.888708099480865599e+00
1.413094307744062661e+01
1.837781173505128152e+01
1.658211819048428382e+01
1.524822985877788284e+01
1.771194969527607910e+01
1.814927001012798868e+01
1.671378481020020956e+01
1.928781413835236691e+01
2.267625914260481679e+01
2.109766253947073977e+01
2.031441378162139699e+01
2.552123615640444143e+01
2.858023998742473282e+01
2.465714488462891296e+01
2.293138577355534480e+01
2.750979993224643039e+01
3.024425035235584858e+01
2.987135866252210192e+01
3.291008081102139471e+01
3.529658279070156368e+01
3.011181188309450008e+01
2.630044813118932723e+01
3.281960202962800111e+01
3.890076608658077362e+01
3.502235963403722963e+01
3.172602945585496670e+01
3.599528416559630273e+01
3.641513548098902930e+01
2.869121890134712771e+01
2.511413568054534551e+01
2.862341641267869363e+01
2.967935800847511985e+01
3.013740559848507417e+01
3.734669706881266649e+01
4.192896224548517381e+01
3.343046453080768288e+01
2.335152998878919561e+01
2.436495445967134899e+01
2.809750291925650600e+01
2.616148904285236654e+01
2.620292945522242789e+01
3.107662041285303545e+01
3.200208503655273518e+01
2.975734092221243543e+01
3.191940062474258966e+01
3.215088622247587580e+01
2.335789506770532853e+01
1.858587885943783036e+01
2.851466296718187010e+01
3.858696605098982246e+01
3.535389990495747981e+01
2.920110548021500207e+01
2.997272712690389440e+01
3.116176339689495833e+01
3.201234534825652389e+01
4.088017236108723296e+01
5.058591709930726665e+01
4.617711386967073395e+01
3.549734553353966504e+01
3.686677982444545876e+01
4.550007968292332095e+01
4.577777509959078373e+01
4.214664297217506572e+01
4.697118096622578065e+01
5.514559606205646958e+01
5.640641337602598782e+01
5.438525340482247117e+01
5.497704618056304327e+01
5.490085531678681718e+01
5.331347727530731362e+01
5.596192846452261449e+01
6.190607315986711967e+01
6.297488375378269865e+01
5.813645199174539613e+01
5.509524212961867562e+01
5.848962255371078101e+01
6.490981996117945130e+01
6.758310985467669241e+01
6.333591090477002439e+01
5.702684831004163613e+01
5.612473327225484354e+01
5.993421110514598382e+01
6.215024265436399986e+01
6.279717200281854161e+01
6.551748832092035002e+01
6.680459981485510923e+01
6.226113782444218714e+01
5.704135594173857982e+01
5.631084619153535442e+01
5.586678953265148095e+01
5.392083594820574888e+01
5.676636901160687643e+01
6.317742529507331994e+01
6.231369323148502559e+01
5.397718600063889482e+01
5.007814722901744631e+01
5.311481841943940196e+01
5.441243473359271832e+01
5.202271215084439859e+01
5.028784024803176322e+01
4.794914786686618413e+01
4.396688037349930767e+01
4.430333234677993204e+01
4.973456586082892983e+01
5.178980942379206454e+01
4.890368340061770169e+01
4.832911739538347007e+01
4.921391012250469288e+01
4.441417104589618248e+01
3.724385339816379314e+01
3.579393483972572909e+01
3.733891038778163818e+01
3.701412909152690389e+01
3.977978299759912062e+01
4.730560493483393003e+01
4.941630161769188589e+01
4.232630741628933890e+01
3.646332180976658321e+01
3.668127025326512580e+01
3.579922959857405118e+01
3.289232481293511512e+01
3.555664174833035673e+01
4.228312440860593568e+01
4.343245137695640778e+01
3.919054136093719620e+01
3.873661423413824423e+01
4.279892541025861163e+01
4.320835908521487312e+01
3.765012123420100210e+01
3.192901328686147622e+01
3.182319575315445093e+01
3.970692043416351424e+01
4.375237242405029292e+01
4.056435989522864105e+01
4.065727290920448667e+01
4.085658062561214621e+01
4.078313434975382989e+01
4.307136582624986687e+01
4.648901057474146370e+01
4.353956931908810901e+01
2.851735208371862740e+01
5.127549474545092245e+00
4.946553712243353940e-01
