1.029514550936389411e-01
6.895048522750371056e-01
3.329068727959132001e+00
6.069559444795535441e+00
5.421535182630835337e+00
3.625253025587770850e+00
3.292415845463843915e+00
4.090647113914684496e+00
4.438742033801691633e+00
4.405093449847587550e+00
4.800916644940057765e+00
5.341439968216510792e+00
3.344050427334010145e+00
3.670692013023381328e+00
5.133262196864239790e+00
4.812021787607166701e+00
3.194405061365643839e+00
2.851514306226372142e+00
4.125584188354721071e+00
5.291884593855991525e+00
5.516728478732339624e+00
5.260236744811758847e+00
4.730955978203108536e+00
4.364884985261453743e+00
4.682254626620842686e+00
4.719376183142392378e+00
3.733058765724353023e+00
3.330950071421037162e+00
4.791393101248528019e+00
6.251708039883420831e+00
5.679145125317748288e+00
4.247122014876220319e+00
3.873818444829690399e+00
4.164674030743845456e+00
4.260465091352379829e+00
4.588288138402820238e+00
4.968564415389479905e+00
4.337229181976590908e+00
3.350864780382802000e+00
3.784807381996359243e+00
5.092492636257853533e+00
5.131248423083690113e+00
4.029583886167503515e+00
3.863873595081651402e+00
5.058660169097919379e+00
6.121699474037912481e+00
6.170425844135771776e+00
5.457769593827599408e+00
4.400985913763418189e+00
3.508625205696520144e+00
3.188548303309036491e+00
3.229642476534477780e+00
3.557357067888836877e+00
4.714942802317398041e+00
6.323590952508488350e+00
6.730020063406215947e+00
5.502918135181933401e+00
4.137662992444536059e+00
3.458891239535157869e+00
3.025051713886825144e+00
3.243933993473527622e+00
4.757489463859317702e+00
6.145627477972141151e+00
5.788428482272344411e+00
4.850844225861159487e+00
4.898157052941199296e+00
4.726082629058932838e+00
3.221195248376159448e+00
2.443146571037579928e+00
4.138393371929817377e+00
6.352469752464336317e+00
6.735222034127589019e+00
5.901009633188377457e+00
5.138662767095243389e+00
4.311012525184635180e+00
3.580571930747924014e+00
3.778408234092906604e+00
4.429633540834648109e+00
4.490717189018206490e+00
4.528470568448581091e+00
5.364176484345879459e+00
6.007540930403975743e+00
5.418717138269825817e+00
4.384656578572516672e+00
3.887196329601660061e+00
3.866870040146353382e+00
4.363273577078277121e+00
5.326664946439880310e+00
5.540271140551089601e+00
4.420030567863562965e+00
3.689573192530698265e+00
4.625600089685949712e+00
5.715973915392036808e+00
5.542800086971997331e+00
5.203851033363640965e+00
5.588132446941333598e+00
5.453739167830368828e+00
4.209355122108281222e+00
3.344155710823099703e+00
3.606839323260270458e+00
3.922915574354448598e+00
3.959082493019984383e+00
4.656378247817732685e+00
5.812758155722171693e+00
6.057683122663800823e+00
5.354146403293846390e+00
4.933446570402787223e+00
4.861776946496489948e+00
4.056197964535443568e+00
2.622092226201856224e+00
1.997017994255856799e+00
2.632833277936474037e+00
3.412511310944858600e+00
3.670556537966504607e+00
4.021495413184186241e+00
4.665803563143363419e+00
4.673761887649943603e+00
3.725004402736874720e+00
2.784287517115957122e+00
2.332655019610172076e+00
1.891027194682338930e+00
1.732715322211398901e+00
2.642928990802770883e+00
3.820167545199586456e+00
3.832503686061925485e+00
3.348475272105107869e+00
3.792429808138642944e+00
4.304185922614082394e+00
3.486205524812635570e+00
2.476287257126180918e+00
2.765707975817839781e+00
3.339355421913543065e+00
3.180986051227519873e+00
3.435876972641574323e+00
4.416819691507420487e+00
4.383010578552912762e+00
3.210027511426925884e+00
2.836387783129441509e+00
3.233079082849980246e+00
2.787872282770942789e+00
2.333899952198584149e+00
3.658583127551032543e+00
5.340840792738624998e+00
4.970872009750693543e+00
3.340305670332065713e+00
2.414930558330410371e+00
2.260507958356924085e+00
2.794281713583247839e+00
4.566610539786726264e+00
6.245849245305619135e+00
5.830112699435700208e+00
4.448137645166566401e+00
4.382924911218306185e+00
4.928616043983701012e+00
4.708363818782121513e+00
4.991018736668831224e+00
6.562910364749314773e+00
7.490698915702115990e+00
7.196135811860432163e+00
7.697814450439659062e+00
8.947994317085880667e+00
8.788432287793787268e+00
8.069383269553341620e+00
9.495458866690274391e+00
1.205295180199165372e+01
1.289067261590068725e+01
1.293842914462512539e+01
1.463264892801671380e+01
1.670953498809776860e+01
1.681931551522014701e+01
1.637170631046365088e+01
1.805427282122840538e+01
2.134550857521019296e+01
2.404473347564709940e+01
2.567814022735835167e+01
2.689091038029323499e+01
2.763761957732901564e+01
2.781115658774238142e+01
2.828825309292520984e+01
2.996876913738516990e+01
3.222321682088205819e+01
3.347390598356260227e+01
3.361121167516978403e+01
3.425475397519037557e+01
3.558796109560612564e+01
3.538780462923138259e+01
3.310858189311860400e+01
3.171409644688587548e+01
3.298885184542459825e+01
3.474091355417389337e+01
3.493763706586346274e+01
3.444490481462885612e+01
3.412090227230240203e+01
3.358448723580905693e+01
3.318199331169987687e+01
3.303455367244801266e+01
3.163720850801933437e+01
2.901198795172491529e+01
2.772573229909684756e+01
2.799638672459850852e+01
2.701215553631403665e+01
2.449226235379474303e+01
2.265420410260951911e+01
2.154362962039905227e+01
2.097245418539621653e+01
2.283635048714829807e+01
2.495974827730044510e+01
2.090846834873250870e+01
1.232662158512712125e+01
9.583138395431324952e+00
1.468285246894728324e+01
1.830775304859110975e+01
1.704690493637918536e+01
1.628397804666074578e+01
1.589534990494388467e+01
1.211004721094722925e+01
9.967232496040901779e+00
1.453081001268354022e+01
1.784544358630482463e+01
1.327090085818461773e+01
9.690079526645863695e+00
1.427936035894656008e+01
1.860115473519270068e+01
1.647870820719348117e+01
1.511469672211110904e+01
1.782268789062498371e+01
1.817798214498475318e+01
1.653196613028416095e+01
1.925639667326317550e+01
2.282872801308477406e+01
2.111142846527555861e+01
2.024235743644918273e+01
2.558821576206718262e+01
2.863857522432251912e+01
2.458402980161471518e+01
2.291886040358265220e+01
2.754554438346474754e+01
3.013295588152016435e+01
2.980204577713104186e+01
3.309205193681741264e+01
3.539508918944061833e+01
2.992061175579815213e+01
2.624266155835942982e+01
3.304610993784687878e+01
3.892830625741023454e+01
3.477715870253073405e+01
3.171082528540607015e+01
3.620072816473099664e+01
3.637751196090147232e+01
2.852295101735019855e+01
2.520973193544271140e+01
2.876872324034141926e+01
2.955865851213645357e+01
3.002985327188368814e+01
3.747518797291191106e+01
4.199869517702584432e+01
3.332500075265187434e+01
2.332881842309151921e+01
2.442228484990076609e+01
2.805520339376347749e+01
2.614390818241053793e+01
2.628669195306781603e+01
3.103477953634538267e+01
3.188388791490934082e+01
2.987415012958863514e+01
3.209665537846101557e+01
3.201671177517528832e+01
2.317477876542220372e+01
1.871976318203407175e+01
2.863359812919855685e+01
3.839650744911487834e+01
3.526126937383840243e+01
2.941692660315316843e+01
3.005106090673614005e+01
3.099038324145540457e+01
3.202585545815398405e+01
4.106040410183310740e+01
5.051198791998801596e+01
4.596504857345009754e+01
3.552938160192568517e+01
3.699618975285537203e+01
4.546584108213888697e+01
4.575159564377760546e+01
4.223441776484812493e+01
4.697946006163766697e+01
5.510194525583142422e+01
5.646399190314794936e+01
5.436411144821039443e+01
5.478854727890267640e+01
5.488447510560197173e+01
5.352256409871419862e+01
5.597910700675573281e+01
6.174304163188566719e+01
6.305746173269587729e+01
5.833237966485012294e+01
5.497470397457088609e+01
5.828513148489291495e+01
6.501611746745055598e+01
6.769746802367608041e+01
6.316156845341448900e+01
5.695101402563194171e+01
5.635553883844556822e+01
6.003579666001205339e+01
6.197781715331717578e+01
6.274367162244782747e+01
6.563343760355385825e+01
6.678453029392316864e+01
6.216163024912223278e+01
5.706655304486628921e+01
5.633270228525461931e+01
5.582442686886955130e+01
5.399981711258053707e+01
5.686753681361275881e+01
6.306209640322066434e+01
6.220406729064536222e+01
5.411558643278746672e+01
5.014973228282788398e+01
5.293306204582726338e+01
5.437169941729003142e+01
5.222283655790398882e+01
5.028315994069924244e+01
4.774635066974030906e+01
4.403010024185588378e+01
4.451175944471609824e+01
4.963260395556486060e+01
5.159519476235116997e+01
4.903313791530864307e+01
4.850229919289461122e+01
4.908381991506828257e+01
4.427432018490580390e+01
3.733331113597731843e+01
3.585134314757971197e+01
3.727230836377430734e+01
3.703749321583378418e+01
3.983860290214873601e+01
4.724971466851618374e+01
4.941791321448572916e+01
4.243646655609452978e+01
3.640610337743558489e+01
3.650846089677777684e+01
3.585146703294972070e+01
3.303109583239767488e+01
3.546249844105476257e+01
4.220420264830108437e+01
4.362610601083165562e+01
3.928690456144156684e+01
3.852198211751046841e+01
4.271991617816387787e+01
4.340941426121083424e+01
3.763694031139620222e+01
3.166969430472804348e+01
3.185531745336396980e+01
3.995393213212570771e+01
4.376886767138232415e+01
4.044528090687397537e+01
4.067348663191634728e+01
4.093273685962150665e+01
4.070699957737274133e+01
4.297794869140705742e+01
4.654439151734422353e+01
4.356188737624250962e+01
2.839149634800987343e+01
5.100406425034730518e+00
4.914965169920240129e-01
