6.574260048741402407e-02
4.402015826592488024e-01
2.121280828779129823e+00
3.854804682242626068e+00
3.397954367798960540e+00
2.443171323041416265e+00
2.885863994014048028e+00
4.234907356529152622e+00
5.519222542870211079e+00
6.872054557586435131e+00
7.243892596970502140e+00
5.382257192250703426e+00
1.962662160179261095e+00
1.918734740262336036e+00
3.473308484204361779e+00
3.488340772562961600e+00
2.663010586227624099e+00
3.933149827543498400e+00
6.622089227087315955e+00
6.937352599691061883e+00
5.934706978518669018e+00
5.315189748334610442e+00
3.821206866217791376e+00
2.957598341483155036e+00
3.027284089258404087e+00
3.083880957237361109e+00
4.302677142751256234e+00
5.243035914260626207e+00
5.936870280128101030e+00
7.182793599241326099e+00
6.159563874751607493e+00
4.427757315823350304e+00
3.472192373085211337e+00
1.970616893345902509e+00
2.926333619419083210e+00
4.910222125115662806e+00
4.726468321582958154e+00
4.850125889868413864e+00
4.604942273539714748e+00
4.803557450070241153e+00
6.388996286577672379e+00
4.706682669814673758e+00
2.671391108952592131e+00
3.531578252227932868e+00
4.063249470496616667e+00
5.525800317645393811e+00
6.080896989796173102e+00
4.732236739336912912e+00
5.988850777123604807e+00
5.794706617089713241e+00
3.326928114308122186e+00
3.202056401775248418e+00
2.835982794174348953e+00
3.907961709584111265e+00
6.194235776618074674e+00
4.988204604193134273e+00
4.717276523203202565e+00
4.921729538599784348e+00
3.697469232188923982e+00
5.363922621125097656e+00
5.209105902041970992e+00
3.652914334053884104e+00
5.634295240954501516e+00
5.098807035124377052e+00
3.732257651751010652e+00
4.389950097586365452e+00
2.959564231361773601e+00
3.283885090567241871e+00
4.539477677584629944e+00
5.272407261839191506e+00
8.649906663728103240e+00
7.192241537329875811e+00
3.407704247476002202e+00
4.915967787251007692e+00
3.667738288242580857e+00
1.638794064673523065e+00
3.507893485045644244e+00
3.977815917804560009e+00
5.752664582603195242e+00
7.262777613966507673e+00
6.520141185396062689e+00
7.366885493636040394e+00
3.996090207995655508e+00
1.010524614739920057e+00
4.413976295839971087e+00
3.473074785106798235e+00
2.224082395062730200e+00
5.690856170267655223e+00
6.122147668339500193e+00
7.127141622974628277e+00
7.347549941370452586e+00
4.007140501363429586e+00
3.947431869194151677e+00
3.491735434630113932e+00
3.847176754978093971e+00
6.599967503885491027e+00
3.106121153811572722e+00
2.328006317427439242e+00
7.039066047312617869e+00
6.167212233552236356e+00
5.769665237648299083e+00
5.347009145344836512e+00
1.923096447208900051e+00
3.817075231723522588e+00
4.844222549727347449e+00
3.588508313381705950e+00
5.201058830934739419e+00
4.129802203995615706e+00
5.278810771227217202e+00
7.191781397746539461e+00
3.281605152887864474e+00
3.591544396334667155e+00
3.025498278403336627e+00
-1.915697830591386541e+00
1.949128357791845012e+00
5.846323449794526894e+00
3.928563059961016624e+00
3.974273121153522936e+00
3.532305175859202784e+00
5.813930976565731434e+00
6.664162734569622160e+00
3.668440017305856227e-01
-2.579177774777454135e-01
1.099041091287042304e+00
3.349055341872553271e-02
4.899056874045272458e+00
5.161005831270084165e+00
2.319887210501840435e+00
6.326963869877697100e+00
6.447291923344726783e+00
4.435750943567911442e+00
3.385217981232546691e+00
-7.109339205264757489e-01
7.643469747403314196e-01
2.967929363398022602e+00
2.608890738585943669e+00
6.438733370571291026e+00
4.470331692296863224e+00
1.915179398000459443e+00
6.549026178509216756e+00
4.642888543220331954e+00
2.309903001854465288e+00
3.873235026234373102e+00
6.588974476532800661e-01
1.516805367476338429e+00
4.199922451042347404e+00
3.209981167777947952e+00
4.654860533892348329e+00
3.848854851322073500e+00
6.178589570637107897e+00
1.100321362176616091e+01
3.892081771799377421e+00
-2.294921855827199986e-01
4.214725155045113247e+00
3.364289218988150587e+00
5.238212022211247820e+00
8.184287368022044262e+00
6.578857096592196640e+00
8.254175230270444530e+00
8.638375648896769121e+00
9.908468807104476639e+00
1.182219924190738602e+01
5.633357441661132725e+00
6.289591290042078064e+00
1.268263097077291768e+01
1.075575298522082335e+01
1.301059054245514623e+01
1.678277232703393551e+01
1.509911603809117686e+01
1.785063181251218012e+01
1.965985343640592120e+01
2.039886452033274011e+01
2.200477849193751467e+01
1.863901768881864740e+01
2.246391398585048194e+01
2.895710694633027416e+01
2.584580055616802596e+01
2.706314527612994070e+01
3.019235614930292755e+01
3.103571937926307100e+01
3.730502264906092336e+01
3.637112407642472789e+01
3.037669233027579807e+01
3.113396975251557919e+01
3.182730133763811509e+01
3.401848541292073946e+01
3.372870993535887152e+01
2.998099227468998862e+01
3.660249832805755688e+01
4.040478093774810020e+01
3.549346274137962354e+01
3.639823722177890630e+01
3.350545120672892807e+01
2.759462022014486848e+01
2.904934548131322458e+01
3.034913318740392185e+01
3.294552442152684080e+01
3.324278561723292569e+01
2.893468922463635806e+01
3.164101698378804528e+01
3.069537468047542816e+01
2.343186899807897916e+01
2.143958218508172919e+01
1.544647244772710692e+01
1.366792770227691989e+01
2.491635199166664449e+01
2.869473558894947729e+01
2.256716437478679183e+01
1.497854345900484319e+01
1.193407872244072720e+01
1.841100129487698567e+01
1.732421935572116567e+01
1.006387848926264716e+01
1.303446942483708071e+01
1.363798495268423139e+01
1.153314554622813226e+01
1.506154807883853941e+01
1.652192413482838873e+01
1.898188373781398752e+01
1.731305367154496722e+01
9.113974757055416376e+00
1.141710997146779505e+01
1.579321791009917675e+01
1.329990455197043708e+01
1.467498715625508865e+01
1.725037646784700129e+01
2.078028934552385820e+01
2.249211783120975383e+01
1.799270294170591455e+01
2.087829639275074101e+01
2.384344914921489433e+01
1.890961654446144991e+01
2.323981087628856912e+01
2.729998793679286706e+01
2.218979296917978772e+01
2.448445858863110658e+01
3.052536992271286564e+01
3.113023527667217749e+01
2.880595037363011102e+01
3.064489150406716789e+01
3.899315327709128098e+01
3.356469042651940526e+01
2.100714024665516888e+01
3.108721904088633536e+01
4.122258252927284161e+01
3.276801511635105157e+01
3.112743420018847118e+01
3.716991618044510659e+01
3.578957374278282799e+01
2.938686874352681144e+01
2.778859597062331943e+01
3.253602794630558748e+01
2.880981544070232658e+01
2.496814249398314800e+01
3.743633693353732639e+01
4.057147338553902216e+01
2.854330792719379772e+01
2.647121536070845593e+01
2.800534059120404606e+01
2.673380467986849141e+01
2.998666517799942355e+01
3.228394934633062974e+01
3.007151831643691509e+01
2.435524293600563794e+01
2.429533548680880983e+01
3.297711123380177156e+01
3.107624477108293704e+01
2.257348905274927020e+01
2.512745400282204855e+01
3.174773998023204413e+01
3.940973833962700468e+01
4.100932046616854620e+01
2.719781538494806128e+01
1.902494075739809176e+01
2.562670021732966674e+01
3.360809805310804421e+01
4.277283120316879206e+01
5.113861895659028534e+01
5.145375577660824717e+01
4.291773838890392057e+01
3.621005350220105612e+01
4.369257643803143054e+01
4.568004628263683742e+01
3.300342606736911932e+01
3.868188166978404752e+01
5.868770540839322791e+01
6.143290099243765923e+01
5.712937107838825312e+01
5.956633738662753785e+01
5.896151772253201528e+01
5.249801213519143772e+01
5.166315798385954849e+01
5.977702517593870368e+01
5.858455465860851774e+01
5.004015405833882824e+01
5.762149128870898807e+01
6.863965801129830879e+01
6.772615531409728362e+01
6.801458280965819370e+01
6.526528669240614988e+01
5.503020019524508655e+01
5.280574034590045329e+01
5.777491586453042061e+01
5.887100303467616413e+01
5.911872716308101161e+01
6.767687874120152003e+01
7.572148504029888727e+01
6.551235331478869739e+01
5.310029731841489564e+01
5.645236815689121812e+01
5.612437640788915871e+01
5.024529882163165695e+01
5.615965556874340336e+01
6.296506312375294812e+01
5.985415104396426500e+01
5.561877274578094443e+01
5.511075753486883855e+01
5.434651363494305798e+01
5.116861862699102659e+01
5.123373038051710893e+01
5.187397573600156164e+01
4.612769515818293797e+01
4.430060988245200804e+01
4.772777068287238933e+01
4.628224813700045104e+01
4.756978224902594121e+01
5.263971635256338288e+01
5.081347657870696821e+01
4.618685166777229512e+01
4.357032996699042826e+01
4.040355965298897445e+01
3.781199179611069638e+01
3.816012253243594898e+01
3.819682003463901765e+01
3.461189846160459638e+01
3.938586992792441777e+01
5.275475192994526452e+01
4.825214185444741588e+01
3.283808212905464075e+01
3.604258470047754059e+01
4.374399036307179500e+01
3.700151434716919141e+01
3.179999426241300142e+01
3.816107669963054860e+01
4.045087936949982321e+01
3.280215102532789473e+01
3.758066646557493584e+01
5.093937277970466937e+01
4.536329357761606218e+01
3.746575327016746826e+01
4.048049723978525094e+01
3.292049766166845615e+01
3.174947344261828519e+01
3.964466485337450763e+01
3.783147122319687128e+01
3.635508607399267333e+01
3.771287374979170437e+01
4.946683709755224356e+01
5.587900621466351936e+01
4.490743893028616895e+01
3.829105450201736716e+01
3.526699357045114880e+01
6.668744302744162411e+00
6.857291351126677537e-01
