1.257899055010843203e-01
7.624112755072016689e-01
3.525036357352592908e+00
4.820234662360292965e+00
1.931014101345375211e+00
9.795653202304623886e-01
3.019010569706219282e+00
4.971826287594670823e+00
6.255436041063349606e+00
7.134667656661584090e+00
6.959773761773327294e+00
5.697894085804664499e+00
1.519244366624412645e+00
2.284463468111651796e+00
3.134104649913630247e+00
1.954527309800880852e+00
2.932252949589589708e+00
5.216941770637138376e+00
6.539829495955288508e+00
7.341197758754463010e+00
6.515615269883483052e+00
4.482769858747203351e+00
3.233737957527066165e+00
3.169591335603687110e+00
3.137764958847551355e+00
2.613457582276540236e+00
3.641123804039957612e+00
6.102402877017118143e+00
7.183731296493513163e+00
6.972399227042495262e+00
6.104745197379908284e+00
3.849352076748095985e+00
2.227887916393436640e+00
2.941559831276379988e+00
3.738982861318739026e+00
3.579103642202955182e+00
4.388343052502417407e+00
5.854200456305903799e+00
5.730409881534889394e+00
4.877202650433531517e+00
4.941060112590644593e+00
4.358458177170562386e+00
2.964667366468101140e+00
3.448423025729944857e+00
5.001545644988985906e+00
4.947387057348333173e+00
4.890313796053341378e+00
6.434782453920805168e+00
6.792678105798795052e+00
4.687121178627364770e+00
2.918819832645255907e+00
2.753084080564276448e+00
3.211342325145182475e+00
4.452304600414471736e+00
5.876438437669329495e+00
5.464750434367585008e+00
4.161715690449705463e+00
4.484815225934507765e+00
5.320674211571198242e+00
4.681118777740945092e+00
3.968774976358602657e+00
4.567018273392967842e+00
5.284218298146389436e+00
5.290695467437284805e+00
4.798205925710554709e+00
3.639793795070934479e+00
2.522583336336223780e+00
2.988283440360407717e+00
4.855762738903200315e+00
6.585542394437860381e+00
7.226760346333334084e+00
6.470289476194857947e+00
5.101630706368039725e+00
4.510849365812151568e+00
3.905511087726275754e+00
2.028769488365747442e+00
1.418858829107772834e+00
4.280782295809797411e+00
7.183936818710594530e+00
7.121267386015484924e+00
6.454490660602724361e+00
6.342325369146768921e+00
4.676428944908934682e+00
2.647943303370347667e+00
2.775749266028138429e+00
3.059458058118220691e+00
2.472899096305245514e+00
4.363556228535415471e+00
7.968163426740312971e+00
8.163750035977457742e+00
5.583637713086521792e+00
4.501350610731797097e+00
4.277042240963647934e+00
3.494864394898948401e+00
4.024737301032442538e+00
4.848814147655405193e+00
3.451368670611144385e+00
3.099705400597043248e+00
6.404683444525821834e+00
8.245955747640673295e+00
5.573307501018029519e+00
3.147955439686745294e+00
3.460648184429766516e+00
3.771191575429174048e+00
3.637348692824687646e+00
4.127208756149284063e+00
4.266410492423201362e+00
4.716217821283117395e+00
6.633179168730267250e+00
6.977749197119886837e+00
4.175422139502255270e+00
2.016627290361884928e+00
1.573812417478535286e+00
5.255897393188189159e-01
9.644793041037942327e-01
4.371301393751521047e+00
5.548214629173566337e+00
3.469080272430706380e+00
4.421072512396335696e+00
7.351487883874661122e+00
4.955171420751071309e+00
-2.426951975194658329e-01
-8.231651167908513589e-01
1.250432341496599431e+00
1.770451537463383129e+00
2.891872256280732412e+00
4.901176737458245114e+00
5.037929204353420509e+00
5.286833084825691031e+00
6.801310442267340051e+00
5.017494035137938901e+00
5.095371010289079239e-01
-2.414328818415740208e-01
2.024478031780724052e+00
2.505195469373867834e+00
3.134978729735674818e+00
5.461976508433215471e+00
5.423656881891794512e+00
3.632856727839669286e+00
4.353414589308011173e+00
4.923085574408142762e+00
2.459494700461525518e+00
1.413796669127931116e+00
2.952690138332959346e+00
2.751064686753072142e+00
2.224234090499087380e+00
4.182215247223576071e+00
4.755045217204901142e+00
3.880541757830530791e+00
6.787293462498625196e+00
9.148350122897211278e+00
4.256853679894832432e+00
-1.489414069810190422e-01
3.278949225099260456e+00
6.388280028641715624e+00
4.609977489193358480e+00
5.512825241434484269e+00
8.934711483220114658e+00
8.208304272370257948e+00
7.521513907454131065e+00
1.078179627857650935e+01
1.032879399623937999e+01
5.925251020960697446e+00
7.550049217795417711e+00
1.253609857657059123e+01
1.177478867681935171e+01
1.091662374382425504e+01
1.592287472126958114e+01
1.845389099752853568e+01
1.624322746548320140e+01
1.821858882327850537e+01
2.229163968944071073e+01
2.063637190684385203e+01
1.932139339830362701e+01
2.414793582863612187e+01
2.712823856130177447e+01
2.549302957569506489e+01
2.687916815868070231e+01
3.091188507272826413e+01
3.267074814891590506e+01
3.477372985392770488e+01
3.652388734839989581e+01
3.256516644351657419e+01
2.892859922965945429e+01
3.277542337592350918e+01
3.515428459757837487e+01
3.072507924585465844e+01
3.096454097387756477e+01
3.820201573039767595e+01
3.988483995982038266e+01
3.580874067281417439e+01
3.510187143115632580e+01
3.402929153374164173e+01
2.845375450433280307e+01
2.720842070512424371e+01
3.192352190733443962e+01
3.278109612240334769e+01
3.060658078521700887e+01
3.223745718992939402e+01
3.276840253856365592e+01
2.799073090873796588e+01
2.400908700895487868e+01
2.106740234742376927e+01
1.530155919446787216e+01
1.465420316309251980e+01
2.388635372705597959e+01
2.920680345388182175e+01
2.226191451049567860e+01
1.490773790440284685e+01
1.514692875395332372e+01
1.622264605207793053e+01
1.432231047400924062e+01
1.285929078887436638e+01
1.265085852137031175e+01
1.269937765487789250e+01
1.312392029355189926e+01
1.398045047902605020e+01
1.677018123221504808e+01
2.021298590812297036e+01
1.718801638349498262e+01
9.118022093960133745e+00
8.801365987581837302e+00
1.584486971095337005e+01
1.630058432046296346e+01
1.258447911279320230e+01
1.721320588049392697e+01
2.329157447502573319e+01
2.038854607486105763e+01
1.834284712321418098e+01
2.260806106733624787e+01
2.183458973918355284e+01
1.800043767730172206e+01
2.313132360008515676e+01
2.835294416672412154e+01
2.356160240992984711e+01
2.293911619595734308e+01
3.153102451662860162e+01
3.186048025619169977e+01
2.621963529093249079e+01
3.265494798113400776e+01
3.964721325467299806e+01
2.964173270283254880e+01
2.209421819407515031e+01
3.337704065470102677e+01
4.103737324405571485e+01
3.293826784942204000e+01
3.021689811586462326e+01
3.739497981202063670e+01
3.597030076763820716e+01
2.849690824323004534e+01
2.912065334162148034e+01
3.082848299602756370e+01
2.703437338358188669e+01
2.930375289589978038e+01
3.787297779495188621e+01
3.766372332406612600e+01
2.967833766933131301e+01
2.646284994893281350e+01
2.728707730992929115e+01
2.729450351793816409e+01
2.949978888298605995e+01
3.224371362971382382e+01
2.953175644331532368e+01
2.536581363898789832e+01
2.671654999475087067e+01
3.036179005791451857e+01
2.978164178204423962e+01
2.521009376538171054e+01
2.344668386943772731e+01
3.098784114611864382e+01
4.167399460714954529e+01
3.982050992585966753e+01
2.635337833946998032e+01
2.036376779799153169e+01
2.652936399856561778e+01
3.322780074390269789e+01
4.062172374144474674e+01
5.173796324412957404e+01
5.295297256838107103e+01
4.123573101463929902e+01
3.741502270617803561e+01
4.468434112490258769e+01
4.260112249043447719e+01
3.432815920719087899e+01
4.137650024187833253e+01
5.656745074787614413e+01
5.982546532657941185e+01
5.782761749029926790e+01
6.095284430292887379e+01
5.915009800944849161e+01
5.135207952752641347e+01
5.230992464085970539e+01
5.918801042801006673e+01
5.760517098600112718e+01
5.290033451111661122e+01
5.699840173087989825e+01
6.524644587041852617e+01
6.985297230846227023e+01
6.998869256622454316e+01
6.376673250911925805e+01
5.457823359544522646e+01
5.303435441940266770e+01
5.763336199181389219e+01
5.835051211476969968e+01
5.980171069755670743e+01
6.893868124614529336e+01
7.369291646275546270e+01
6.513892188640956249e+01
5.611084057682852944e+01
5.523795122956552461e+01
5.432696522709321130e+01
5.184312828966687192e+01
5.544004389852792514e+01
6.174658916105303774e+01
6.161446120146142391e+01
5.684215312737935477e+01
5.376249947375712424e+01
5.297152522076121528e+01
5.297802384878127668e+01
5.233316466571117331e+01
4.933287325386555722e+01
4.595897227705815880e+01
4.537335507118766031e+01
4.645747954195047669e+01
4.777313633744129362e+01
4.960593712134632227e+01
5.029100005257614470e+01
4.935219862581156747e+01
4.828063625864534458e+01
4.463007478937425532e+01
3.805767806183818180e+01
3.638516227549941817e+01
4.025090372215139922e+01
3.869438629720790601e+01
3.410624621337828444e+01
4.111376600595163211e+01
5.166570322771909218e+01
4.605834512565577654e+01
3.478488473053099739e+01
3.693056205543545190e+01
4.144725353799287149e+01
3.622556846604849312e+01
3.376584892021460860e+01
3.931459081579692594e+01
3.906385401106709310e+01
3.352755936028110995e+01
3.861212281173045824e+01
4.793430628785034031e+01
4.545881231636288788e+01
4.005259991225187832e+01
3.842395509249672614e+01
3.236207606288686378e+01
3.345697012727597297e+01
3.976615811084649721e+01
3.806470916390443904e+01
3.605450446223912309e+01
3.811325380718631806e+01
4.803611028271522088e+01
5.389288734873213116e+01
4.797681356976607958e+01
4.021634411762860140e+01
3.032490845338501018e+01
5.581808025320641242e+00
5.567254063010147469e-01
