6.291359056921139170e-02
4.122699768096709239e-01
2.015320456331795462e+00
3.693207919961825514e+00
4.117916096180664454e+00
4.188366569827159935e+00
4.074521538282855460e+00
4.771922336090294259e+00
5.476986572289171740e+00
5.371449757838227868e+00
5.272297329003498234e+00
4.380795869623950622e+00
1.979941178085359299e+00
3.048639868925834939e+00
4.266345601453946479e+00
4.735464507181963434e+00
4.308116804804289046e+00
3.608275000026662127e+00
5.446084763652769389e+00
5.831875082004306599e+00
3.970325762429420813e+00
4.790080220332494143e+00
4.881749537696190799e+00
3.715368382043029438e+00
4.321431684073309576e+00
4.300658652176390540e+00
4.673106817391801115e+00
4.898145482082552071e+00
4.222450184612586810e+00
5.880845984609564425e+00
5.686019054300587072e+00
3.747605228213473971e+00
4.656631448009452612e+00
3.762174606223462447e+00
3.272637459768382939e+00
5.756821403866496212e+00
4.802375279093705984e+00
3.397642432198511031e+00
3.807031918099560208e+00
3.877508294805141809e+00
5.769161185333951281e+00
5.290152035719069445e+00
3.452447557830520708e+00
5.097011430828267464e+00
4.758758962620058597e+00
4.632990307821813758e+00
6.186010960669490188e+00
4.125813990774765294e+00
4.528221771218278846e+00
5.951771056940406091e+00
3.124113032144942181e+00
3.299354418120644450e+00
4.516430671358608429e+00
4.396524101561348985e+00
5.992970697571962546e+00
4.727298072354086500e+00
4.009283809325168590e+00
5.078126656504261760e+00
3.122699216061396221e+00
4.629084030903513280e+00
6.218780853734891423e+00
3.790520716155930447e+00
5.798103279529963849e+00
6.111449881407240881e+00
2.815162567056613163e+00
3.895536286350118171e+00
3.605492032813823577e+00
2.759415112450287033e+00
4.533170301587774453e+00
5.411946462778591815e+00
8.463415817255128815e+00
7.744692937423054424e+00
2.973672622631905238e+00
4.755201502800619373e+00
4.275914072605286442e+00
8.423410487727834850e-01
3.878193128200892126e+00
4.982613411838608286e+00
4.971048544218422016e+00
7.435852018155166832e+00
6.578397140747356708e+00
6.214303614113499741e+00
4.202841833739089594e+00
1.174013808082553290e+00
4.421450048744164363e+00
4.143423670526970248e+00
2.238384460595380432e+00
6.513226985236814315e+00
6.455534030690750491e+00
5.551158663492287815e+00
7.026292451936984484e+00
3.647348414391566429e+00
3.132832057585309471e+00
4.735548331010468459e+00
4.397473194674472730e+00
6.596326924509365419e+00
4.461035776882021686e+00
2.469062328042712640e+00
6.315319679774928474e+00
5.113175222638377981e+00
4.234663550749215410e+00
5.534298222710827275e+00
2.269281322451799809e+00
4.057928130126016164e+00
6.641807484981130827e+00
4.121337528278201212e+00
5.200197701950219908e+00
4.745943202899553626e+00
3.555197570769538906e+00
5.396581815238096880e+00
3.086613001359743258e+00
3.234178116092535138e+00
3.903937535188820807e+00
-4.976209118901466777e-01
2.904009609812426174e+00
6.982132143247201661e+00
3.372938116608241721e+00
2.858058999253902499e+00
2.808930881610945729e+00
3.788421177749889068e+00
6.146710600213441289e+00
1.618664302099366958e+00
3.180759411547273152e-01
2.855441482100343542e+00
1.588606648363880991e+00
4.319030193416959484e+00
4.506457123588038627e+00
1.139403804693439382e+00
4.848861451985058579e+00
5.717957507276858031e+00
3.915600999129091875e+00
4.735582659383063664e+00
1.428916001536096658e+00
1.474248323064869970e+00
3.799860934170072646e+00
2.213248606472037583e+00
4.469687167396097394e+00
3.774666247711907729e+00
1.005187591026196703e+00
5.405816270013714231e+00
5.550727981461967886e+00
3.914203712735172758e+00
5.467187607796764048e+00
1.590039482655954295e+00
9.318916761361590861e-01
3.533987502269370751e+00
1.944062729508293508e+00
3.108475196856164580e+00
3.801968515411414451e+00
6.105943460780378196e+00
1.154821037270192541e+01
6.135394689529213075e+00
7.297247936049685579e-01
3.969371906215102275e+00
3.169110638417756309e+00
4.024554141645205974e+00
6.914343580329278538e+00
5.946657980489369777e+00
8.153409438774838591e+00
9.502320515230522346e+00
1.070272434470304823e+01
1.275911459072725229e+01
6.702176199632661202e+00
5.702414320697803518e+00
1.173727120485648712e+01
1.026160793324327436e+01
1.177452673987494158e+01
1.651870500256319474e+01
1.609140222606489345e+01
1.824051061698472154e+01
2.008630912719819506e+01
2.111706375557171356e+01
2.228309687540348349e+01
1.833313938926491815e+01
2.144205445618591810e+01
2.828948543640918700e+01
2.585199524771961777e+01
2.703646209577312121e+01
3.083124636375907102e+01
3.159030235298547495e+01
3.691600873519029591e+01
3.674078223170761959e+01
3.093751696999280298e+01
3.037156066879709471e+01
3.119687588800193723e+01
3.411516884175443209e+01
3.385865609762072381e+01
3.022033131648793614e+01
3.669310373493713229e+01
4.031931019446125930e+01
3.537476512155556918e+01
3.630857337267550378e+01
3.387319090533679145e+01
2.762211644749128681e+01
2.858191105602341864e+01
3.083518524780592074e+01
3.338846223642070044e+01
3.261922022649731900e+01
2.875015144364443032e+01
3.158250814803416873e+01
3.011041662108581818e+01
2.357129417419273665e+01
2.208244504151560150e+01
1.585691207829574978e+01
1.397681333474186083e+01
2.495421262131573314e+01
2.860104696014894898e+01
2.202635174839961607e+01
1.410443870539083733e+01
1.180631285682715514e+01
1.825714479845678895e+01
1.728826958347743670e+01
1.154918970271403822e+01
1.407823199197687103e+01
1.330076351995308315e+01
1.142842139868155904e+01
1.453599710327691596e+01
1.547785882953799685e+01
1.837593489185177376e+01
1.684397185200981895e+01
9.391224796456292268e+00
1.251243716936164141e+01
1.705885714534952058e+01
1.443889003855060338e+01
1.418111183318693591e+01
1.600916596117965796e+01
2.046291272545949624e+01
2.134341086864644410e+01
1.681425847554369923e+01
2.147318378704889241e+01
2.465043488797039117e+01
2.018003138636040461e+01
2.489513156909206870e+01
2.742115308120074246e+01
2.141687990311395495e+01
2.326358072436644520e+01
2.919190710465080940e+01
3.054604456782404753e+01
2.820353560441864360e+01
3.128837002483674112e+01
4.109935306100825869e+01
3.446871757228455380e+01
2.172240748839500668e+01
3.157021504936118816e+01
3.948906970020846074e+01
3.113494767784920114e+01
3.030454095717301044e+01
3.636308129362272723e+01
3.644726100904301092e+01
3.067960288653857148e+01
2.912895062222337117e+01
3.390361729517310607e+01
2.874290663574163318e+01
2.450023622906138598e+01
3.625384662087483889e+01
3.809724328244798386e+01
2.810301832661270538e+01
2.729270284970381155e+01
2.830458170418658881e+01
2.839235043936870184e+01
3.137370421109739027e+01
3.245578556401889614e+01
3.028235994208196047e+01
2.313034411886065911e+01
2.245741194098841831e+01
3.190405207074353200e+01
3.064023464699098298e+01
2.392729463267717804e+01
2.634659256668312821e+01
3.209268680056181466e+01
4.093010285281595628e+01
4.119442460210740364e+01
2.581975659556063363e+01
1.838381201349157834e+01
2.411426792613957915e+01
3.262673779381699291e+01
4.379599072910897917e+01
5.193464025620973246e+01
5.245364517522103398e+01
4.378767473311473424e+01
3.623045634849084706e+01
4.385201637924296847e+01
4.446745470567740455e+01
3.159939471642958964e+01
3.881936477308276068e+01
5.810570872721201141e+01
6.173043089589334187e+01
5.890967726770391977e+01
5.978123989970551833e+01
5.914218472883908362e+01
5.282012139772423609e+01
5.065433020315125390e+01
5.930120784387767685e+01
5.819375213088316912e+01
4.960743271508863472e+01
5.807549661607860969e+01
6.869396740047739058e+01
6.856488072341599604e+01
6.900039944776301581e+01
6.422584369266613180e+01
5.480305926302117570e+01
5.315216850382688563e+01
5.692779920504442970e+01
5.909679431113779202e+01
5.929049855288882043e+01
6.714075769308793440e+01
7.639243185156348659e+01
6.585613914549173842e+01
5.290403948775631449e+01
5.625994077233573876e+01
5.555198456215450165e+01
5.094614791490670314e+01
5.664083187253020668e+01
6.217992047951869949e+01
6.025511610398353923e+01
5.558626650512402989e+01
5.433823691609518391e+01
5.487073189866848111e+01
5.090993186358427636e+01
5.069923585372306718e+01
5.274053331944055145e+01
4.663585309095873299e+01
4.459820013620085888e+01
4.769528135812890213e+01
4.558313834662586572e+01
4.745295001173732174e+01
5.191292364949680405e+01
5.017611007807574452e+01
4.709186237008453446e+01
4.373519997984931962e+01
4.074110134271223416e+01
3.923311033157336425e+01
3.805615437858488548e+01
3.757707579854948676e+01
3.419184413195791450e+01
3.807053760343065818e+01
5.212967303312399991e+01
4.851118881596944021e+01
3.351382346753867125e+01
3.720057973224989922e+01
4.416726322616595013e+01
3.761786490978011699e+01
3.234166689761668323e+01
3.664829551501134830e+01
3.901719178002589672e+01
3.222644165142582295e+01
3.685710402942540753e+01
5.179509551290617964e+01
4.693307341696908708e+01
3.808064210295107443e+01
4.127808320500462713e+01
3.335072023626427296e+01
3.113401393231610115e+01
3.819054394747442416e+01
3.594559893266213635e+01
3.593678262394664813e+01
3.836343776995462207e+01
5.018710887076156979e+01
5.750206132766075484e+01
4.625888607757811144e+01
3.808827062945449171e+01
3.510426008659113251e+01
6.638300347692106307e+00
6.834961893623091589e-01
