5.109656542743530594e-02
3.414912221184364105e-01
1.707859106827434470e+00
3.372182186044422547e+00
4.479904329204068780e+00
4.814935379318467490e+00
4.458906516937014786e+00
5.310475849247324298e+00
5.547187917467751639e+00
4.771910412664525758e+00
4.692666095078622313e+00
3.732737589001810186e+00
1.940352349617980199e+00
3.373057927563428038e+00
4.208404720018531719e+00
5.670287141058071967e+00
4.935851568602027228e+00
3.303584322746211832e+00
5.695020331187839346e+00
5.052652047913849032e+00
2.977066421076587588e+00
5.072349138720664286e+00
4.608933714620675914e+00
3.993036957779144025e+00
5.121749879914395898e+00
4.365018672512445796e+00
5.430465966643658327e+00
4.738795589491934024e+00
3.288865935670331808e+00
6.004956413746092458e+00
4.839014670366450943e+00
3.428510758247226509e+00
5.588618403401726553e+00
3.560557107069367788e+00
3.860087219265688319e+00
6.494309194491794557e+00
4.283431206767200905e+00
3.506183866655540715e+00
3.279218889601811071e+00
3.228319067292122924e+00
5.992166145628607055e+00
4.831660436527543290e+00
4.009865784484973439e+00
5.884847486445801579e+00
4.399632423240174894e+00
5.158611136845601131e+00
6.067090965226637600e+00
3.471925188409947793e+00
4.705025908637201049e+00
5.357061015390724101e+00
3.081164870814179224e+00
3.672565651246296525e+00
4.500058630644129032e+00
5.218004644640608092e+00
5.680938023018553551e+00
4.390577330944998025e+00
4.649472169421334122e+00
4.223502572370156471e+00
3.125192707147940396e+00
4.932862518024914600e+00
5.453445906197901039e+00
4.706606186700279082e+00
5.834999253242997952e+00
5.692755885757859069e+00
3.618319748240153011e+00
2.905035546580239547e+00
3.910245624256988517e+00
3.462368595878552835e+00
3.068155645885747518e+00
6.477019747666944660e+00
8.622012884668041721e+00
6.537585549994544110e+00
4.518160984676148573e+00
3.874178872236637261e+00
3.710471189629604982e+00
2.364508894490020108e+00
2.441442650667078773e+00
5.730256441589692606e+00
5.785476563255103954e+00
5.619880943159466291e+00
8.189742666485294365e+00
5.638295718378261157e+00
2.704673874668723776e+00
3.419325549850507961e+00
2.931374330573843778e+00
3.953780513933187635e+00
4.454659166196142550e+00
4.528963912033161954e+00
7.479662480034949823e+00
6.216190612461570453e+00
4.511545330934917608e+00
5.418689135997390771e+00
2.471943643913584232e+00
3.514879817751106916e+00
7.002646476696887667e+00
4.954860148914127294e+00
4.860742636666869565e+00
4.680341014563203395e+00
3.542578671663037415e+00
5.958789390171573608e+00
4.622462291211775209e+00
2.994519099515233762e+00
4.483663900764628174e+00
3.695864817135049663e+00
5.695331490982256106e+00
6.818388343646804017e+00
3.812913876324272255e+00
4.834611805418060015e+00
4.712237790132113524e+00
2.545324729721035961e+00
4.012300481876792446e+00
3.684712423574864726e+00
2.098328500173491484e+00
1.867362720754804917e+00
2.917770519432396625e+00
6.259171199122008922e+00
5.306423953454062925e+00
1.349807539783949295e+00
2.121467018448352615e+00
4.387185674273376357e+00
4.456028209623799086e+00
2.384755849642622216e+00
1.092847583875175221e+00
2.357230673294585799e+00
3.172633986994328747e+00
4.252878750655926687e+00
3.628041238969740512e+00
1.677484874005445770e+00
3.827326072855759875e+00
4.834113103047049442e+00
4.441336040087069392e+00
4.738979602356094389e+00
1.796654199784909256e+00
2.573756133377898436e+00
3.943709910457570356e+00
1.774521732283327102e+00
4.637065719924968299e+00
3.072962759036085956e+00
1.313019107138142516e-01
5.765337380285767921e+00
4.996209703961277171e+00
4.474811682013794645e+00
7.033210011260062622e+00
7.032813167234952534e-01
1.638256225723037751e+00
3.961281192519244154e+00
-2.227926201998688405e-01
4.177594216443287323e+00
3.317697214844278264e+00
4.356954163492867238e+00
1.413305906465188855e+01
5.540365246300415158e+00
4.755455278076033965e-01
6.414770426223677546e+00
6.968527818997554135e-01
4.479742248019816131e+00
7.941856950580465480e+00
2.632190363891546703e+00
1.042993316152851335e+01
9.545273612302334953e+00
8.568940745535146064e+00
1.673171755757286761e+01
5.008195728680857606e+00
4.623331830937067899e+00
1.499847334972537460e+01
6.432203152372802712e+00
1.242251298411845717e+01
1.853662238686494845e+01
1.227525500012590776e+01
2.148444641964679036e+01
2.024131722830330915e+01
1.835017923037563747e+01
2.666886540514008885e+01
1.573247747488710147e+01
2.010590266530273240e+01
3.200364169482456589e+01
2.152269436526037083e+01
2.853406015479283298e+01
3.334486892615113618e+01
2.715263631991059867e+01
4.049511850813286173e+01
3.678039586113888504e+01
2.775517392605840072e+01
3.463677362704461160e+01
2.834769059395462421e+01
3.314331099017545768e+01
3.780530977146738536e+01
2.609647290962503874e+01
3.837154242261150472e+01
4.227614302121665446e+01
3.103590755618782993e+01
3.997469922828898348e+01
3.351870020481532464e+01
2.457131011131291132e+01
3.274139509858958519e+01
2.848384406306414363e+01
3.275413801966423222e+01
3.585242823830331815e+01
2.501911317609310714e+01
3.296404207080958315e+01
3.145042969700082836e+01
2.022228034699486798e+01
2.521661120495751618e+01
1.539772266557283231e+01
1.206328170025070357e+01
2.832892109725777630e+01
2.644184826375416009e+01
2.145727465942377066e+01
1.620409200378049164e+01
8.995700082127735087e+00
1.923869219333802150e+01
1.827601497899253502e+01
9.890685487120608244e+00
1.627103051640649767e+01
1.291675565053848018e+01
1.044656798371221029e+01
1.603739912700734394e+01
1.387488795546289744e+01
1.810075732281351435e+01
1.756011297607913590e+01
8.186036900844154474e+00
1.350940829396127185e+01
1.785319240707917388e+01
1.418700573117520491e+01
1.463428379594122219e+01
1.564326867870166460e+01
2.019372553777047230e+01
2.082738799206633118e+01
1.638573916319521828e+01
2.161925967502144985e+01
2.445147282264010258e+01
2.127879308349579901e+01
2.532938747417495051e+01
2.718917192634236457e+01
2.216144160998192092e+01
2.198103146583686041e+01
2.897616478284250974e+01
3.087055973134075160e+01
2.633369100400864227e+01
3.278669314008966751e+01
4.171442082523071804e+01
3.344223291677531762e+01
2.434145569441432144e+01
3.047005307296826970e+01
3.834123306080130789e+01
3.290474264756663558e+01
2.742786043494454162e+01
3.674618137248317140e+01
3.793832649637526799e+01
2.827388967830954414e+01
3.210493331701746200e+01
3.417877934644337756e+01
2.675121250169441467e+01
2.777478593012705588e+01
3.351586190109959063e+01
3.673320735827540773e+01
3.091144137262192260e+01
2.368548999293327739e+01
2.998948078125688355e+01
3.062315332502551968e+01
2.815150458311782344e+01
3.610671060090876949e+01
2.980299461637509140e+01
2.021228524220683909e+01
2.582896294678718618e+01
2.847378266245569023e+01
3.018880355778207658e+01
2.755003366865446068e+01
2.243407591881456042e+01
3.467796879762210693e+01
4.288288868291240874e+01
3.728063923244375388e+01
2.956049586972474330e+01
1.684555484943333781e+01
2.103618425357795729e+01
3.663085998082924988e+01
4.064344383468340283e+01
5.228014187546426683e+01
5.595063458524210631e+01
3.985815783261514866e+01
3.909291016636294103e+01
4.474054759032720341e+01
4.031752481524704024e+01
3.529484075902646367e+01
3.689203411444018599e+01
5.601404028223231535e+01
6.603168059126787170e+01
5.577734500039327514e+01
6.056121671117980299e+01
6.202685995183819756e+01
4.889201013758661674e+01
5.315407816991559997e+01
5.937982178638227992e+01
5.490340159783074370e+01
5.322933694625228895e+01
5.608517656852033895e+01
6.770830371713093143e+01
7.231203168672476522e+01
6.578914609522726664e+01
6.519755900549182570e+01
5.666159894833891286e+01
4.963001548721996414e+01
5.946834067289793779e+01
5.890014135044967958e+01
5.692101838435655026e+01
7.025512486828868930e+01
7.458990161088208026e+01
6.557101530686232138e+01
5.533207681312497073e+01
5.323319573637908064e+01
5.690849946815551874e+01
5.212527571937749826e+01
5.404414072585704076e+01
6.456721768905397596e+01
5.962561008349965874e+01
5.402766607237757768e+01
5.679691988714851192e+01
5.304328239747956530e+01
5.076964827576892247e+01
5.227590808275525802e+01
5.078778378493318968e+01
4.822264549255282162e+01
4.503874040077181462e+01
4.594098983991773366e+01
4.743986078457734124e+01
4.640696537624153706e+01
5.090844188265911896e+01
5.179918124206843544e+01
4.555894384285433318e+01
4.417663441577074224e+01
4.206910361569967449e+01
3.805288420633066693e+01
3.921199645627424957e+01
3.750163313836034717e+01
3.295578477644865956e+01
3.892348693568167306e+01
5.103833134338557187e+01
4.827866425270073591e+01
3.473826513759787105e+01
3.641045537927578124e+01
4.496436095228286689e+01
3.845960205559404699e+01
3.146391646884512383e+01
3.703822064829012817e+01
3.844617176866696440e+01
3.123432638327242472e+01
3.730392993988937889e+01
5.159888232391840290e+01
4.728629713136601964e+01
3.883415433233695779e+01
4.123865676493320365e+01
3.390326675764323738e+01
3.106817716269497254e+01
3.726208107741958031e+01
3.560770304702315769e+01
3.556045004456147751e+01
3.820614536494270652e+01
5.071229932132702345e+01
5.796927958281646909e+01
4.671544992005755148e+01
3.833578761704364268e+01
3.524504396009857743e+01
6.662884852153231563e+00
6.858815597426521915e-01
