1.020641707673287796e-01
6.007509358383860132e-01
2.770271774326459102e+00
3.602326526493570213e+00
1.914345351910377468e+00
3.701506712101937158e+00
6.695803354168475607e+00
6.779176958618150728e+00
5.007764560030829593e+00
2.950954515796903710e+00
4.523748913964966256e+00
6.453494086620295001e+00
1.211074731451036168e+00
1.563884255079849961e+00
4.773113293658351353e+00
4.701583584728796339e+00
6.428936280524058411e+00
4.638948808530490631e+00
3.325203182074307762e+00
5.993850340563906087e+00
3.842968978108931566e+00
3.649612744332796588e+00
5.370003149063122372e+00
3.276852108368259575e+00
4.918821694323933791e+00
5.716638863412983440e+00
3.661323209858053040e+00
5.337750885525688993e+00
5.655306142880889730e+00
4.286701155793837259e+00
4.190371775081580985e+00
3.670141243835192579e+00
4.724727121045867229e+00
5.662200262849375498e+00
3.883007715527553305e+00
3.348270541199709349e+00
5.572835467268093979e+00
5.642230597523885116e+00
3.160819542742805410e+00
2.807558619966249669e+00
3.317581614422612457e+00
5.180278528498846846e+00
7.642163252636446025e+00
4.503663438359147619e+00
2.565343322508249813e+00
5.396682622199072910e+00
6.076392040526796379e+00
6.472035871563249110e+00
4.403487115270235286e+00
1.268308628069604316e+00
4.180454570356541666e+00
5.560200648762680053e+00
4.619170809478089446e+00
5.025029059798943543e+00
3.385667126528958182e+00
5.129145937906417707e+00
7.122629564325869467e+00
3.355368994300889529e+00
2.211699280177178650e+00
4.295782630531498114e+00
5.679002915214559799e+00
6.274738071668271466e+00
5.269817609922654356e+00
4.688045734651288932e+00
3.996764337661323996e+00
3.499170706226662375e+00
3.805491665423612169e+00
2.782253293801396410e+00
3.680134433325044085e+00
6.566958209874029784e+00
7.972161313730675047e+00
6.873406714499154191e+00
4.213576270126950796e+00
4.858640638650662424e+00
4.097724527639718950e+00
8.670112898091433817e-02
2.965045928244668172e+00
6.812327569431377405e+00
6.041512973413665222e+00
6.136021927245603358e+00
5.410987405471887612e+00
6.058589408635246087e+00
6.059365633014733632e+00
2.059466024669839967e+00
1.818217494738691320e+00
2.872143133086482170e+00
4.375555326101460807e+00
8.388557917179944923e+00
6.272661573647634548e+00
3.483205722402424875e+00
5.529359056073959167e+00
5.710876900503774500e+00
4.803483838905181713e+00
2.702761313189895986e+00
2.795959903882320408e+00
7.103885311459824159e+00
6.729717343627391379e+00
4.335783838851575034e+00
3.743227608238286486e+00
3.308598183413447469e+00
5.895782097038352987e+00
5.617778565108592304e+00
2.275197579864025599e+00
3.291265878984419135e+00
5.200997064324251795e+00
6.711068264606785405e+00
6.509076729580045573e+00
3.398675317324873824e+00
3.611181001384510925e+00
4.384948525476898951e+00
3.155539797642557431e+00
3.585188368636664791e+00
2.263253057756167141e+00
9.039836476242217866e-01
3.887685205205851258e+00
5.994138302802942242e+00
4.601169633018469263e+00
2.765518499457700230e+00
2.566233317760558297e+00
3.821051619413482481e+00
3.589954412197645439e+00
1.687644148280493583e+00
2.208704515298329785e+00
3.453712698753281796e+00
1.856375077565893816e+00
2.556151510448692488e+00
5.254121347891000049e+00
3.991252186943676339e+00
2.940461379944046438e+00
3.302935401505322499e+00
3.253143872858824004e+00
5.389572484981696832e+00
4.664624363071721902e+00
1.169377874514412996e+00
1.249440957240722128e+00
3.172455903047019188e+00
6.021859946151733034e+00
4.623776997106957332e+00
-8.902492372661077180e-01
1.770198789288653263e+00
7.114015728654174531e+00
6.865728696406637965e+00
5.062508512724789078e+00
1.070900154808507310e+00
3.465776444395830547e-01
4.007223097334641437e+00
3.869342552482005981e+00
1.993529326825474790e+00
9.922181345275931097e-01
6.122990085733276189e+00
1.320616586383826707e+01
6.765228901192827493e+00
6.503999942900134945e-01
3.836972693178285265e+00
3.352998770228110548e+00
4.788480746632858498e+00
5.994442220422348200e+00
4.719104548398604493e+00
9.141983410918667730e+00
8.700143606340432711e+00
1.030714543157624874e+01
1.471558985336248249e+01
5.728554448937557275e+00
6.840194064686072828e+00
1.317018206568133643e+01
5.883080785026176152e+00
1.289699587601359632e+01
1.920819397842688048e+01
1.318332775476006802e+01
1.939990404957357129e+01
1.897432004648116433e+01
2.025055772714878799e+01
2.817382324947946515e+01
1.524742847824612646e+01
1.839007053257539681e+01
3.140760115453564794e+01
2.292235596697457112e+01
3.056512746914625467e+01
3.210185968341366447e+01
2.356943874011045281e+01
4.215817527065890857e+01
3.968876575200776813e+01
2.681732554768327148e+01
3.399461990945503231e+01
2.655968670877722460e+01
3.346143790450253874e+01
4.134334717035537921e+01
2.454885495623721070e+01
3.640708264617731516e+01
4.265198600026135267e+01
3.113538477777917635e+01
4.274706368475526830e+01
3.231537731444594641e+01
2.143324518240960685e+01
3.530228119061111869e+01
2.878115548315454575e+01
3.204409501395186766e+01
3.682435049753410539e+01
2.326632790692372410e+01
3.359315635397551603e+01
3.265950355162473784e+01
1.901816110758343825e+01
2.552913188347261197e+01
1.512542053534466646e+01
1.235791206662488939e+01
2.860834404675950537e+01
2.503257045129178948e+01
2.308143500907563705e+01
1.700994115581679367e+01
7.163684636454743071e+00
1.901479855386537920e+01
1.844565166298808379e+01
1.123521013444742067e+01
1.640341511226881721e+01
1.080006589471213019e+01
1.080142153772921354e+01
1.686530987105498980e+01
1.522824403135661520e+01
1.860063358203453632e+01
1.380508289113459597e+01
8.118687250824589086e+00
1.698268713958441012e+01
1.757186267042378347e+01
1.256678408329059593e+01
1.344995008302225870e+01
1.638096871814952138e+01
2.284955949552277588e+01
2.079567482423292191e+01
1.406553345889780893e+01
2.025382515872847122e+01
2.583393652919399841e+01
2.336034200893826096e+01
2.450443947618697393e+01
2.503510659858761755e+01
2.202220700207709925e+01
2.483601718614104925e+01
2.971897348150748641e+01
2.817435028115320605e+01
2.660747799200900943e+01
3.275264052237425716e+01
4.123375058142268301e+01
3.591684046982521039e+01
2.224828504535342333e+01
2.924382660990670857e+01
4.171141337814301409e+01
3.153586363838632423e+01
2.713183820283834535e+01
3.762971299642033074e+01
3.598295999066645834e+01
2.995569660389564604e+01
3.117871590371656865e+01
3.250181215878711782e+01
3.058601115941423387e+01
2.657606971577305188e+01
3.180546931510183128e+01
3.892071924027094099e+01
2.925235929816433966e+01
2.444959151375906714e+01
3.170998651617718878e+01
2.683829563157972586e+01
2.776369898939336878e+01
3.953446304376252129e+01
3.013908422398992570e+01
1.902498173230016221e+01
2.471485669179143940e+01
2.812910737225424995e+01
3.264338229341755948e+01
2.830765546581242731e+01
1.876221970967132435e+01
3.434736153510510803e+01
4.480079976331753500e+01
3.757317361014848700e+01
3.190281554023596655e+01
1.398899098393873075e+01
1.766669880523238589e+01
4.264356247444302284e+01
4.020705381922139310e+01
4.839413600830691564e+01
5.829854822834350614e+01
3.740733771195584723e+01
4.069875223532494601e+01
4.876420291778292437e+01
3.516428899052157675e+01
3.604659139477898577e+01
3.892404427256101229e+01
5.358750197840323182e+01
6.924071560073521425e+01
5.325253538410004239e+01
5.804245975846859551e+01
6.751487462686597496e+01
4.631122864437607944e+01
5.167306521655878271e+01
6.338465731805804637e+01
5.189111824584023935e+01
5.301962897280891696e+01
5.828029831549762463e+01
6.497118593691703836e+01
7.348371001820356696e+01
6.747820946603134473e+01
6.255195635126408149e+01
5.697006614169087868e+01
5.125098418845676917e+01
5.921841184180873796e+01
5.945655201153972769e+01
5.507256514606911679e+01
6.848407208642423427e+01
7.886866873297374525e+01
6.577563615809270914e+01
5.134090323158009994e+01
5.518690722012967598e+01
5.656979380314776762e+01
5.205757917970795035e+01
5.820040367659890279e+01
5.972809505096747529e+01
5.713813562279273128e+01
5.978257886513156194e+01
5.568398225555191772e+01
5.231942039890337526e+01
5.053268384675120473e+01
4.914010673169197219e+01
5.540196144202935358e+01
4.924810620171567876e+01
4.066792455749713753e+01
4.782975060184843130e+01
4.659239363120755684e+01
4.663754074655270898e+01
5.487957518225530151e+01
4.740316355759333788e+01
4.372798366458675190e+01
4.884554540585578053e+01
4.061143055564188842e+01
3.687913761348676189e+01
4.082093457000657821e+01
3.568527356230690373e+01
3.379739835966775274e+01
4.067613080672524717e+01
4.864835773580099954e+01
4.894811637917640468e+01
3.561519134506267648e+01
3.432450069324653441e+01
4.673477411094044243e+01
3.811881975944302070e+01
3.018162788929057427e+01
4.065706700342153113e+01
3.560412308261717129e+01
2.909012411770137874e+01
4.242815651245073383e+01
4.953252103340011558e+01
4.540097159811839589e+01
4.057017897308696064e+01
3.883482511940187010e+01
3.676312202478675317e+01
3.287026739112963014e+01
3.337375437965151548e+01
3.612129393642866404e+01
3.599731661010844164e+01
3.952267279618757101e+01
5.192596532953930932e+01
5.334003426594564701e+01
4.661967483710848370e+01
4.260458801368082504e+01
3.455622600243815867e+01
6.427778057233101805e+00
6.469090327711785049e-01
