2.142482776185356680e-02
1.623443003356493941e-01
9.387893434405203408e-01
2.592191419176242295e+00
5.519859111734835011e+00
6.026124088768296971e+00
2.485987670960952300e+00
3.543548738972972512e+00
7.933793427084089522e+00
6.863644355563224053e+00
3.848837779356815147e+00
2.483635304404041566e+00
1.231851291877579024e+00
4.056516894952701513e+00
5.059904301250523595e+00
4.375179863673352543e+00
4.375059057986701028e+00
3.754706537027887592e+00
6.303513383251642566e+00
7.233174286385358087e+00
1.772060129724130295e+00
2.564740974422923259e+00
6.974848355550427037e+00
3.699714127382199180e+00
2.914388739459690569e+00
6.372601596780141264e+00
4.778503898509988801e+00
4.055202560899383357e+00
6.026110487027956708e+00
4.794824256972045617e+00
4.098765416841855469e+00
4.858702486841419699e+00
3.806097662447288421e+00
3.462148407512787074e+00
4.196780894275512708e+00
5.811109656684701363e+00
6.672307171134126413e+00
2.399828573111014940e+00
1.488636485413376231e+00
6.605239055445514040e+00
5.270190250055585501e+00
3.008447766677023516e+00
5.093679738740023666e+00
3.665208315897164226e+00
5.274142499176516452e+00
8.413283030045061395e+00
3.875838511643646900e+00
2.008060300141767840e+00
5.959872553350228586e+00
6.819457901368750186e+00
3.612815505908661073e+00
9.015837252726681683e-01
3.323156325630245878e+00
6.918199258663602080e+00
6.851713454346660015e+00
5.065786457851587876e+00
2.673033570700765083e+00
2.759780584657011815e+00
5.722950600016579514e+00
6.791793855177931327e+00
3.774446270769176159e+00
1.501330075938641206e+00
6.560072669325528238e+00
8.935690560459674359e+00
2.997567178775837782e+00
1.891730069444121254e+00
3.196357270421309238e+00
2.809712308796882496e+00
6.260756444298886336e+00
6.869609224537033043e+00
5.072410037910332292e+00
6.166841008508138877e+00
6.364423194357023306e+00
5.353997339001892009e+00
2.487453863979183222e+00
7.037893481616801505e-01
3.668228930595167636e+00
6.080145950751194128e+00
6.217876089321690003e+00
5.740672102931824838e+00
6.174376648027051218e+00
6.502463987965728442e+00
3.920861351641473647e+00
2.533404533206342180e+00
2.733166967312806062e+00
3.583171241231804416e+00
5.646687162969706186e+00
4.465090781148203902e+00
5.362365793107400691e+00
8.612687566058070843e+00
5.271285346581028541e+00
2.676966935409400783e+00
3.623170158334485969e+00
3.341854973514621463e+00
6.331931436355853648e+00
7.793758260459303422e+00
2.849599678884921161e+00
1.940638016504623309e+00
6.909885517626917384e+00
7.355648847447516125e+00
3.637737713256805616e+00
1.524537661661714338e+00
2.046401022382617452e+00
7.117364274136273927e+00
8.234130800439128706e+00
2.548286265353703062e+00
3.443873124195232283e+00
5.639765424487069190e+00
5.528794113602584659e+00
6.838081420019496370e+00
-8.367404308088932652e-02
-1.220112379273501357e+00
7.218542686638951267e+00
3.663783321210111410e+00
1.106887552296977884e+00
4.918331267570907883e+00
3.281707197105104168e+00
4.793571992561647122e+00
5.202184387170651902e+00
1.688875583694019911e+00
1.823926649530356103e+00
2.130337364086308138e+00
3.807591335881884920e+00
3.722328500076527824e+00
4.226210418365985433e-01
2.284405929162172555e+00
5.792077848350656311e+00
5.045587589926284977e+00
1.898759052520210044e+00
2.915219721535581954e+00
5.646907475204234750e+00
3.134024622756367062e+00
3.617522542172009636e+00
3.294244003327854386e+00
-1.981539683106556815e-01
5.187662892035078244e+00
6.091023703350984420e+00
1.732002308922080402e-01
2.299398733455244592e+00
4.548935955331790737e+00
5.040064739827771589e+00
5.371645576726404414e+00
2.925775167250622033e+00
3.629835086231199881e+00
4.038352171175547234e+00
1.379480932506633728e+00
7.473745725594542755e-01
2.518944581953665107e+00
4.500604344438722038e+00
7.804053859394972648e+00
1.014548239684955000e+01
2.957153108049928036e+00
1.559515982057952499e+00
9.826956473817583415e+00
2.892198520258711714e+00
-6.400705747346167040e-01
6.820058236066516066e+00
6.181133556751124303e+00
1.177198638498775196e+01
9.860562160027843248e+00
3.298337570668825158e+00
1.471937745521040064e+01
1.124542531089627673e+01
6.356489650318792428e+00
1.247140875400768323e+01
3.279836581390820349e+00
1.245285945339005984e+01
2.417651793340167998e+01
1.241135489300017980e+01
1.617606995547235016e+01
1.876688968189731810e+01
2.072605439286919093e+01
2.990779676475139937e+01
1.565749987973209301e+01
1.672346756161019599e+01
3.075332258320818113e+01
2.503893224067618561e+01
3.088366574636029682e+01
2.950424723900922785e+01
2.521903744724348329e+01
4.229030280260021613e+01
3.738692355119209765e+01
2.914382203644694869e+01
3.327801466201438529e+01
2.669806372463698452e+01
3.626091601256761976e+01
3.720528610930077207e+01
2.411092008329481473e+01
3.982355792141910911e+01
4.153975005061518289e+01
3.128423467217623610e+01
4.049578903733010549e+01
3.107286114030682000e+01
2.686761313651973637e+01
3.585295436270943981e+01
2.466930818309434414e+01
3.079523482820141922e+01
3.825188445853073915e+01
2.603569508190102866e+01
3.397094223561376936e+01
2.885989378225105639e+01
1.625204783164783962e+01
3.028306559713582757e+01
1.927843113621365845e+01
8.114239676798558065e+00
2.604637292697641371e+01
2.525224913257158477e+01
2.496366749268652185e+01
2.136535770194013395e+01
2.740812895497840795e+00
1.444897766195637701e+01
2.305768411049684730e+01
1.316860273423739969e+01
1.684935712033512445e+01
8.975551150644692555e+00
6.298894083144110034e+00
2.074221699010863773e+01
1.864383398715914453e+01
1.525828578124130352e+01
1.253452770783039227e+01
8.099023540910975427e+00
1.813290498625938341e+01
2.002104679270070164e+01
1.130189390466181365e+01
1.059886633396778777e+01
1.756253163652474925e+01
2.498577847496472515e+01
1.905465739179689777e+01
1.392840010653219451e+01
2.125926357450392246e+01
2.422025648304422063e+01
2.488154047172818650e+01
2.458941315142243411e+01
2.328182201820654385e+01
2.499114376443058205e+01
2.335454807418573608e+01
2.707846187498043378e+01
3.104511002314682599e+01
2.650738375294935523e+01
3.317448091661970722e+01
4.124640347913508975e+01
3.195784740123862022e+01
2.483240074017459875e+01
3.318077419727204358e+01
3.886288715811014072e+01
2.919780521787735239e+01
2.712348340571442762e+01
3.930239054003956056e+01
3.909848929993299294e+01
2.852601021910780332e+01
2.604312369374669700e+01
3.350187248409193330e+01
3.602283248773640878e+01
2.627131792755739781e+01
2.861029320335443416e+01
3.697773362276984699e+01
2.966692256692098439e+01
2.988390910965163627e+01
3.169449746511196508e+01
2.056623282821165333e+01
2.816162721686476189e+01
4.235178090076532698e+01
3.204444733194478090e+01
1.960258244360333535e+01
1.925488948114544741e+01
2.768230289947569389e+01
3.852280327847521590e+01
2.780956273355139885e+01
1.605440866996907090e+01
3.347672617937079309e+01
4.422967075960965389e+01
4.060918140124709907e+01
3.351547118373873957e+01
1.032634981692996590e+01
1.673613512450353724e+01
4.537267355948764447e+01
4.029429566396109408e+01
4.768418086451875837e+01
5.808359826616851507e+01
3.612712276068804584e+01
4.195036856842298079e+01
4.966671438176024367e+01
3.342238915131748200e+01
3.761459913735947680e+01
3.942967571566470752e+01
5.124599302914390364e+01
7.033932878029037283e+01
5.340325354416420112e+01
5.774311034157743450e+01
6.926221317236068842e+01
4.345636473641213371e+01
5.032505130398178750e+01
6.807542898348839344e+01
5.232995426583533316e+01
5.011062439174553163e+01
5.735881543911578007e+01
6.467700640575921511e+01
7.618864807811861795e+01
6.946599211367627902e+01
5.820478117108205396e+01
5.464125955325305029e+01
5.502743229576965689e+01
6.203618530026784583e+01
5.886607129082226209e+01
5.131053856220546550e+01
6.600391949794719437e+01
8.342312397944395741e+01
6.892563000706508092e+01
4.731894404871154336e+01
5.254172731642664473e+01
5.762932794231441846e+01
5.488951871904462365e+01
6.123069616262914394e+01
5.628692412692966940e+01
5.219772104441838678e+01
6.320348120603931363e+01
5.942669183190999149e+01
5.038229067452976295e+01
4.853712892538635515e+01
4.792833769291364376e+01
5.703065717332667361e+01
5.312174821842475581e+01
3.890272727469214686e+01
4.448772888124504732e+01
4.747642469630470430e+01
4.766928341702686822e+01
5.593572984418175054e+01
4.681732997525932660e+01
4.124889101862810037e+01
5.058596296000393977e+01
4.235936131560138307e+01
3.521692585559937783e+01
4.127684816267127843e+01
3.608522388775541145e+01
3.225291051132840181e+01
4.098806153764218152e+01
4.915814676453631904e+01
4.850422870902944084e+01
3.687072174952959358e+01
3.445168316242818207e+01
4.421720582356932994e+01
3.911372671351097807e+01
3.302852021294217622e+01
3.942226072887959276e+01
3.349025030843829853e+01
2.793533989641883508e+01
4.387625484764303252e+01
5.333235430997472548e+01
4.366493297472266022e+01
3.699265663258863412e+01
3.984511994010089353e+01
3.861891483096083988e+01
3.535861393425898314e+01
3.172162658368289812e+01
3.043146343711428514e+01
3.800729731295260194e+01
4.486597382321492944e+01
5.140270914484402454e+01
4.997700375649653637e+01
4.469211085542543316e+01
4.454771143043998194e+01
3.806274691867132276e+01
7.128800434893997284e+00
7.214460231349273389e-01
