-1.696816318117210648e-02
6.415974273035157660e-02
5.309562635301381395e-01
4.023333644398269904e+00
6.227112269608235273e+00
3.410525527644148180e+00
3.726168002069701224e+00
5.219448797404909968e+00
5.801225961923074159e+00
7.174922220658060290e+00
4.036479733251550073e+00
1.172402130371036577e+00
3.808724434167125139e+00
2.468503412872288472e+00
5.338780711501943443e+00
5.517536703589252411e+00
2.206001836568693975e+00
5.808959459014679361e+00
6.198379264757507556e+00
4.389448792766465601e+00
3.955866001832694323e+00
3.156485104024272736e+00
5.306493698169235884e+00
4.497641350192708387e+00
4.303577551752010066e+00
4.948008987196810260e+00
4.145175230048556259e+00
6.277683131842954900e+00
3.808670542961003935e+00
4.268807308749386742e+00
6.846334367675856569e+00
2.579256088082785947e+00
3.984680289412196874e+00
5.208396414931955043e+00
3.149123556516633116e+00
6.340992562035554059e+00
5.578683753190555095e+00
2.431168225900214530e+00
2.748813246059570226e+00
5.058358858089876620e+00
5.826851240573059698e+00
3.578450077575797028e+00
4.118051522570392642e+00
4.682647686540923004e+00
6.255929897223623470e+00
6.724378382014402966e+00
2.529630065275618289e+00
4.697897901070115623e+00
5.642038848877576562e+00
4.342773044716132347e+00
6.043775371829950060e+00
3.445660147328579725e-01
2.283118118740518732e+00
9.593620932232955312e+00
5.352589342232259462e+00
3.555468788655045120e+00
3.846569375377039801e+00
3.362987800144496831e+00
5.547883523082457913e+00
5.436453197995445130e+00
4.530726375076769230e+00
2.467358190696829379e+00
5.899989947036565319e+00
9.236021982683558562e+00
2.754834752026421363e+00
1.315821282291728789e+00
3.105871347232799895e+00
4.139546757425820012e+00
6.015633563796813021e+00
4.417526614255499418e+00
7.600691949597116803e+00
7.020146072703632001e+00
3.592151550280062722e+00
7.225317879490355644e+00
2.451453251574736925e+00
-8.760964098161024838e-01
5.000498931511941691e+00
6.202975384000421144e+00
5.587809981913451018e+00
5.257381305576402042e+00
7.459876470857560449e+00
6.742830761086016977e+00
1.998943289719408600e+00
3.955461110756214982e+00
3.121553560440161412e+00
2.279543613744163810e+00
5.968397855978889055e+00
4.866107991912483222e+00
5.862768892589933500e+00
7.221425623020219398e+00
6.117417224194720227e+00
3.701417884870822128e+00
8.673708061792255730e-01
5.673023893919017624e+00
7.083226448842522061e+00
4.520472138824117359e+00
4.768986722171639769e+00
2.711398793647850969e+00
6.072242230174770938e+00
7.082932524372141714e+00
3.416546045610551197e+00
2.661710180891962541e+00
8.505343662937394633e-01
7.995507128477817638e+00
8.890961614290560533e+00
-4.272822697912648238e-02
5.166565654651326334e+00
6.685518620152059555e+00
4.363639862943793801e+00
5.983790286533046121e+00
3.938115485142112959e-03
1.118906201615613716e+00
5.028735395882008241e+00
3.827703067100100220e+00
3.281441690185973759e+00
1.145961765594328829e+00
5.700300998451493406e+00
6.535750794027643806e+00
1.250933181369465963e+00
3.108915092977440064e+00
2.582428188443194550e+00
2.200711516603389040e+00
3.578998117538863433e+00
2.809903507780979748e+00
2.182128988160970451e+00
6.801486343706448778e-01
6.266030464848581616e+00
6.343234871964941846e+00
-6.722387136336792635e-01
4.020954110479847188e+00
6.145139896638026400e+00
3.575846957810189686e+00
3.020847067811556208e+00
1.773467737385505227e+00
3.570491115328724430e+00
2.339029378839620144e+00
4.731521572808102150e+00
4.715564010590497901e+00
-2.113784694028629119e+00
5.245398791840584884e+00
8.313097611097051143e+00
2.016140467879544929e+00
4.084637118114995857e+00
4.336631440225192868e+00
3.734781011662791528e+00
5.589759830373607352e-01
-4.903673767457483734e-03
5.094132215116887075e+00
2.276960235864772919e+00
7.925746203290580993e+00
1.186428850608355923e+01
1.164729799964089541e+00
3.545613067684323383e+00
8.343093869414724750e+00
3.067504290384289067e+00
1.709209800357736064e-01
3.384500491899402608e+00
1.111051147016828544e+01
1.013350615364232254e+01
5.694714861664152750e+00
9.718523488109413577e+00
1.233326825653161585e+01
9.434456770691584282e+00
9.495392296963673928e+00
9.847852620093684450e+00
3.198629032334991074e+00
1.344208749743519249e+01
2.521156642261954417e+01
1.059966423540736180e+01
1.512149668239488953e+01
2.313448839821682768e+01
1.794560824900804974e+01
2.958545444978838646e+01
1.732992837788347629e+01
1.343742288649929861e+01
3.407269129071329417e+01
2.357661759618561348e+01
2.999485404507363739e+01
3.273009353806023114e+01
2.053039230327547671e+01
4.631163456222694919e+01
3.878021437246542291e+01
2.274355237920808648e+01
3.788917866821257974e+01
2.675723148949552055e+01
3.325482796594395296e+01
3.951911896939216007e+01
2.426241046258425627e+01
3.915828214802611029e+01
4.058877465032244913e+01
3.455814643412954723e+01
3.877082663831500042e+01
2.760918865585683690e+01
3.250227280483412073e+01
3.248990965797658248e+01
2.339883164557567952e+01
3.513041784505771403e+01
3.413037162188296492e+01
2.889341871593401123e+01
3.374656788787161332e+01
2.610112062028407820e+01
2.083458269646377659e+01
2.600492315566346946e+01
1.984348562733462273e+01
1.148951463244645765e+01
2.122038362342392404e+01
2.775282626984176559e+01
2.693943374513574085e+01
1.899689348785970466e+01
1.966047296123751176e+00
1.627593173183890940e+01
2.425630786050747645e+01
8.426888778741233210e+00
2.045266438264187769e+01
9.954437361454948174e+00
5.527614827574895973e-01
2.777853197018700016e+01
1.695785541004291019e+01
1.063024847761404246e+01
1.827281804496384865e+01
5.018197308606194618e+00
1.872016711810094236e+01
2.112417272935634571e+01
7.686863869012526607e+00
1.464060230005910945e+01
1.625504542406059727e+01
2.401607794201513002e+01
2.153516026387802640e+01
1.126737709369340124e+01
2.169607841417299809e+01
2.554786040655785939e+01
2.531404990043040826e+01
2.156931523322916533e+01
2.358720026614620480e+01
3.024260798653126514e+01
1.730260163543415075e+01
2.857898559014852324e+01
3.578606661221738960e+01
1.850833212491150448e+01
3.798072115778045799e+01
4.362549145427080788e+01
2.533856194922711325e+01
2.914479368954820870e+01
3.297881393861064936e+01
3.764561169791802087e+01
3.070257298664835233e+01
2.525445924089786587e+01
4.098574808718179696e+01
3.830474336870975804e+01
2.821776242564761006e+01
2.694039278121946168e+01
3.264961124287425065e+01
3.669924588841595892e+01
2.482181288743549530e+01
3.131816245997526238e+01
3.552968847784406847e+01
2.645034799419400784e+01
3.691527731046934235e+01
2.687049241828025004e+01
1.792810236243376210e+01
3.628111792875071728e+01
3.614797015427972582e+01
3.171218804402251479e+01
2.470231325321715943e+01
1.434928409048534270e+01
2.864490609102948682e+01
4.071880451735474793e+01
2.645422754715204050e+01
1.497421377637837914e+01
3.416840967569532239e+01
4.618721088570458022e+01
3.826452054707498718e+01
3.420629107392477408e+01
1.040171055856997739e+01
1.561457350186093684e+01
4.825908706658956504e+01
3.703636055099257618e+01
4.912205019196268552e+01
5.983645653578617640e+01
3.105968474132843227e+01
4.806361887555618750e+01
4.858342351136641213e+01
2.695637802083040668e+01
4.473809079501842234e+01
3.830106932799495922e+01
4.727029984574396337e+01
7.446881721962303402e+01
5.262630335388384140e+01
5.556789531374526803e+01
7.127720029213708131e+01
4.528084287887335790e+01
4.644163039995519426e+01
6.798290783559313866e+01
5.644238345534281365e+01
4.647065598129301378e+01
5.813572015365208756e+01
6.628748056640272068e+01
7.336448663095534073e+01
7.294929074081738918e+01
5.628247602301789954e+01
5.362453510350515984e+01
5.827052408430275676e+01
5.729884663807317224e+01
6.143849544731789791e+01
5.402727619452849694e+01
6.035248353585334513e+01
8.644420299724943391e+01
7.162584370274183243e+01
4.324003430658223834e+01
5.283395138146831016e+01
6.075964062606373517e+01
5.227476105674898577e+01
5.916398588128342340e+01
6.127842180677106398e+01
4.966941954418226857e+01
6.061516049608513157e+01
6.535992044054178507e+01
4.711117018398864786e+01
4.675823467721266269e+01
5.157905671044151319e+01
5.436575982577853949e+01
5.399212971597287947e+01
3.878630311031647437e+01
4.304567181063382719e+01
5.064694891747954131e+01
4.592310136449907532e+01
5.538336948838721696e+01
4.916873999038285348e+01
3.884235223145849858e+01
5.000973381472388724e+01
4.534579859178767691e+01
3.380955484385124521e+01
3.772065823825305841e+01
4.051694175637702244e+01
3.370513749023237438e+01
3.546683877886235337e+01
5.333558995418052717e+01
4.915698282255649332e+01
3.159437249853807828e+01
3.939794834493981313e+01
4.402856152725546934e+01
3.473652311174811302e+01
3.618102860588451364e+01
4.040118338045205348e+01
3.247675205895911432e+01
2.786802308063296252e+01
4.351074742678127905e+01
5.400615324997927758e+01
4.328430828237854655e+01
3.664734739380306650e+01
3.990377119152668683e+01
3.897620111208003379e+01
3.430175411344917791e+01
3.301807729107812150e+01
3.269900784016918038e+01
3.321667271297391721e+01
4.636945732807676279e+01
5.527221916549845560e+01
4.474436528941018310e+01
4.499207963789495324e+01
4.944511539924646115e+01
3.307184125012099685e+01
5.970992494956329111e+00
5.744106955375395396e-01
