4.329536476274023840e-03
3.362681626213485930e-02
1.785457222335614103e-01
4.647512067972937033e-01
8.175475530914370070e-01
1.224199617766300596e+00
1.680566819166582349e+00
2.179325386268981646e+00
2.710824187612235203e+00
3.268480706858372997e+00
3.831679945262600029e+00
4.357762470700473401e+00
4.714614060774032112e+00
4.987323953839349677e+00
5.192844513769745873e+00
5.331841994119687733e+00
5.404939389597104515e+00
5.415489519785232631e+00
5.369396597834895424e+00
5.274831205541715029e+00
5.141759063205691760e+00
4.981181847318765676e+00
4.804137410279215814e+00
4.621119536875355038e+00
4.441948068169339514e+00
4.275579259460879022e+00
4.129835305568040127e+00
4.011138257410297392e+00
3.924302992029498505e+00
3.872407577608663942e+00
3.856745119874247507e+00
3.876854263151056745e+00
3.930620783725607303e+00
4.014441083431409041e+00
4.123439123483449542e+00
4.251728080466288695e+00
4.392706103754613345e+00
4.539373616034364289e+00
4.684658516606179823e+00
4.821735473468652167e+00
4.944326030274400985e+00
5.046967352394361228e+00
5.125238988968890297e+00
5.175938957870468649e+00
5.197202701945704106e+00
5.188560944281716658e+00
5.150935093056349778e+00
5.086571501081460944e+00
4.998918455477132206e+00
4.892452149209202794e+00
4.772459970047004951e+00
4.644791149787396378e+00
4.515586079849713386e+00
4.390996369962850920e+00
4.276907976634636732e+00
4.178679451365257869e+00
4.100906571210837015e+00
4.047223353887138941e+00
4.020147783412696185e+00
4.020978554786114323e+00
4.049746875786836675e+00
4.105224939162115838e+00
4.184990203659832986e+00
4.285542203455644739e+00
4.402466345422505256e+00
4.530637147946798393e+00
4.664451707853354279e+00
4.798082922829133068e+00
4.925741197199233312e+00
5.041933050837991814e+00
5.141705245131235280e+00
5.220863725522949750e+00
5.276157825640622079e+00
5.305421732164788295e+00
5.307667104110955769e+00
5.283122892360459844e+00
5.233220721738769399e+00
5.160526578602140368e+00
5.068621889242846734e+00
4.961939277880970778e+00
4.845560263215801911e+00
4.724983805317053864e+00
4.605875879676730733e+00
4.493811078881421395e+00
4.394017589952261993e+00
4.311136752706370423e+00
4.249007778264457968e+00
4.210487124475894127e+00
4.197310533403341815e+00
4.210003899382266823e+00
4.247847033475022904e+00
4.308892111574243344e+00
4.390036236592698593e+00
4.487145210966869691e+00
4.595223403913484717e+00
4.708622603026507036e+00
4.821281047087355276e+00
4.926982518657553101e+00
5.019624487413086200e+00
5.093483876177783642e+00
5.143469089175041198e+00
5.165347493387248079e+00
5.155938555769959741e+00
5.113264268530190115e+00
5.036650281142371455e+00
4.926773225514596177e+00
4.785651982103351187e+00
4.616582994018758157e+00
4.424022093387455001e+00
4.213417559727939299e+00
3.991001188515879150e+00
3.763545922583482639e+00
3.538100014726350828e+00
3.321708687378452041e+00
3.121134792733157859e+00
2.942590032037394110e+00
2.791487864204531988e+00
2.672228340108658173e+00
2.588023778313164325e+00
2.540772506925284446e+00
2.530985906681921360e+00
2.557771786669713610e+00
2.618874799523871033e+00
2.710772255669277264e+00
2.828821424977522092e+00
2.967452314395772284e+00
3.120398069357074977e+00
3.280953641496652029e+00
3.442252257225137946e+00
3.597548555757512645e+00
3.740497066963199835e+00
3.865414974535877235e+00
3.967518843892417379e+00
4.043126152758846459e+00
4.089813993431323347e+00
4.106529151336552275e+00
4.093645824136076250e+00
4.052969439389515038e+00
3.987687261563907626e+00
3.902268654641865897e+00
3.802319891448277644e+00
3.694400188856861611e+00
3.585807123834830357e+00
3.484340687477445186e+00
3.398055918136638098e+00
3.335014294446454031e+00
3.303043858214903317e+00
3.309517389478481952e+00
3.361156904524006173e+00
3.463871343240969125e+00
3.622632621215615245e+00
3.841393323570644114e+00
4.123047299835900681e+00
4.469432375421316550e+00
4.881372419866924162e+00
5.358754196069273057e+00
5.900632841926268135e+00
6.505358579022977317e+00
7.170716360436870218e+00
7.894069702756331353e+00
8.672499918275850206e+00
9.502932374268542759e+00
1.038224223915999289e+01
1.130733339265302995e+01
1.227518572266043506e+01
1.328286783491819278e+01
1.432751417743870981e+01
1.540626763870537275e+01
1.651619071811067840e+01
1.765415029158076621e+01
1.881668271057971253e+01
1.999984739298813707e+01
2.119907811617115101e+01
2.240904184804992738e+01
2.362351511181961072e+01
2.483528755527837717e+01
2.603610158936750096e+01
2.721663569713540909e+01
2.836653733969544788e+01
2.947450936499818397e+01
3.052845154037234110e+01
3.151565637626871208e+01
3.242305589145010458e+01
3.323751349905037955e+01
3.394615287885659427e+01
3.453671364975772207e+01
3.499792196429364566e+01
3.531986289786576805e+01
3.549434076431038676e+01
3.551521330258189835e+01
3.537868606883623102e+01
3.508355433268327772e+01
3.463138128973415775e+01
3.402660341495564467e+01
3.327655622084925824e+01
3.239141645982485329e+01
3.138405981426572922e+01
3.026983623210261953e+01
2.906626816496281052e+01
2.779267992338832016e+01
2.646976905630494770e+01
2.511913297601367034e+01
2.376276588559585434e+01
2.242254234127684498e+01
2.111970443853124735e+01
1.987436961293606075e+01
1.870507538699774486e+01
1.762837609171980802e+01
1.665850469268477241e+01
1.580711042629175367e+01
1.508308009645559444e+01
1.449244770835460017e+01
1.403839375091334141e+01
1.372133202002514452e+01
1.353907854004912004e+01
1.348709402960892945e+01
1.355878859885678267e+01
1.374587507523838781e+01
1.403875563085695255e+01
1.442692530130148221e+01
1.489937559146337520e+01
1.544498167795074650e+01
1.605285772996833416e+01
1.671266654102729277e+01
1.741487192432887099e+01
1.815092508112078207e+01
1.891337928770397170e+01
1.969593062963007668e+01
2.049338599562915064e+01
2.130156297771778640e+01
2.211712955703144345e+01
2.293739434339262928e+01
2.376006054980171101e+01
2.458295870914827574e+01
2.540377429163080336e+01
2.621978679778772658e+01
2.702763655479736116e+01
2.782313433654868717e+01
2.860112709766901773e+01
2.935543062687791860e+01
3.007883688389355470e+01
3.076320031061112203e+01
3.139960364630841383e+01
3.197859988825262789e+01
3.249052319189309657e+01
3.292585786902203182e+01
3.327565138242198373e+01
3.353195450345216955e+01
3.368826972723650215e+01
3.373998773575078047e+01
3.368479123896550220e+01
3.352300595092172841e+01
3.325787977719529920e+01
3.289577347104050631e+01
3.244624898894961262e+01
3.192204543887202917e+01
3.133893673105392708e+01
3.071546965123181394e+01
3.007258589742174237e+01
2.943313646043974074e+01
2.882130138494433069e+01
2.826193222546735129e+01
2.777983822489513344e+01
2.739904022439353426e+01
2.714201842320501612e+01
2.702898123588981960e+01
2.707718257278567364e+01
2.730031386722900422e+01
2.770799510413862521e+01
2.830538602613659904e+01
2.909293470474189292e+01
3.006627590344885803e+01
3.121628629884052586e+01
3.252929786515129962e+01
3.398746478694557993e+01
3.556927337557862501e+01
3.725017886221010599e+01
3.900334785093397727e+01
4.080048085160162685e+01
4.261268585986148594e+01
4.441137156575638301e+01
4.616912756632394377e+01
4.786055900163061949e+01
4.946304434871880318e+01
5.095738766512467777e+01
5.232834029413901789e+01
5.356497180143974646e+01
5.466087553732894833e+01
5.561420050335239296e+01
5.642750790954224271e+01
5.710745768095438990e+01
5.766433694057219128e+01
5.811144889046241246e+01
5.846438627482868355e+01
5.874021849841436449e+01
5.895662528300284322e+01
5.913101230411042764e+01
5.927964543639927086e+01
5.941683997899585989e+01
5.955423951571175678e+01
5.970021593237498081e+01
5.985941766295762534e+01
6.003248762048248466e+01
6.021596568895520818e+01
6.040238335146082704e+01
6.058055028244555018e+01
6.073602483690073228e+01
6.085175263467856865e+01
6.090885017279915559e+01
6.088750389788484796e+01
6.076794970582289324e+01
6.053149364200380944e+01
6.016153184344768334e+01
5.964452663096664509e+01
5.897089620285637324e+01
5.813577761546503808e+01
5.713962660889750111e+01
5.598862323196053126e+01
5.469485896220345467e+01
5.327628887336819474e+01
5.175644109752251154e+01
5.016388505133818398e+01
4.853146930780496149e+01
4.689534923852878023e+01
4.529383325568009866e+01
4.376608427538242552e+01
4.235071957565475032e+01
4.108435730646259287e+01
4.000016143838449523e+01
3.912643888785852653e+01
3.848534282738666690e+01
3.809173444757327331e+01
3.795225097285484850e+01
3.806461947925814115e+01
3.841724392106397090e+01
3.898908083111152933e+01
3.974981679948670887e+01
4.066037037403273047e+01
4.167374507930480121e+01
4.273624271092536020e+01
4.378900757796343157e+01
4.476979325315281244e+01
4.561464653180915008e+01
4.625901530964280539e+01
4.663817664069777891e+01
4.668923010129070406e+01
4.635656541445018064e+01
4.559759674904744742e+01
4.438591395341505574e+01
4.271269975265101237e+01
4.058725837049006913e+01
3.801143745891842229e+01
3.492098132440280978e+01
3.090998017191774139e+01
2.620493858749922822e+01
2.162558165393724252e+01
1.733415640785791467e+01
1.338467605357043055e+01
9.829114820121498397e+00
6.708327371823025409e+00
4.019788638821371940e+00
1.833752829082019087e+00
3.053870071098990224e-01
2.736734580956909010e-02
