3.992917410571342196e-02
2.227818303486315266e-01
1.109234874387157621e+00
1.641653695835007420e+00
2.879580479188677877e+00
4.256587841542334161e+00
3.028458272335634582e+00
4.802974846861446601e+00
7.699577075066563303e+00
5.527469733212321934e+00
6.333816475001126101e+00
6.497279529092389261e+00
-4.143595731742252264e-01
1.391186359149626961e+00
3.788176389527562637e+00
3.560834178218491797e+00
4.703119216904159572e+00
4.553343386124585557e+00
5.613800532485617723e+00
8.960702869706228313e+00
3.589709663301384968e+00
4.361278909497681155e+00
4.512206396673669850e+00
1.706147359616896120e+00
2.272280609734543599e+00
5.923575001881053126e+00
4.502560448033067431e+00
4.181021633752497912e+00
8.665903354535887004e+00
5.887232446446783563e+00
3.878418925902515468e+00
5.650163164283611650e+00
2.711185028122936824e+00
3.530099606606065255e-01
5.305884276154119839e+00
4.178367081575199649e+00
5.735148419686979082e+00
5.733778044789366923e+00
4.574072769795630045e+00
4.240780713281969483e+00
5.368292188322771885e+00
4.446440771047078577e+00
3.067166276185674167e+00
1.979868534370243127e+00
5.235464482422906407e+00
6.081197891646503706e+00
6.064947778180719062e+00
6.497246221914047659e+00
4.982792012032393636e+00
5.394316959760353747e+00
3.580978133644296513e+00
1.977664408744698399e+00
2.833239340755369096e+00
3.470636414760430277e+00
5.423676215597523331e+00
7.791867477214573512e+00
3.988241914386690734e+00
4.982866249714990481e+00
5.342111677591178776e+00
4.164506133445560643e+00
4.199469818542650223e+00
4.733381258639377975e+00
3.013331004389717016e+00
4.486700270601994944e+00
6.382276512662771850e+00
4.187507015722125914e+00
2.262299875732591392e+00
5.922679150570552942e+00
4.319957665119768642e+00
4.095189228031862250e+00
9.153370501322855901e+00
5.053667483864168197e+00
2.372368152353037551e+00
5.148406440292178310e+00
5.188387529852840352e+00
2.080366081915570931e+00
3.324800119613547267e+00
6.201604386943205149e+00
6.561689152640088452e+00
4.262602415484233020e+00
7.103560115118826346e+00
5.495389596825822842e+00
2.558685436063629748e+00
2.008314709249833907e+00
5.617026255908747601e+00
4.782812323992818193e+00
2.400943160101411067e+00
7.119732035581030516e+00
6.963012896348478087e+00
3.495745179097338173e+00
6.871953818324604946e+00
4.492374911707267771e+00
2.824477502058007072e-01
5.179611615283143955e+00
7.493320350490392023e+00
6.822290577115154520e+00
2.436239154219515424e+00
5.025767746266486036e+00
5.396141550252184338e+00
3.438458583573670513e+00
5.966934470674419622e+00
4.140166480458520759e+00
-7.321647572907378221e-01
6.960954382068150537e+00
8.765924977372051785e+00
3.345879817532496858e+00
3.461326661668835403e+00
6.462597491236396152e+00
4.635631742287316115e+00
2.816677167986791908e+00
4.376881288701214068e+00
1.757917490691809803e+00
1.742146406441283712e+00
2.756902993240355482e+00
4.868284270756304544e+00
3.985845620830547276e+00
3.487510481256771655e+00
4.711769180557323189e+00
3.852621535480460935e+00
8.762158835899013232e-01
6.306096561531679967e+00
1.994836517454410707e+00
-1.237025596800489735e+00
3.613362929941783097e+00
4.599368349444612036e+00
1.898332523728837318e+00
2.912100487817312455e+00
6.464842371856136971e+00
2.921099151879973377e+00
1.758651638783001347e+00
8.024068611209289159e+00
3.621928645581278694e+00
-2.849522807787022938e+00
5.514196256102744442e+00
4.473048263341638631e+00
1.442553622764644938e+00
3.769237646358873484e+00
6.137075469982074871e+00
3.602350529402388868e-01
3.159516756527361192e+00
8.373833762603418052e+00
2.315338117398684226e+00
1.739460820963207310e-01
6.665700160020663567e+00
3.805547658211886564e+00
4.588993264995281929e-01
1.287426459235264442e+00
5.043102477049282939e+00
5.328145146155655709e+00
3.763105777730911150e+00
1.198704299443142141e+01
3.639901139286722209e+00
-1.744889059774889839e+00
8.437731575518478522e+00
7.089787087733188997e+00
-1.014965338581937715e+00
5.220145505417739251e+00
1.169957007901811252e+01
9.954328795736756774e+00
2.305828460758832854e+00
1.224537374554477687e+01
1.260576065595736850e+01
2.301812847059880429e+00
1.311038051188002740e+01
1.377972119348988400e+01
1.935201867529283248e+00
1.597178752970680549e+01
2.348023004149217385e+01
9.055863335948082238e+00
1.671810589162843286e+01
2.141528875389068887e+01
1.733624906474294036e+01
2.538653393780482048e+01
2.065109769448070054e+01
1.846173403677475378e+01
3.367620283468180276e+01
2.170867052639175299e+01
2.965408523108726158e+01
3.381556590903787196e+01
1.901778152911204245e+01
4.394226431285246548e+01
3.993145308449818032e+01
1.859444748749164944e+01
4.247141203654254582e+01
3.411507773020923651e+01
2.657417203382442139e+01
3.963340631071441322e+01
2.719649738307219877e+01
3.601098520402035774e+01
3.884706275292006694e+01
3.512526641611431444e+01
3.660233588567955820e+01
2.823059022963939668e+01
3.780202499584451203e+01
3.448482164038171760e+01
1.835925471962480415e+01
3.793643195908360610e+01
3.346020585704049921e+01
2.558387743143142856e+01
3.407262753868676697e+01
2.407003819875395578e+01
2.265957708235917778e+01
2.809509312044242435e+01
1.990436370451021020e+01
1.506532444958214967e+01
1.931483091103585181e+01
2.486164501186397757e+01
2.940268716509216063e+01
1.483094097558927160e+01
2.537601812547112257e-01
1.955409969360512434e+01
2.613038239309119604e+01
5.249601939723303801e+00
2.447789433906006451e+01
1.391084531907089428e+01
-5.365849820354081423e+00
2.719691995465466761e+01
1.890575569922068055e+01
3.659630081655520506e+00
2.230894968611369222e+01
9.176921678379789782e+00
1.346736993554197781e+01
2.381310868434792383e+01
1.159642992704239539e+01
1.421750455834963311e+01
1.346950475502002753e+01
2.183918157316862363e+01
2.024572106616191647e+01
1.214094458818892441e+01
2.362794549878257655e+01
2.567632010365782236e+01
2.388813540989541906e+01
2.438849963356507544e+01
2.449252804197153566e+01
3.246109036618781118e+01
1.176756404864909200e+01
2.377256018943200289e+01
4.244156380731339340e+01
1.715968575265603491e+01
3.555391884024295734e+01
4.892369424835946035e+01
2.222504364389358855e+01
2.935668431474740814e+01
3.952177372840282743e+01
3.285634622516905523e+01
2.470270547839449904e+01
2.801096504042494573e+01
4.476077244816835332e+01
3.361827964034350202e+01
3.091494600380481472e+01
2.925017889135921578e+01
2.859702593105646784e+01
4.152342585053678192e+01
2.578268745452160005e+01
2.422944745985310888e+01
3.780524406262761516e+01
2.610302656348866535e+01
3.745375798353095576e+01
2.830004882777043562e+01
1.546136828057157153e+01
3.970600086113430649e+01
3.630591470317598635e+01
2.978071657390667681e+01
2.549022131513147826e+01
1.413678845360004743e+01
2.616039655982645229e+01
4.086388768329422305e+01
3.005267006796166740e+01
1.236321342480107077e+01
3.291666164709433673e+01
5.407577765450893992e+01
3.075669574311397625e+01
3.290735718368554075e+01
1.852463201377100432e+01
9.002623845869822006e+00
4.705482846426505006e+01
4.134758022845948489e+01
4.622968203059240722e+01
6.067336483059652608e+01
3.404365769627609239e+01
4.644813398369023361e+01
4.442975665913630223e+01
3.050861845266536321e+01
4.813672132413302762e+01
3.262830425787591082e+01
4.919868402971358989e+01
7.306279160096876524e+01
5.361516470552691516e+01
5.974677454427273915e+01
6.569190669194334475e+01
4.616460614731774825e+01
4.777294558138049041e+01
6.571118664613476312e+01
6.316986378537944091e+01
4.196465213078105450e+01
5.312685466422568226e+01
7.230092174095555890e+01
7.487067967932919998e+01
6.923117574903487537e+01
5.465550039401247062e+01
5.748985831230406518e+01
5.489151143398104438e+01
5.991378801807235277e+01
6.732052828561467095e+01
4.328523619338617578e+01
6.197010724388745473e+01
9.464746095908698464e+01
6.359369868641379497e+01
4.472309893567854999e+01
5.346013186057931676e+01
5.911389547279401313e+01
5.595279065858342449e+01
5.965591668175120077e+01
6.063249213491723566e+01
4.669908296133333181e+01
6.222728281400096506e+01
6.632796908193944319e+01
4.415634781821958654e+01
4.789830141593633783e+01
4.972231355794350804e+01
5.817969258596387050e+01
5.602300063343127334e+01
3.293582921311232781e+01
5.040243955176105572e+01
4.635820049279882227e+01
4.100653347316428921e+01
6.255982638356562830e+01
4.416485148541518413e+01
3.722356091012854762e+01
5.646368644027796080e+01
4.408933082206972642e+01
3.144685507318594020e+01
4.078773474736092908e+01
4.371219656575249957e+01
2.528814902438485390e+01
3.556186072945300225e+01
5.857272340125375365e+01
4.155486349009674285e+01
3.847045848376673405e+01
4.045802024163917565e+01
3.884550734467239153e+01
4.078526600784211098e+01
3.613049391902562490e+01
3.790350444425204302e+01
3.087426452900098894e+01
2.314128716951660891e+01
4.892353321710650249e+01
5.431631396655172495e+01
4.304468666184049397e+01
3.654166613917403339e+01
4.131253682914780967e+01
4.174796998817551241e+01
3.059268082215390550e+01
3.583220525464095374e+01
2.451668732808408890e+01
3.184322276462787471e+01
5.727637085301456921e+01
5.071960031219848730e+01
4.034658945359277737e+01
5.578531867683478396e+01
4.232552900982165056e+01
3.692305508271770975e+01
6.916884636060044222e+00
7.104142967128947994e-01
