-5.286614635403544954e-02
-1.537184845606667793e-01
-5.460439820769201757e-01
2.270739280500141177e+00
4.034175298232917761e+00
1.994734026034223007e+00
4.252155205538531213e+00
6.313260617533374308e+00
5.172379856956804467e+00
6.248222199617675443e+00
8.218291581686466785e+00
4.170111953335502442e+00
1.304345723025908343e+00
-3.229685135641178206e-01
4.388167541808407179e+00
4.187367940124143928e+00
4.016230653910620063e+00
4.636362688536737942e+00
6.612298832041843433e+00
7.351327830100737870e+00
4.763647167766437818e+00
5.009725651373610589e+00
3.149592383396219386e+00
5.328363169151264511e-01
5.243259987361597041e+00
4.419727099583385943e+00
2.783675308050422181e+00
8.044941305192446990e+00
6.202281309732071257e+00
4.904434385241381200e+00
7.214594888143799345e+00
3.795257861369253138e+00
7.821255521711729664e-01
3.219355607041884504e+00
4.368940416997814324e+00
3.108070513733675710e+00
6.884062030611617367e+00
6.623864350553897218e+00
2.335727150369984795e+00
5.964844714334581965e+00
5.521948929322299193e+00
2.887729289615902140e+00
4.152799385395002929e+00
1.591652662712612853e+00
4.854939688792955010e+00
7.270333400952553760e+00
4.728820733927024733e+00
7.538921197618554615e+00
5.494582883578616794e+00
3.328519624382340503e+00
5.260142788434835737e+00
2.316282808731580545e+00
8.843015021647050444e-01
4.026724782329882402e+00
7.337578842096190712e+00
5.397978524838018544e+00
4.608912302552105267e+00
7.346094518503394788e+00
2.501943104965321130e+00
3.729933293387675874e+00
7.947707928515567843e+00
1.388107088472294581e+00
2.623383615277329994e+00
7.124951516878080149e+00
4.577783048492074514e+00
3.909821250355781430e+00
4.387053464346925225e+00
4.533732909499950559e+00
3.314005940677203998e+00
5.860634877427849609e+00
8.821078008874152943e+00
4.019660626063161324e+00
2.915963835434396856e+00
5.082372350609924538e+00
5.127969221329615301e+00
3.245739205709013753e+00
1.658788633006929469e+00
7.258579939028830808e+00
6.538902178197023574e+00
3.094374256183547889e+00
8.710698109968269875e+00
5.291705740818535730e+00
-5.367001777336888324e-02
4.864754618273622100e+00
5.997261981078137794e+00
2.248431342178653480e+00
3.999505806562549282e+00
8.161032166362723217e+00
4.257842691680906455e+00
4.865879045671168690e+00
8.805651433837313746e+00
7.395557810472046523e-01
1.544207645817949892e+00
7.603193784319030257e+00
4.889603432224195245e+00
6.879214972439259057e+00
4.784663039798924267e+00
2.416909722550548700e+00
6.247058587048353928e+00
4.355288414011111442e+00
4.869240218298607203e+00
3.860970452884664894e+00
2.640396359998322673e-01
6.404974564943929138e+00
9.118383635860180192e+00
3.247749254991608936e+00
3.013758992216564181e+00
7.341146808771009447e+00
4.162456212168806680e+00
1.932479155722108599e+00
5.975120198511636893e+00
1.290298511397604653e+00
-3.596164098766812534e-01
6.117995276599888399e+00
3.537943586536444585e+00
2.251554565366618021e+00
6.208392279255917856e+00
4.249000306555674733e+00
9.970290341676818491e-01
4.185361747170974311e+00
5.973078643426290135e+00
-5.461562234330376020e-01
4.800885042684331361e-01
5.007147733685995306e+00
1.798092412816297614e+00
3.399081212362679683e+00
4.233322810441942252e+00
3.426660084788761829e+00
4.646636098815860372e+00
2.678221509306965675e+00
6.221333132558122259e+00
4.081718958935541153e+00
-2.294407758358610216e+00
4.729514505420968185e+00
5.902321287532156902e+00
3.709080081083493408e-02
4.215173794397576224e+00
6.390041302057667849e+00
1.062660776765370629e-01
2.879637901523873555e+00
9.566811708803131253e+00
6.343169663549126369e-01
-7.018025637871427858e-02
9.488736554994504857e+00
1.978305295775345973e+00
-1.164008264625835620e+00
4.707841534526933991e+00
3.220479557040303309e+00
3.746594680919050901e+00
7.576391366453245624e+00
9.154644640394383970e+00
2.718328610690523117e+00
9.545483073792982998e-01
8.307019087313097572e+00
4.511609280136924305e+00
1.283716121359104623e+00
5.248707048458722824e+00
9.952620888723586745e+00
1.133557792882428217e+01
2.889656441198977799e+00
9.595339861617924626e+00
1.485356059300934106e+01
2.130774496755547531e+00
1.224848958555236500e+01
1.506057596305298141e+01
4.138625201647479490e-01
1.708830645043693508e+01
2.367030316838821236e+01
7.708969414673573439e+00
1.743355649876339086e+01
2.216608298157500201e+01
1.548752219332887314e+01
2.673437486675579322e+01
2.151305891255650948e+01
1.698185701965343952e+01
3.298795484577401993e+01
2.516583778079068168e+01
2.609795289911220095e+01
3.380160400282054667e+01
2.247461764848367238e+01
4.044183817256529068e+01
3.998880522581855246e+01
2.181032316368144208e+01
3.998711203383140145e+01
3.380547205538878330e+01
2.864537045856233632e+01
3.820482388547433317e+01
2.642660516275863714e+01
3.731683863506246013e+01
3.926917252504947697e+01
3.255111070473750345e+01
3.925958062296994910e+01
2.746758328555634776e+01
3.744673788693400240e+01
3.558529009166640833e+01
1.683296187108664199e+01
3.846140391792503266e+01
3.443042820155989148e+01
2.336815220390736769e+01
3.631925769080611843e+01
2.313363511206278389e+01
2.143443954459927170e+01
3.065696472671119821e+01
1.938389348199287099e+01
1.338464501295643672e+01
1.979860930427451038e+01
2.694639573265266463e+01
2.628571825554699970e+01
1.593036686684627945e+01
2.414868435338583197e+00
1.587616800356690128e+01
2.755119757384168366e+01
8.701694223603976042e+00
1.961467098814606658e+01
1.570899446186697901e+01
-4.269584863885901527e+00
2.549712424252344434e+01
1.927094589934866065e+01
4.468121233043835794e+00
2.162443290023808729e+01
8.453314815964320772e+00
1.549904064660405645e+01
2.315770264076598295e+01
1.040526596587705477e+01
1.554157647698539080e+01
1.237682825237196482e+01
2.229865067459718730e+01
2.114188550376495712e+01
9.349668119024880042e+00
2.701871735529682184e+01
2.406614305929887010e+01
2.318392022242493411e+01
2.692295329584224106e+01
2.257930413928650282e+01
3.137777429339711688e+01
1.415514030650917476e+01
2.300132843737386779e+01
4.079074707509123954e+01
1.858342206234834748e+01
3.715231787350420234e+01
4.542609806075849832e+01
2.441046309254159041e+01
3.137049695645245251e+01
3.446725290881884973e+01
3.636710286522705360e+01
2.488547866228509164e+01
2.530566414012530885e+01
4.685206818753638913e+01
3.390403599234218035e+01
2.962119625655138577e+01
3.000364579637393803e+01
2.876325789050173753e+01
4.180159635171787613e+01
2.432332671189216100e+01
2.572952053116233628e+01
3.653134287947147385e+01
2.666086809937686297e+01
3.830684950934483624e+01
2.628045742195235235e+01
1.806533192134826393e+01
3.802856804457994144e+01
3.567000805781908923e+01
3.302216881609297161e+01
2.205978030730605965e+01
1.392927107038243584e+01
2.939186068445120270e+01
3.812089807576032996e+01
3.052797479556978288e+01
1.337395522403685888e+01
3.290816066043414878e+01
5.187823739474728768e+01
3.359177666695414644e+01
3.307756737863788032e+01
1.428347440076153951e+01
1.281573306607085350e+01
4.726482430747992680e+01
3.802364237753275944e+01
4.990455871354317452e+01
5.908066601632621229e+01
3.306230134320762915e+01
4.864202264702137768e+01
4.314599903050313401e+01
3.087165617383823957e+01
4.696391718999681331e+01
3.391377421723709773e+01
4.896806945610763506e+01
7.284947302945280967e+01
5.395790760548300824e+01
5.871416587941254761e+01
6.744437467550854137e+01
4.530107363682713384e+01
4.651608017942644580e+01
6.894993911259777519e+01
5.913334038883149901e+01
4.351481951062235964e+01
5.594327639451118728e+01
6.785781857017610719e+01
7.687214095323948015e+01
7.052760888020155505e+01
5.288360799517602828e+01
5.737853180179326529e+01
5.653070478501603446e+01
5.910503641953288678e+01
6.517021810555007733e+01
4.664316496038670579e+01
6.137092424017987469e+01
9.119828643932061141e+01
6.850127281187025119e+01
4.206266943044921902e+01
5.274409088383288946e+01
6.173528667865217301e+01
5.362199615343189407e+01
6.061046160325293641e+01
6.044519311983690812e+01
4.638078323924457891e+01
6.315328500115608534e+01
6.524056613123509862e+01
4.496475067524539782e+01
4.752236761323996461e+01
4.993510242498349072e+01
5.820875447659837221e+01
5.508430076000365005e+01
3.560664818843439150e+01
4.640150477001484575e+01
4.848765170652679046e+01
4.320756817787258797e+01
5.789916962820431934e+01
4.723983317397448900e+01
3.802737900743797894e+01
5.305957775328706560e+01
4.695235228423475604e+01
3.142200753277000302e+01
3.915420727095817455e+01
4.343578622690515090e+01
2.751717186327944020e+01
3.490343138816333379e+01
5.582656227422025808e+01
4.607497327388222175e+01
3.520197133203083695e+01
4.063007993374171178e+01
4.168959952876333119e+01
3.761282320041890159e+01
3.678414998156033278e+01
3.912693981112300179e+01
2.905659591502545780e+01
2.566533212152661747e+01
4.627222085707476396e+01
5.557184419518597451e+01
4.357866745114875329e+01
3.570916732113689562e+01
4.202936305625997448e+01
4.049247669574754838e+01
3.239892244844691760e+01
3.303184214044723888e+01
2.727422615956481522e+01
3.189284553583973647e+01
5.406683698783727721e+01
5.336046171088221968e+01
4.242913577747165021e+01
4.969093946658426830e+01
4.864139811616150411e+01
3.344131226972874060e+01
6.059914693281731601e+00
5.898932168523502995e-01
