-9.919920679094865190e-02
-3.572243758296339000e-01
-1.433284460721306885e+00
2.351420380953335165e+00
4.885645723059461432e+00
1.616132693702271306e+00
4.053304141546877126e+00
6.927872812356903331e+00
5.262686265180702705e+00
5.264727085636399906e+00
8.399725342598564737e+00
4.242438800640186969e+00
1.576766365891061561e+00
-8.910050993020661725e-01
5.272978194398293184e+00
3.652184828378675086e+00
4.599871470394588435e+00
4.341837580956805276e+00
6.603168469945584818e+00
7.092313921498622165e+00
4.162480403245418792e+00
5.837842267288595011e+00
3.291474678249556085e+00
-4.213278030616156578e-01
6.274876127287686067e+00
4.689113565820033358e+00
2.023407532287013311e+00
8.418717289343218724e+00
6.141887019452585861e+00
4.272636156368365690e+00
7.146154281683309684e+00
4.874455079314212291e+00
-2.853699596060288446e-02
2.974802539713642169e+00
5.788514050109771603e+00
2.394665936437263998e+00
6.460948315898195737e+00
7.244509437111695149e+00
1.626136991905881235e+00
5.958799567373373129e+00
5.771995193332132956e+00
2.944403121110545474e+00
4.109252683220632640e+00
1.612710528685650013e+00
5.492875556858761499e+00
6.855902067401480338e+00
4.365091591170562779e+00
7.660971483210510691e+00
5.478227583743509932e+00
3.314634537293583705e+00
4.853146296032806895e+00
3.007715076452611935e+00
1.003886362164345680e+00
3.383706949134664299e+00
8.404963859349136257e+00
4.819676307137321203e+00
3.711418650039828737e+00
8.432737663723152366e+00
2.242919246000298905e+00
2.999020602112642209e+00
8.465880035664959280e+00
1.995836399934890482e+00
2.123296603188452369e+00
7.098076777767303724e+00
5.285562503835151915e+00
2.841529366796195610e+00
4.431181179412930327e+00
5.457132369171023178e+00
2.281446610226741445e+00
5.965172834496333287e+00
9.398926285395415192e+00
3.981356819816687320e+00
3.020596917564707162e+00
4.689558949166817037e+00
5.353153542294543321e+00
3.133446237413431312e+00
1.405770221722550062e+00
7.638864680597292178e+00
6.222042699619708017e+00
3.034860011749271003e+00
9.057208669963273451e+00
5.713418809545187216e+00
-5.070132108106454316e-01
4.235685196177389145e+00
7.094595828959185724e+00
1.738875991092366124e+00
3.308086917295962159e+00
9.322555459115086762e+00
3.562229715818185483e+00
4.634438723761284074e+00
9.894635232046219642e+00
2.963578814751274271e-01
8.828612646720515045e-01
8.027722267423206048e+00
5.386862028411447234e+00
6.053627249445883152e+00
4.842722944229213233e+00
3.146780285670089050e+00
5.447309425008415751e+00
4.795889945090580753e+00
5.240618748847917452e+00
3.111099541427235771e+00
5.579704521047615939e-01
6.391334026799850854e+00
9.276040258357804547e+00
3.105751071038495681e+00
2.588806926950977250e+00
8.129410835950455549e+00
3.955626075017736998e+00
1.522003907869990735e+00
6.360646312261294177e+00
1.240051682249114329e+00
-5.994483351921547909e-01
6.146584635167858579e+00
4.106708862646845759e+00
1.549262847461931880e+00
6.062995374494993150e+00
5.564975447016426990e+00
-1.562637364689338226e-01
3.848310371991861434e+00
7.165191326137389183e+00
-1.337933133989061441e+00
3.827764716531322775e-01
5.597631325468562125e+00
1.524687598823430079e+00
3.127197333727569362e+00
4.668821226560518234e+00
3.690832434919213423e+00
3.643765961045512203e+00
3.020500623680330232e+00
6.822550154326346039e+00
3.413618914118210945e+00
-1.978623754286547909e+00
4.676570643435123742e+00
5.954537646166023990e+00
3.004269354727412411e-01
3.722468565414961628e+00
6.776537757809364848e+00
-3.376473284565130184e-01
2.639322224099302616e+00
1.055534499030604145e+01
1.203987369437236332e-01
-4.663079325231066496e-01
1.011763245729241056e+01
2.247441818137518421e+00
-1.785170883343571546e+00
4.570519597871230744e+00
3.866784962903175416e+00
2.772863067967356709e+00
7.879839772842724521e+00
1.025820835537365028e+01
1.360998578825376670e+00
1.302296700541000884e+00
9.299047453420627107e+00
3.697820114395750757e+00
1.116488426809622236e+00
5.387557527349922992e+00
9.912749861666448226e+00
1.108102976585302102e+01
3.234719668338260412e+00
9.896999253777702066e+00
1.422164107259479948e+01
2.720527139134567118e+00
1.244373341610844896e+01
1.452279938581858687e+01
3.883392299699409689e-01
1.677433093896507543e+01
2.423197081748940107e+01
7.458191474235279728e+00
1.707280695067331777e+01
2.322735659619212001e+01
1.493530468733091610e+01
2.660185603510664976e+01
2.222673470236012960e+01
1.619287070017698227e+01
3.259424121815564490e+01
2.573343696643306444e+01
2.630956421016274405e+01
3.299408946925299091e+01
2.298636266564169972e+01
4.140973268462892776e+01
3.880014963780116943e+01
2.222502521915600937e+01
4.044861960800755440e+01
3.250483267767589268e+01
2.921801671559013158e+01
3.852326009267562057e+01
2.589405704985181700e+01
3.750136203707446469e+01
3.968109222941407666e+01
3.289445860481617956e+01
3.865331012433354374e+01
2.747440873318570098e+01
3.759530953322305180e+01
3.510034624674296566e+01
1.708536737280477880e+01
3.833001809487569034e+01
3.460815561715825339e+01
2.347218702974348759e+01
3.636104643643115963e+01
2.390946083110041087e+01
2.032289106359884201e+01
3.043901483365678118e+01
2.043975894620474421e+01
1.234276850807617265e+01
1.972411384301511816e+01
2.769075765203985640e+01
2.601757985455650868e+01
1.594221123297834453e+01
3.012524116051784162e+00
1.581674321178916642e+01
2.637955018624955983e+01
9.390468910308317874e+00
2.008156342271093919e+01
1.433746867883231957e+01
-3.508468033731476421e+00
2.589769324031197684e+01
1.880504941223617266e+01
5.148698743402616351e+00
2.141346350461805059e+01
8.183056602965589121e+00
1.530337609865608606e+01
2.322740539813110416e+01
1.065550339632802057e+01
1.485416409528492032e+01
1.272810183996137745e+01
2.283295939262153951e+01
2.107002614109794081e+01
9.259906673096528706e+00
2.682579549422993281e+01
2.443957231422780652e+01
2.246853881377485251e+01
2.693685824789625727e+01
2.336381220462405750e+01
3.018249309436992078e+01
1.480272432001664917e+01
2.404167304093168411e+01
3.966314522694134581e+01
1.871363668033578520e+01
3.765982073484574499e+01
4.496974844076898847e+01
2.392879818489867816e+01
3.185367314420411233e+01
3.458734893500790264e+01
3.562898121805842067e+01
2.599291145603401532e+01
2.537968734912082880e+01
4.583258245541475162e+01
3.473122455965868483e+01
2.943700810643217025e+01
2.960740160304640511e+01
2.880958034834622694e+01
4.163338877516301295e+01
2.488780698887145704e+01
2.545033428353024263e+01
3.666649971890809212e+01
2.701240743377156406e+01
3.770253618392418105e+01
2.651504326700192493e+01
1.820097768690825291e+01
3.772911769841405061e+01
3.523132893389343678e+01
3.347754920553737890e+01
2.282542764236637467e+01
1.280169446220605955e+01
2.987454669798917450e+01
3.880725998548697220e+01
2.924173832263700135e+01
1.410952561083204770e+01
3.313732492862897061e+01
5.079022742520189837e+01
3.407121952962023670e+01
3.372435517921996961e+01
1.402349266517825299e+01
1.224347917327838964e+01
4.793529238379611712e+01
3.808868903737474909e+01
4.914772621449012036e+01
5.982297244897751654e+01
3.262931226483907921e+01
4.827045527126178825e+01
4.392582566816687262e+01
3.063729001236238858e+01
4.705986875481615783e+01
3.356141483468370268e+01
4.907393989554304170e+01
7.350640271997767172e+01
5.305037000112890411e+01
5.884521562743420020e+01
6.788423295606727947e+01
4.488632517521755716e+01
4.669211162254313763e+01
6.919066120602572312e+01
5.902599204639814445e+01
4.288238209137804802e+01
5.671164522125489782e+01
6.817068304741786733e+01
7.541779734088510168e+01
7.156542546647820302e+01
5.327108155149652191e+01
5.625029438815440841e+01
5.737923605948162020e+01
5.907682520772508639e+01
6.457942693771011022e+01
4.696600775294742647e+01
6.167664340519645805e+01
9.091532413685004599e+01
6.802653432329259431e+01
4.294340142175585129e+01
5.260049973915686650e+01
6.111650766729140827e+01
5.420588904782946571e+01
6.027654989136249952e+01
6.055316736156629531e+01
4.639270309791409375e+01
6.293494463956040619e+01
6.577037345090039366e+01
4.436214065498275261e+01
4.797223504149560824e+01
5.033876379038632365e+01
5.705129184678146004e+01
5.559498196558274685e+01
3.605561121091350429e+01
4.584181766328396179e+01
4.830366973800587260e+01
4.378182990006670394e+01
5.801439212245567489e+01
4.653412997355309955e+01
3.893656341711150048e+01
5.282842876011755351e+01
4.572275897004134748e+01
3.281905077936150406e+01
3.893516915503010267e+01
4.250689237915686647e+01
2.832940188494191958e+01
3.497366104718486213e+01
5.581041164652279463e+01
4.595202533224246366e+01
3.536377231294436996e+01
4.032868459703102104e+01
4.137873762988165538e+01
3.825514257812306340e+01
3.648297865031560860e+01
3.874393532688076647e+01
2.967103265014973701e+01
2.564560526460154932e+01
4.667577582360674882e+01
5.474415595663653278e+01
4.376349310310568796e+01
3.618359451977804042e+01
4.095520977693120557e+01
4.125608983322632639e+01
3.247883127764178113e+01
3.237799947317004268e+01
2.790268465020382749e+01
3.261946364986765445e+01
5.299185237254638992e+01
5.344003803914522877e+01
4.261363906755431685e+01
4.999584028400079916e+01
4.717607713165183014e+01
3.495732961300166863e+01
6.409691453837993436e+00
6.345840196771839192e-01
