-3.186913857472762485e-02
-6.434625525850004579e-02
-2.037274287756500324e-01
2.052268238948784962e+00
3.046925231464816086e+00
3.590677446590097244e+00
4.051981868300268630e+00
4.332028468676888622e+00
7.688140736766809979e+00
5.703153727858807365e+00
6.395545303450496100e+00
6.156229761213049656e+00
6.586322268091781007e-01
-1.144903791223895073e+00
6.512732107401968840e+00
1.534251989994246612e+00
6.135711104915974268e+00
3.943124660683953842e+00
5.851484308717576965e+00
8.802411461953214555e+00
3.725011839615209652e+00
4.541786890079299255e+00
4.196302601370114793e+00
8.458184365948482331e-01
3.888073649203559246e+00
4.641335405789873469e+00
5.021780367853563298e+00
4.986243862661025261e+00
7.059528321411280949e+00
7.472432416201964855e+00
2.892344342368371901e+00
6.119548193344950704e+00
2.236354599019873213e+00
2.372929944664835533e-01
5.844320320862074425e+00
3.837644061468345136e+00
5.876290942616262392e+00
6.312445328531604893e+00
3.370671358097550918e+00
5.670903697480928152e+00
4.097273743585258643e+00
5.116782073582184509e+00
2.980036990227273641e+00
1.034087926349343656e+00
6.696267069104999692e+00
5.227471235595805510e+00
6.209855470891795903e+00
7.208172140696014196e+00
3.979745038686645309e+00
5.941421811871532732e+00
3.433260142768203682e+00
1.955364163167776503e+00
2.852707042185602671e+00
2.694202153188742344e+00
7.037263127727395151e+00
6.321070635369763657e+00
4.918486573821058805e+00
5.246362629905672925e+00
4.031267924501088729e+00
5.261623446833156414e+00
4.014453377023739833e+00
4.158202565783918558e+00
3.678619300679788040e+00
3.572275954585450997e+00
7.521830876581732994e+00
3.561998889343960695e+00
2.562579139558850638e+00
6.111260566409260520e+00
3.279854966660824545e+00
5.386116270265662642e+00
8.300172356815551211e+00
5.280403158897503779e+00
2.454307052494866248e+00
4.429736970439524413e+00
6.476258822129825177e+00
1.550630757350718092e+00
2.816247697541370609e+00
7.383192323185148176e+00
4.952441284167182545e+00
5.586311760077795618e+00
6.624453395963263880e+00
5.331529976322894271e+00
2.552108668600934216e+00
1.907527164721253943e+00
6.528720676648712029e+00
3.842002465601932037e+00
2.650269865714618867e+00
7.711921415952308401e+00
5.569270026246997851e+00
4.933532598718485929e+00
6.445146801179042484e+00
3.558779817640701282e+00
1.590416236907360004e+00
4.114432856626107693e+00
8.594860806250023799e+00
6.024584316650803295e+00
2.696028467992884536e+00
5.159744685629735983e+00
4.889231113553509367e+00
4.111502948156498860e+00
5.636163376085727705e+00
3.635740931420937905e+00
2.636410030569059648e-01
5.810050621767349988e+00
1.010348361143505791e+01
2.507332235776536411e+00
3.247571451938007669e+00
7.600090055902631647e+00
3.111291590028540277e+00
3.974327946644408804e+00
4.057993916232694787e+00
1.300674171382516064e+00
2.160308524889961390e+00
2.685852394009679678e+00
5.064449397937798913e+00
3.826108613348722987e+00
3.224224230999113594e+00
5.708724317269266990e+00
2.061750759625960772e+00
2.760334353627027948e+00
5.385202946131173007e+00
1.438835576830458152e+00
-1.159732043226122666e-01
2.793737145568730096e+00
5.129490526254994798e+00
1.909215393123407045e+00
2.467878473846275789e+00
6.977321181807322859e+00
2.331971019022834213e+00
2.373457154474541753e+00
7.854783164332125089e+00
2.733770687006657596e+00
-1.456787945921344196e+00
4.199441227008769317e+00
5.938024149327806533e+00
4.323965061130753407e-01
3.776758263589227838e+00
6.833677646646890480e+00
-5.037531925175554592e-01
3.693528599668823187e+00
8.572241441843329923e+00
9.829007735182031524e-01
1.666064620356547676e+00
6.100362116275298341e+00
4.059396703327125877e+00
2.925577327671162742e-01
1.000287188378609082e+00
5.915269397718946998e+00
3.958885838960113812e+00
5.247468405965598492e+00
1.089638000650563399e+01
3.335857194444626028e+00
-4.567389041646910397e-01
7.803285285746523137e+00
6.915671761647113946e+00
-2.439726373836543782e-01
3.965136409209277346e+00
1.305731592971502231e+01
8.790561463660294450e+00
3.035516278271365387e+00
1.174268558771473892e+01
1.237415336539430477e+01
3.425290747808021230e+00
1.217361540344166926e+01
1.441621375601309651e+01
1.617136764995605214e+00
1.567372869356270115e+01
2.427627879666338728e+01
8.110139064463480096e+00
1.696163470030750986e+01
2.204530402488000007e+01
1.581083359059176452e+01
2.748260950214149645e+01
1.935182087808171048e+01
1.892257192564251156e+01
3.353558347410722718e+01
2.165687863494001064e+01
2.976417493622921739e+01
3.331865293032770836e+01
1.958279259592626786e+01
4.376445292544472920e+01
3.921620187850354711e+01
2.032207021884854470e+01
4.122784550120883296e+01
3.424017292856456152e+01
2.738563952080232156e+01
3.808400246216992002e+01
2.859498379843765647e+01
3.498962109794973685e+01
3.948488404626155557e+01
3.475944233442244524e+01
3.662632485086878376e+01
2.889314256484760435e+01
3.743804061716165421e+01
3.425426399124850008e+01
1.886374675467932960e+01
3.675073664181734046e+01
3.493031701248052912e+01
2.431363023587910632e+01
3.470597238563698284e+01
2.428469651971767718e+01
2.167442766921985253e+01
2.987226207336349049e+01
1.877780773499492994e+01
1.493874502003362359e+01
1.967919943197751209e+01
2.445074313452784409e+01
2.963460979741554624e+01
1.484679624812905629e+01
3.972871079860484933e-02
2.003899958964985828e+01
2.522438491937644045e+01
7.262837406640403337e+00
2.248691865499183962e+01
1.444588007019696896e+01
-4.930021886567058864e+00
2.618786557793431058e+01
1.988052716743620607e+01
3.288143548398545946e+00
2.199844835677631849e+01
9.861836713843425528e+00
1.304331599320470048e+01
2.451131041626246443e+01
1.088680709558411230e+01
1.390670072596505236e+01
1.437041285422934145e+01
2.057747134968686709e+01
2.172842951171445236e+01
1.081442073242635793e+01
2.440381267592164605e+01
2.583228597321161502e+01
2.333542983158793405e+01
2.525629346519128049e+01
2.381820857488812493e+01
3.178501457968647514e+01
1.321886082984548416e+01
2.241637454747954195e+01
4.324200239460926554e+01
1.698900282979822762e+01
3.547354775673908023e+01
4.936235843807730816e+01
2.154298573765976954e+01
3.056849227517633594e+01
3.793578200670967959e+01
3.345519652179879699e+01
2.522700563102483429e+01
2.693189471690395109e+01
4.563582738874590916e+01
3.375542247099978255e+01
2.993660588905840214e+01
3.066593006002411670e+01
2.737793747715811676e+01
4.249798446335602620e+01
2.488577771474035671e+01
2.433438603966695979e+01
3.833081528864116194e+01
2.532538122770270661e+01
3.841204805023973279e+01
2.772045045534366992e+01
1.545064577415298146e+01
4.029176508956203406e+01
3.550685820775650114e+01
3.059333523475426020e+01
2.491434191264757558e+01
1.340198683671532898e+01
2.793407897482495983e+01
3.919242576269716949e+01
3.120974429632324032e+01
1.198865271466562632e+01
3.268424091787154140e+01
5.447446546125162570e+01
3.059740243500912982e+01
3.313915029782115340e+01
1.780481537491423794e+01
9.077872627067161915e+00
4.816855951256216173e+01
3.987129868763459939e+01
4.741365082468561809e+01
6.038774630596596182e+01
3.315514758134892048e+01
4.808000072010333525e+01
4.315154611440426891e+01
3.106003475229678656e+01
4.763322465567224384e+01
3.275344981165616787e+01
4.978782218842990659e+01
7.242879759132311790e+01
5.393760200610731204e+01
5.977575991440043168e+01
6.515455826167189457e+01
4.739686219043960591e+01
4.640604030434992922e+01
6.659707795281109100e+01
6.258332532706724294e+01
4.177810008389045748e+01
5.447546666755182798e+01
7.071667228625180712e+01
7.566931637644573527e+01
6.940547712504847766e+01
5.398678397286185771e+01
5.827607508881617804e+01
5.447265369434104798e+01
5.976071217095167754e+01
6.742600962501511219e+01
4.306135285768930032e+01
6.301992564813507158e+01
9.294841460016525048e+01
6.506551565635517420e+01
4.427911561449764122e+01
5.281675119686184416e+01
6.044841271072940003e+01
5.485464651476701192e+01
5.978839348412755328e+01
6.101077773831073614e+01
4.611992092958389122e+01
6.301233715365606969e+01
6.560624702589382196e+01
4.452110067101604329e+01
4.813680739339090309e+01
4.891634167426008162e+01
5.951398294968898739e+01
5.464122026830207801e+01
3.377475967284102865e+01
4.992459896102585759e+01
4.623541854007910246e+01
4.194815122304544985e+01
6.147878597984925619e+01
4.458960514595589331e+01
3.782881728906932040e+01
5.520575994938625541e+01
4.549069906190999291e+01
3.067043283846498625e+01
4.047937395172915842e+01
4.419072475864174976e+01
2.486902781769020621e+01
3.653599193488240360e+01
5.712423609583095896e+01
4.290050795136502160e+01
3.787492886889497612e+01
4.020816203977481251e+01
3.984449207402075643e+01
3.990358424359040157e+01
3.560439136957617734e+01
3.925142764564821363e+01
2.954929604050718694e+01
2.446488101376391811e+01
4.786182956162870994e+01
5.476666096086490398e+01
4.338227368816899343e+01
3.581460889821567406e+01
4.245421275364358138e+01
4.020418779340992188e+01
3.147699798744279320e+01
3.548366587461956811e+01
2.485347780225399461e+01
3.179327348095062433e+01
5.727257294485953310e+01
5.007224413334364499e+01
4.231234580497810782e+01
5.308957391121774805e+01
4.487122524847739413e+01
3.503841890264619252e+01
6.470990721490323949e+00
6.500327735686751707e-01
