4.109096177509966030e-02
2.290071186303808959e-01
1.134607215222005916e+00
1.658974478131300279e+00
2.837650962200815918e+00
4.331085312890386341e+00
2.928861632920776170e+00
4.891374894748529378e+00
7.640026768448928252e+00
5.511444051951421841e+00
6.442116672666363009e+00
6.391599471275038802e+00
-3.733906427813331597e-01
1.355864445834377374e+00
3.921184858024857611e+00
3.267428051506431785e+00
5.188607774855435117e+00
3.861310511734449946e+00
6.443662083224947601e+00
8.072617330216823817e+00
4.515347324080400959e+00
3.440831826046640618e+00
5.376329712505335756e+00
9.102320924006781500e-01
3.003416848085534330e+00
5.279191436586042840e+00
5.038349194210743676e+00
3.715908142051711494e+00
9.065823559890885619e+00
5.636585101507083806e+00
3.879407876109869147e+00
5.983858590206003747e+00
2.026790222067933023e+00
1.311054676194222779e+00
4.185842350705042847e+00
5.397075337539843254e+00
4.397100226643632759e+00
7.193498921663756818e+00
3.053794200325661734e+00
5.758912778834675450e+00
3.880638486771992302e+00
5.930680810430806638e+00
1.565912180913453300e+00
3.449879872693109917e+00
3.905681733297140745e+00
7.129927303993211396e+00
5.377509885859792504e+00
6.834553306096720959e+00
4.949764234368116078e+00
5.161552167555365500e+00
4.059281920818033740e+00
1.288639554820411037e+00
3.713542342166824106e+00
2.384708658273699378e+00
6.697272927414031685e+00
6.359410619682991594e+00
5.576354033684316924e+00
3.252181485965570218e+00
7.164298979601793960e+00
2.330881365330020216e+00
5.950108447290157088e+00
3.196629907508929058e+00
4.248095519382294682e+00
3.495901107982787526e+00
7.221438893191725938e+00
3.489577264995710859e+00
2.784593541447689446e+00
5.611115026191711763e+00
4.391215933473394450e+00
4.262612054704571385e+00
8.796597673144599838e+00
5.600533174618665733e+00
1.558825970408065142e+00
6.214781938345827150e+00
4.003933848151726593e+00
3.260213625852029562e+00
2.219016427151798698e+00
7.201498960118128956e+00
5.637677494233716224e+00
5.183102715037435360e+00
6.179826007314943581e+00
6.366107586321214207e+00
1.749181949376598766e+00
2.755584423766975544e+00
4.989003293226022429e+00
5.257875746220584290e+00
2.062981551405771441e+00
7.318613616712887904e+00
6.916260789482874927e+00
3.442926807033687808e+00
6.928836378992342837e+00
4.489632544832157457e+00
1.983056306820625281e-01
5.340683687379692124e+00
7.355410128545432968e+00
6.843272123320135236e+00
2.513318696271601649e+00
4.931001209522216655e+00
5.471420343974919831e+00
3.366551811624867607e+00
6.052271134954073872e+00
4.035606423191343772e+00
-6.252073108128884948e-01
6.876763631073570693e+00
8.878130847991554830e+00
3.081699047419311110e+00
3.968467089493890043e+00
5.723680059049658375e+00
5.518844923298781957e+00
1.868439483900343090e+00
5.352037090632715710e+00
7.616642856324039590e-01
2.775348133387101068e+00
1.680187704848514763e+00
5.981955735984639588e+00
2.850717691139825316e+00
4.624934234114739695e+00
3.592045754648984346e+00
4.896774106675954030e+00
-1.371327902200455973e-02
6.975549694699926029e+00
1.622495882256524524e+00
-1.224276458887798569e+00
3.946268869199245355e+00
4.017309627270760686e+00
2.647519346090168035e+00
1.992100588107889036e+00
7.589843630729759205e+00
1.548322938914014513e+00
3.402890717410944621e+00
6.173703778465388758e+00
5.585258977495545452e+00
-4.900193185894194947e+00
7.653225113811654268e+00
2.335848831167790074e+00
3.413716721956884470e+00
2.073776458923816790e+00
7.502430618868447532e+00
-6.745548161877780169e-01
3.943123998248866169e+00
7.801050881874759924e+00
2.609920821425948390e+00
2.389375853090717206e-01
6.229825703023260886e+00
4.608755067524483273e+00
-7.387832839536446761e-01
2.844563433391905427e+00
3.199703788994368914e+00
7.419186796298001596e+00
1.507690823320078533e+00
1.427288949280569952e+01
1.425074926015690080e+00
3.479529422349006973e-01
6.509213441100190067e+00
8.837023327850852539e+00
-2.634805329811710450e+00
6.707098820225869673e+00
1.047487187863707092e+01
1.080290632718570976e+01
1.882564740488428034e+00
1.224040665511360082e+01
1.300398103455348675e+01
1.558344476344490470e+00
1.417582367841460567e+01
1.239774259760555530e+01
3.531777588224104036e+00
1.432235098492228431e+01
2.511457226282534094e+01
7.421057633585890656e+00
1.839245556075100296e+01
1.969762110158607982e+01
1.903065506714695942e+01
2.383102581127530328e+01
2.194546187677850568e+01
1.747568789832712355e+01
3.434894778975949237e+01
2.137301719456369753e+01
2.965312508116463164e+01
3.412506701640047879e+01
1.845868139330011459e+01
4.468165684687149763e+01
3.906418463311199218e+01
1.953284269732684919e+01
4.147917477991011737e+01
3.518234106990458088e+01
2.541875200379097066e+01
4.085380865585987209e+01
2.600695395106951580e+01
3.704811072054151566e+01
3.807235495722619589e+01
3.558659843855829052e+01
3.640079481891442015e+01
2.821686467350910021e+01
3.804737931892467628e+01
3.400213812628403787e+01
1.902464706996064336e+01
3.718279999227388544e+01
3.424962001494429131e+01
2.476973500615155288e+01
3.495053251195332678e+01
2.305902047595705184e+01
2.375010732266580860e+01
2.708320404626380551e+01
2.071900522003905110e+01
1.449541651474049253e+01
1.961653581084514641e+01
2.484900933559270797e+01
2.915316296846131294e+01
1.532175789519994069e+01
-4.825525473046085589e-01
2.046375619274563462e+01
2.512613313042103158e+01
6.345161872408299431e+00
2.328240737533557692e+01
1.518954256877317555e+01
-6.719701328366013193e+00
2.863149442166240277e+01
1.748446176974560373e+01
4.897386326347440644e+00
2.135005944578244907e+01
9.811889591107776809e+00
1.316862946567851012e+01
2.382556681301315393e+01
1.182891661737478017e+01
1.371691432859012671e+01
1.426535616560999387e+01
2.082377629526576612e+01
2.138779589435119988e+01
1.085992461134716613e+01
2.508546189124499648e+01
2.402743752227041441e+01
2.569993520176552693e+01
2.254039497268603043e+01
2.619793172063191378e+01
3.101926521926943892e+01
1.293963664613899489e+01
2.286035621076002045e+01
4.306015240803179722e+01
1.683968360376390550e+01
3.558639074698266569e+01
4.916720130978405479e+01
2.173513203180378994e+01
3.007369223292256777e+01
3.857217174491876222e+01
3.406658909673348745e+01
2.323578642780285719e+01
2.967648524194122217e+01
4.298007573484277799e+01
3.538303521890489378e+01
2.930954122604323331e+01
3.060657879501863476e+01
2.750236710595124734e+01
4.239952551928487168e+01
2.511741192904709052e+01
2.464317075529756096e+01
3.767613036149779759e+01
2.594308509665731322e+01
3.787350785445003964e+01
2.764208660114376315e+01
1.637500644339327138e+01
3.849032625419349785e+01
3.782695859001186278e+01
2.809035324206383422e+01
2.715553527475340090e+01
1.261417849100856614e+01
2.749543138135386400e+01
3.972716999044521202e+01
3.099165967383106235e+01
1.163701686749216080e+01
3.337632909952269955e+01
5.392242397128509879e+01
3.063388505648384808e+01
3.330246685720608468e+01
1.779553754221578288e+01
1.009074238509088062e+01
4.563067427431114709e+01
4.307825511019235876e+01
4.426930975425931791e+01
6.270499243060077532e+01
3.209122060971779433e+01
4.825322582001440708e+01
4.281915317482219763e+01
3.189948539818819384e+01
4.693844796390961704e+01
3.360585591567286201e+01
4.855727050058987260e+01
7.329552529168633157e+01
5.377579664807641535e+01
5.919210147663705612e+01
6.669359560585553481e+01
4.469003699497124416e+01
4.970801948429734551e+01
6.337531060319661691e+01
6.573202442111848143e+01
3.937544544847634143e+01
5.567383548941880633e+01
6.977780381889107275e+01
7.734610801093292309e+01
6.687931368695555534e+01
5.680990668830612833e+01
5.561893358269735899e+01
5.639071573677681215e+01
5.882583167827630177e+01
6.794746808943322947e+01
4.321864330213512773e+01
6.141761429929386651e+01
9.579076185731486248e+01
6.193282314532628163e+01
4.681284466277549683e+01
5.105669655839961507e+01
6.172428440744359790e+01
5.317086675236551940e+01
6.260511528240232337e+01
5.754712861154217052e+01
4.985204732877169675e+01
5.912710698377247098e+01
6.923493234788790573e+01
4.155359455184130013e+01
5.013152499231015469e+01
4.791264082897903620e+01
5.947059693132968761e+01
5.533706383159561426e+01
3.302062396530347144e+01
5.082200177502870986e+01
4.555197636616347268e+01
4.215806228146291090e+01
6.103552624824260420e+01
4.610041617711227957e+01
3.487568694140004766e+01
5.912954574394242258e+01
4.124332568771142604e+01
3.437870866259608249e+01
3.783409347839260306e+01
4.659006461687037870e+01
2.262334176095440696e+01
3.792049499016540892e+01
5.656643672578404392e+01
4.318141829930490871e+01
3.718292617734161354e+01
4.146038832893795956e+01
3.814163680044845961e+01
4.114348074537595323e+01
3.615204009767361271e+01
3.747338461485143313e+01
3.173877956760554397e+01
2.191428124567030977e+01
5.036432729431197686e+01
5.273773030586328048e+01
4.472338586087649048e+01
3.483429533747322182e+01
4.297854199324244462e+01
4.017682222004131631e+01
3.202484506366128159e+01
3.454154603750346553e+01
2.575372461675266678e+01
3.060851864001808309e+01
5.839942728463213939e+01
4.983159583951652394e+01
4.096265785451861774e+01
5.542699859174755517e+01
4.248575447308272146e+01
3.687739245418227796e+01
6.904845775449715006e+00
7.083289285663318946e-01
