4.393466405541959774e-02
2.380026083344400634e-01
1.180637149417557374e+00
1.608756664351568944e+00
2.895954051660763362e+00
4.273936382634505371e+00
2.963416322520837642e+00
4.875767474542403335e+00
7.621932036752696149e+00
5.561149381541613756e+00
6.397457497411555671e+00
6.433047533679154384e+00
-4.708814484161951142e-01
1.575298474053296482e+00
3.566187961939860429e+00
3.756197780535622588e+00
4.566595072823036894e+00
4.575601453395179874e+00
5.664287311395455049e+00
8.912315236212752012e+00
3.644231331791675910e+00
4.311284121390653645e+00
4.514158425351357806e+00
1.773624998480691328e+00
2.159722204959658054e+00
6.072465708466409318e+00
4.302795177680319938e+00
4.351427449147797333e+00
8.595714435393762898e+00
5.894627157889901881e+00
3.863737205431241328e+00
5.757108714214334455e+00
2.465990757886468820e+00
7.043440861798759833e-01
4.947748468322478388e+00
4.461255348566544932e+00
5.492598920016374286e+00
5.969772335571597921e+00
4.380125337131040908e+00
4.348346775888505711e+00
5.368765862982683323e+00
4.393810153028385734e+00
3.088391585157538977e+00
2.030652392818419472e+00
5.144929557640671725e+00
6.096609435435283331e+00
6.203834217097196735e+00
6.210625851683262866e+00
5.365200961192075901e+00
4.970833772502283310e+00
4.026980302044507631e+00
1.544085048039355312e+00
3.225901683162995859e+00
3.105855651628290026e+00
5.749823584470615145e+00
7.514656959088194199e+00
4.244984844967629734e+00
4.701250711197245913e+00
5.664047082092329433e+00
3.828817031004876359e+00
4.515291169135460692e+00
4.530229795812947380e+00
3.003476531299860142e+00
4.664125237529634482e+00
6.157750085124781947e+00
4.403104440542776388e+00
2.049701357119885436e+00
6.143447929521072659e+00
4.075662840775448714e+00
4.374159400492431793e+00
8.893762611776761418e+00
5.273915612714399792e+00
2.080784315838281273e+00
5.581123823371056503e+00
4.691809271271255355e+00
2.533125894598681427e+00
2.976881413625727113e+00
6.407970143386937600e+00
6.478693580807576957e+00
4.325162898953870183e+00
7.005219305249071660e+00
5.586223304139037893e+00
2.474620497483551507e+00
2.126416456051039017e+00
5.494909001550372984e+00
4.863740048479209932e+00
2.353047162492528876e+00
7.123091887744337214e+00
7.060368969818049401e+00
3.307768356593431047e+00
7.062957908209959612e+00
4.354952227186751124e+00
3.322443547972114830e-01
5.240032951881096857e+00
7.402717400836743344e+00
6.812698019414431982e+00
2.572358174946148601e+00
4.832725964527351259e+00
5.603724114774680132e+00
3.201478981144970426e+00
6.242823042095515085e+00
3.828130146136103917e+00
-4.087423072393123746e-01
6.697774254525510784e+00
8.951700551479788714e+00
3.139795871251061410e+00
3.798718302033643468e+00
5.973417114352802315e+00
5.199825146658712427e+00
2.267490252732030420e+00
4.851575420668122973e+00
1.385196777464448470e+00
2.028329949952670574e+00
2.546568644098276657e+00
4.997290333350180802e+00
3.938385025220770164e+00
3.462530536904279810e+00
4.778176524643853007e+00
3.743803827386738003e+00
1.062837469367362342e+00
6.013369965405183315e+00
2.446315081024846627e+00
-1.902560731290302121e+00
4.489779636757516457e+00
3.611648107560819554e+00
2.871433241417388871e+00
1.991961714503648340e+00
7.333718299818205999e+00
2.078687986331132276e+00
2.619973528002258689e+00
7.178214425069797677e+00
4.373357005522556129e+00
-3.492762115185130245e+00
6.108140712886530821e+00
3.932174815774711618e+00
1.807486861367394226e+00
3.669901721060965016e+00
5.929272339487222432e+00
8.781212252515203653e-01
2.444931027665522283e+00
9.167253059919552527e+00
1.448333273638495955e+00
1.170719455976821255e+00
5.545912188165954326e+00
5.001527988367261202e+00
-8.377064187835279174e-01
2.668578607676715286e+00
3.644172265014313350e+00
6.741199765066854255e+00
2.370067140048349064e+00
1.325305198763537362e+01
2.602039597481759170e+00
-9.691140714418554625e-01
7.935509392851316512e+00
7.304311502283085566e+00
-1.040727888548274027e+00
5.146085002888491466e+00
1.193774803960066500e+01
9.474549982201303067e+00
3.054578245126072122e+00
1.123924455874130501e+01
1.383333232264806867e+01
9.089139745250537361e-01
1.462316073904790947e+01
1.212085581472186391e+01
3.679229699000253095e+00
1.431890429909150519e+01
2.494445726015529274e+01
7.781525433244283363e+00
1.786055560717999313e+01
2.035432649424465268e+01
1.831208593377414218e+01
2.455328660554349440e+01
2.122751880360905830e+01
1.817950132033556798e+01
3.368748585996253553e+01
2.198460674377285429e+01
2.908987964474462018e+01
3.465550414755499276e+01
1.795295517350356107e+01
4.515872814536519542e+01
3.862154380363845974e+01
1.991574351878381677e+01
4.116720709318030913e+01
3.542552962398882244e+01
2.522802339043555264e+01
4.104030802335431360e+01
2.578527303526664127e+01
3.733474999590776378e+01
3.771818037995119255e+01
3.597591728318593596e+01
3.599146835224601659e+01
2.864596495761063721e+01
3.759816269252069532e+01
3.444659552930542645e+01
1.862192016585726861e+01
3.754368310340768033e+01
3.392485295475472640e+01
2.507286243238785417e+01
3.465879550602299020e+01
2.328814671512431289e+01
2.365854354229204759e+01
2.699189454235222030e+01
2.099226673994579428e+01
1.404597729423358388e+01
2.025072596829652483e+01
2.405205068334266372e+01
3.009867921163424853e+01
1.423428073192583199e+01
7.035939874082040024e-01
1.921132003405400823e+01
2.644500837395519710e+01
4.956636085631791033e+00
2.471102122364610310e+01
1.376075902164871145e+01
-5.316937651719871205e+00
2.732991265917349821e+01
1.859743910357001795e+01
4.007716810855985301e+00
2.199671976332572143e+01
9.418961066425136863e+00
1.331484895637348487e+01
2.391650855584570934e+01
1.148236735970081845e+01
1.433937100020254718e+01
1.340567919042671896e+01
2.189089378208374370e+01
2.009745638402817391e+01
1.237243799632418728e+01
2.337764616865277034e+01
2.587657829156122347e+01
2.379382114614063326e+01
2.440649719940160267e+01
2.443014661443477920e+01
3.268774504528127522e+01
1.139326427966484800e+01
2.423775041388330465e+01
4.187604872160098068e+01
1.780976611823642486e+01
3.484894934712492898e+01
4.965783826244693699e+01
2.150577614570853413e+01
3.001760125688203473e+01
3.893634585433899531e+01
3.341582782011449382e+01
2.413015133860558947e+01
2.858495472694438888e+01
4.420464907932330334e+01
3.408116877714972759e+01
3.065522166082636701e+01
2.922675867168958774e+01
2.891032937135193848e+01
4.099303798893713946e+01
2.648060605496272757e+01
2.336754242209984156e+01
3.883534316761306826e+01
2.491534443880602012e+01
3.874409786156761726e+01
2.695866326948672054e+01
1.684363838266541435e+01
3.823219569543652341e+01
3.793241481070796084e+01
2.807538465266121008e+01
2.710122073392580333e+01
1.274997526411934778e+01
2.726958651898948105e+01
4.003750031411045285e+01
3.061070228194396137e+01
1.205512600026250070e+01
3.294530082792407910e+01
5.436887589981053281e+01
3.018963128432184817e+01
3.369940633513901673e+01
1.746867004425671510e+01
1.035947206188581760e+01
4.540619741911499574e+01
4.328236805202183035e+01
4.403459120993360898e+01
6.299905651788514405e+01
3.175004463463515592e+01
4.863367001757735153e+01
4.240244181665263312e+01
3.233376283449757693e+01
4.648166812652168289e+01
3.412907369811358649e+01
4.795033168297259607e+01
7.396285524843700898e+01
5.305052394077598876e+01
5.999312861254472296e+01
6.582648164690743897e+01
4.559297963077900562e+01
4.880792118330056439e+01
6.420001687784007061e+01
6.505019181174603204e+01
3.991855244781632450e+01
5.523894464565554330e+01
7.009269478726081104e+01
7.718509916396490667e+01
6.686487996189615046e+01
5.702305339057910061e+01
5.518365251705014174e+01
5.704354610532544712e+01
5.795524534181554088e+01
6.905980806656603477e+01
4.187511564302024425e+01
6.293647604789281758e+01
9.415661229374265417e+01
6.363102736397711112e+01
4.510458996972374024e+01
5.273145053173058727e+01
6.009299358943002289e+01
5.474491966021347622e+01
6.112658325829730899e+01
5.888706410890875276e+01
4.870773405354044172e+01
6.001814442191331977e+01
6.863226653184503334e+01
4.185591527650159804e+01
5.013650279892820549e+01
4.757970210719815896e+01
6.013051099041151559e+01
5.439041715815129407e+01
3.419301371115035693e+01
4.948272710632370064e+01
4.704048519271948692e+01
4.051711861832507822e+01
6.281777786118092877e+01
4.421411446993425187e+01
3.678980228573162492e+01
5.726334739794797457e+01
4.301225962308747341e+01
3.274204845055457724e+01
3.929513979460971740e+01
4.536433373801810376e+01
2.358788336305675060e+01
3.721535477968825489e+01
5.701680652465349652e+01
4.295661596760167811e+01
3.720282753178031498e+01
4.165394677320103511e+01
3.771925901257039015e+01
4.179018128939037524e+01
3.530508450724797598e+01
3.850133931481725824e+01
3.058851747299240387e+01
2.310533922756799896e+01
4.916464063350337454e+01
5.392545529875685162e+01
4.358357375410884771e+01
3.589447710955878534e+01
4.201224121516668930e+01
4.104392884179281964e+01
3.125987926029300823e+01
3.523826866170175265e+01
2.511724394376197012e+01
3.112273035898510543e+01
5.804369992166633097e+01
5.004375059838737627e+01
4.085973958061769906e+01
5.545978800328147429e+01
4.248323546731985800e+01
3.687860390470558514e+01
6.905025606205309252e+00
7.083807833282032007e-01
