4.868516262330358640e-03
3.777236420289309393e-02
2.004042961031552994e-01
5.204569047489393530e-01
9.122043315679695397e-01
1.359921297457364897e+00
1.857553194299292887e+00
2.395489601058392815e+00
2.961630805840119951e+00
3.547560387299954598e+00
4.129373820132330231e+00
4.658877032283315067e+00
4.988103168929548303e+00
5.215133403489408792e+00
5.361543442395618086e+00
5.431018498052338828e+00
5.427595691747653106e+00
5.358634717843612449e+00
5.234426047394216575e+00
5.067662088454593317e+00
4.872689283862832177e+00
4.664435220601601984e+00
4.457081347906939328e+00
4.263268876555535769e+00
4.093879900402202843e+00
3.957798006172293270e+00
3.861626787691938567e+00
3.809466911083053464e+00
3.802813234999359970e+00
3.840587688529200072e+00
3.919304045546503357e+00
4.033350217537092774e+00
4.175366349904622076e+00
4.336694164388646300e+00
4.507873765341305905e+00
4.679164388300276478e+00
4.841064496366412229e+00
4.984806165268309996e+00
5.102799854956921344e+00
5.189008387373735154e+00
5.239232847595740594e+00
5.251297839166274350e+00
5.225128749651698712e+00
5.162719148476623054e+00
5.067991898877531654e+00
4.946562780830032757e+00
4.805420152013597068e+00
4.652538189365905019e+00
4.496444356716951418e+00
4.345763785328461637e+00
4.208764141537224113e+00
4.092924256201337485e+00
4.004548330481362939e+00
3.948444994740799796e+00
3.927687017334507757e+00
3.943463218670151704e+00
3.995029360557281528e+00
4.079759694594473629e+00
4.193295722719812879e+00
4.329783805199457269e+00
4.482188791218746360e+00
4.642667065474321397e+00
4.802979486247772378e+00
4.954922777622708274e+00
5.090757121075643710e+00
5.203608004604603821e+00
5.287821809118391059e+00
5.339257064804459496e+00
5.355496666130855843e+00
5.335970419821684629e+00
5.281981906530327286e+00
5.196638529713172083e+00
5.084688556626489664e+00
4.952273677680915753e+00
4.806609884306807245e+00
4.655613078025239382e+00
4.507488594563803019e+00
4.370305619445039369e+00
4.251578197982732732e+00
4.157874169389484287e+00
4.094471903487388431e+00
4.065082265261689365e+00
4.071649903382881241e+00
4.114243923801745417e+00
4.191043473700834632e+00
4.298418954343073750e+00
4.431104746732063226e+00
4.582454715466619533e+00
4.744767586357988343e+00
4.909665781894875458e+00
5.068508621570011918e+00
5.212819085166075617e+00
5.334702681075838449e+00
5.427237390122830796e+00
5.484815144944112930e+00
5.503417779075755689e+00
5.480813712135126359e+00
5.416665658435371178e+00
5.312544151906396728e+00
5.171846441955874951e+00
4.999625091756639605e+00
4.802335160680594406e+00
4.587512946126217628e+00
4.363402689949844593e+00
4.138550247930292691e+00
3.921384346422886136e+00
3.719806626877607769e+00
3.540811177677062993e+00
3.390152699904837696e+00
3.272079928644554769e+00
3.189147563054391732e+00
3.142115918459505775e+00
3.129943007969507640e+00
3.149869019399118120e+00
3.197588417491390000e+00
3.267500413517975044e+00
3.353024533844650712e+00
3.446964691610785003e+00
3.541902692409530928e+00
3.630600613680927236e+00
3.706391066511695254e+00
3.763535001824945603e+00
3.797528429378480119e+00
3.805342092520767494e+00
3.785581649477890664e+00
3.738560075184717224e+00
3.666278604255532425e+00
3.572317349977326195e+00
3.461641508879769624e+00
3.340333548993868806e+00
3.215265749205976853e+00
3.093730699253576688e+00
2.983049712945070819e+00
2.890180424031237649e+00
2.821345049299610608e+00
2.781699897099783936e+00
2.775064708885921050e+00
2.803727439280941702e+00
2.868336250628249040e+00
2.967886009299315564e+00
3.099801646553280499e+00
3.260115633951178538e+00
3.443731781442371798e+00
3.644762853294070570e+00
3.856925356877673572e+00
4.073971509252441336e+00
4.290136006125440993e+00
4.500573939765832421e+00
4.701766115457401085e+00
4.891869120357591250e+00
5.070989764595765337e+00
5.241366844108291012e+00
5.407447416104079529e+00
5.575849732350407706e+00
5.755210406455972816e+00
5.955919036845534364e+00
6.189749091828145922e+00
6.469399112064492918e+00
6.807962937776596668e+00
7.218351489080641947e+00
7.712691422389849727e+00
8.301727607031462952e+00
8.994256723289336009e+00
9.796618346242610187e+00
1.071226768208630276e+01
1.174145075978106334e+01
1.288099850292938697e+01
1.412425091700407442e+01
1.546111686836934673e+01
1.687826887579296553e+01
1.835946627000254594e+01
1.988599429174720967e+01
2.143720147090014194e+01
2.299111320955145388e+01
2.452509609363740140e+01
2.601654524440115424e+01
2.744356609979277906e+01
2.878562243122513920e+01
3.002412413252465839e+01
3.114293128105879305e+01
3.212875502148864371e+01
3.297144076291741754e+01
3.366412476944950072e+01
3.420326118969658324e+01
3.458852262157849822e+01
3.482258314984713365e+01
3.491079814059710174e+01
3.486079966969393951e+01
3.468203007808262583e+01
3.438523861242170909e+01
3.398196730772772156e+01
3.348405214612369463e+01
3.290316409464068670e+01
3.225041196294473878e+01
3.153602526806426809e+01
3.076913064162636147e+01
2.995763000487700722e+01
2.910818304023917236e+01
2.822629069742495034e+01
2.731647088432925585e+01
2.638251239543287241e+01
2.542778878626277717e+01
2.445561053700831522e+01
2.346959163796644177e+01
2.247400579218894734e+01
2.147410782024023135e+01
2.047639755466071776e+01
1.948880644686942532e+01
1.852079113283099687e+01
1.758332311551646043e+01
1.668876927509986174e+01
1.585066383069253604e+01
1.508337834859967330e+01
1.440170211469097161e+01
1.382035036580311527e+01
1.335342223567062625e+01
1.301383358234853560e+01
1.281275194520562799e+01
1.275906160972084180e+01
1.285888608407412725e+01
1.311519322984769431e+01
1.352750492710047503e+01
1.409172864498558475e+01
1.480012284539828649e+01
1.564140203024407327e+01
1.660098075036815501e+01
1.766134934512285426e+01
1.880256790081731566e+01
2.000285921822455393e+01
2.123927675186226338e+01
2.248841977383049695e+01
2.372716561573365013e+01
2.493338788289512920e+01
2.608663007404577527e+01
2.716870606085663908e+01
2.816420229477574466e+01
2.906086125297359146e+01
2.984983128728401525e+01
3.052577442417393172e+01
3.108683046553537821e+01
3.153444262173778512e+01
3.187305652566944048e+01
3.210971049596480498e+01
3.225354003346125609e+01
3.231522348467180450e+01
3.230639838421176080e+01
3.223907905706465726e+01
3.212510555921937794e+01
3.197565197885074895e+01
3.180081860647965186e+01
3.160932768333933751e+01
3.140833659177732429e+01
3.120337575520558815e+01
3.099841150481356422e+01
3.079602710794583587e+01
3.059770840765529343e+01
3.040421445169762293e+01
3.021600841934782267e+01
3.003372036602326034e+01
2.985861101694568376e+01
2.969300519612398759e+01
2.954066453751722321e+01
2.940707186620163327e+01
2.929960394658910872e+01
2.922757497736282417e+01
2.920213999967032237e+01
2.923605494518761816e+01
2.934329800658451504e+01
2.953856495928446435e+01
2.983665858671152904e+01
3.025179906053267587e+01
3.079688763485035352e+01
3.148276001318047435e+01
3.231746799276080395e+01
3.330562831856200035e+01
3.444787601841029812e+01
3.574045586829216603e+01
3.717498017968645740e+01
3.873837403007345159e+01
4.041302068105094492e+01
4.217711062589346227e+01
4.400518791560725873e+01
4.586887760054701602e+01
4.773776877736585078e+01
4.958041932181336620e+01
5.136544135603224248e+01
5.306262122763664735e+01
5.464402457386565004e+01
5.608503612145150896e+01
5.736528534004431634e+01
5.846941291948067487e+01
5.938763915876041466e+01
6.011610350484394161e+01
6.065695432610271354e+01
6.101817912232657193e+01
6.121317726294210360e+01
6.126008946052131421e+01
6.118090995645049901e+01
6.100041825087109970e+01
6.074497661033637286e+01
6.044124705054383639e+01
6.011488661455378946e+01
5.978928224660563018e+01
5.948438621304025276e+01
5.921570978885871739e+01
5.899352688942792611e+01
5.882233069382738222e+01
5.870057541808349555e+01
5.862072270548441821e+01
5.856959815473455677e+01
5.852904892388373526e+01
5.847687879206445416e+01
5.838802320993490014e+01
5.823591438464805492e+01
5.799397593990973832e+01
5.763717870297267609e+01
5.714358413126253566e+01
5.649580010884058368e+01
5.568227548192547971e+01
5.469836477654994411e+01
5.354710290964724351e+01
5.223964107660673051e+01
5.079530893937293001e+01
4.924128418100398363e+01
4.761186774608213312e+01
4.594738087163247542e+01
4.429271752522727468e+01
4.269560237335374353e+01
4.120461930582070664e+01
3.986708831424351018e+01
3.872687855146892844e+01
3.782225183317990513e+01
3.718383243711751618e+01
3.683279422476769582e+01
3.677934451177743824e+01
3.702157047454856809e+01
3.754470932500030500e+01
3.832091088675265667e+01
3.930956017309700457e+01
4.045819927350072476e+01
4.170403370303554169e+01
4.297590685381500464e+01
4.419638965023972332e+01
4.528340634918090046e+01
4.615125378231383024e+01
4.671355506785505440e+01
4.689030396034348769e+01
4.661528989223515396e+01
4.584058379344653389e+01
4.453899571224767584e+01
4.270542505321797222e+01
4.032900142824357204e+01
3.732819510395947304e+01
3.324413567610637443e+01
2.832447681695134278e+01
2.348193041099725775e+01
1.890240388935294646e+01
1.465292777090910015e+01
1.079898549660069484e+01
7.393988310042447054e+00
4.442937012457302437e+00
2.031299878727178765e+00
3.384763727722895355e-01
3.034851373744514025e-02
