4.241005226406155404e-02
2.308430879623178389e-01
1.149612602075954726e+00
1.600789662554175541e+00
2.921397272205850104e+00
4.232247280134126655e+00
3.016730288172154051e+00
4.845002674127715458e+00
7.616998223451409089e+00
5.609232436333673633e+00
6.325520786971044807e+00
6.486821725402848848e+00
-4.837026665057075903e-01
1.565539692334360744e+00
3.530226430303788465e+00
3.873303884092730076e+00
4.374031700329708450e+00
4.830764669237799680e+00
5.397935472967390069e+00
9.144946667244427729e+00
3.465149436321445009e+00
4.423341532122353037e+00
4.484626793739290740e+00
1.698176311945461148e+00
2.326676422687726564e+00
5.830496902835338169e+00
4.610106520341842540e+00
4.011862089287313360e+00
8.973776882086967888e+00
5.432794737381015260e+00
4.452808607730961654e+00
5.029664160869796952e+00
3.292584240186448685e+00
-1.668092455478427105e-01
5.794008025287204156e+00
3.680946823629047238e+00
6.211064091573456736e+00
5.335003940089402263e+00
4.898095837119480933e+00
3.967227096728722202e+00
5.615424673795321731e+00
4.256743017912828719e+00
3.122584566066103573e+00
2.115062139185837520e+00
4.885492020591503781e+00
6.591308066787048503e+00
5.475502747621978195e+00
7.137050601431469410e+00
4.298932684981533470e+00
6.118826404767210292e+00
2.832396270082335299e+00
2.754865342435554254e+00
2.020774299459858536e+00
4.274225627023864327e+00
4.644278124907299521e+00
8.548965696561635852e+00
3.297521978300213874e+00
5.551768570793354840e+00
4.942767147483973389e+00
4.355884227923366048e+00
4.242720115943439119e+00
4.508496335796666088e+00
3.309367030980868041e+00
4.124415982273048620e+00
6.871530175100523330e+00
3.553156899613868269e+00
3.039500842813098291e+00
5.021624774369112032e+00
5.299893029913558706e+00
3.075714825841454836e+00
1.023619352084088874e+01
3.901953118976617674e+00
3.470887670719367435e+00
4.213148040618794887e+00
5.951572563711715169e+00
1.477439406887224305e+00
3.789825686380555947e+00
5.835028705116611647e+00
6.833990863947581929e+00
4.150918926932138042e+00
7.009745380022743610e+00
5.766606413706574230e+00
2.099277539355250077e+00
2.683499099440663116e+00
4.767257970302090975e+00
5.763804385566409394e+00
1.300721880081344928e+00
8.299240675193592764e+00
5.792539692301068577e+00
4.598497216722393865e+00
5.836515468512168070e+00
5.458897519213254945e+00
-6.384033805580184850e-01
6.089027083169813004e+00
6.652083528376291355e+00
7.483692920383628433e+00
2.011822190650245368e+00
5.231647766790426424e+00
5.384017618417005657e+00
3.249323292049167033e+00
6.364111687974839171e+00
3.532607604802370904e+00
5.426417205629735507e-02
6.086693251843090735e+00
9.659414202585901776e+00
2.422297244357911161e+00
4.470697103422524243e+00
5.343140033079406770e+00
5.819576089649075357e+00
1.637199969231694308e+00
5.487959792024240002e+00
7.688719650410583695e-01
2.579853659924395082e+00
2.086964416353218610e+00
5.359829254484830052e+00
3.686209178658291563e+00
3.595648711567241307e+00
4.761042825934926448e+00
3.665911451929562581e+00
1.194993495744891998e+00
5.876041860529400473e+00
2.544877539441508851e+00
-1.960368997650701495e+00
4.536848910997913542e+00
3.540199478705273961e+00
2.991113381558160533e+00
1.847908244938933464e+00
7.455215265299283800e+00
2.013307800852064400e+00
2.619372385203631470e+00
7.232301456483520852e+00
4.270622023285068458e+00
-3.344364081029424174e+00
5.921725512149067505e+00
4.124951872673439546e+00
1.679781447700028352e+00
3.689287715334181872e+00
6.011105197475898443e+00
7.310056041500783142e-01
2.612603224638553989e+00
8.990919705294020403e+00
1.655438893565624792e+00
8.867453101045059682e-01
5.932154097464989562e+00
4.524759794858960404e+00
-2.678171066831770419e-01
2.012923715986734141e+00
4.359784558248393616e+00
5.990576908655846466e+00
3.111533249314182736e+00
1.257629518197257035e+01
3.160884611211565165e+00
-1.401677896887473240e+00
8.268669668838478870e+00
7.057995095602572988e+00
-8.621432090009853999e-01
5.048938573905362937e+00
1.189097133996595979e+01
9.713405411968226488e+00
2.611109396695576290e+00
1.186576577513503850e+01
1.303930725839818017e+01
1.853655622474861486e+00
1.356218182363669023e+01
1.327331952487015343e+01
2.498099874952056432e+00
1.545269694652573911e+01
2.387823304651851686e+01
8.798310443277314263e+00
1.686687480041208786e+01
2.130977991744527245e+01
1.744182736305947401e+01
2.527512589027912426e+01
2.072822368241607904e+01
1.843827032273156874e+01
3.366544474734809000e+01
2.176171743865076635e+01
2.954924556758922094e+01
3.397620821799706192e+01
1.881196621284513881e+01
4.416272736988815240e+01
3.971470194368635731e+01
1.875858420156093231e+01
4.240327244985028443e+01
3.410230494430065562e+01
2.662207131156365136e+01
3.961355477799333613e+01
2.715998074409492702e+01
3.609277777302919077e+01
3.876874241756270578e+01
3.513639314593423535e+01
3.662784601257511241e+01
2.822489510025746995e+01
3.780100019088776975e+01
3.446334016795952238e+01
1.840215760478999840e+01
3.792107568602193624e+01
3.339674625125744711e+01
2.577116163768092960e+01
3.376032505429825648e+01
2.439452681621602181e+01
2.239969006955159969e+01
2.832241689221850578e+01
1.967907045156436752e+01
1.529414863094484822e+01
1.907715127529692722e+01
2.512310893393697597e+01
2.914381194708175471e+01
1.505967660374101236e+01
2.134088462515298934e-02
1.975897704124717791e+01
2.602905639416891859e+01
5.234484033988071161e+00
2.461282202727287327e+01
1.364000256471022965e+01
-4.978916215329760142e+00
2.678527987095265317e+01
1.928925388311433409e+01
3.253070079640433931e+00
2.276586541141195852e+01
8.651721976516741464e+00
1.408683691313649611e+01
2.314889995107363774e+01
1.223545113810513207e+01
1.361359956545087790e+01
1.407384027346966882e+01
2.127137708049936649e+01
2.067087139526431727e+01
1.189223231689961757e+01
2.370897493040154203e+01
2.572667202552507248e+01
2.378554466415456403e+01
2.452134667789926681e+01
2.427418776626273100e+01
3.283527685341140057e+01
1.123605995897764842e+01
2.442152030753972625e+01
4.167471994871805663e+01
1.802392883647638655e+01
3.462761646487852829e+01
4.988803392295898220e+01
2.127451615174961930e+01
3.024019540010445084e+01
3.874976797562752751e+01
3.351045866737877788e+01
2.414257143557005136e+01
2.848612229190411682e+01
4.435035085014443013e+01
3.395043271515800143e+01
3.072782241141471360e+01
2.922296685091872703e+01
2.887218910393448112e+01
4.104903793050996796e+01
2.640124529000156173e+01
2.347508302316517259e+01
3.868444981611202138e+01
2.511493029941688704e+01
3.850361858727390540e+01
2.725939832238008975e+01
1.644730114282809197e+01
3.875392309633298993e+01
3.730247791636051602e+01
2.874577957350193813e+01
2.646385221125424536e+01
1.330060803851043261e+01
2.680556098029900980e+01
4.043852022676700386e+01
3.027043522923885277e+01
1.232610118269847099e+01
3.276467323293067579e+01
5.444364106416144011e+01
3.022570660646064411e+01
3.354058994880433175e+01
1.777686101060112023e+01
9.860508975100934492e+00
4.610696204798856712e+01
4.240737205181304148e+01
4.503682042636345528e+01
6.194256901185519837e+01
3.279953181653468874e+01
4.761027531521748557e+01
4.340882765726859560e+01
3.133907491548180602e+01
4.744942998475657703e+01
3.321339056481896534e+01
4.876710867570245256e+01
7.329033018069553407e+01
5.356456918483218743e+01
5.966182772296679815e+01
6.592444815797763624e+01
4.576817828553251388e+01
4.836559265214986425e+01
6.486427836746902642e+01
6.422700244791563762e+01
4.083668151856490169e+01
5.423862993846474012e+01
7.120784615113966254e+01
7.594825606572061361e+01
6.819067886100852149e+01
5.565216221277389508e+01
5.655783559378394898e+01
5.571450903340694083e+01
5.919537605685149373e+01
6.794862062873002628e+01
4.279117891418655972e+01
6.227061817097530394e+01
9.456955961680529299e+01
6.344297586141797751e+01
4.510059811241378469e+01
5.290115130865645909e+01
5.976760783622061979e+01
5.525410854507261860e+01
6.039867605098508108e+01
5.982571193265343368e+01
4.759046474968936025e+01
6.126668823787024820e+01
6.731023486893100483e+01
4.320354280963458393e+01
4.880295544433702304e+01
4.885322771856031210e+01
5.898162975624380522e+01
5.537592719438976019e+01
3.335832843307310469e+01
5.019388452417622659e+01
4.643003786327495419e+01
4.100997619816611461e+01
6.250096000538564311e+01
4.430206292088794839e+01
3.694660238625915838e+01
5.689356979955086047e+01
4.355665108972485910e+01
3.205321654100481510e+01
4.009569413745158073e+01
4.448232102698456458e+01
2.449748206780634519e+01
3.632933898425959285e+01
5.786246746025200594e+01
4.214634299417657104e+01
3.800027467091389610e+01
4.086439230297775538e+01
3.847690667727458447e+01
4.111676447504176224e+01
3.583019854873998611e+01
3.814843099648146563e+01
3.076836536949630485e+01
2.307662751840035043e+01
4.908811612480246112e+01
5.408406249652535536e+01
4.335600489538651203e+01
3.617189882710221838e+01
4.171895378108358443e+01
4.132751066877062840e+01
3.096974624068434423e+01
3.555353651150357308e+01
2.475439435159864843e+01
3.153283057656257071e+01
5.765379849407752033e+01
5.034257725788332749e+01
4.068155341164469263e+01
5.553679084497642293e+01
4.247223157197621646e+01
3.685394397673659483e+01
6.899810165314697485e+00
7.078638485454442630e-01
