2.658618885856160741e-02
1.747760843426678645e-01
8.709245535175620390e-01
1.770926012567994423e+00
2.648106169418016798e+00
4.484062623508765277e+00
2.948706207223262599e+00
4.739461026157521850e+00
8.080825381359403536e+00
5.046511433527714807e+00
6.363743953506775242e+00
6.722406564665436512e+00
-1.999887449317375165e-01
4.989396295473752518e-01
5.157671808641650202e+00
1.772024374953649728e+00
6.819875973801101665e+00
2.509862418669859263e+00
7.537270638194133454e+00
6.942190786195161500e+00
5.587156181402646915e+00
2.424040227605812170e+00
6.590984061104170344e+00
-5.013500618173699630e-01
4.346352894323199934e+00
3.956533250786773870e+00
6.645660814095510460e+00
2.070467327601954288e+00
1.023244038500415698e+01
5.123966072441755060e+00
3.816907109440340840e+00
6.202552297830651540e+00
2.186671854414062199e+00
6.820224451509959707e-01
4.804758297591133598e+00
5.269285573208978946e+00
4.184032336544145636e+00
7.383760149337512679e+00
2.918647768181012125e+00
6.100533236522451830e+00
3.011517238966434640e+00
7.224718411085318870e+00
3.243667638782424811e-01
4.246333709440401449e+00
3.630449518658315000e+00
7.242453407267276155e+00
4.986393536340196775e+00
7.624440215054935521e+00
3.920108627281408520e+00
6.301866967420836296e+00
2.762666917323178151e+00
2.580969364729145177e+00
2.657781312119712247e+00
3.340413421706867947e+00
5.744045095452287697e+00
7.165697643194224753e+00
4.916514138371178788e+00
3.954875960295713977e+00
6.303881462242157951e+00
3.464236569128190890e+00
4.324126094347311877e+00
4.987695917540911239e+00
3.137360402635296808e+00
3.786965009389596126e+00
7.165700589583250846e+00
3.631756939806157991e+00
2.577261356570955009e+00
5.825950908079952306e+00
4.396156930373045668e+00
3.836526330942698237e+00
9.226675104856884246e+00
5.575626150946343174e+00
1.755418908272803113e+00
5.174256333625891102e+00
5.714397564646399807e+00
1.274471470299600728e+00
4.245381091467531398e+00
5.490504184199902049e+00
6.876308792333208686e+00
3.998736155612210741e+00
7.568658965321734655e+00
5.083893820383043050e+00
2.932522923873327247e+00
1.345469489405834551e+00
6.432928617577385211e+00
4.087188970001769839e+00
3.104225493872556640e+00
6.348739401781749336e+00
7.458738385499217749e+00
3.513239767674332548e+00
6.431669420417214234e+00
5.280250863860937116e+00
-5.644941339705578098e-01
5.535837747610769632e+00
7.595623457884183694e+00
6.884929837529591090e+00
1.903950426847697663e+00
5.777930284234400915e+00
4.722047762999828535e+00
3.996712367736055871e+00
5.424740089630048168e+00
4.856063980721746276e+00
-1.622286105992629457e+00
7.517911973695649230e+00
8.980993970437102902e+00
2.533015642686301749e+00
4.347697984060331144e+00
5.880661280564728699e+00
4.947843434290378539e+00
2.559745221590020936e+00
4.729704155692111556e+00
1.262183041830484465e+00
2.331167752000333770e+00
2.078912597422151620e+00
5.610003501612657928e+00
3.228896682147824659e+00
4.218784898357333724e+00
4.204723782610723326e+00
4.008379510542214419e+00
1.069495767543453324e+00
5.645548698816154953e+00
3.132644216296362139e+00
-2.468610929933322318e+00
4.440880240299227566e+00
4.126331325860761901e+00
2.485022157581228797e+00
1.992284863940446460e+00
7.786244513958134661e+00
1.328344531076040891e+00
3.169324440706732471e+00
6.908042654966483731e+00
4.856919056667079460e+00
-4.345209400569032709e+00
6.687308687126866324e+00
4.086737385324381577e+00
1.269612511475329164e+00
4.218255145379783855e+00
5.720921326155520958e+00
3.720864681256533801e-01
3.310683507691202898e+00
8.644151887408519030e+00
1.565174725848566650e+00
1.046633351436864867e+00
5.626231728507107732e+00
5.239026702652160417e+00
-1.085307576866665791e+00
2.776246093250877678e+00
3.470593269903121225e+00
6.748916275644666563e+00
2.768203134663888232e+00
1.269818304074171778e+01
3.011262533869933478e+00
-1.220888762299652708e+00
7.806387622087586742e+00
8.223242691994837372e+00
-2.275816964502508810e+00
5.914089927330799412e+00
1.159973432483748290e+01
9.728657080588989814e+00
2.670839019034036976e+00
1.187581826078991831e+01
1.299369815382504534e+01
1.635434386076222602e+00
1.409983194114469995e+01
1.305652891782553304e+01
2.106858778667893173e+00
1.584936802459156802e+01
2.405091615655089399e+01
7.894209652113404196e+00
1.826418211875033748e+01
1.988871465286810292e+01
1.851374096815352388e+01
2.457420767608840961e+01
2.139030293017963658e+01
1.777277717845856131e+01
3.413088162091221278e+01
2.144281688606739422e+01
2.985346077063164572e+01
3.355261235565799183e+01
1.934486307934581717e+01
4.365236799679012591e+01
4.013102898305435673e+01
1.868284968383871458e+01
4.187218682935894520e+01
3.529972353536064134e+01
2.500444939904869912e+01
4.115887066180735587e+01
2.596824092118786709e+01
3.688666571572950659e+01
3.806689212215049167e+01
3.622571607571111940e+01
3.531447708177123701e+01
2.927214695411378287e+01
3.704892465794838330e+01
3.530370864658360119e+01
1.730712530025325790e+01
3.893581925423590917e+01
3.285321666619836378e+01
2.540020332563247507e+01
3.518711692517761946e+01
2.266983043771885420e+01
2.376326848041394513e+01
2.712117893886390974e+01
2.108202385508352705e+01
1.374051696903059216e+01
2.067026727091279525e+01
2.334294704650243446e+01
3.097003227950848370e+01
1.332740394082316016e+01
1.993834986588830960e+00
1.765200260692184386e+01
2.769801857172296167e+01
4.171495521379760874e+00
2.515660126026017451e+01
1.381708854810371889e+01
-5.971278410273034964e+00
2.794548469837944182e+01
1.844370350782890355e+01
4.069499919536759158e+00
2.178621292658798581e+01
9.916701633422706053e+00
1.227708577685133484e+01
2.530889916048981547e+01
1.027922363464233158e+01
1.533394565054507197e+01
1.204724645900093272e+01
2.350675014479418223e+01
1.899091004215294021e+01
1.268008233117575578e+01
2.378415769049476935e+01
2.506309198989255904e+01
2.440165261481295289e+01
2.431143241640625874e+01
2.445055360427448221e+01
3.214849997567512219e+01
1.231979515405618031e+01
2.328537077923186871e+01
4.292290413210177746e+01
1.663385834366613736e+01
3.608684994637749099e+01
4.840779943258078077e+01
2.252860608809550413e+01
2.956979225492145957e+01
3.862626459336924256e+01
3.432173424355708846e+01
2.283725501834177152e+01
3.010951448889579041e+01
4.275762838656267917e+01
3.533364101401031832e+01
2.935203603509335224e+01
3.096197049495392051e+01
2.656736261180058989e+01
4.360883025760053755e+01
2.402938723666673226e+01
2.554601896495812241e+01
3.682233285727615169e+01
2.679789516315416265e+01
3.726752977137940093e+01
2.758338986040186214e+01
1.737106314924000472e+01
3.683819677879127852e+01
3.936259087443992399e+01
2.692419703585856539e+01
2.846613833296978768e+01
1.073468861479280179e+01
2.997800145297374286e+01
3.675507025211931733e+01
3.422676248553614187e+01
8.421847114453912653e+00
3.663230871551602519e+01
5.041305000539274062e+01
3.398464749402310758e+01
3.068766657359122263e+01
1.973977499388225709e+01
8.646545544945464457e+00
4.648528254623145983e+01
4.263366506128104305e+01
4.467698867481503555e+01
6.246463832452987219e+01
3.174827567074549961e+01
4.923419278344521643e+01
4.110871700553649077e+01
3.453026046303170205e+01
4.385416847712809130e+01
3.654066587040647818e+01
4.558111586660985637e+01
7.664699504786251794e+01
5.040660521650666936e+01
6.207513629549094247e+01
6.433194750891232161e+01
4.661094995592983992e+01
4.798078893464099082e+01
6.549700147796137628e+01
6.326370097525105507e+01
4.130964553958840213e+01
5.470328828389877884e+01
7.016383472622410977e+01
7.720828768160903621e+01
6.677575532461329999e+01
5.706976163584139528e+01
5.523865677746987046e+01
5.698940096726983029e+01
5.835002173079463006e+01
6.785202535712612359e+01
4.369673213246854715e+01
6.096715689029455376e+01
9.611257011394205563e+01
6.172577202514007411e+01
4.681957087614807023e+01
5.112882429976819054e+01
6.196119807873697738e+01
5.250469945097344748e+01
6.355091422552321490e+01
5.655171918734632186e+01
5.053799911656304289e+01
5.892693115053278063e+01
6.906636085232109679e+01
4.196101263308526796e+01
4.931986891174613419e+01
4.950946935541724514e+01
5.709263829415382219e+01
5.800915273082650714e+01
3.056534465873473039e+01
5.303503165861583568e+01
4.303838031162158728e+01
4.538932144855785822e+01
5.711125759350874631e+01
5.035922350759532407e+01
3.083662739117701790e+01
6.276468922429962305e+01
3.777619613152099731e+01
3.772113362483998600e+01
3.505225230504888856e+01
4.841309318642194626e+01
2.158274088667047863e+01
3.840182402748618529e+01
5.655422427277707698e+01
4.299823837743965527e+01
3.760548986073300171e+01
4.038771853299836323e+01
4.002946098713783840e+01
3.856611842206013563e+01
3.942064998864688619e+01
3.354344667743033881e+01
3.571574267223920174e+01
1.831667168532056422e+01
5.391299170840585475e+01
4.916069483318943867e+01
4.799568489151316442e+01
3.199465172560015702e+01
4.540568054495623329e+01
3.815890950210301469e+01
3.392212770501392782e+01
3.227975713335008123e+01
2.798035026870488906e+01
2.937131147724008784e+01
5.862699782211829813e+01
5.006201974588925196e+01
4.058454644154352309e+01
5.575269443820831583e+01
4.232159152446099881e+01
3.700635618260171356e+01
6.934841971153762330e+00
7.124713291489361833e-01
