3.256002571193825773e-03
2.534895879651174327e-02
1.348200381600135334e-01
3.527025473643708997e-01
6.254089445423021143e-01
9.455030995403950200e-01
1.312048751911095046e+00
1.721736966665758040e+00
2.169385309358479841e+00
2.651847596056033929e+00
3.155069506571510196e+00
3.647754676695734055e+00
4.030189210263953825e+00
4.363382631883381713e+00
4.656938157759745067e+00
4.907555426608221971e+00
5.111237595367548181e+00
5.265550249367661806e+00
5.369724540643803223e+00
5.424708068615733403e+00
5.433095491040141667e+00
5.398852813429578568e+00
5.326848552304289441e+00
5.222625254725313582e+00
5.092425224006720264e+00
4.943119077642056602e+00
4.782018134725156244e+00
4.616626852920845181e+00
4.454374541467963411e+00
4.302344542323428556e+00
4.167012663174856080e+00
4.054004748587736628e+00
3.967882140051059991e+00
3.911963756067835085e+00
3.888194140722139203e+00
3.897066084719337020e+00
3.937603947392439352e+00
4.007410622035151526e+00
4.102777825939471157e+00
4.218856232958283492e+00
4.349878951420846462e+00
4.489429074191424007e+00
4.630739617129935759e+00
4.767012252994018873e+00
4.891739965814065449e+00
4.999018193486114647e+00
5.083829248536966716e+00
5.142285816870503901e+00
5.171821096019550090e+00
5.171315572080522394e+00
5.141153435529103533e+00
5.083205056117867215e+00
5.000735606310303893e+00
4.898243654642336686e+00
4.781237151156738641e+00
4.655957505943405295e+00
4.529065241563878352e+00
4.407302826755082670e+00
4.297151650179070970e+00
4.204500585948398594e+00
4.134343198115053575e+00
4.090519336965057207e+00
4.075514750739868575e+00
4.090329472162807178e+00
4.134422280119905757e+00
4.205734656679148920e+00
4.300793556708017995e+00
4.414888194484657191e+00
4.542312145075888097e+00
4.676658565929192157e+00
4.811153454859768530e+00
4.939009733586892104e+00
5.053783701940113282e+00
5.149715122247797261e+00
5.222032891792669496e+00
5.267209917286162835e+00
5.283153341761366306e+00
5.269319566274982769e+00
5.226747390105005664e+00
5.158006864463352770e+00
5.067065894053508934e+00
4.959080994807184339e+00
4.840122692610719035e+00
4.716849607978859105e+00
4.596148121847185131e+00
4.484756500081185315e+00
4.388893355579376987e+00
4.313910284599941747e+00
4.263987420555834795e+00
4.241888552117220712e+00
4.248789454828600931e+00
4.284189337162642275e+00
4.345910994788196646e+00
4.430190624014112899e+00
4.531853509887079134e+00
4.644567226337667165e+00
4.761159808979733121e+00
4.873986810376754519e+00
4.975328416184268576e+00
5.057796040088081924e+00
5.114727127143739338e+00
5.140547324166361065e+00
5.131080708476615015e+00
5.083791330154653565e+00
4.997942790276511005e+00
4.874666771771341445e+00
4.716936143997187081e+00
4.529443231660699176e+00
4.318388812225766316e+00
4.091192120325215953e+00
3.856136341695509451e+00
3.621967546982237440e+00
3.397467559202695053e+00
3.191022727392008651e+00
3.010210908400186458e+00
2.861428114952710544e+00
2.749574309225325308e+00
2.677814806271991532e+00
2.647429855408266697e+00
2.657760392699658691e+00
2.706252943988430637e+00
2.788601470134296711e+00
2.898978859809886899e+00
3.030346061817754677e+00
3.174822761510775138e+00
3.324100265336303650e+00
3.469875040377047082e+00
3.604280284605550388e+00
3.720293040039169163e+00
3.812095702066180536e+00
3.875373255988224575e+00
3.907531056695661142e+00
3.907822274669404461e+00
3.877379030985621533e+00
3.819146472105400036e+00
3.737724308998581435e+00
3.639125377400191041e+00
3.530465290860502758e+00
3.419601006175016167e+00
3.314738892285635785e+00
3.224034531087344391e+00
3.155206884744782503e+00
3.115188608630994338e+00
3.109832210110273110e+00
3.143688556674303136e+00
3.219870090173744259e+00
3.340006228516329223e+00
3.504293095852664575e+00
3.711634208842235605e+00
3.959863364693448684e+00
4.246036027198250906e+00
4.566771270730400012e+00
4.918623064352159346e+00
5.298457554669337100e+00
5.703812172230898092e+00
6.133212908799883678e+00
6.586427985319585510e+00
7.064639272741813691e+00
7.570517089595386828e+00
8.108189167608562897e+00
8.683100383708342918e+00
9.301765998265910440e+00
9.971427287483225044e+00
1.069962427854477838e+01
1.149370546791487158e+01
1.236029863377407523e+01
1.330476989642831498e+01
1.433069984832428467e+01
1.543940575098325141e+01
1.662953744005314149e+01
1.789677173272151478e+01
1.923362591444625380e+01
2.062940548915747030e+01
2.207029506859166190e+01
2.353959436423926377e+01
2.501809407794603857e+01
2.648457943148893179e+01
2.791644249791576016e+01
2.929037874480215820e+01
3.058313858032409627e+01
3.177230146081238615e+01
3.283703845808626198e+01
3.375882920192707815e+01
3.452210082741944319e+01
3.511475990073292053e+01
3.552859311732530756e+01
3.575951863258468677e+01
3.580767689891369798e+01
3.567735749562172032e+01
3.537676626502592825e+01
3.491764471172113815e+01
3.431476069012459362e+01
3.358529553293306691e+01
3.274815764087291114e+01
3.182325590601034193e+01
3.083076799785661493e+01
2.979043841148458327e+01
2.872093926031259059e+01
2.763932318674931921e+01
2.656059264418847832e+01
2.549740343666285369e+01
2.445991311749592967e+01
2.345577702531471687e+01
2.249028678510160972e+01
2.156663844300346611e+01
2.068631044294898658e+01
1.984952576291597026e+01
1.905576802683065551e+01
1.830431854097995625e+01
1.759478013286201303e+01
1.692755446274844289e+01
1.630424210252818185e+01
1.572793900365813968e+01
1.520340878565950860e+01
1.473711726729739269e+01
1.433712346770638568e+01
1.401282951108844799e+01
1.377460003801369304e+01
1.363326941858319508e+01
1.359956185885647173e+01
1.368345501680602183e+01
1.389352168643670993e+01
1.423628623848894925e+01
1.471563268727279450e+01
1.533229945175329334e+01
1.608349216604895204e+01
1.696264044323398679e+01
1.795931757397108086e+01
1.905933409605750128e+01
2.024500741361764256e+01
2.149560062863431398e+01
2.278791494447747468e+01
2.409701187648893494e+01
2.539703449301378058e+01
2.666209139183098742e+01
2.786716339720473101e+01
2.898899125554961742e+01
3.000690302288560218e+01
3.090354237409223614e+01
3.166546360997093856e+01
3.228356547397604714e+01
3.275334370059453448e+01
3.307495110565220386e+01
3.325306353890388067e+01
3.329655965796717965e+01
3.321803174585254226e+01
3.303315319348144641e+01
3.275993535677315549e+01
3.241791189394444928e+01
3.202729209802070187e+01
3.160812597067343432e+01
3.117952275910120008e+01
3.075896143994685872e+01
3.036172634382195668e+01
3.000049404257034880e+01
2.968508913836311081e+01
2.942241714751849102e+01
2.921657276696624450e+01
2.906911198147404463e+01
2.897946725042453409e+01
2.894547691205502105e+01
2.896399341377501102e+01
2.903153039275041181e+01
2.914490626380828786e+01
2.930184197748484820e+01
2.950147301858092419e+01
2.974474042374041005e+01
3.003463237768477612e+01
3.037625645809532315e+01
3.077673239561716656e+01
3.124490577781333300e+01
3.179089388344841538e+01
3.242548519492449088e+01
3.315942352147330041e+01
3.400261553534727454e+01
3.496330641093152991e+01
3.604727179356628852e+01
3.725707526158966232e+01
3.859143866744711460e+01
4.004476828125562804e+01
4.160687268762597313e+01
4.326289921720607623e+01
4.499350476657120623e+01
4.677526471622451254e+01
4.858131091673649848e+01
5.038217704412832632e+01
5.214681770651513659e+01
5.384375717062537348e+01
5.544231506676968024e+01
5.691385043096747154e+01
5.823296234062719634e+01
5.937858544039354314e+01
6.033492192409671873e+01
6.109215795719006081e+01
6.164692184548959375e+01
6.200245307702447661e+01
6.216846514097422727e+01
6.216070010246566113e+01
6.200018854201694296e+01
6.171224386363548575e+01
6.132523433784299982e+01
6.086918880963478529e+01
6.037430207349764544e+01
5.986941291458953174e+01
5.938053129534660712e+01
5.892949085605500414e+01
5.853279870764238524e+01
5.820074653065296388e+01
5.793683555500022209e+01
5.773755356236046055e+01
5.759252527149055112e+01
5.748503911505960673e+01
5.739293437188191405e+01
5.728981381467425393e+01
5.714652941612133219e+01
5.693287313520549731e+01
5.661939220983131804e+01
5.617923941443719116e+01
5.558996394442527844e+01
5.483514831402067813e+01
5.390580104120733296e+01
5.280142386144770938e+01
5.153068545353880836e+01
5.011165064420291060e+01
4.857153403693828153e+01
4.694596905841666512e+01
4.527780650088789116e+01
4.361547974159201146e+01
4.201099601116304427e+01
4.051763347029054074e+01
3.918744142618501058e+01
3.806865450094068848e+01
3.720313926228419632e+01
3.662399172034893979e+01
3.635339554885506175e+01
3.640083880847330988e+01
3.676178321584008302e+01
3.741688768025099421e+01
3.833188495741953972e+01
3.945817662478643228e+01
4.073414899204376383e+01
4.208709878068207644e+01
4.343539983169569751e+01
4.469029529434011749e+01
4.575715620613614476e+01
4.653889002632879368e+01
4.694377266957505412e+01
4.689374838438445181e+01
4.632964398025200836e+01
4.521422930164100507e+01
4.353407251293015179e+01
4.127075648392600726e+01
3.833322984238070319e+01
3.423691085008422874e+01
2.923797358206515895e+01
2.429107557922266025e+01
1.959277031089553134e+01
1.521609316800726930e+01
1.123293118739867147e+01
7.702795346151977363e+00
4.634563911538753800e+00
2.121147390077926076e+00
3.535419296241749665e-01
3.170717295543523662e-02
