1.568799929147877137e-01
8.352410309455917670e-01
3.784080314391557121e+00
3.416741965530354364e+00
8.788868530773624732e-01
4.655841871209677407e+00
3.057504523606283442e+00
2.605030271775250483e+00
1.023695558891074420e+01
6.713754552151652177e+00
2.274811078697023259e+00
7.484449548870141911e+00
1.433485956504844339e+00
1.429508144740307518e+00
4.545288646779694020e+00
9.870616534286316135e-01
5.584047702623512244e+00
4.880327396793156858e+00
6.001085832232107009e+00
7.844627045954657873e+00
4.333795449882973827e+00
2.593596276901418474e+00
6.661460228704221720e+00
3.258515882847293543e+00
2.093632365900213177e-01
4.045017253101114818e+00
8.333134606626076746e+00
1.827975254527845150e+00
7.199972805958700484e+00
9.980320033468075280e+00
9.473414296203465368e-02
6.189779790437790474e+00
5.113777301103097805e+00
6.771042605751138588e-01
1.178336686067650518e+00
8.609048962385108084e+00
3.456374756181237462e+00
4.828668156092398078e+00
5.162847068654318861e+00
7.073829105373644843e+00
3.106618881855179870e-01
8.534556736974110436e+00
1.885292317432995191e+00
2.223183994843081823e+00
5.312501093953255982e+00
6.220805993131024891e+00
4.173720092431295825e+00
7.714253685853748266e+00
4.828621341194463845e+00
6.601176654420184420e+00
2.294415928796365467e+00
1.437592933870174061e+00
3.852069096156508721e+00
5.380619215809616662e+00
3.257100974634716373e+00
6.623768008312818090e+00
5.894302332209135464e+00
3.066719888625481616e+00
6.759259889296948209e+00
6.440411964928991040e+00
-2.473017732186928441e-01
5.014705000628289611e+00
8.044929364480289280e+00
1.581520907086332306e+00
5.029976220639921891e+00
4.990197403175514523e+00
2.355234266657443953e+00
4.352628773665636608e+00
8.870538643800085055e+00
9.222840944076806657e-01
6.779771180418598497e+00
8.522058052926245963e+00
4.225769525635984181e+00
1.375340976372901425e+00
6.640319128311873875e+00
4.301796665155203647e-01
4.291770371762388514e+00
7.710691391026716524e+00
5.801595350767706272e+00
3.031850298004324262e+00
6.834952620420693847e+00
7.759087933029509720e+00
2.430036543855987219e+00
1.654112020503970104e+00
2.861021152214904717e+00
6.588373826550009582e+00
3.957176640666211220e+00
5.650556036166124230e+00
6.365825602039508091e+00
5.425332703422982128e+00
3.872844204138163882e+00
7.186396192226728097e+00
2.097887275213045299e+00
3.528454310041105324e-01
8.725655695319021632e+00
9.063409681410879770e+00
1.365542571553697515e+00
2.979798992009949465e+00
9.290429430898221597e+00
3.839074814784900758e-01
5.819064092352316919e+00
7.194437147126835796e+00
-1.906745687758130581e+00
3.851664799378271553e+00
1.265993133788954772e+01
1.557469548811410309e+00
2.704303750688507701e+00
8.202391099917409889e+00
4.079244297865897373e+00
2.289535239776613107e+00
4.348015534764273937e+00
2.949884211647828991e+00
1.002941743185728818e+00
2.998951430813787677e+00
4.065093694573016059e+00
3.871097595520437640e+00
4.625376891621883146e+00
3.676821083646843125e+00
5.083120551317694691e+00
3.673256338011451905e-01
4.376806195999718874e+00
4.327777293858017238e+00
9.383875284996220367e-01
-1.556361669207583898e+00
6.884996797885606590e+00
2.297110495887099368e+00
2.117817064029125618e+00
7.009022811757904314e+00
4.583625956294682169e+00
-1.894314373540297636e+00
8.296496495900690604e+00
9.199872733314380824e+00
-7.175105506683289391e+00
4.387991341777174092e+00
5.999230294924316809e+00
1.750446301251583847e+00
2.298026356947670656e+00
1.012416320026087568e+01
-4.583925046755777721e+00
4.543779892383793317e+00
9.436105669193990408e+00
4.623665399581552649e+00
-3.338022219498718357e+00
6.529988656202545094e+00
4.372258468877828541e+00
8.892934799516820643e-01
3.032813140610586711e+00
1.876327419324509194e+00
6.708587551282111150e+00
3.135396921135170878e+00
1.395961608147804967e+01
3.032799548325143757e+00
-1.164272799063345021e+00
3.058311651186955693e+00
1.317196632750589558e+01
-2.267808470664354648e+00
3.795129467559738234e+00
1.169464349740017006e+01
1.143820793318700346e+01
9.424638619277239115e-01
1.302776446446795511e+01
1.574911680486122556e+01
-4.505523400966882974e+00
1.643266431139633710e+01
1.494342653964608481e+01
1.589431822821668838e+00
1.246173301265727673e+01
2.947579607975218607e+01
3.437346340749275697e+00
2.062945437777493396e+01
2.031048411329062020e+01
1.815185388276876921e+01
2.206252872688758160e+01
2.344923216188117010e+01
1.802674959477911898e+01
3.239658025714844314e+01
2.370991927832900004e+01
2.809736571379293935e+01
3.537639858559406747e+01
1.754951938137039491e+01
4.553338243297211108e+01
3.849954570431379608e+01
2.019263964346676232e+01
3.801966197146904136e+01
3.938223395519379721e+01
2.366701875771335040e+01
4.056914299314333761e+01
2.774681389257660058e+01
3.604390182422650923e+01
3.669725941035636652e+01
3.773380218101617345e+01
3.781966406839238459e+01
2.277994585319994769e+01
4.042761383154658716e+01
3.611016743890248648e+01
1.680162145664795759e+01
3.814434566781444857e+01
3.611395536761246206e+01
2.030353714976042667e+01
3.772134331990692147e+01
2.553677719179184535e+01
1.996384961379122558e+01
2.628772985090753878e+01
2.192713832505001648e+01
1.624866863336578859e+01
1.796779276262797964e+01
2.694579772501529646e+01
2.621008513930168959e+01
1.619779441330630121e+01
1.459110229175371032e+00
1.977357336995416404e+01
2.359288392662693212e+01
5.331858958040943008e+00
2.424423630055281365e+01
1.785324325575587778e+01
-7.651538245042736719e+00
2.561012886673858802e+01
2.091350713004413819e+01
3.009338672859029451e+00
2.289282274328486011e+01
9.186774047827862333e+00
1.245560143532704878e+01
2.085934817742614200e+01
1.657849204855323322e+01
1.491412135481384027e+01
9.044317757322932749e+00
2.406786633888721028e+01
2.146997752920596980e+01
9.805304236446689359e+00
2.529414324877775400e+01
2.645980747440039593e+01
1.888617197388045810e+01
2.821264668016417332e+01
2.529816006122022642e+01
3.234777823569601907e+01
8.727968845276370402e+00
2.791910537960008654e+01
3.950407706578281619e+01
1.835179286875181504e+01
3.580315340209286035e+01
4.761161564673620461e+01
2.181656337962601100e+01
3.076003936618472423e+01
3.939068225382996502e+01
3.337807039767958628e+01
2.407480093006819288e+01
2.738813261529794829e+01
4.697135336058514810e+01
3.065602749409548622e+01
3.245448733448104406e+01
2.913866657743064792e+01
2.845171692210693593e+01
3.952942438171755413e+01
2.966777892216022749e+01
2.321994690068724410e+01
3.571486504870939882e+01
2.841476478298910990e+01
3.711315633726889018e+01
2.485757896953594681e+01
2.035881894639466694e+01
3.791986322183045388e+01
3.368830245149680991e+01
3.144355931822241246e+01
2.875045912302035234e+01
1.021745603293721238e+01
2.856456695956413583e+01
3.907548569211454037e+01
3.071792713742396330e+01
1.044075138106618361e+01
3.884365434935075712e+01
4.673410349792337826e+01
3.422555984255166095e+01
3.177840525237086311e+01
2.181571490502596689e+01
6.537780365024989493e+00
4.746559047621158811e+01
3.935356612435096935e+01
4.871848675770583981e+01
6.038402794918031447e+01
3.340907557688593954e+01
4.697110241737488678e+01
4.100411163786911573e+01
3.571299672994310015e+01
4.635289395546121938e+01
3.475385242132381336e+01
4.153835103568916765e+01
8.198728374098200788e+01
4.796024405005012881e+01
6.307881274818928574e+01
6.338643618852289308e+01
4.782249465379031506e+01
4.302263075124857039e+01
7.380775206168205216e+01
5.960048244910193915e+01
3.967823570547448497e+01
5.441452931530534443e+01
7.372514728287987396e+01
7.399674559133488572e+01
6.819470871288623925e+01
5.763231263322501263e+01
5.163768951979762534e+01
6.043373169201259998e+01
5.911504036498251935e+01
6.676448404403220138e+01
4.141334479632421761e+01
6.403026156462617280e+01
9.412011738837796315e+01
6.384440623859642017e+01
4.450181535678664346e+01
5.201553923402411073e+01
6.175666719002673233e+01
5.270231971953072048e+01
6.442745370245009440e+01
5.606798062753016154e+01
5.018523527686250674e+01
5.749976670309294491e+01
7.302496588110069808e+01
3.807953083289082485e+01
5.029877605292128351e+01
5.074925071214705952e+01
5.634351874786211312e+01
5.569178267673626692e+01
3.543602853060630054e+01
5.077244191378977689e+01
4.077128736232749162e+01
4.887622416100502676e+01
5.527189254725375633e+01
4.988953394167563005e+01
3.155603495527929425e+01
6.509713925563286807e+01
3.143459190961935334e+01
4.344083370454817583e+01
3.415695174162178205e+01
4.820059003324894320e+01
1.973700217181524508e+01
4.082757541432542325e+01
5.378338409948511867e+01
4.579374472802933838e+01
3.694149547673597311e+01
3.879957126933181399e+01
4.033424386865226552e+01
3.904858452377521161e+01
4.212833272506580329e+01
3.067714037281044170e+01
3.601437310499577649e+01
1.638056719472776379e+01
5.869855817071415061e+01
4.543291484611274456e+01
4.928029897880403354e+01
3.093221785219776621e+01
4.546745373436265680e+01
3.861368690161651784e+01
3.790898953110981040e+01
2.719327796350630422e+01
2.689370783592418945e+01
3.385737949001612179e+01
5.702186990122630306e+01
4.894013573387674398e+01
4.111190562800081238e+01
5.582327359263012312e+01
4.024523383811287403e+01
4.180589749141064004e+01
7.991273072633261698e+00
8.403326660138631388e-01
