1.425484694300364064e-01
6.884205973586309257e-01
3.034124288119269597e+00
1.407697523940230511e+00
-5.218414499367458603e-01
7.330490395891688493e+00
5.209418082343296064e+00
4.532092765289794656e-01
8.498595750447723418e+00
7.283533169364140747e+00
4.425564191924748592e+00
8.158753801778020787e+00
-8.186739773735960402e-01
-1.661712070540111164e-01
6.061190428598154156e+00
2.052888310898310475e+00
6.570834078544568690e+00
2.658596005886923574e+00
5.265814914038762673e+00
9.582158157075497229e+00
5.394194573121128045e+00
1.699929570992361860e+00
4.718611520860625852e+00
4.282172499348698480e+00
4.806276819465556960e-01
4.463324297529842610e+00
8.901804825546067335e+00
7.215040136126193993e-02
7.869293299703747913e+00
1.100070979234151025e+01
-2.113906200069897157e-01
4.846388337283157988e+00
6.305321902908055165e+00
-2.731276669988118577e-01
2.021821670071063171e+00
7.481782996730822255e+00
5.721537565306799245e+00
2.662676039976604958e+00
7.067323580057210286e+00
5.169979859259295374e+00
1.006232632443196273e+00
8.743315104509129299e+00
2.503782321144754963e+00
8.020143951489744349e-01
5.178948673069763586e+00
6.658563945495466818e+00
6.065956376813604223e+00
6.955979233692781705e+00
3.155645321271050907e+00
6.655346462986223344e+00
3.347836741003940464e+00
2.599843908877136123e+00
2.561061360535267895e+00
4.015988757912817952e+00
3.378443349891743441e+00
8.330537196412315382e+00
8.386385431004798718e+00
-1.219488621742709444e+00
6.818925952021078984e+00
6.782863490764153624e+00
2.610865910278012958e+00
3.492075454935612555e+00
7.488320476566026507e+00
-1.128631521371441071e+00
8.156659048694471892e+00
6.626982763534899235e+00
2.120720503469373242e+00
2.418309913680989354e-01
9.927220322162702004e+00
3.372660000263424163e+00
6.935144435762386372e+00
8.133848316996708405e+00
5.780080087813117551e-01
3.406257179770401322e+00
8.336633799541109724e+00
1.958207312569308689e+00
1.007035049721665132e+00
6.628127115863978958e+00
7.092097146904617233e+00
5.580681951365797921e+00
5.971205947839770545e+00
5.262773874574464550e+00
2.274423367413679120e+00
3.201352903879594258e+00
5.042896552645829367e+00
4.306550879629495121e+00
3.967930746247428697e+00
3.280054235050117395e+00
1.042545666803932036e+01
5.033270799621544001e+00
2.457017394185918135e+00
5.870824934415539431e+00
3.378054847294630569e+00
1.456500070386987922e+00
8.196130710343178194e+00
9.248628466428948869e+00
-5.553275489781209773e-01
4.515905433229798760e+00
9.689389921741817346e+00
8.923284046247361712e-01
3.033581247867958464e+00
9.725129360488633523e+00
-3.277073126682920723e+00
4.845829324452051168e+00
1.228058248905178829e+01
1.419907438566491376e+00
3.235848442874734943e+00
7.119637293880251683e+00
5.520897280623042747e+00
4.407859720576771112e-01
6.630200953588312629e+00
1.072497602379187231e+00
2.045521927975026522e+00
1.158640824874447084e+00
6.591500510259351131e+00
2.975098024158103094e+00
5.518468173668442667e+00
7.973608095589801437e-01
6.782847326813673305e+00
1.529312895460794630e+00
3.614583481290980060e+00
4.327345584837979153e+00
-1.343542080107986258e+00
5.707209294316945014e-01
7.421598547040803240e+00
3.819057956167818624e+00
-1.762462733692219174e+00
7.192845435638942853e+00
6.848121231779057183e+00
-1.099774214469660283e+00
7.061405923016265795e+00
7.311993940155045557e+00
-6.759662176849478676e+00
5.460920301780690878e+00
9.605309965790796767e+00
-3.087643054368146345e+00
2.827810266132248618e+00
8.725179167522432166e+00
8.827039693454361569e-01
1.397959069901929308e+00
9.331650523603771674e+00
1.774618380954849917e+00
-5.577330713421574382e-01
8.629986928685070779e+00
3.529365860582938108e+00
-1.491885245111341352e+00
2.138402205077410745e+00
4.933841722241020911e+00
7.300061428621898330e+00
2.643400579929432226e+00
9.633165966269022107e+00
6.022641799483788638e+00
-4.841835378483241303e-01
4.775499409247820459e+00
1.066919422455992184e+01
-3.388553455122440106e+00
4.884847403578332248e+00
1.275464869800171286e+01
1.332154570223109502e+01
-4.217797362254772864e+00
1.506475120489235842e+01
1.562149074410903360e+01
-1.599644562957000860e+00
1.351292508939810055e+01
1.650265671910054621e+01
-1.337746839767714135e+00
1.575799156019224512e+01
2.875226372164119937e+01
3.258419604316867613e+00
1.884630821718869242e+01
2.125681358061477866e+01
1.980554544465928402e+01
2.024251518896322466e+01
2.536238054652183394e+01
1.567545725614238350e+01
3.439464881003522123e+01
2.235693660765404189e+01
2.891141342589291696e+01
3.452174461944429851e+01
1.806498132104186283e+01
4.546236486880624739e+01
3.811826722958164737e+01
2.114403248229394094e+01
3.701872013883369306e+01
4.200629873701476669e+01
1.984435019818694457e+01
4.296384390703561706e+01
2.488259052738646915e+01
4.123416585085271890e+01
3.165974004028198863e+01
4.069074462812017856e+01
3.496772025287724972e+01
2.584535566223663494e+01
4.009478375572859221e+01
3.671874174726797690e+01
1.316050594718877065e+01
3.938501693135069814e+01
3.819308987271094225e+01
2.029984432343194101e+01
3.601354601982978210e+01
2.454923874288588337e+01
2.134507072344474921e+01
2.785545605008999814e+01
2.249356624761839996e+01
1.367430831490188226e+01
1.547080481547769359e+01
3.156751405603495542e+01
2.483164179542504968e+01
1.876025105159222761e+01
-5.279495494045683301e+00
2.479809001362462340e+01
2.118617767992255452e+01
1.176810280033114253e+01
1.683429153170882131e+01
2.091235241064293149e+01
-1.221615734720343838e+01
3.329159919693020697e+01
1.656687476221794952e+01
5.069661074203128059e+00
1.719261698799254390e+01
1.482820178225241037e+01
1.246847972848578046e+01
2.100966611013861396e+01
1.364556370027379195e+01
1.499856326838058074e+01
9.661672888052486030e+00
2.699841559618873177e+01
1.926064282870977351e+01
8.676106060797232900e+00
2.407090695728556895e+01
3.163743895728342892e+01
1.592528261803249734e+01
2.979542352036419217e+01
2.083946913815534430e+01
3.671808575357940896e+01
5.220595702521662496e+00
3.414029104480606236e+01
3.149890980210114222e+01
2.420222568239099559e+01
3.111157153190883662e+01
5.422807581416708445e+01
1.586072475420065686e+01
3.446076073349578195e+01
3.554101854447387865e+01
3.688082664745653716e+01
2.196576813742259304e+01
2.886104723337361477e+01
4.549540465335516615e+01
3.189684848839963394e+01
3.198696692192696034e+01
2.940141409749970336e+01
2.861764772825559078e+01
3.865263451492406688e+01
3.081831800490654771e+01
2.205920739479533665e+01
3.497185416734711083e+01
3.068271599347882628e+01
3.604230406408317577e+01
2.595316045288729612e+01
1.720845640083247474e+01
4.171283107730166506e+01
3.064903614212499861e+01
3.533267816804503525e+01
2.460287111239033564e+01
1.144163511847671622e+01
2.706302299924033150e+01
4.408560485036633025e+01
2.712403949759407951e+01
1.068561752546545129e+01
3.767213935880356246e+01
4.837649340402433040e+01
3.611382328182295254e+01
2.927044540454006238e+01
2.178835339784773950e+01
3.673290095793094956e+00
5.356513872903163787e+01
3.682988040354017301e+01
4.969692889470391606e+01
5.586768372886973566e+01
3.706059491986619037e+01
4.736011585829935910e+01
4.271847880050515300e+01
3.121236123110034555e+01
4.683346514364408364e+01
3.579924405470974591e+01
4.373560221925844615e+01
8.203712215334047642e+01
4.402147576314995092e+01
6.385140253180284731e+01
6.509676301257682951e+01
5.037801897099440396e+01
3.970452494518803377e+01
7.221285291931820893e+01
6.117979504440872063e+01
3.996617824382337858e+01
5.758924140908326450e+01
6.941708641634599530e+01
7.439806934631778290e+01
6.698074750025442370e+01
6.368588839051144390e+01
4.648935998525571733e+01
6.275014459096802000e+01
5.441185784976946849e+01
7.253961801145018740e+01
3.833737193385324815e+01
6.754960041871457577e+01
8.889975694179707943e+01
6.621236303360583975e+01
4.502876618630462957e+01
5.300038816694808474e+01
6.042815118434664612e+01
5.168107797703270023e+01
6.511596153201800519e+01
5.688051710938298555e+01
5.037537587493579849e+01
5.626529688170081300e+01
7.352766091360297196e+01
3.794840088429606340e+01
5.073774005815809574e+01
5.118757235232997971e+01
5.499675249703052771e+01
5.697684303045048182e+01
3.374421988205038048e+01
5.352757997963773562e+01
3.644762444109260002e+01
5.403544159570389382e+01
5.150340681220166772e+01
5.218768360733312051e+01
2.869815332261980600e+01
6.863561897984293125e+01
2.887190174687686905e+01
4.579751033750495282e+01
3.141342649173645185e+01
4.871273528692491084e+01
2.028060990316386025e+01
4.269227433559530027e+01
5.232417021224916454e+01
4.360786559536612117e+01
3.935397797721166313e+01
3.838597377237502428e+01
4.239553072590028648e+01
3.619111454336048439e+01
4.118918238009633370e+01
3.188198542264817803e+01
3.766763734252659646e+01
1.709758471468033392e+01
5.502473815901470289e+01
4.639471391612507745e+01
4.934092434810049355e+01
3.524704137507377766e+01
4.116953670316924985e+01
3.898475981758551256e+01
3.501830582876949904e+01
3.317662001260097071e+01
2.408222253741248764e+01
3.595454517440897746e+01
5.180624013817713092e+01
5.166905148827275696e+01
4.329501443749531830e+01
5.635942920343957496e+01
3.661723078992190494e+01
4.152310107619157264e+01
8.005578477582160346e+00
8.523841076234930370e-01
