1.571807359509191093e-01
8.217984082338269936e-01
3.739295562429881592e+00
3.177062521472913570e+00
1.103548826143776918e+00
4.597394205713158044e+00
2.971628396599762745e+00
2.861159140294012193e+00
9.981798840180248433e+00
6.786387872270674748e+00
2.278067656016587783e+00
7.672920212664352313e+00
1.056366901903271760e+00
1.886048710847068932e+00
3.848963911265448345e+00
1.886841236310535352e+00
4.738708257138962487e+00
5.602331905647835342e+00
5.420409834545273142e+00
8.205057237468281528e+00
4.275473308849475629e+00
2.346501969196954196e+00
7.279763804903125468e+00
2.210858176456905522e+00
1.387912815643964848e+00
2.957964193936206243e+00
9.499528930914229008e+00
3.448254014614325902e-01
9.123402931369724911e+00
7.732058792481918630e+00
2.415489988958740675e+00
3.995324958030340046e+00
7.190331696022781216e+00
-1.448517905144417917e+00
3.243821542694433013e+00
6.870539123953181893e+00
4.763650292371868211e+00
3.886213246862102011e+00
6.026478319718704846e+00
6.075448165134764267e+00
1.388181922267531787e+00
7.535456379441237473e+00
2.732861418647009710e+00
1.449286327975498612e+00
6.037662678371546576e+00
5.484158906037515990e+00
5.054938384149090247e+00
6.690755070517295344e+00
6.073822762846369905e+00
5.003474691207541625e+00
4.193488630523005689e+00
-6.800186280078972523e-01
6.224975001738244806e+00
2.747510135651854757e+00
5.855632704347556228e+00
4.304663293209875619e+00
8.043293253504169016e+00
9.874728130371978052e-01
8.863919014657911433e+00
4.207434530597589983e+00
1.908935914329687566e+00
3.285628511344837133e+00
9.341528877260142139e+00
4.065407302264307243e-01
6.081347385229855185e+00
4.321644248732555482e+00
2.640762537724136827e+00
4.368860514478295265e+00
8.696609216621554950e+00
8.846837817285504446e-01
7.217435610203878582e+00
7.948947848762609070e+00
4.671687904736609553e+00
8.942191989893204518e-01
7.295929091893989415e+00
-2.949505256251327978e-01
5.161746469056985198e+00
6.606328065149187800e+00
7.029872824779245910e+00
1.675826036908637739e+00
8.449557626560492807e+00
5.972672582838323585e+00
4.142603529626017078e+00
2.902546833126584680e-02
4.370283408447123819e+00
5.496517853120713504e+00
4.556393293157064761e+00
5.293631075922777818e+00
6.651807815701852533e+00
5.191311419302614638e+00
4.023446186211567799e+00
7.254313797781205331e+00
1.651490741196935286e+00
1.011863388842850542e+00
8.146261995115349208e+00
9.631583170718124975e+00
6.129032706954057330e-01
3.876458111780122895e+00
8.491816014966229176e+00
8.048098973329522732e-01
5.929372363174666205e+00
6.668643405818877490e+00
-1.294841943628536995e+00
3.296483124274550036e+00
1.328671739925183104e+01
7.815696438080622643e-01
3.592574302882606929e+00
7.297814857539499656e+00
4.918434109926963060e+00
1.488943294192659472e+00
5.177332127034569353e+00
2.130969540275340801e+00
1.649642727987640001e+00
2.617217603869292919e+00
4.125465325388739224e+00
4.248049482494844931e+00
3.842827506042939323e+00
4.703395685501925882e+00
3.961178431421171098e+00
1.422420146762431115e+00
3.478622049168029307e+00
5.203415535296721295e+00
-1.083752030995360771e-01
-4.828798188439401007e-01
6.050721381620971506e+00
2.942966328869489168e+00
1.534310896168037619e+00
7.540107639740186940e+00
4.133909558978102972e+00
-1.698294014681116293e+00
8.623522184249431177e+00
8.410385011549346146e+00
-6.426372996790019165e+00
3.947225664036292603e+00
6.292108965586432845e+00
1.562914600426075884e+00
2.332045790988050094e+00
1.022165036541264449e+01
-4.910859435054415911e+00
5.229048831911352835e+00
8.545286807843060828e+00
5.483814179355635865e+00
-4.348883819854947319e+00
7.929236128453962529e+00
2.695677632216159303e+00
2.816124770725229709e+00
7.985015844723957201e-01
4.216186394711259666e+00
4.541372535066283689e+00
5.074402154657157382e+00
1.223292171359974567e+01
4.460437710953637946e+00
-2.439553119869029008e+00
4.381943852145692375e+00
1.200597161217340947e+01
-1.411908885308049699e+00
3.041956441707176939e+00
1.253896209285267460e+01
1.056239994946152017e+01
1.702664381810226280e+00
1.245216202769635494e+01
1.608785467947749837e+01
-4.854035546931698697e+00
1.726336418511800019e+01
1.358476881774246436e+01
3.210875901830236856e+00
1.071056340098106041e+01
3.140805367136255200e+01
1.247509583869610861e+00
2.304625196658017217e+01
1.775621146242674797e+01
2.062591025814660739e+01
1.977633595519047560e+01
2.575042555875832662e+01
1.560070882108764678e+01
3.488987624271953791e+01
2.126779211504498335e+01
3.032670624090748746e+01
3.346435015416116698e+01
1.905928718572206293e+01
4.442443687423281773e+01
3.926014390557431000e+01
1.966365440958025346e+01
3.850871686394956583e+01
3.896155012260882700e+01
2.396573671477148793e+01
4.028166750055146395e+01
2.810988027762517305e+01
3.553033389117283036e+01
3.732431612071572147e+01
3.716361988460383969e+01
3.819544847535328813e+01
2.243516177215702001e+01
4.117349207857203197e+01
3.490271051873956054e+01
1.821055673914397133e+01
3.669448459907582816e+01
3.745784834348060599e+01
1.908936962717142549e+01
3.891802831126404527e+01
2.438369857709373889e+01
2.076215642024028796e+01
2.606079077643563480e+01
2.186853600218638505e+01
1.637522391385509124e+01
1.769239916959158521e+01
2.736233404436719141e+01
2.556464356136954308e+01
1.727368849665153405e+01
-5.281919737855239605e-02
2.151026752793710628e+01
2.171298151183767189e+01
7.421182056467425348e+00
2.220030364505246467e+01
1.965007726317714543e+01
-9.376812992457553619e+00
2.725710349212029016e+01
1.952361364244084641e+01
4.149921649623983910e+00
2.184064840455387824e+01
1.023249722977397269e+01
1.135860904076970179e+01
2.213743995484780314e+01
1.536547924196953119e+01
1.571665435690729318e+01
8.434074655521751396e+00
2.486102037246885743e+01
2.038098267626419613e+01
1.114213448160760400e+01
2.374495976994904467e+01
2.820150269331830373e+01
1.691957084748228368e+01
3.064924339510181284e+01
2.241388532547507850e+01
3.524481381960941206e+01
6.020461229002806114e+00
3.052738510583204601e+01
3.686065964355817215e+01
2.110241946704714522e+01
3.295317890914119374e+01
5.046844075171415511e+01
1.915139554233019226e+01
3.320277495556521785e+01
3.714907324331304039e+01
3.527752002593178560e+01
2.253996625792634134e+01
2.862074568580300493e+01
4.600006814645126241e+01
3.141452812488583390e+01
3.184242690581028512e+01
2.976337428700243493e+01
2.768530066787114663e+01
4.048704074182170132e+01
2.865128781632607868e+01
2.403265794961349044e+01
3.507200418818766252e+01
2.912158717577663225e+01
3.616301692402293355e+01
2.612383015827601085e+01
1.892297216686402095e+01
3.933632634562780339e+01
3.227704303433505117e+01
3.306125915049551622e+01
2.692780507843844262e+01
1.185647549366396269e+01
2.735384234183060315e+01
3.985785942537535931e+01
3.029002536414645164e+01
1.074421289412109815e+01
3.851903441248715154e+01
4.691361128981724704e+01
3.442467260869852907e+01
3.128042791934777256e+01
2.245489579320035745e+01
5.625858651927300613e+00
4.866858164743139525e+01
3.802544705942222691e+01
5.017726983800166352e+01
5.882536146342773975e+01
3.483621525203126623e+01
4.582031007476310691e+01
4.194756799075577902e+01
3.501131317654194675e+01
4.675669092114985403e+01
3.432875835863119107e+01
4.220210360901229052e+01
8.134208562827120659e+01
4.837611483649246225e+01
6.282960662415302977e+01
6.355299869924564860e+01
4.766168111610699043e+01
4.334905082501210671e+01
7.335062374218178149e+01
5.993994878236103574e+01
3.928404691181750508e+01
5.531064912869505434e+01
7.228019534597468976e+01
7.572056459621749980e+01
6.640912854598838067e+01
5.933685925537423600e+01
5.007860770127637551e+01
6.203170206038300449e+01
5.731955084705387549e+01
6.854292920694871327e+01
3.982225401430536493e+01
6.555226155674081667e+01
9.260911706537733323e+01
6.524139353436073918e+01
4.329996143977678003e+01
5.296445290455633881e+01
6.119330818241520831e+01
5.286361949979335151e+01
6.451890258506927012e+01
5.581596430532183462e+01
5.046792798122995549e+01
5.738124191529887952e+01
7.295896819550392820e+01
3.815887671564865258e+01
5.033504433810080059e+01
5.066731925933162728e+01
5.632454086928163406e+01
5.591380012158364110e+01
3.505551206404925324e+01
5.113068913558150541e+01
4.041285235161352318e+01
4.948037601671263275e+01
5.428520972932687982e+01
5.114352873818521061e+01
3.034609066745824180e+01
6.596436158607232869e+01
3.097253164758376087e+01
4.374147556921538182e+01
3.382278654876025570e+01
4.841192306708595083e+01
1.978024805997275593e+01
4.060314078706149132e+01
5.412736793004055613e+01
4.538612780963639182e+01
3.736426688800542451e+01
3.825994366677314673e+01
4.119095914165847461e+01
3.795098131922794948e+01
4.319186262190990533e+01
2.968492613160166371e+01
3.687241656723872296e+01
1.589957952861846380e+01
5.879535586085393106e+01
4.549677486390366710e+01
4.915009180053454685e+01
3.118168517440214416e+01
4.515429243369773360e+01
3.901222837866441040e+01
3.726925145809415341e+01
2.788786522403376722e+01
2.637569877807277763e+01
3.442538238868381484e+01
5.614001714619593031e+01
5.000159401331325171e+01
4.018541821214560628e+01
5.645256822397723795e+01
4.003233421062169128e+01
4.167746806038820040e+01
7.967128544203155194e+00
8.385671227581800169e-01
