4.167233750254806940e-02
1.804186242209983027e-01
9.209962002345859489e-01
7.395405576021065741e-01
3.148658150623008467e+00
6.298523493044200450e+00
1.684248534483619109e+00
3.337495849842920581e+00
8.437870075810126380e+00
5.890830849809161940e+00
7.147536177824253656e+00
6.435411307195439967e+00
-1.963475313140540690e+00
1.824365886832181038e+00
5.459760695618329329e+00
2.675610987548434405e+00
4.318936157335490300e+00
3.095574102188664245e+00
7.739081332656859935e+00
7.682351013849627819e+00
6.167344324357014962e+00
1.302586454984488329e+00
5.174647612557132348e+00
2.909639412050680551e+00
2.526206480155778422e+00
4.293284167561655096e+00
5.076705105104376337e+00
3.105430149647450566e+00
1.047311934428992153e+01
5.847089148418832316e+00
3.098507897045978510e+00
5.422432307182185163e+00
2.852614231007877255e+00
2.604827896630436790e+00
1.699880697717570888e+00
7.133841691276690433e+00
2.178170274306251208e+00
8.541551603145759231e+00
5.296867892116049248e+00
1.863058722814549872e+00
6.335026654042557936e+00
5.007136717698193351e+00
3.129456474754581663e+00
1.345429489210032470e+00
5.303003691507125694e+00
6.153549696629531773e+00
3.722566718804714903e+00
1.206003704910169461e+01
6.943754499044385575e-01
4.668377193468780106e+00
7.376482650039329236e+00
8.298171869021730984e-02
2.348977970808378224e+00
3.646378525321160247e+00
6.329465311965235763e+00
4.905928056966735618e+00
7.426604782956996331e+00
5.201387838778068762e+00
1.132210077539740123e+00
7.076498859826514831e+00
6.986455059814717927e+00
-1.761881572464034651e-01
5.259818768458610627e+00
3.769635333862851212e+00
7.050041015241140130e+00
2.940483054367695193e+00
5.105030275706076814e+00
2.686990049712537409e+00
4.734979681054197087e+00
6.527901591471382936e+00
9.451209994638359646e+00
8.545000203490554780e-01
5.181241605975366760e+00
4.158698962229197882e+00
7.187611400820456353e+00
2.464246328922741480e-01
2.637570066813869296e+00
8.299023754878266601e+00
4.200579514772941891e+00
8.641081392875932465e+00
3.311928601574281927e+00
5.030093586589053700e+00
2.631215512435520765e+00
5.242271057457804417e+00
5.189664141823487675e+00
-9.635503469474682170e-01
8.227956954104412191e+00
5.853346451775030879e+00
6.489866221925894685e+00
4.866484800743675621e+00
5.079349688035532218e+00
2.077815880630495382e+00
3.997346731398960351e+00
8.598473821924068616e+00
9.031731180168287021e-02
7.193170928466982694e+00
8.684318678565961847e+00
1.750417887009980022e+00
4.522655618069154393e+00
5.368810303608191781e+00
2.929952774563207907e+00
3.560028073028004503e+00
6.114157360192183255e+00
3.413742822745313266e+00
2.671000470097471879e+00
9.130163922437679602e+00
6.697996559399836514e+00
1.363816912909225687e+00
5.513696023696098791e+00
3.150417039123754925e+00
2.667854773408243840e+00
3.841731085473688356e+00
5.644598209106987952e+00
-4.839142256533739861e+00
5.821929251427896190e+00
8.455390350386325693e+00
4.567240601872452288e+00
-6.403226020527039708e-01
5.301211078400109855e+00
8.634927972755077619e-01
8.060585929234276747e+00
1.584073800661782494e+00
-1.197581360004652540e+00
1.365928147158309347e+00
4.335202624462304755e+00
7.340598023117270721e+00
6.367133517721699221e-01
2.926840194398590889e+00
2.427391456366852829e+00
7.746755712668973004e+00
5.767114934027828710e+00
-8.374738812839035429e-01
4.075498544466538142e+00
-2.300011662742084129e-01
5.698934170451692260e+00
6.635294023907558625e+00
-4.442640543650145379e-01
1.591777996101609638e+00
5.550799259931547880e+00
8.520026028113575123e+00
-3.231179094160544274e+00
7.842577932861219736e+00
5.180875276649807404e+00
-3.166030874751624591e+00
1.066681833763711573e+01
1.621387927266998652e+00
-5.061406807116696882e+00
5.816367982976087703e+00
1.305572169387348147e+01
-1.836452892050646879e+00
7.028423498047338569e+00
1.324135951911598141e+01
-4.367083008214103224e+00
2.638278181964222480e+00
1.528929068759556742e+01
-7.434559242409599200e+00
7.367582813434234268e+00
1.250535574618534085e+01
1.133518522093519465e+01
-2.339370203935944303e+00
1.387024967819067811e+01
1.683406119974869952e+01
-1.401725494640123082e-01
1.120578509791079291e+01
1.263683519122885102e+01
6.240484890011183339e+00
1.522609907643881044e+01
2.134514604655973358e+01
8.124205500896026777e+00
2.164994176736849951e+01
1.281944066851094988e+01
3.004230749255183852e+01
1.853772770463043784e+01
1.340983356462650100e+01
2.688326728630478257e+01
3.673973682656428252e+01
1.692663021968248316e+01
2.295768869813761270e+01
4.826310439676020536e+01
6.024102310093820023e+00
4.994055207665324048e+01
4.814302271349970397e+01
1.855818947462716695e+00
4.664186210714224501e+01
4.440274307099001305e+01
2.260074093041024312e+01
3.125833099171547502e+01
3.285150916262689691e+01
4.069814815784969397e+01
2.713023896601691121e+01
5.294349879765584177e+01
2.184064254290747797e+01
2.782961292501478567e+01
4.297611010612820337e+01
4.034735250962563669e+01
8.959523339536772824e+00
3.852226298727872944e+01
3.576276606672681879e+01
2.609081677863569482e+01
3.756971724249078193e+01
1.847389044881697728e+01
2.318241256362465919e+01
2.617568692075909098e+01
2.718667769985701455e+01
1.020666073272890806e+01
2.231120767351127299e+01
1.643767712011150550e+01
3.421193788496568544e+01
2.789115819100178584e+01
-2.176284469824948786e+01
3.455350405482512599e+01
1.721754485452822081e+01
1.337833318484435452e+01
1.499699482083826396e+01
2.827820150594174464e+01
-1.976905562026477625e+01
2.608030820328974642e+01
3.687273238436867473e+01
-8.751450545309083395e+00
1.555995800945586005e+01
2.383146082414135236e+01
4.761479460512223483e+00
2.302993561939884160e+01
1.727613900880939113e+01
1.338979023793847567e+01
3.903073428245879217e+00
3.265389179980611800e+01
2.297761502954485735e+01
-1.544899512532699415e+00
3.148005978242620628e+01
3.134463594671385422e+01
1.045914260457302269e+01
3.738980421881088745e+01
1.485208263548851626e+01
3.924660966965021203e+01
6.434474283419538310e+00
3.060610469367464148e+01
3.472399822315399831e+01
2.188544916802073459e+01
3.309072750366268423e+01
5.300288410520999349e+01
1.728694246957503822e+01
3.190606442877135152e+01
3.429792335586331831e+01
4.644606083299673571e+01
1.261581170013147002e+01
2.656540829964484729e+01
5.604718426152640376e+01
2.261526775949819168e+01
3.623169522927639719e+01
3.256629771028524800e+01
2.002057940936585823e+01
4.183556969324446584e+01
3.523651892598609692e+01
2.518469993774094462e+01
1.934385976819557840e+01
4.286076339674056612e+01
3.609971357126477187e+01
1.823152538373637910e+01
3.082321211668083549e+01
2.747461554071499990e+01
3.433838370205246804e+01
3.780513896275311936e+01
3.112656688163107077e+01
1.123992430614518145e+00
2.613131631714409053e+01
5.132165460845559579e+01
2.170603248663227092e+01
1.926437169307823183e+01
2.862783525249640704e+01
4.900433234807509564e+01
3.616144133832926855e+01
3.826039440714772155e+01
1.380230489398834415e+01
4.405705428925682732e+00
5.047047041198944584e+01
3.887425504681129951e+01
6.010600672680308776e+01
4.204183803214758797e+01
4.277941587808172841e+01
4.170275965834255061e+01
5.367151696158403240e+01
2.366463373418040916e+01
5.110793310914114329e+01
3.047944498390495482e+01
3.892014992548472208e+01
9.999535911453685344e+01
3.124050310220683357e+01
6.506456399770509336e+01
6.247719198262585394e+01
5.817965307323612478e+01
3.333020656856167108e+01
7.812829191157760533e+01
5.713980971390640917e+01
3.314224701562994113e+01
6.908893826718433218e+01
6.740794519698542331e+01
7.171553030908263793e+01
6.259936828596271141e+01
7.281616722079608905e+01
3.903603993835719876e+01
6.909605877674152907e+01
5.146736835342912286e+01
6.820432431781135563e+01
4.317216416122322897e+01
6.767716468201712132e+01
8.927335128689638566e+01
6.254376837289681390e+01
4.834548772055173060e+01
5.104154456696559095e+01
6.341310381092714721e+01
4.888089093502733817e+01
6.514705452108532313e+01
5.711653558631395100e+01
5.264421377662308288e+01
5.141899398011570810e+01
7.912089292193081747e+01
3.555864891119315985e+01
4.834468708455866448e+01
5.735948961966530391e+01
4.769508940674184316e+01
6.118847618719953374e+01
3.229274582158549833e+01
5.785793551017723502e+01
2.740793062607750485e+01
6.010163132216040083e+01
5.379415232190735452e+01
4.720236689190000590e+01
3.303430426371946993e+01
6.432453147446354080e+01
2.956658573731748874e+01
4.697533587860091586e+01
3.679097283375501348e+01
3.837752830215656985e+01
2.465905083356304317e+01
4.311892403564475984e+01
5.584857976094262000e+01
4.110299582612334746e+01
3.631907770142051106e+01
3.976076897659851994e+01
4.091087901174486063e+01
4.580780455522694439e+01
2.981655158946536943e+01
3.594283254716209086e+01
3.418864023485934212e+01
2.288366016748916820e+01
5.855657825422389351e+01
3.657623341242974391e+01
5.198222434807389902e+01
3.398669288259464594e+01
4.932809574641390782e+01
3.281162274817237545e+01
3.495523546313327046e+01
3.103929171230915784e+01
2.503522060385648373e+01
4.451282430901419218e+01
4.644355643887205076e+01
4.511026521601918660e+01
4.714595297584641287e+01
6.000585429068915744e+01
3.686281735142974725e+01
3.812020470774452008e+01
7.281855062597549555e+00
7.700677148309229558e-01
