4.820157270206292671e-02
2.177651416354484393e-01
1.102029551317647682e+00
9.477400737646122231e-01
3.269163118744176533e+00
5.787417346944088159e+00
1.948154661939615062e+00
3.953539262959321121e+00
7.463943772892729811e+00
6.286633639306531407e+00
7.250472839356914001e+00
5.951436442614534528e+00
-1.577158295977608926e+00
2.058222430279761372e+00
4.971068834318311147e+00
3.033499453031943904e+00
4.302176765623916488e+00
3.073782654340084353e+00
7.709741724474759472e+00
7.343738633579939723e+00
6.606943683721074656e+00
7.754793369003230019e-01
5.871158365469044682e+00
2.351420421646422287e+00
2.848904892687162516e+00
4.576969032398025661e+00
4.132856723144022304e+00
4.520502759980923990e+00
9.005517607877141728e+00
6.460353510537961697e+00
3.233626625944700628e+00
4.998422642350352163e+00
3.439529781859014701e+00
1.818215107233820405e+00
3.192212562487395378e+00
5.289106082206430415e+00
3.450519388618556782e+00
8.581597939029718347e+00
3.744345192175252190e+00
3.772875066858810023e+00
4.946840135810295358e+00
5.824605001243589264e+00
2.509282738215377062e+00
2.222479467488752025e+00
4.995699354173217976e+00
5.117634498754648043e+00
5.859928832582338210e+00
9.732264071039658404e+00
1.877999655336339613e+00
4.758924360141831400e+00
6.673397165259601138e+00
7.068728623963159707e-01
2.033033974104626829e+00
4.528735195836987693e+00
4.865718692136664636e+00
6.108791482078376411e+00
7.065196344968717845e+00
4.477165180631820007e+00
2.220316139535032374e+00
6.298807613336213862e+00
7.144089072073817270e+00
6.300713151355707975e-02
5.434176698144939976e+00
3.475709672976803333e+00
7.101525939938365894e+00
2.889983463679436593e+00
5.171027390629209464e+00
2.444966715139928137e+00
5.049161192361214745e+00
6.178398489629296719e+00
9.556569318431151316e+00
1.518432141559069359e+00
4.160937498371415799e+00
5.450171988845583293e+00
5.715124948927985393e+00
1.027623430622343070e+00
2.923990475385624954e+00
7.134951009042008074e+00
5.592809204813239177e+00
7.155408072195681868e+00
5.081862302641608764e+00
3.510893698754029568e+00
3.696052507944322052e+00
5.239961851874810783e+00
3.339716542080133799e+00
2.023847537188186774e+00
5.476610441271962060e+00
7.391495424585442287e+00
5.888537566793205613e+00
5.013531213371926754e+00
5.677556810835259427e+00
7.346161322129846072e-01
6.388280109514899330e+00
5.428286010896984592e+00
2.394481956020425795e+00
6.803335902020636539e+00
7.447639210229252349e+00
3.342145666751410005e+00
3.197384000865128417e+00
6.714537585539551934e+00
1.631757535205718090e+00
4.943297812258684587e+00
5.159723935299973085e+00
2.966032034936795903e+00
4.172308847283198396e+00
7.654592996608297284e+00
7.280538913198217443e+00
1.400496774648899434e+00
5.530970140154274794e+00
3.008694348100227955e+00
3.182993163647621859e+00
3.288654511529538027e+00
5.802149348528735651e+00
-4.987967428792314806e+00
6.111972445220709815e+00
8.216325218222696236e+00
4.203971661675997673e+00
5.024228859219568299e-01
3.713197189849115176e+00
2.853055231766766120e+00
6.341203932025374357e+00
2.318030017098965168e+00
-7.758403841756571495e-01
-3.252970903312218942e-01
6.832015536006236900e+00
4.615043249430574868e+00
2.993871459181253414e+00
1.327346624786113427e+00
3.269505070590926099e+00
8.296770634612897766e+00
3.455012247956871008e+00
2.779989781257739878e+00
1.739602132939842560e-01
2.472167264671571996e+00
4.775111974983198948e+00
6.042281570907390709e+00
1.088190111042946828e+00
-4.228930277166979002e-01
8.312971689455741497e+00
5.254781098797119299e+00
-4.625575983743143160e-01
6.735690827314931184e+00
4.056308614467644347e+00
-8.266213322432917066e-01
8.382720646470385617e+00
3.263801275534768731e+00
-6.134782848100098995e+00
6.874213261886870541e+00
1.214904899811583938e+01
-1.676556893313723817e+00
7.970873227210986123e+00
1.169237508126423286e+01
-3.473051155252854461e+00
2.655263639713728807e+00
1.499416593035005540e+01
-7.514808253104241054e+00
8.270891081141256151e+00
1.111937843830770412e+01
1.255674811827191739e+01
-2.965025060084693465e+00
1.405176319121580164e+01
1.683826391204611994e+01
-9.275174628455526982e-01
1.308739651414923344e+01
1.003551191335301418e+01
9.104103580215300084e+00
1.289366194814446054e+01
2.229040099253521845e+01
9.039186955284176150e+00
1.918964587205822525e+01
1.622753518609371071e+01
2.613687852121602972e+01
2.186792024314901894e+01
1.152146325781150260e+01
2.731145165331415114e+01
3.787358019382060093e+01
1.402752918183005448e+01
2.725353025255135009e+01
4.381004422495470152e+01
9.389600055484098817e+00
4.844294003475496879e+01
4.730688500423878651e+01
4.304297256207035183e+00
4.383983325364765449e+01
4.726148879082812471e+01
1.956501838534667215e+01
3.391992235838156233e+01
3.162795016780065538e+01
4.006784367329281338e+01
2.923850532688339854e+01
5.021885860345157226e+01
2.380063702494117095e+01
2.714519830656661270e+01
4.330399082240580810e+01
3.965855706879973752e+01
9.618341271881929444e+00
3.850350971894744134e+01
3.528925301623558397e+01
2.660240063143667655e+01
3.740506197061827720e+01
1.811831046159142744e+01
2.323907592382607490e+01
2.750853296300966022e+01
2.464231207171578575e+01
1.274563285378355815e+01
2.066699209522381864e+01
1.701724805322882261e+01
3.479559325431795003e+01
2.619201988429036376e+01
-1.915400994668845769e+01
3.104112123607884755e+01
2.115827386600028603e+01
1.029829925432663273e+01
1.602056504962207484e+01
2.956917758782319794e+01
-2.298802491403525750e+01
3.062983675764950320e+01
3.209201107856785740e+01
-4.910387080182732511e+00
1.332069030412485944e+01
2.409976573204734152e+01
6.568487952572001021e+00
1.947419530351551842e+01
2.179678991018593948e+01
8.810737762295616449e+00
7.542858621647207329e+00
3.107787787965565940e+01
2.212679958127460367e+01
1.055689247605000824e+00
2.824777932007502557e+01
3.431833666099321078e+01
8.004995424602615373e+00
3.925542919331427072e+01
1.376407115880741294e+01
3.917319444012900931e+01
7.870277905349025716e+00
2.851465140091212191e+01
3.635018824147282857e+01
2.138752509637752652e+01
3.286084389813536433e+01
5.284082525665118624e+01
1.828017133840433317e+01
3.050273239801656544e+01
3.541411744030985176e+01
4.594717501538892179e+01
1.279103489004266336e+01
2.654520435390032418e+01
5.560513263243194615e+01
2.434736445877676303e+01
3.281186898645232475e+01
3.654852267903085306e+01
1.703087320038230956e+01
4.287589281873353997e+01
3.629450944467805584e+01
2.249193416621055164e+01
2.313871303774265797e+01
3.854679221791737120e+01
4.052005065947567886e+01
1.461137984936719647e+01
3.209513379386616094e+01
2.909687485417760655e+01
3.036357426472228127e+01
4.310667325187420573e+01
2.578824455953449046e+01
5.271718868404388303e+00
2.406739839975664097e+01
5.130510698248644275e+01
2.369836186942979950e+01
1.542796520777660874e+01
3.319451861586887276e+01
4.478184193844772665e+01
3.934936668538480120e+01
3.681541712090125174e+01
1.309275722845947953e+01
6.871126255085419743e+00
4.760381097433582909e+01
4.133940152114686128e+01
5.823495293311417953e+01
4.302598223979098435e+01
4.227303372143542504e+01
4.203320285327050954e+01
5.385320407369464846e+01
2.287333227919185674e+01
5.187310892667049700e+01
3.057681004684720705e+01
3.845738073665128809e+01
9.985571032463808194e+01
3.241129602649757402e+01
6.256733737344715252e+01
6.545896635727247315e+01
5.610787071292368466e+01
3.398889291610442598e+01
7.852772120969196123e+01
5.595593355937680258e+01
3.578623853287309231e+01
6.492728186539198987e+01
7.210841325480505759e+01
6.762110434537116532e+01
6.438585776390387139e+01
7.419322907428019676e+01
3.524773699412643424e+01
7.395235712363880509e+01
4.653030899971734158e+01
7.289259408450770650e+01
3.973997464073639208e+01
6.877287654393197158e+01
9.079944119371414502e+01
5.832237765826979370e+01
5.413304885763568564e+01
4.554395863938893996e+01
6.726241159730530228e+01
4.722525724999667318e+01
6.484890060081423258e+01
5.932145356961520832e+01
4.912147578578234430e+01
5.522469325041505783e+01
7.553873815692814730e+01
3.807957731123509859e+01
4.743755194149004950e+01
5.671511284212629533e+01
4.943688348850692194e+01
5.926249370892377044e+01
3.391064869186430997e+01
5.703039915424290740e+01
2.751104084778704362e+01
5.985727719106317579e+01
5.440026451571410604e+01
4.626384013669577655e+01
3.400002276642961618e+01
6.358508712144882224e+01
3.030161759500456142e+01
4.654979588184687600e+01
3.649585201645334109e+01
4.007295186711270674e+01
2.117016488205260671e+01
4.734078987027645269e+01
5.231250410103608317e+01
4.264167518952852021e+01
3.705157570017991020e+01
3.745584341260452987e+01
4.457920356549310270e+01
4.115995716151226702e+01
3.489043758429912856e+01
3.151729166265219817e+01
3.622326734664546422e+01
2.412147284151704341e+01
5.422755863068307036e+01
4.236565598567346314e+01
4.658647915579787480e+01
3.835989779157125668e+01
4.660361269201366952e+01
3.347201734827861941e+01
3.659000416219748075e+01
2.708146778544100286e+01
3.034877106892358611e+01
3.924042311655475146e+01
4.992099982596143093e+01
4.409227835180058719e+01
4.645898308020635881e+01
6.199451712627431732e+01
3.428966732446079391e+01
4.014130265146275889e+01
7.758852283817961215e+00
8.336374499287420026e-01
