3.864376351032123603e-03
3.007357613694636167e-02
1.598992624576469346e-01
4.179306943159822874e-01
7.398777077369622646e-01
1.116047164538207070e+00
1.544159498586675561e+00
2.018788450539052981e+00
2.531974397285801537e+00
3.077922754670301408e+00
3.637726166861122046e+00
4.172010325717273815e+00
4.560440337133257138e+00
4.874183210762901730e+00
5.124034337315682919e+00
5.306445782915080400e+00
5.418238732903545518e+00
5.459415196247947577e+00
5.433313545350734408e+00
5.346592065158048968e+00
5.208951087880326902e+00
5.032491894449556469e+00
4.830737345020009954e+00
4.617846141262548443e+00
4.408072271782786267e+00
4.215099682666218150e+00
4.051276581507365471e+00
3.926863140344526215e+00
3.849383560350075673e+00
3.823141909747191036e+00
3.848943095227271627e+00
3.924044549064092280e+00
4.042347174161124101e+00
4.194817278903617108e+00
4.370115537838782593e+00
4.555393720900069887e+00
4.737205927688656004e+00
4.902470489365883921e+00
5.039413003190834850e+00
5.138420727768431284e+00
5.192743828116367588e+00
5.198989364208186359e+00
5.157368734832052937e+00
5.071677441227683936e+00
4.949006161551443128e+00
4.799202682806487985e+00
4.634123608400363636e+00
4.466731395185426834e+00
4.310104812368895644e+00
4.176438300095575151e+00
4.076107277485973235e+00
4.016872002971181743e+00
4.003282396281467648e+00
4.036331026678476874e+00
4.113382401245820219e+00
4.228385219063794942e+00
4.372352070147441871e+00
4.534069907632851226e+00
4.700986200351279010e+00
4.860201473328817912e+00
4.999490136510996052e+00
5.108268837904290649e+00
5.178435322447185740e+00
5.205010687096092603e+00
5.186533253980974756e+00
5.125171853171581304e+00
5.026548579769224645e+00
4.899284301096640704e+00
4.754302482457009482e+00
4.603946476108684571e+00
4.460980683201162478e+00
4.337555691921408219e+00
4.244220795206565811e+00
4.189063885201274928e+00
4.177048834923868803e+00
4.209604861181935220e+00
4.284502236447549350e+00
4.396025675383560483e+00
4.535432606995215110e+00
4.691660300807552808e+00
4.852225335289964470e+00
5.004242861198566317e+00
5.135482857851536131e+00
5.235376985700435526e+00
5.295893050690176018e+00
5.312204296495435685e+00
5.283096959037720808e+00
5.211080488074713912e+00
5.102188900606727806e+00
4.965486952103476348e+00
4.812319153864843102e+00
4.655361140186625946e+00
4.507549723165713118e+00
4.380978751164455787e+00
4.285851671807829888e+00
4.229578112422207603e+00
4.216091044497340512e+00
4.245443990855414462e+00
4.313725585068772794e+00
4.413303344482206292e+00
4.533381798331712176e+00
4.660834272383327814e+00
4.781244774229120864e+00
4.880078433018068651e+00
4.943887334956909463e+00
4.961454373527685036e+00
4.924781327632146599e+00
4.829838592536956021e+00
4.677012002179437467e+00
4.471205625044309073e+00
4.221586465539477473e+00
3.940985525060101136e+00
3.644997397064151823e+00
3.350845254124220851e+00
3.076097717940890597e+00
2.837337055765777105e+00
2.648883307478219873e+00
2.521675818677053815e+00
2.462402397593537628e+00
2.472947740940984129e+00
2.550208293145648675e+00
2.686292208517721214e+00
2.869092810180686737e+00
3.083194280401485798e+00
3.311041645558209900e+00
3.534285590455035209e+00
3.735198015781246106e+00
3.898047768974323368e+00
4.010328224296916488e+00
4.063739263267366120e+00
4.054844923166882609e+00
3.985353118332065847e+00
3.861993451029678948e+00
3.696000896819631620e+00
3.502244562350994794e+00
3.298069266995984794e+00
3.101941095374782353e+00
2.932004398585322580e+00
2.804665627049969689e+00
2.733318155710104058e+00
2.727311931572863113e+00
2.791253077703130803e+00
2.924692941241537447e+00
3.122235454442202851e+00
3.374058476570458875e+00
3.666811614444032141e+00
3.984822512252663707e+00
4.311518198072649355e+00
4.630949830200293604e+00
4.929299604144920188e+00
5.196248488873101756e+00
5.426092941355371124e+00
5.618517127425728397e+00
5.778953071894251892e+00
5.918492586029017843e+00
6.053349340734496487e+00
6.203904374620072382e+00
6.393400906144303342e+00
6.646381986410325737e+00
6.986985086705187697e+00
7.437219515690463467e+00
8.015354642030947829e+00
8.734539059042443654e+00
9.601753650791609473e+00
1.061717632551789237e+01
1.177400493126996217e+01
1.305875000363327487e+01
1.445197325182785164e+01
1.592941387844215306e+01
1.746341561324639002e+01
1.902454502655817592e+01
2.058327803173530057e+01
2.211162756259967921e+01
2.358459151939259257e+01
2.498131571611377666e+01
2.628589047107367804e+01
2.748772973686710586e+01
2.858151583130319651e+01
2.956672815645125496e+01
3.044680793201755975e+01
3.122804020724576191e+01
3.191825688904157587e+01
3.252547841220283686e+01
3.305661585065386987e+01
3.351634938109111062e+01
3.390628353221601543e+01
3.422445583367537125e+01
3.446524525093045810e+01
3.461969261594146019e+01
3.467620993057551004e+01
3.462162182832562962e+01
3.444245340044292192e+01
3.412635644143021807e+01
3.366355281062387661e+01
3.304817019934165501e+01
3.227935248988584505e+01
3.136204360791593970e+01
3.030736901292348762e+01
2.913257074696544890e+01
2.786048772555935571e+01
2.651860981754128233e+01
2.513776922053192564e+01
2.375056282337263625e+01
2.238962214897369662e+01
2.108586115423695162e+01
1.986683542517048906e+01
1.875533877932521776e+01
1.776834548271001779e+01
1.691637955332823395e+01
1.620335904584532472e+01
1.562692545476945938e+01
1.517922946490127067e+01
1.484810736828305266e+01
1.461855057521314549e+01
1.447434641394129606e+01
1.439975388457675365e+01
1.438107448532893784e+01
1.440798606277117955e+01
1.447452633201460515e+01
1.457964086032552764e+01
1.472724571973490271e+01
1.492579488877319527e+01
1.518738362655885865e+01
1.552645812217092214e+01
1.595823553698875763e+01
1.649696429671116604e+01
1.715416996471052968e+01
1.793703585705876691e+01
1.884705928665282570e+01
1.987910446799404696e+01
2.102094313692863636e+01
2.225333613814675005e+01
2.355066656405426073e+01
2.488209087665468999e+01
2.621313235414435638e+01
2.750760459660370927e+01
2.872972471934413008e+01
2.984625862713444988e+01
3.082853591816872552e+01
3.165418005266190704e+01
3.230841994073914236e+01
3.278488055296882209e+01
3.308579013082985654e+01
3.322158695429261854e+01
3.320995581750399595e+01
3.307436959056494175e+01
3.284225083869895911e+01
3.254289917388867792e+01
3.220534925114198188e+01
3.185633040982390796e+01
3.151849125982093369e+01
3.120903148944343286e+01
3.093885037709829433e+01
3.071227944447911540e+01
3.052741869953951692e+01
3.037704581236944534e+01
3.025001939907706117e+01
3.013305530979435076e+01
3.001272195744029858e+01
2.987748010186590619e+01
2.971958598703916721e+01
2.953668506937560068e+01
2.933294633282400099e+01
2.911962274508765347e+01
2.891496909022242079e+01
2.874350067246505702e+01
2.863463108874884355e+01
2.862078000828940105e+01
2.873508835354599356e+01
2.900891455505622218e+01
2.946930851136029261e+01
3.013666739910892645e+01
3.102276862682886005e+01
3.212935038775805197e+01
3.344737111403153307e+01
3.495702851909291553e+01
3.662856066455045578e+01
3.842379011446155346e+01
4.029831259420554090e+01
4.220417845868295359e+01
4.409287307301595149e+01
4.591837450991301495e+01
4.764005627629585859e+01
4.922521029574743068e+01
5.065099086401354356e+01
5.190562209756385670e+01
5.298876651459461584e+01
5.391101670993599981e+01
5.469254068288438475e+01
5.536097888470498418e+01
5.594875208403870204e+01
5.648998872274654559e+01
5.701731437896525989e+01
5.755876125001498878e+01
5.813505061357027159e+01
5.875747599135376475e+01
5.942657080204190834e+01
6.013168474044650935e+01
6.085152235200814630e+01
6.155562066186796244e+01
6.220666622292633008e+01
6.276348164720744194e+01
6.318445330674180127e+01
6.343113035056167348e+01
6.347170418493446675e+01
6.328407927382757947e+01
6.285827096793847346e+01
6.219791268511003324e+01
6.132072001997374144e+01
6.025783859274189780e+01
5.905208977960636929e+01
5.775521723971188948e+01
5.642432042144888271e+01
5.511773229773417171e+01
5.389065152385603596e+01
5.279086936124039653e+01
5.185493603719893940e+01
5.110508860160641120e+01
5.054721373469822510e+01
5.017004732784837984e+01
4.994572283507822874e+01
4.983167875119533363e+01
4.977382957237520600e+01
4.971080222257668169e+01
4.957894908003108725e+01
4.931777661779715771e+01
4.887538130715104501e+01
4.821346632875766858e+01
4.731152647183144921e+01
4.616983477498694555e+01
4.481094060522233491e+01
4.327948959376994509e+01
4.164029272371637092e+01
3.997469400496935066e+01
3.837540382178850251e+01
3.694007755762569190e+01
3.576403823251968817e+01
3.493266444734239684e+01
3.451404438907357530e+01
3.455249095981370999e+01
3.506342375924515409e+01
3.602992079706996975e+01
3.740078887359045012e+01
3.908953559993221916e+01
4.097421128789822120e+01
4.290230856567225715e+01
4.470420140285176558e+01
4.620898156128943413e+01
4.725692858833654952e+01
4.770955528300345350e+01
4.745821896107582205e+01
4.639113598400495420e+01
4.430704306942052284e+01
4.048490502513467959e+01
3.521677576118502628e+01
2.976559143079668956e+01
2.440133168703356858e+01
1.923972604769448580e+01
1.440306097216934589e+01
1.000275107516598005e+01
6.085008171794567211e+00
2.809886629984190698e+00
4.693874040716237150e-01
4.218457582628173247e-02
