-5.122273067763016136e-02
-3.821979908039621621e-01
-1.752683276836455750e+00
-3.211117595749620524e+00
1.778803395287260336e-01
5.269460473990694283e+00
6.283563355375055615e+00
7.599007309159407697e+00
9.142607196783611556e+00
9.834404966253892155e+00
7.080070339227959586e+00
1.387680704106015295e+00
-4.482849001284342272e+00
-2.253266845577231337e+00
3.069280692986207981e+00
5.996976503522906121e+00
7.888180312392684357e+00
6.650198734928599364e+00
1.056491288651724503e+01
8.478304352447784353e+00
4.203462730379408541e+00
-3.634423953341677116e+00
2.178490785528908624e+00
-1.500876410827626017e+00
4.772533622923992525e+00
7.348761875071729399e+00
7.890531702533384539e+00
9.532606536318963819e+00
9.318642497536762548e+00
6.254905051501960855e+00
-5.054638041768582113e-01
2.937167418970215715e-01
-7.898680502485642130e-01
1.675203924339643047e+00
5.920317684201273245e+00
7.447929124845176219e+00
1.033750079473953143e+01
1.037763734892733858e+01
2.879161831244609449e+00
2.626374603650862394e+00
-2.688491962836438431e-01
6.149900037809603592e-01
1.090281337686706653e+00
4.183421277911346436e+00
6.147189851838851915e+00
1.135812068798206020e+01
1.081202339847737548e+01
8.713963722684543001e+00
1.271715420935761509e+00
1.635018466513632918e+00
-9.720911103853248358e-02
-2.006963881465932076e+00
3.482976017568670812e+00
4.502607597153399865e+00
9.911339610949683632e+00
1.252704379388274702e+01
8.345875009023973945e+00
3.250601424326167166e+00
7.084574197878312773e-01
3.806446506469461366e-01
1.631091086861270911e+00
1.685705033548137166e+00
4.214195152815714884e+00
6.944137810919900566e+00
1.397395586026252268e+01
5.959757264946621724e+00
5.535244031047986013e+00
3.839289181313272348e-01
1.485711068605325647e+00
-1.207020985786742440e+00
9.777929249538566125e+00
7.491246881927549062e-01
4.795492815516886331e+00
1.292446433467978295e+01
9.057081438305976562e+00
3.873527907115382973e+00
1.332925802494904666e+00
4.080854818421602914e+00
-8.991154175346798283e-01
4.493986780894944744e+00
5.285403453656863704e+00
1.716723684569055441e+00
1.051575117058190578e+01
9.261116893309290887e+00
6.772581587712092066e+00
3.306839633817524771e+00
1.910819248685350358e+00
2.117634219377670490e+00
1.641982759386679369e+00
4.704974716766079368e+00
3.075308292543633026e+00
5.389466391104186904e+00
1.153769809030236182e+01
8.247915286133459034e+00
6.323042691530886827e+00
4.639003200762554791e+00
1.921780379528902127e+00
-9.417452922356794875e-01
1.870446945485122026e+00
3.535197680753509708e+00
4.237969371178130551e+00
1.036767316063069089e+01
7.710706812744332339e+00
7.713353795398069757e+00
5.006721998696869846e+00
2.234252612072543442e+00
2.398563586420944027e+00
1.547715219792342445e-01
1.301460793979213770e+00
3.841427294848967389e+00
8.441696721718834340e+00
5.521187818726797758e+00
1.051201023750031815e+01
-1.776955518132048439e+00
2.665634578324414417e+00
2.164101585880217282e+00
3.102237879413520361e+00
-3.756874934544878197e+00
1.890916487568118365e+00
8.264438868196789301e+00
8.048376575430468804e+00
6.445067218588032887e+00
3.974141792254432648e+00
-1.378008404175887103e+00
1.114316154972778694e+00
2.299273615517710034e+00
4.457993707855439913e-02
-3.092622733237733179e+00
7.688315540854941510e+00
1.074187909752775028e+01
5.706643565511103411e+00
8.914967099291104091e+00
8.105316279795152790e-01
-1.645301294388211710e+00
1.674376618591730592e+00
3.276296922388196364e+00
-3.555251928508484038e+00
8.669537883689028002e-01
1.225925610774867103e+01
6.020764338317769138e+00
5.259932329863547196e+00
9.943929393305490194e+00
2.959175505806176387e-01
-2.338550290736988835e+00
4.441830088522475961e+00
-8.860242987887517740e-01
-6.737942699566457527e+00
9.475211325114628380e+00
1.439079522947217882e+01
1.137154883196638711e+00
1.417995140592410230e+01
8.223585248225958821e+00
-4.181050305469295125e+00
4.955566771320550346e-01
8.155773180832223801e+00
-6.534908903428211069e+00
7.400676693235793913e+00
1.451789251018410454e+01
1.454516436648774835e+01
2.469905199827842068e+00
1.428031888129488891e+01
1.333053540585602015e+01
1.815283746023748535e+00
3.497257154560073911e+00
1.053761289165448822e+01
9.177537674398390521e+00
1.212802244426801046e+01
2.757306548703300209e+01
1.100928038076271775e+01
2.333528768592922376e+01
1.121922996230818015e+01
2.996478160524585022e+01
1.604763013821973416e+01
5.787380295368935279e+00
3.231543802411871980e+01
3.241749116281595633e+01
1.966113644219622714e+01
3.006188841778127951e+01
4.665954698949061452e+01
7.826869274588511338e+00
4.833559199592352229e+01
4.838464147319193387e+01
-5.997493851854061475e+00
4.889087431083463997e+01
4.407379461915180485e+01
1.927395487462563750e+01
4.090112879966103065e+01
3.182303257910002969e+01
4.148178159029836820e+01
2.703921062273141374e+01
5.344432941501118961e+01
1.607967684838749278e+01
2.673062222898176188e+01
4.511433086837350714e+01
3.461737972135522057e+01
1.691005833878771014e+01
3.960613067606188764e+01
3.648919006337786186e+01
2.535749497890911286e+01
3.913285408564155432e+01
1.509265712610058863e+01
1.896715084813787300e+01
3.106201439595123048e+01
1.870169894068479621e+01
1.792047205890326111e+01
2.285711681080842794e+01
1.775867708390209998e+01
3.544311323992130980e+01
2.514588525542419006e+01
-1.789681541985363822e+01
2.463695680169446689e+01
2.586791913668966814e+01
3.834820249372073775e+00
1.870330618037065662e+01
3.432092040064059546e+01
-2.645975581073720662e+01
3.697365306445475852e+01
2.633958724409864871e+01
-4.264319520273870401e-01
7.278041077114006718e+00
2.677014632117076331e+01
5.282182684649100679e+00
1.297704431872664976e+01
3.508546392233890998e+01
-1.891785511496011818e+00
1.685372246660935147e+01
2.812671960864154030e+01
1.996956915192236082e+01
4.633226101999075475e+00
2.086760109115975936e+01
4.427534266793089301e+01
-7.667148244889111730e+00
5.383689899934901746e+01
9.250678266960660423e+00
3.519182669327370405e+01
2.086559334857571102e+01
1.297985662969115239e+01
4.903943132660777593e+01
1.038596759909508016e+01
4.169543510393148722e+01
4.641826662270625548e+01
1.517540537162888192e+01
4.565928506687808408e+01
1.491670035229319069e+01
6.622292376662136348e+01
4.096738857435773262e-01
2.886548710114528049e+01
5.932453814040565021e+01
1.681179675434928100e+01
4.440253704195472295e+01
1.905811133108101885e+01
3.640907807392431295e+01
2.924848755254340205e+01
3.980322672141779350e+01
3.014799862568092337e+01
8.235693437296010444e+00
5.397882154063532312e+01
2.781348926664985299e+01
2.538599121145709958e+01
2.424308026828608220e+01
3.153920585890166350e+01
3.513208338016260512e+01
3.148082471019197115e+01
4.000003931854283934e+01
-7.676524159622228005e+00
3.145482395412329879e+01
5.011726577767700519e+01
2.221037997101446138e+01
1.982470673068445066e+01
2.816185927608539430e+01
4.991011526597585402e+01
3.297920521067295851e+01
4.166557512319047163e+01
8.977706542777244891e+00
7.699342853031099665e+00
4.978854966645413072e+01
4.036242793401147111e+01
5.913887944263547780e+01
4.496871331328328836e+01
4.151235359180761719e+01
3.711419839273672494e+01
6.108940649175406890e+01
1.300706148764935399e+01
5.781636538651870438e+01
2.914976918936513428e+01
3.946974539055552356e+01
1.018174450407011875e+02
2.975351482989684371e+01
7.251646228045810005e+01
4.813090645821461777e+01
7.118837379840766744e+01
2.329176995131228978e+01
7.670867932922745069e+01
6.604973340958184735e+01
2.439953055228948386e+01
7.948569275757897401e+01
5.858310672529746910e+01
8.493848351285870990e+01
5.032662886520316903e+01
7.461664888916676830e+01
4.505607399063882212e+01
5.136142054219891406e+01
6.956451524118641316e+01
5.672985581522655707e+01
5.224703647082210267e+01
6.455754798608091960e+01
9.208871783868448802e+01
6.761863783933603145e+01
3.254237822461591634e+01
6.802219854180739844e+01
4.367208102779480328e+01
5.860651518956051831e+01
6.573432891274906353e+01
5.318886029569178930e+01
6.360127279650283327e+01
4.107538297489846002e+01
9.460202765221400512e+01
1.947260028951576061e+01
5.585370495517874190e+01
5.223796403632131558e+01
4.047783339179396478e+01
7.425833383362952134e+01
1.962347356737641135e+01
7.369959551714443080e+01
1.880713216787844999e+01
6.728308780458132787e+01
5.344889671293365296e+01
3.926303421056713461e+01
3.888899365135439012e+01
5.011494162221048043e+01
4.270703971091756301e+01
3.786393802543702236e+01
4.429193601366350919e+01
4.314212313729704817e+01
1.838913428384479332e+01
5.360581183873228639e+01
4.549959709259514540e+01
4.437143831319319531e+01
2.613954271619056158e+01
4.480968847337049255e+01
4.090913781635948965e+01
4.202809183017474481e+01
4.419755025450188413e+01
2.744471007203664570e+01
4.099720172237169891e+01
2.128181485482611279e+01
5.529030647711532254e+01
3.103048928148550090e+01
4.972116381197907486e+01
3.991880369729580735e+01
4.125679543244622494e+01
4.497892988553891058e+01
3.540321208713874768e+01
2.937863815333273010e+01
2.954410368911601736e+01
4.071339069779681097e+01
4.170483845181430382e+01
3.929195285782647318e+01
5.273044757397801874e+01
5.531207995872826899e+01
4.120602043701895667e+01
4.497481934577974272e+01
8.650709940445040047e+00
9.128055498091406372e-01
