-5.057491605003935908e-02
-3.491571686214358095e-01
-1.615513672728804639e+00
-2.676641156575711555e+00
-5.274741732207852141e-02
4.653276788879693981e+00
7.022760958994703984e+00
7.567436391959896369e+00
8.467268059819316406e+00
1.044612449272898935e+01
7.229360725475316940e+00
5.625073287331420202e-01
-3.743680825430154790e+00
-2.292960448854163946e+00
2.716808554349221527e+00
6.095149756432866717e+00
8.143706604452772169e+00
6.360350351551601555e+00
1.056267954802903120e+01
8.788966380197491546e+00
3.851025365891500130e+00
-3.494839488318650211e+00
2.272914888788732490e+00
-1.624292615834524556e+00
4.890685037055964912e+00
7.174516226141600228e+00
7.965520702407051346e+00
9.637954898196264608e+00
9.184476779008694081e+00
6.196118142193665079e+00
-2.376700263594844209e-01
1.189067408888858091e-01
-9.986125143307635899e-01
2.208240700278704782e+00
5.604910382920832213e+00
7.102836808545792024e+00
1.096813202444495516e+01
1.019321723240771327e+01
2.385307582348387800e+00
3.244766469321044511e+00
-2.227025296047792646e-01
-1.525995418195094377e-01
1.751850934854111586e+00
4.473175534218128746e+00
5.152370930887349765e+00
1.188829061400369014e+01
1.134906902231395165e+01
7.730992147643794610e+00
1.566620517669370827e+00
2.437554512577102095e+00
-1.097499913499583535e+00
-2.022337014941974598e+00
4.582701669909156728e+00
3.597748680836992730e+00
9.535768223865298765e+00
1.370259287400593706e+01
7.715763478509796158e+00
2.632486104361451584e+00
1.895087357308538500e+00
2.799196563328154586e-02
6.858585858144452541e-01
2.828532953111567494e+00
4.251592345256633543e+00
5.794212456967304803e+00
1.484604471840970774e+01
6.300046489378480885e+00
4.415749048927599674e+00
1.027747756957837488e+00
2.084494410062750713e+00
-2.351217255425643859e+00
1.009036128169842605e+01
1.624976433835163991e+00
3.831403751473954955e+00
1.286989093576068655e+01
9.935451902902194377e+00
3.174314047819700946e+00
1.125546446968821224e+00
4.961441151951420103e+00
-1.409780792590564102e+00
4.034141650527045542e+00
6.102588518737110057e+00
1.536723783329865700e+00
9.965431778731703716e+00
9.805014442303928490e+00
6.745882076359626112e+00
2.869963008476918986e+00
2.348341069109813439e+00
2.181026684643320390e+00
1.194566540526033505e+00
4.946081904328996970e+00
3.261443163445873594e+00
5.135052990882448931e+00
1.159335055950156601e+01
8.279335199471638873e+00
6.239068568538842285e+00
4.775224348401619245e+00
1.880567840415947822e+00
-1.005515687331740793e+00
1.964405836598682731e+00
3.401029572402927581e+00
4.313555030135247215e+00
1.057951256293805642e+01
7.346313254466795506e+00
7.690815486600822481e+00
5.473051907590762433e+00
1.901032889392283209e+00
2.219333996458729530e+00
6.825045320193932064e-01
9.505702666632699360e-01
3.554063990705054188e+00
9.174479503540160508e+00
5.216383096912792006e+00
9.888060829176406941e+00
-9.588333527665089395e-01
2.672489076780921291e+00
1.356037445506155237e+00
3.811249966215637386e+00
-3.569628620677048225e+00
9.326752098984065764e-01
8.932953870130910801e+00
8.545320541136803172e+00
5.293358104978686640e+00
4.354854570507124656e+00
-5.195729239879601780e-01
6.356826163391759987e-02
2.357851336468678394e+00
1.043868645663953210e+00
-4.053361449725992216e+00
7.476822818016201744e+00
1.194945129615824264e+01
4.933326519268534938e+00
8.290316157143339026e+00
2.052952172664355590e+00
-2.027014128580304053e+00
8.209343910987965121e-01
4.375863340018555370e+00
-3.668033780293187718e+00
-1.559995524087973151e-01
1.323718177159161336e+01
6.258290550795679863e+00
4.104547484475528307e+00
1.060626580895886839e+01
8.508131740386594144e-01
-3.382180880939444911e+00
4.802898639180040341e+00
-2.008461918717306394e-01
-7.674038715716322123e+00
9.578030171866881659e+00
1.521191388820747825e+01
4.031722189641738785e-01
1.398798632272053233e+01
9.012733192278384209e+00
-4.629829486913563663e+00
1.811325286700946058e-01
8.822121518400088291e+00
-6.803911546938750554e+00
7.007100883741236075e+00
1.505691535451216900e+01
1.447983552188244261e+01
2.085356766977211507e+00
1.460729091764785537e+01
1.335948861753302808e+01
1.561243263170661200e+00
3.696961920494262088e+00
1.055866340948926485e+01
9.022105288907019016e+00
1.222651109206235098e+01
2.755273998664405966e+01
1.101245917502851945e+01
2.340833438624347806e+01
1.104087838796713150e+01
3.005386911844724551e+01
1.622384630444432929e+01
5.491536445798967492e+00
3.240791723473411423e+01
3.269488682828539794e+01
1.923372885822999834e+01
3.012594880041616818e+01
4.715336757216989128e+01
7.313701575939604460e+00
4.820070295774416991e+01
4.906341148363070914e+01
-6.441064827707267959e+00
4.856455503299468290e+01
4.486700424933754761e+01
1.889870651769578203e+01
4.032695952512877113e+01
3.275104318889364663e+01
4.134547510688977923e+01
2.616626759434816663e+01
5.429176953996189070e+01
1.624988482688466007e+01
2.572744149455371243e+01
4.583675405597704611e+01
3.503761416137003692e+01
1.574819000112973022e+01
4.013749693723178069e+01
3.728841578244819033e+01
2.418567166520472611e+01
3.927125751080147609e+01
1.610669131839759061e+01
1.797727021283957782e+01
3.092443332386833177e+01
1.984171236376475989e+01
1.706466092711175619e+01
2.237521344954003766e+01
1.902966952196305428e+01
3.494051404555956708e+01
2.432273742536106553e+01
-1.679034753486957143e+01
2.448352014140095534e+01
2.495384633339872948e+01
4.797062663829349205e+00
1.879289669911320715e+01
3.325368762616927398e+01
-2.570229887937549762e+01
3.743690388384089829e+01
2.530713157941444535e+01
-6.061161782396617959e-02
7.871615971203200779e+00
2.594254335643906373e+01
5.466107799155670577e+00
1.362982448454169848e+01
3.434803394199250448e+01
-1.956490707126278927e+00
1.758851430496196144e+01
2.768239198729824224e+01
1.969382657243554746e+01
5.160653181101880094e+00
2.063480811588923913e+01
4.405632778659962412e+01
-7.240121864448450850e+00
5.367285505194572437e+01
8.980107281798265007e+00
3.550219193237957427e+01
2.088310558707903297e+01
1.281824765806825894e+01
4.911046235187306053e+01
1.032362074570258237e+01
4.173713794167264268e+01
4.652126120324031433e+01
1.500846276847398819e+01
4.572267012653789209e+01
1.500183726722871036e+01
6.600694704903951049e+01
6.253385294726081511e-01
2.899052036097522489e+01
5.884897777626553506e+01
1.702928915660638154e+01
4.479408195742418997e+01
1.851088805295838569e+01
3.647351078336089358e+01
2.976350078066986526e+01
3.922411683469905341e+01
3.013194544322859159e+01
8.968320360747314979e+00
5.333698757290167691e+01
2.749034779645949200e+01
2.633242614368964496e+01
2.382067472764697413e+01
3.094074187758602790e+01
3.607958339137769599e+01
3.125055136195178207e+01
3.919951966587281333e+01
-6.690797806082310117e+00
3.148382100685927298e+01
4.901768298775200350e+01
2.304938531948955571e+01
2.025473416751638212e+01
2.699052666142899426e+01
5.047735331503552914e+01
3.366394930537340002e+01
4.049121191213851745e+01
9.293922932288175787e+00
8.663887868376447088e+00
4.866316562871256224e+01
4.027845436766295961e+01
6.029589017816130081e+01
4.411662360795313731e+01
4.111378437456372126e+01
3.828425022551360257e+01
6.049276895895074802e+01
1.235064741657900278e+01
5.896259180264912203e+01
2.887049629245677806e+01
3.856916258927854813e+01
1.027767991009260413e+02
2.981791495761764210e+01
7.157797168895407935e+01
4.886057824578107045e+01
7.148040569223040563e+01
2.236224252668883494e+01
7.718338311678667196e+01
6.654653611227922738e+01
2.357548357530295391e+01
7.966642061173300249e+01
5.914859975715565810e+01
8.431881687658530211e+01
5.034818377928331046e+01
7.516676760237298538e+01
4.460919320849952641e+01
5.123076028960426953e+01
7.002920550061389804e+01
5.649536420125834013e+01
5.206385879515358539e+01
6.485214015349147587e+01
9.195992931895004574e+01
6.752087738379083248e+01
3.274360229757508733e+01
6.793423054059135779e+01
4.364296600308777840e+01
5.865465604712463943e+01
6.564629479342958973e+01
5.332406914333797943e+01
6.358397940508925217e+01
4.083454094949316016e+01
9.483904501203821269e+01
1.956982466381381869e+01
5.549477072415819379e+01
5.252491421227669122e+01
4.062283794335584730e+01
7.371495112146746465e+01
1.997078143485109791e+01
7.404317418069496171e+01
1.810679173626337146e+01
6.745084308622804770e+01
5.405434719671302446e+01
3.859135182866649671e+01
3.887393812198735077e+01
5.089578120256604876e+01
4.196340209787706499e+01
3.764730151942734437e+01
4.530255852351405821e+01
4.253671009257929114e+01
1.781693304110116927e+01
5.463907178291113809e+01
4.525002091472342869e+01
4.355834706126179867e+01
2.716644534530570354e+01
4.474464822032073386e+01
3.982165736741785622e+01
4.304078111416217922e+01
4.447161659553761126e+01
2.623545547808699041e+01
4.163100696525737732e+01
2.193656462317003886e+01
5.417030954799518128e+01
3.136113422928273664e+01
5.063549597625482335e+01
3.869735012659673146e+01
4.136826460907982295e+01
4.609764754548094601e+01
3.442128540766791645e+01
2.909239784532125839e+01
3.059429488168305156e+01
4.020896282928607945e+01
4.111479922889901673e+01
4.037676016319503702e+01
5.236617029179728178e+01
5.444916774602314291e+01
4.235599295304292866e+01
4.466367136783648562e+01
8.562075592311071404e+00
8.988330326089244426e-01
