-1.266484016687743075e-01
-7.473126543017797330e-01
-3.283239620282323745e+00
-3.479796989793658923e+00
2.691279063127249405e+00
4.638969967358760549e+00
4.437091360215526414e+00
9.768399591720161368e+00
9.528116193787996124e+00
7.705972848611366999e+00
7.958090431677328880e+00
1.157480916162517026e+00
-5.530147995334043998e+00
-8.726634803333246371e-01
3.614370472755503716e+00
5.108251061100776091e+00
8.038925095910929741e+00
7.658746270850762095e+00
9.894675329818573672e+00
7.985276400268673136e+00
3.910041928848075887e+00
-3.902118225916657135e+00
2.962516943796322799e+00
-1.676757199737728410e+00
5.133056094796470070e+00
7.716931201416239894e+00
7.330481136777453166e+00
9.959718475455153097e+00
9.553819844275324158e+00
4.835996747300584708e+00
-9.673210754613812412e-01
2.048348977388559700e+00
-1.624952879386896809e+00
1.149188605013907738e+00
8.123513025813840827e+00
6.409125929203892014e+00
9.387941654444643902e+00
1.219695566339942516e+01
1.834578793161096844e+00
4.485488062730066949e-01
1.950957998032851082e+00
1.178061896071767256e+00
-1.445298797693014725e+00
6.591749134893198026e+00
7.274825782735693913e+00
8.550151697816112062e+00
1.217831017772235391e+01
9.819074705879319964e+00
-1.854956989851602955e+00
2.173125145564280380e+00
2.576941303461905086e+00
-4.652720211518880156e+00
3.489593262529239848e+00
7.897948536048725821e+00
7.773756989018171026e+00
1.150543624282968658e+01
1.070654539598906219e+01
1.490546946620775692e+00
-1.002346827396206397e+00
3.153621332461962634e+00
1.170668703790748388e+00
-5.028593453099178268e-01
7.121041865858205533e+00
7.445658825242254863e+00
1.167406979603721240e+01
7.164761876542486974e+00
5.687471213872346887e+00
-1.606361691139874592e+00
2.429043142929816490e+00
-3.772997493722241025e-02
7.990094227571296948e+00
1.435490339028955509e+00
6.643577635986807728e+00
1.184749626756301843e+01
8.695179053499149546e+00
4.036837198404760407e+00
6.203436935308973554e-01
4.061075696297576698e+00
-4.088596706843901085e-01
4.202936642733231309e+00
5.191512438727659884e+00
2.546978267515523697e+00
1.089742649533836527e+01
9.333477277922764159e+00
5.715112022123218338e+00
2.697797748470650347e+00
2.957753716410759459e+00
1.583637787466171121e+00
1.083431715553698993e+00
5.736816235102281780e+00
3.017647555366558709e+00
5.160668525331281842e+00
1.313653072163276292e+01
7.477049344575053880e+00
3.921356924534975974e+00
6.446807240663141592e+00
2.526798019669872719e+00
-3.219163066126740969e+00
3.197123337107203422e+00
4.681115395784869904e+00
2.526824939881468168e+00
1.182254762117999647e+01
9.195522579950765163e+00
4.214935005658347222e+00
5.051748342045797813e+00
5.122198488174468878e+00
-4.984789310083526104e-02
-5.074455700502888966e-01
4.079432599016262095e+00
2.476360385956354992e+00
7.827511390612572839e+00
8.537764341165397397e+00
8.638248539318311714e+00
-4.519307707750903624e+00
5.804149508004774916e+00
2.046070759344204681e+00
4.095735034581795553e-01
-1.532262109733201649e+00
2.596595419700737928e+00
6.343318816311498409e+00
1.005393561714846662e+01
7.216154717365859561e+00
6.065990213735285019e-01
-5.620644915532559960e-01
3.106031100847905346e+00
6.827298399308245891e-02
1.203241053856745069e-01
-1.343370468206488644e+00
6.698070587721397295e+00
1.096799796956289086e+01
7.183105516314982175e+00
7.302995329942302938e+00
-3.005947561209993957e-01
-1.368076670326319189e-01
1.330038066977472067e+00
2.506181050959016776e+00
-2.864337778024443448e+00
1.089773504306683183e+00
1.249485433949197954e+01
6.397629628382088818e+00
4.838976352075579968e+00
9.367750771848516678e+00
2.060634796038309791e-01
-2.361329651226408366e+00
4.815063085552298006e+00
-1.098923301366501626e+00
-7.215525013606523430e+00
1.088941179070507381e+01
1.465521275436005055e+01
-2.250872996161097372e-01
1.479788942314931433e+01
8.362126491016191210e+00
-5.725881251556792506e+00
1.432632824993890663e+00
9.137149133143688928e+00
-8.491171720490815034e+00
8.440510864728231866e+00
1.659914887066143052e+01
1.222230796139822928e+01
2.229076013685038937e+00
1.631866232053037535e+01
1.125112665839109383e+01
1.007737064865631638e+00
6.187039234060842219e+00
9.070325423418454491e+00
7.905435626706868391e+00
1.548472727585920339e+01
2.664297964629730942e+01
8.498245314227748537e+00
2.596909635371078906e+01
1.109408875227735791e+01
2.705842846080549435e+01
1.818299043217976418e+01
6.739315503379954109e+00
2.958043756159186088e+01
3.444678467539135625e+01
2.131405812811357237e+01
2.687923670126875209e+01
4.739946664971326129e+01
9.932235607345502260e+00
4.573332344016432671e+01
4.806476537002174609e+01
-3.688782699258585041e+00
4.732352584183328048e+01
4.378953729736281986e+01
2.171042919798977167e+01
3.940213614960495647e+01
3.057333327941370271e+01
4.350627883369176629e+01
2.653178288386997608e+01
5.184511677939324414e+01
1.718709952757473047e+01
2.698454359192934149e+01
4.442850090771672456e+01
3.575698349520511243e+01
1.688148836569253675e+01
3.851648420679111950e+01
3.700706383819417766e+01
2.574752675702203319e+01
3.861847840176131541e+01
1.468930856703980581e+01
1.895356620098237244e+01
3.167232616992986749e+01
1.920687640681137154e+01
1.732870694152857283e+01
2.280610498798663599e+01
1.811765756207416445e+01
3.476559096130728932e+01
2.568102551270280998e+01
-1.759544855099318639e+01
2.294999909825607887e+01
2.655176434359803395e+01
5.758290265599147695e+00
1.725234062308186367e+01
3.361624155653714041e+01
-2.470731488513974838e+01
3.576867618506010871e+01
2.572383988930797472e+01
1.716662185332836765e+00
5.557986974001571490e+00
2.528086810949137941e+01
8.465588715006290954e+00
1.282479792618570968e+01
3.241619575260811814e+01
1.325460229499939580e-01
1.734413853025480989e+01
2.564112238874572469e+01
2.208329915558848100e+01
5.228081753676617538e+00
1.753591356165304305e+01
4.613984939313161249e+01
-5.223956844597199556e+00
5.078109783835103741e+01
9.197534649965268372e+00
3.765750093566784074e+01
1.862692809918264913e+01
1.289407759561065703e+01
5.153438582539185830e+01
7.898901385643605444e+00
4.082340356728643371e+01
4.969289602299659947e+01
1.420658155841451098e+01
4.353862976406433916e+01
1.699317088509519280e+01
6.610721527970538602e+01
-1.179718318681937328e+00
3.075180605935838329e+01
5.902736333872692143e+01
1.486093915574696567e+01
4.606668077844304321e+01
2.003793327842408090e+01
3.468030749193032847e+01
2.935247922151004119e+01
4.070247638092757825e+01
2.938810012282394624e+01
8.605451957465817259e+00
5.432958430157201946e+01
2.689686262660477922e+01
2.565700135493897704e+01
2.482919220580967234e+01
3.144835444927706192e+01
3.473624218100903960e+01
3.116996046809713761e+01
4.038256163343100269e+01
-7.107761748743992136e+00
3.084385799150847873e+01
4.975995768013677889e+01
2.316278448909770304e+01
1.918703831444610231e+01
2.796004356366023558e+01
5.108205765982655322e+01
3.171407443390588909e+01
4.109690261449296145e+01
1.097797158182066113e+01
7.112412839378917440e+00
4.810967611879205208e+01
4.233496815119924150e+01
5.922514627662417297e+01
4.281716914394114326e+01
4.346869486536773053e+01
3.734572545454063430e+01
5.854594316056343217e+01
1.490609372246358788e+01
5.920336858444522932e+01
2.626422275297127484e+01
4.034009371982856607e+01
1.041961446040929644e+02
2.686096008152547299e+01
7.255994823274139094e+01
5.068960082193782313e+01
6.863362922022706414e+01
2.293721122324099682e+01
7.970699802846345960e+01
6.425935721072917772e+01
2.285266264318374141e+01
8.268222907863689386e+01
5.768680511580525661e+01
8.245053814551529570e+01
5.291614070004963111e+01
7.432558301270053391e+01
4.292022184002727414e+01
5.357772522991125186e+01
7.001937838061691366e+01
5.436537584128736000e+01
5.375193758729995608e+01
6.600947227827147401e+01
8.951702544920416926e+01
6.797769655015783030e+01
3.388028487565902935e+01
6.650477185527719826e+01
4.411124685238824839e+01
5.970272684379943229e+01
6.466892944212968075e+01
5.305036629266675874e+01
6.503655926769550888e+01
4.040722329623552866e+01
9.358073382650948702e+01
2.001157357417202931e+01
5.572570801928673490e+01
5.252292779238458564e+01
4.053444351731106110e+01
7.397403232407437201e+01
2.003906252512717501e+01
7.376321348169821590e+01
1.889086528008069266e+01
6.724568343725363206e+01
5.265380922883418435e+01
3.873370545857469693e+01
4.038530557650960873e+01
5.010504816832123964e+01
4.114213809177991266e+01
3.941003101677517861e+01
4.464229500049351174e+01
4.186721890711801564e+01
1.949459263368699169e+01
5.346653399195604095e+01
4.326764169140486160e+01
4.576055885670376711e+01
2.810087804015246959e+01
4.203701990564833579e+01
4.135482560642808636e+01
4.450615583375077478e+01
4.207497341576233651e+01
2.749227543633616833e+01
4.277784786185367238e+01
1.877108022643544061e+01
5.443803854862287039e+01
3.457164527806408927e+01
4.837328459682372284e+01
3.762498563973086618e+01
4.462110496407269267e+01
4.456474707438121641e+01
3.335244929670989933e+01
3.158267858399224437e+01
2.888616646266022769e+01
3.794197630255887788e+01
4.412642446717792666e+01
4.084668644405518734e+01
4.944692666628834132e+01
5.668728947458363621e+01
4.322957326651581411e+01
4.290240936303739971e+01
8.168316474770366042e+00
8.524028138465359339e-01
