-4.273457591879444017e-02
-3.821922640268218818e-01
-1.744050453263616074e+00
-3.879873230719400823e+00
3.123366955358095609e-01
6.185571413744116676e+00
5.198031540129342432e+00
7.479639451695505592e+00
1.047296648966147359e+01
9.003358375925190060e+00
6.382564561656474567e+00
2.803088002471719964e+00
-5.342103869895986179e+00
-2.381568031382873318e+00
3.652714333339264208e+00
5.780215515978919250e+00
7.339684751549493846e+00
7.326699449441429479e+00
1.073169754325830105e+01
7.706081920336970370e+00
4.684115029081602266e+00
-3.567906281947796465e+00
1.856946024128945716e+00
-1.218323758617022134e+00
4.665634348861162906e+00
7.210726647153041569e+00
8.027423948158444844e+00
9.644040270757072264e+00
9.213377954901803335e+00
6.285427297091849219e+00
-6.444499953892286470e-01
3.470310192197675336e-01
-4.765969902101049316e-01
1.225476362876934289e+00
5.915385006547442259e+00
7.933566691077551525e+00
9.913853846397888248e+00
1.034477716718790141e+01
3.456552310925343985e+00
2.067772606869730190e+00
-5.376080180414773979e-01
1.555223392387549586e+00
5.953575005413871413e-01
3.500042346592922016e+00
7.245447832489674056e+00
1.114407697434418054e+01
9.895156796144830125e+00
9.827572217133091925e+00
1.274188913806424850e+00
3.499677660416917746e-01
1.002596755003108964e+00
-1.531575212259029595e+00
1.860507218742370572e+00
5.327096782037797240e+00
1.092205722408298207e+01
1.084872833732251074e+01
8.791554419809617826e+00
4.647281006899294908e+00
-9.960078863017902684e-01
3.447861452343509714e-01
3.458788850770032397e+00
1.528357665839004120e-01
3.550135096102661869e+00
9.083970926414414393e+00
1.290239324909444463e+01
4.714609145843285276e+00
7.712398546523646203e+00
-1.923779284805793299e-01
-2.750008389642584206e-01
8.719973332923416365e-01
9.806641514683830607e+00
-1.461547772855909866e+00
6.593792833145223575e+00
1.371705797159871665e+01
6.628067154528112681e+00
5.117834668034003442e+00
2.731978484614335123e+00
1.659568824399881404e+00
-2.634511124447553865e-01
6.375505729952283929e+00
3.002420415801156484e+00
1.682431979355030860e+00
1.287139935543016378e+01
7.416514161123039628e+00
5.976563136720672631e+00
5.769558061000800819e+00
6.572498548427077036e-01
7.672464216445467056e-01
4.002838674620631032e+00
3.998067706422340439e+00
1.253148926033463173e+00
7.606226189258936010e+00
1.158985898307250650e+01
6.087799363036517697e+00
8.009375859887008176e+00
5.319109718834786449e+00
-2.157211929395879135e-01
2.087594221577997455e-01
2.919475217024893876e+00
1.451207105683461007e+00
4.913246174636474173e+00
1.189690568119664604e+01
5.909976308278483970e+00
7.713207851587546848e+00
6.635963886857849658e+00
9.336271727182295921e-01
2.028146038460997946e+00
1.651888835984975934e+00
2.943142403391895146e-01
3.199737779777719116e+00
9.943763765981520564e+00
5.006224805879379680e+00
9.605096573356817657e+00
-6.654900701710285693e-01
2.535563097752583150e+00
1.398749819102855563e+00
3.893625894508771168e+00
-3.863907110722426097e+00
1.182199996229168715e+00
8.952368525850905812e+00
8.167951600167546289e+00
5.877352284308698493e+00
4.323774323680332543e+00
-1.355948041791913639e+00
8.817980499695198260e-01
2.680715203961760551e+00
-2.344252167425970867e-01
-3.355913211835532373e+00
8.231779478197100985e+00
1.048096880761783112e+01
5.518521441519043336e+00
9.511005551970338701e+00
2.679065713826962458e-01
-1.871435409984235410e+00
2.694551930797266071e+00
2.621393712312784174e+00
-4.250232567618862589e+00
2.124647701295319546e+00
1.187411757757765329e+01
5.092550313162559128e+00
6.659980356062554563e+00
9.645508039841736547e+00
-1.097116105641081862e+00
-6.993424643049714895e-01
4.633291384439716332e+00
-2.886303404696378916e+00
-5.346408074675958133e+00
1.033411162696021179e+01
1.223483753321411172e+01
2.242898955619106793e+00
1.552974132392590967e+01
5.770412898356784837e+00
-3.506715672020457752e+00
2.616347663068076645e+00
5.661788122662082756e+00
-6.741960726340372467e+00
1.005379313386274376e+01
1.248598874336724052e+01
1.365855258406862127e+01
5.407874117369571465e+00
1.263319975169112475e+01
1.163238007433047372e+01
5.009840339196918180e+00
2.618945015467259552e+00
7.956643087522296653e+00
1.211150226065686120e+01
1.223414629800702258e+01
2.459824796542518754e+01
1.351212501829700052e+01
2.423667059291710757e+01
7.867856203406507376e+00
3.186795988031412463e+01
1.789745499166659215e+01
2.344161585465404318e+00
3.323209645511051491e+01
3.499139871110087086e+01
1.664342345373830412e+01
3.012542523264616534e+01
4.963454605847407919e+01
5.255098178930508013e+00
4.751379907207987685e+01
5.163147238990916321e+01
-7.842819079760301904e+00
4.718785722571792007e+01
4.717373877052089881e+01
1.835518092650764643e+01
3.873779283645480120e+01
3.455020930005687774e+01
4.131496080690332917e+01
2.454599800208389482e+01
5.566102017664248081e+01
1.666012278836051053e+01
2.413685674343611254e+01
4.660704622367863692e+01
3.578445056180947859e+01
1.460967532409992309e+01
4.045579727562932248e+01
3.793185383220269102e+01
2.340792085276483192e+01
3.941896205750576598e+01
1.662917626906774160e+01
1.744751420343044401e+01
3.088045422918412442e+01
2.013280638103596587e+01
1.692952165108345852e+01
2.248745826649784263e+01
1.890723750992929553e+01
3.481132606116078421e+01
2.477674705987191572e+01
-1.706890484551993836e+01
2.417127751661927704e+01
2.560796491473590208e+01
4.402169110402421204e+00
1.831685330627574615e+01
3.432914203834383216e+01
-2.607542158378603503e+01
3.642678073105211212e+01
2.664151555317425846e+01
-1.777154040523806766e-02
6.373648046935850076e+00
2.718014520517809984e+01
5.927157325029388524e+00
1.179522480335876722e+01
3.552876960254366878e+01
-8.929273287462315967e-01
1.534024775759862536e+01
2.841819869025880863e+01
2.153234714682518458e+01
2.883818403563452648e+00
2.061794031763950130e+01
4.637667510573221819e+01
-9.284764204590484127e+00
5.301336381213966575e+01
1.177981645050388693e+01
3.381606302479473669e+01
1.932076664424276302e+01
1.590177906914172290e+01
4.822812998024883058e+01
7.919188096977212155e+00
4.457845002473251128e+01
4.650076837228132121e+01
1.212041777134802345e+01
4.824936338742146802e+01
1.586466559157048017e+01
6.265585360661360426e+01
2.515705530607353246e+00
3.088887922071002379e+01
5.544184877031553071e+01
1.789818317555559091e+01
4.737776809941792777e+01
1.546667229303232993e+01
3.648353119356799112e+01
3.284632572150095342e+01
3.662775432954104105e+01
2.915898886423925163e+01
1.238783240953946496e+01
5.158571944406594412e+01
2.556154138100390583e+01
2.952512351331274232e+01
2.302370076983928726e+01
2.852185740635135502e+01
3.890510597209908639e+01
3.127851767757590906e+01
3.637283707145585510e+01
-4.406478611349664121e+00
3.244834016988707504e+01
4.608916063939125962e+01
2.441792987131435666e+01
2.184143841397146701e+01
2.442310195767407066e+01
5.112491877532141160e+01
3.557259720031193950e+01
3.828457962682135474e+01
9.258020649973282445e+00
1.082319691152861907e+01
4.705161509468551628e+01
3.953733368421784888e+01
6.224984129531356558e+01
4.321608035848918661e+01
4.013936428656153055e+01
3.989172924889566474e+01
6.003620506237479759e+01
1.125465405199442692e+01
6.026355217327597558e+01
2.888753137497267431e+01
3.746617093877789273e+01
1.035142182954132437e+02
3.008560021514478322e+01
7.085730170642318626e+01
4.925750782444541187e+01
7.165008926803382394e+01
2.191240314076651430e+01
7.745723819363145424e+01
6.665512278027449611e+01
2.338033189789595312e+01
7.977160429783252482e+01
5.895080344941658268e+01
8.444260082391971878e+01
5.069063417742480482e+01
7.457088143239670330e+01
4.467384570199799043e+01
5.194142779643184582e+01
6.930240298295584012e+01
5.640459437915207275e+01
5.304198527343625358e+01
6.393651691463091424e+01
9.159166197519654418e+01
6.900705155391223400e+01
3.188008607356244895e+01
6.693957356013348203e+01
4.543595097369088620e+01
5.822505385029318603e+01
6.414186531684050863e+01
5.513608086333729830e+01
6.356423571078768475e+01
3.881617680363099510e+01
9.664576487772120572e+01
2.026231692578954480e+01
5.292405335287539714e+01
5.390285981389986603e+01
4.217833695823707529e+01
7.102863113041556176e+01
2.068594791973900371e+01
7.618379817189989467e+01
1.547248676932722944e+01
6.745646984363243348e+01
5.686413006776747636e+01
3.622458872222763659e+01
3.786183255611102538e+01
5.415952017754027992e+01
4.032854345564101095e+01
3.577660945596898756e+01
4.850589021889445007e+01
4.167296571770067004e+01
1.528407848271517722e+01
5.767057423485572798e+01
4.535061236400203200e+01
4.032056144601541803e+01
2.969164670043205945e+01
4.594599028685502873e+01
3.638391566352734685e+01
4.473375253916586303e+01
4.637212299724032505e+01
2.298474430541225999e+01
4.245113278800927503e+01
2.454155506457969338e+01
5.119895860795849529e+01
3.109406596029829117e+01
5.383816743976352370e+01
3.636149950188639934e+01
4.026919584055013246e+01
4.917611527067908384e+01
3.289898408529721507e+01
2.744283446199627363e+01
3.338542357516075754e+01
3.962673572120376519e+01
3.872253657794190929e+01
4.287838564711945821e+01
5.271048979444876892e+01
5.179014690130281906e+01
4.435264570909973258e+01
4.487023534812031755e+01
8.567554006253820020e+00
8.922269799285529324e-01
