-6.953938718840010913e-02
-5.543622799546583657e-01
-2.476881714493379238e+00
-4.802263928262895831e+00
1.186717810960159047e+00
6.586347814576989812e+00
3.815277583841695908e+00
8.607927634666269867e+00
1.122189398462806231e+01
6.960865925520066000e+00
6.956280209934870840e+00
4.405372799766583469e+00
-6.969528585042661817e+00
-2.170742316883175871e+00
4.248794881025746761e+00
5.209300402594347901e+00
7.342147026339229221e+00
8.260139296939339459e+00
9.963572677282597212e+00
7.035647802469951806e+00
5.804436743464974846e+00
-3.686637748571008455e+00
1.389396381921560897e+00
-1.046476374736482473e+00
4.575552837665307848e+00
7.336536142349896039e+00
8.241225005726242614e+00
9.535817741066905384e+00
8.905709551512792643e+00
6.329895809061749645e+00
-4.645756542165966896e-01
6.159796182314778434e-01
-7.506242513154919305e-01
6.833745466701610649e-01
6.602683377808253873e+00
8.164494457941211536e+00
9.212161273676924722e+00
1.071487728033070574e+01
3.608967695598437331e+00
1.304411230131181654e+00
1.520848485225397839e-01
2.124438863904429375e+00
-8.274746342406531507e-01
3.824287028986883996e+00
8.577546794718218237e+00
9.904713616097396311e+00
9.665127334739997522e+00
1.118175891334017713e+01
1.092366523803128819e-01
-1.028386252958148894e-01
2.889117794646081094e+00
-2.586167777348181485e+00
5.308290269659481364e-01
7.476278132084400063e+00
1.066330303920095268e+01
8.994421246813464776e+00
1.059826107012339769e+01
4.863684954958701567e+00
-3.176252961354874671e+00
2.067076342908817921e+00
4.429684582431765882e+00
-2.519180575814700784e+00
4.650625664522412883e+00
1.096515919619374380e+01
1.033901634217306587e+01
4.970148659039124617e+00
1.003760054605343477e+01
-2.512645279308175716e+00
-7.378305644266083263e-01
3.724766646335397891e+00
7.949029808351392390e+00
-2.891025584563509110e+00
9.651355729704361508e+00
1.270339017558477401e+01
4.412728058395259723e+00
7.956125732851198507e+00
2.577123956860651433e+00
-1.130876021649193541e+00
2.181411518764762913e+00
7.207809782439001722e+00
-1.157536351512719608e-01
3.423880822271843538e+00
1.458889627060288774e+01
4.255921364168455234e+00
6.828608929351547729e+00
8.247190627775538019e+00
-2.212297504683758742e+00
5.766920883177919510e-01
6.954361197037498776e+00
1.818634704373314204e+00
1.943374916891224546e-01
1.067886081658153330e+01
1.008989857008064028e+01
4.183903605765625144e+00
1.105290379287296965e+01
4.828897751628208113e+00
-2.830176349116040324e+00
2.656664781214713056e+00
3.453413766983571609e+00
-1.246823150443985950e+00
6.712742627760585279e+00
1.306465159315883184e+01
3.057794550112328480e+00
8.798195128114063124e+00
8.679977485914523783e+00
-1.641814384571535390e+00
1.966183269072858897e+00
3.999995500308746177e+00
-1.456435046432575708e+00
2.565362967196962884e+00
1.222686881328847619e+01
3.639306049749736260e+00
8.303527147889724347e+00
1.742944059979860683e+00
2.114943780858117073e+00
-5.735704908583355577e-01
5.566890835105365198e+00
-3.408610009717999212e+00
-5.225225603225672755e-01
1.009085306731155463e+01
8.818022114440765336e+00
4.025420160289859162e+00
5.054811953344088948e+00
6.351286338185063718e-02
-6.995406245609061546e-01
2.348062689296233962e+00
1.198756247501992611e+00
-4.021874031308968256e+00
7.746715605643102798e+00
1.154926992373436079e+01
4.917250964032140459e+00
8.723591815862723919e+00
1.512416416662309970e+00
-1.730020330540476214e+00
1.440345855844280099e+00
3.017820412887016968e+00
-3.495856179898464866e+00
1.554412623516060910e+00
1.183712480946813628e+01
5.521920483904434462e+00
6.081566470696929017e+00
9.534346378266139510e+00
-1.758466615894531127e-01
-9.706970420932086174e-01
3.659440998220062635e+00
-2.304141294609796553e+00
-4.632951352876568230e+00
9.641787925447887986e+00
1.209495054192379371e+01
2.765947458740800613e+00
1.498036500729418563e+01
5.745781778614590607e+00
-2.500698906572482727e+00
1.901388207912636963e+00
4.703003646913107794e+00
-5.417853712491379703e+00
1.041346127406468725e+01
1.115253401814714707e+01
1.418380397432913753e+01
5.981601139831541403e+00
1.150291675455313190e+01
1.229436728204828100e+01
5.958520342469647346e+00
8.788995652879224574e-01
7.952479384503450710e+00
1.407713113286060391e+01
1.112472433715692333e+01
2.355323905508800308e+01
1.513710470102965644e+01
2.368000957420446184e+01
6.805508687754366903e+00
3.372158683359013764e+01
1.748956199601118655e+01
3.190595519738800290e-01
3.513676294442841197e+01
3.592374122292244465e+01
1.427300820872097376e+01
3.090494282105993662e+01
5.100614307214928544e+01
3.268681105572710965e+00
4.808986035940124282e+01
5.343951171228219721e+01
-1.017554988015317363e+01
4.687529023313108922e+01
4.995500432628716680e+01
1.685921203260787138e+01
3.719765199604100303e+01
3.694187996799370666e+01
4.065712149075105941e+01
2.284335501995331086e+01
5.806412623269100237e+01
1.641002574170520134e+01
2.153656571144878740e+01
4.884815072947660752e+01
3.694452039972987478e+01
1.170081630367986314e+01
4.144724930564657228e+01
3.968304275614561760e+01
2.096217171695038672e+01
3.994910756017517883e+01
1.883394973675132178e+01
1.491012679566205001e+01
3.044864538556488398e+01
2.315664090006012188e+01
1.527854700311360148e+01
2.083424597530623856e+01
2.156464419133380517e+01
3.411170441333175063e+01
2.285523080546199992e+01
-1.456893517400341054e+01
2.404352542831751549e+01
2.296691726210728746e+01
6.582373736233449790e+00
1.944905197660647289e+01
3.146022219807812803e+01
-2.506094118986540309e+01
3.817810482298279595e+01
2.422858999095995358e+01
3.961725730335885487e-01
8.529400101204281270e+00
2.491282773030880549e+01
5.461160424010122583e+00
1.449291636138521078e+01
3.406117830725801809e+01
-2.364543525673255875e+00
1.772957033911025704e+01
2.783490389328516912e+01
1.975926179816602613e+01
4.995916724745480764e+00
2.066354182937559969e+01
4.416954790362905925e+01
-7.606147040945142379e+00
5.396901050910454245e+01
9.492323863432609699e+00
3.458968824829160127e+01
2.078092471035798994e+01
1.400348840773744818e+01
4.838883151303380714e+01
9.664498720595757320e+00
4.304080796241145634e+01
4.599387013690429882e+01
1.402074399733261245e+01
4.733064903943567714e+01
1.475248409201391731e+01
6.430406973512002367e+01
2.260097012595977173e+00
2.952813735288264851e+01
5.673495162042440398e+01
1.823141958109120608e+01
4.594895373989999143e+01
1.623906112300376492e+01
3.723407434142907846e+01
3.155751420279719710e+01
3.687115444062899172e+01
3.016919271461633301e+01
1.139596184230223486e+01
5.131251387517744433e+01
2.667882426164111109e+01
2.908629141234377968e+01
2.237647292855159264e+01
2.933255490295791645e+01
3.886726955532783023e+01
3.054924664481105268e+01
3.695428035884253859e+01
-4.099723999093070503e+00
3.160203668272231425e+01
4.626411965537116799e+01
2.520725020954522577e+01
2.132997203923519081e+01
2.399500716377049514e+01
5.178164711569939271e+01
3.548181069431925039e+01
3.773536038640833823e+01
9.843422072136950973e+00
1.094779460107406877e+01
4.614693277263866378e+01
4.002032216067869541e+01
6.310046684900225245e+01
4.224391304388861101e+01
3.983516508878532392e+01
4.095094441804069163e+01
5.953481640335469649e+01
1.069329668531340438e+01
6.133135614568180216e+01
2.844647058527016981e+01
3.645652622713729585e+01
1.049409241244568989e+02
3.035893033208435199e+01
6.914915567335503965e+01
5.004973666804941246e+01
7.264781425485540467e+01
2.043333048533148499e+01
7.783593275110851550e+01
6.782130008906020180e+01
2.171071255181872672e+01
7.985392893981006068e+01
6.099380284570484179e+01
8.294811017011673471e+01
4.956351871778323215e+01
7.670585047397828760e+01
4.411930320819879370e+01
5.048925960781263456e+01
7.117544871995350775e+01
5.607526978359979353e+01
5.110659108115979166e+01
6.608021018428750892e+01
9.225726669514118328e+01
6.626648867191067893e+01
3.304001033197653925e+01
6.859003024274150562e+01
4.314805689045766002e+01
5.871135994157321392e+01
6.594281132172650928e+01
5.277098046789357966e+01
6.363748858351343074e+01
4.159790339673228488e+01
9.457309864087815754e+01
1.885395957112949006e+01
5.577133556222830180e+01
5.304901025052647867e+01
4.038290614979975857e+01
7.346485857000757846e+01
2.014030717046417251e+01
7.390385831710180753e+01
1.815526663890198478e+01
6.801189558378273148e+01
5.369786113401377037e+01
3.779694020934762477e+01
3.953600455767224986e+01
5.152049853702621363e+01
4.113362217543282640e+01
3.757018408099353479e+01
4.583272869253119808e+01
4.208032598810859781e+01
1.806040342981071589e+01
5.527152560948829318e+01
4.423047693250951085e+01
4.319534072624583132e+01
2.853516098941453194e+01
4.445036389186600445e+01
3.882548648174132921e+01
4.383189271672356568e+01
4.448483468021064624e+01
2.568277296374603935e+01
4.254566014541936170e+01
2.177825892733815749e+01
5.288033211288247060e+01
3.225672593761117923e+01
5.154617540385902430e+01
3.740419422369495805e+01
4.143086369341635589e+01
4.686994669944214564e+01
3.370174682326654647e+01
2.941156975436669541e+01
3.127706381462037655e+01
3.908157058312534815e+01
4.083808772422071343e+01
4.177991540401590953e+01
5.192085185353322174e+01
5.356279497425119729e+01
4.321514679730084652e+01
4.442774449246714141e+01
8.495147258869852891e+00
8.881772952193430770e-01
