7.160017871281657356e-03
5.521422825351803010e-02
2.917000074262989240e-01
7.478450040565582935e-01
1.284148062810475777e+00
1.868088089890822978e+00
2.482865978129204176e+00
3.108230720263889690e+00
3.722905770440504636e+00
4.314340222933454427e+00
4.850602537753412768e+00
5.268597738027928301e+00
5.364914219884460600e+00
5.311488768652485426e+00
5.165353193513237962e+00
4.956283205711389250e+00
4.712433954778091127e+00
4.462821061762165087e+00
4.234965054895607039e+00
4.052743961749323276e+00
3.934426536229890026e+00
3.890783282847658953e+00
3.923471557776526453e+00
4.025178397031214494e+00
4.181451718826531661e+00
4.372871605123220817e+00
4.577306743964873803e+00
4.772220486566189024e+00
4.936914325491030375e+00
5.054527781777025552e+00
5.113614814754277482e+00
5.109151049892234120e+00
5.042878328540255417e+00
4.922961702130071338e+00
4.763009628867882483e+00
4.580572955823437375e+00
4.395284500220152601e+00
4.226829694261103221e+00
4.092949982089784555e+00
4.007673616208280443e+00
3.979943428929623384e+00
4.012770229201000127e+00
4.102987613691633229e+00
4.241624368968011538e+00
4.414850165796183390e+00
4.605394829479179108e+00
4.794296424753531127e+00
4.962802925324570680e+00
5.094239095847406418e+00
5.175655469118132679e+00
5.199099261577628361e+00
5.162385355747634463e+00
5.069295256064479283e+00
4.929188285835691907e+00
4.756066732313218637e+00
4.567189597281701374e+00
4.381372980648868598e+00
4.217144785307522348e+00
4.090934607059104167e+00
4.015475198712103122e+00
3.998570320329141836e+00
4.042347304805929298e+00
4.143064903765657725e+00
4.291492626821452383e+00
4.473822151838874106e+00
4.673019864239837950e+00
4.870487152158696986e+00
5.047865808847934233e+00
5.188812547957516230e+00
5.280570439314827169e+00
5.315185574406581459e+00
5.290252408021305364e+00
5.209117522393050592e+00
5.080524482288201860e+00
4.917736829721472525e+00
4.737226819954332591e+00
4.557059331689641724e+00
4.395129463256401969e+00
4.267425873906038447e+00
4.186488682868219513e+00
4.160211071076882483e+00
4.191099608049039027e+00
4.276063114887629801e+00
4.406748008362743718e+00
4.570384621166003747e+00
4.751059172838967726e+00
4.931284723572639805e+00
5.093715593669264408e+00
5.222836166390889545e+00
5.306458009912062401e+00
5.336878536656262995e+00
5.311588062254630316e+00
5.233456830106776536e+00
5.110384952787201840e+00
4.954451259561724719e+00
4.780646539929946037e+00
4.605317789688104568e+00
4.444478766764500044e+00
4.312155624830067424e+00
4.218933272460545503e+00
4.170848678632110840e+00
4.168743476349926702e+00
4.208143181720075177e+00
4.279678517961460926e+00
4.370010757939979840e+00
4.463172904497136884e+00
4.542196822019855418e+00
4.590867222416610716e+00
4.595429600612783716e+00
4.546082229909544914e+00
4.438101959283275555e+00
4.272487983172577053e+00
4.056053717539215953e+00
3.800950020387742434e+00
3.523658135897793198e+00
3.243542593766404636e+00
2.981097826808308593e+00
2.756053226944599199e+00
2.585516680968011016e+00
2.482334742723151244e+00
2.453828585405473994e+00
2.501030461170644426e+00
2.618498787032477182e+00
2.794735572453412864e+00
3.013172868500932911e+00
3.253640689228791683e+00
3.494182626237894773e+00
3.713051597365050860e+00
3.890700119190985351e+00
4.011578961290982015e+00
4.065575154657423695e+00
4.048953533343097710e+00
3.964712195559242147e+00
3.822317139958006482e+00
3.636839689946816279e+00
3.427576643338845042e+00
3.216282035206946333e+00
3.025176324729197397e+00
2.874920189438888940e+00
2.782743877538512933e+00
2.760908840375831286e+00
2.815647455865494031e+00
2.946681952895269685e+00
3.147369356579138522e+00
3.405460503383954229e+00
3.704403456887664703e+00
4.025070422353699051e+00
4.347747329653672388e+00
4.654200376654924476e+00
4.929626321619200446e+00
5.164303863350585111e+00
5.354791027479500087e+00
5.504555458397861756e+00
5.623976920159343251e+00
5.729719187195149388e+00
5.843526409983037517e+00
5.990551544960194263e+00
6.197366649912213532e+00
6.489832870633292394e+00
6.891019249078073727e+00
7.419353131384142763e+00
8.087161687488782391e+00
8.899726212032179617e+00
9.854922164273755669e+00
1.094346303268034681e+01
1.214971033580278892e+01
1.345296069500974667e+01
1.482907877046156031e+01
1.625231584654678585e+01
1.769714059825441055e+01
1.913991213885777398e+01
2.056024528417594865e+01
2.194195194618720990e+01
2.327348721607584281e+01
2.454787953739898754e+01
2.576217636511455567e+01
2.691648474821380432e+01
2.801272568446457001e+01
2.905324808024429473e+01
3.003946016036270095e+01
3.097063215687204618e+01
3.184300459332258626e+01
3.264930352927981261e+01
3.337872111364950456e+01
3.401737106801696342e+01
3.454917918252514397e+01
3.495712351730772838e+01
3.522470229333155345e+01
3.533748308271269423e+01
3.528457728944989213e+01
3.505988999343788493e+01
3.466301639554621516e+01
3.409969023012963873e+01
3.338173319436136666e+01
3.252650332112634146e+01
3.155588941590171004e+01
3.049494327673857086e+01
2.937027696353727180e+01
2.820837531991180924e+01
2.703398197295568295e+01
2.586870932252041655e+01
2.473000033038151457e+01
2.363053447665167894e+01
2.257812558915005852e+01
2.157610982396218802e+01
2.062417282340580726e+01
1.971952093953112950e+01
1.885826683004030713e+01
1.803687821102721500e+01
1.725353229454242410e+01
1.650922813510059939e+01
1.580853384751373270e+01
1.515988301460721743e+01
1.457538087355413836e+01
1.407013143344371997e+01
1.366114645446444520e+01
1.336594117708497542e+01
1.320095534493388811e+01
1.317995793864744591e+01
1.331259801085672656e+01
1.360325154916772661e+01
1.405028650908755772e+01
1.464582771969444508e+01
1.537605423789186787e+01
1.622200879212641311e+01
1.716084752580260187e+01
1.816741354028014399e+01
1.921598434219292173e+01
2.028202472546002255e+01
2.134377491647398628e+01
2.238351935605306764e+01
2.338841292286720019e+01
2.435078573831497195e+01
2.526790060756487932e+01
2.614119339417679555e+01
2.697508053233513792e+01
2.777546393728253094e+01
2.854809697283649683e+01
2.929699226585589855e+01
3.002305099237457142e+01
3.072307357953302187e+01
3.138927521401643617e+01
3.200937949355375167e+01
3.256730479781479204e+01
3.304439625211760756e+01
3.342109768568824535e+01
3.367890872151824055e+01
3.380243725460279336e+01
3.378134092696066659e+01
3.361195489919027324e+01
3.329842737284171506e+01
3.285322702177990806e+01
3.229694394077844066e+01
3.165737256093311558e+01
3.096793480535696830e+01
3.026556771432625581e+01
2.958825523198989771e+01
2.897242307793129967e+01
2.845043435879641436e+01
2.804841946534551411e+01
2.778464670470327391e+01
2.766859215438599762e+01
2.770080261669638233e+01
2.787357025956226408e+01
2.817235870487918348e+01
2.857784563714381676e+01
2.906838389990768334e+01
2.962263801352692738e+01
3.022213095684162099e+01
3.085343964821935003e+01
3.150980712744214784e+01
3.219199273022354646e+01
3.290825393165865620e+01
3.367343839551311646e+01
3.450725409251791120e+01
3.543187048540480788e+01
3.646907624332840214e+01
3.763727127414687601e+01
3.894859734075964752e+01
4.040650880891634245e+01
4.200405255776100688e+01
4.372306604884773407e+01
4.553442000814280277e+01
4.739933446743771839e+01
4.927169305561354662e+01
5.110118030212996132e+01
5.283698012048306936e+01
5.443170936872445509e+01
5.584522534064981869e+01
5.704794452593262832e+01
5.802334320392639455e+01
5.876937632697543989e+01
5.929864444192519102e+01
5.963725105545960758e+01
5.982241474369408962e+01
5.989902012742673776e+01
5.991539812464112202e+01
5.991870813140054253e+01
5.995034441182448148e+01
6.004180026486729815e+01
6.021139419795051850e+01
6.046219385897733645e+01
6.078137107885243751e+01
6.114109363070798508e+01
6.150091744130524063e+01
6.181149988880913071e+01
6.201932389766165699e+01
6.207201647904044961e+01
6.192377491673271095e+01
6.154038672417846811e+01
6.090334975662923256e+01
6.001266612553702373e+01
5.888799312016911358e+01
5.756797740558856447e+01
5.610776315968702477e+01
5.457483599066930680e+01
5.304352679587129415e+01
5.158863784322988266e+01
5.027875366221483233e+01
4.916985123544211689e+01
4.829982099691410724e+01
4.768445059619661919e+01
4.731531071317758119e+01
4.715982475884561609e+01
4.716361470436806513e+01
4.725500944059167807e+01
4.735139792159355920e+01
4.736692553643053571e+01
4.722088649486287437e+01
4.684607256590555124e+01
4.619630956367234376e+01
4.525245149482437057e+01
4.402620492697238319e+01
4.256131240195812637e+01
4.093182048046057275e+01
3.923739036075882325e+01
3.759588511588765414e+01
3.613377251988796246e+01
3.497514055943266698e+01
3.423026331587640669e+01
3.398466822957676214e+01
3.428949811767916600e+01
3.515345727574332102e+01
3.653606937643639441e+01
3.834266230502691997e+01
4.042661512631867993e+01
4.260346475371399322e+01
4.466951406801078406e+01
4.641781407932806758e+01
4.765246361506312667e+01
4.820217476120345879e+01
4.788689533965838763e+01
4.642352110077484895e+01
4.293790288575792147e+01
3.771796121908165844e+01
3.217702966030081768e+01
2.661446513923336710e+01
2.116250607444210630e+01
1.596765156679345488e+01
1.116965502333711413e+01
6.837858790958160071e+00
3.173758410437999000e+00
5.308513860009249630e-01
4.776558466371594314e-02
