1.105321472444712599e-02
8.457934884232937156e-02
4.444113769444398288e-01
1.120329698271415264e+00
1.871365719129389316e+00
2.630469424060405181e+00
3.359302680544129949e+00
4.020463572120034357e+00
4.584110978507943912e+00
5.044693461916763155e+00
5.376722839150137823e+00
5.516291714256311707e+00
5.192358939949551555e+00
4.732464226798311913e+00
4.271128382614664432e+00
3.885540538085914264e+00
3.630859400189926589e+00
3.540023685653470142e+00
3.619090460254511754e+00
3.847040751331727737e+00
4.179990922806759990e+00
4.558632030905288346e+00
4.917372390541009608e+00
5.195474268197486367e+00
5.348263532965801481e+00
5.354869320652999143e+00
5.221228574611119555e+00
4.978133102370183138e+00
4.674794905434401571e+00
4.369122558026901082e+00
4.116552535807003643e+00
3.959624137683353418e+00
3.920371000163043185e+00
3.997005285520162321e+00
4.165443211735716744e+00
4.385215745044010127e+00
4.608442215449627177e+00
4.789964879002734932e+00
4.896546679011832381e+00
4.913258455959414128e+00
4.845785369504504558e+00
4.718249212187969555e+00
4.567098580686927534e+00
4.432460031755751650e+00
4.348884034517753072e+00
4.337536208205738930e+00
4.401549148839439596e+00
4.525537785114511991e+00
4.679350261706690439e+00
4.825182794470772585e+00
4.926438682296131688e+00
4.956323559471705664e+00
4.904227269443440562e+00
4.778436043821120194e+00
4.604539624486021054e+00
4.419865739296637841e+00
4.265173714788051740e+00
4.175467901288881123e+00
4.172006464627806110e+00
4.257329883490281297e+00
4.414468268913126714e+00
4.610553056623865942e+00
4.804064225321953430e+00
4.954112388748478146e+00
5.029675254115730354e+00
5.016692432549323399e+00
4.921380718812973676e+00
4.768966543575984929e+00
4.598060141732815076e+00
4.451887878873757032e+00
4.368330825834113362e+00
4.371020132070539965e+00
4.463538217460508939e+00
4.628106776590986904e+00
4.829151091034310284e+00
5.021033163412876199e+00
5.158288869369834551e+00
5.206104381206874798e+00
5.148665584955281815e+00
4.993442661585899778e+00
4.770343772271643523e+00
4.525799539310734865e+00
4.312976055402258702e+00
4.180204836404641355e+00
4.160160381333189328e+00
4.262203384325261801e+00
4.469655552711465418e+00
4.742716057025998744e+00
5.026497363556573283e+00
5.262519717131726615e+00
5.401212277555269559e+00
5.412705134427262088e+00
5.293526288843541927e+00
5.067677074655495773e+00
4.781766499137132698e+00
4.495178681397177023e+00
4.267344683492062529e+00
4.144847231464375170e+00
4.151154857140536336e+00
4.281239601136678452e+00
4.502292337985299930e+00
4.760435202421302137e+00
4.992027009468564813e+00
5.137150455872747656e+00
5.152381889087707556e+00
5.020085799182218977e+00
4.752219751231027800e+00
4.387821655683496580e+00
3.984722385030540881e+00
3.607283141986631581e+00
3.312822821007175733e+00
3.139684720300063070e+00
3.099530409048410817e+00
3.175519265420341242e+00
3.326738385904354445e+00
3.497873365292566206e+00
3.631958498268280433e+00
3.683369618172031235e+00
3.628173783737822955e+00
3.469539003342540617e+00
3.237004755464532479e+00
2.979778026541274549e+00
2.755548267715937527e+00
2.617313593109987568e+00
2.601157711409450179e+00
2.717712392812482669e+00
2.949228002173878593e+00
3.252933949690526738e+00
3.569976423434371604e+00
3.837981732997258533e+00
4.004485305309692933e+00
4.038268921905643793e+00
3.936106841972752513e+00
3.723434087444045026e+00
3.448793041201799969e+00
3.173289602917928942e+00
2.957391968006895411e+00
2.847988699208567898e+00
2.868558393290765451e+00
3.014605397933630027e+00
3.255340366746996228e+00
3.541193197016115235e+00
3.815449459779645558e+00
4.027389044984502675e+00
4.143980838655974885e+00
4.157521886340457051e+00
4.087528139806490657e+00
3.976480195342779744e+00
3.880410410658987619e+00
3.856476954752146469e+00
3.950345403072160533e+00
4.186237824699528431e+00
4.561904172951211756e+00
5.049657434155033542e+00
5.603243166566516997e+00
6.168994711968195155e+00
6.698755065784469664e+00
7.161644234754294125e+00
7.552007912852792160e+00
7.891741635321612769e+00
8.226450347373521765e+00
8.616290223669739845e+00
9.123533487556370503e+00
9.799627174819796949e+00
1.067461748972447033e+01
1.175125977672275113e+01
1.300505595035284578e+01
1.439010275272981687e+01
1.584930650960488130e+01
1.732652822972641715e+01
1.877779622065608578e+01
2.017896233968404118e+01
2.152803024825904288e+01
2.284165530242734832e+01
2.414671312042170825e+01
2.546903237608961490e+01
2.682210423724908921e+01
2.819864132227878528e+01
2.956723798042083828e+01
3.087521364473503738e+01
3.205726409451897752e+01
3.304813529298387920e+01
3.379650069415109925e+01
3.427681552054006886e+01
3.449625196722151088e+01
3.449483226041957806e+01
3.433835905921220188e+01
3.410536949794904871e+01
3.387074403168284675e+01
3.368945927968456289e+01
3.358407605225814763e+01
3.353885582036279089e+01
3.350203584570261484e+01
3.339605189849114453e+01
3.313375565366232678e+01
3.263731732586882117e+01
3.185584093094547953e+01
3.077790997710125254e+01
2.943629961549071439e+01
2.790372819002105587e+01
2.628042775164909628e+01
2.467607586818894561e+01
2.318986242114945995e+01
2.189288957911835709e+01
2.081661967895221466e+01
1.994979195017490170e+01
1.924440177916084238e+01
1.862937230349307427e+01
1.802887762516626324e+01
1.738126838926617879e+01
1.665442888227655160e+01
1.585419066419540890e+01
1.502396889418597858e+01
1.423573586172271277e+01
1.357437171302903955e+01
1.311890780317407845e+01
1.292487422624250293e+01
1.301172232596808342e+01
1.335816564057352096e+01
1.390651689767684829e+01
1.457508609247961040e+01
1.527589409854178548e+01
1.593375346900509548e+01
1.650244492563482979e+01
1.697435075970464879e+01
1.738135742937556927e+01
1.778678725304115460e+01
1.827012837791174960e+01
1.890795215313544020e+01
1.975527185511901962e+01
2.083150864213646969e+01
2.211420555752687278e+01
2.354189571596453234e+01
2.502547539229814433e+01
2.646552022642238455e+01
2.777164714217349228e+01
2.887957160200264539e+01
2.976204659881955905e+01
3.043127880232074389e+01
3.093238111861354156e+01
3.132949272276589170e+01
3.168790172315030063e+01
3.205644594260065361e+01
3.245441894118700787e+01
3.286617130965415612e+01
3.324479934474101128e+01
3.352416140733430439e+01
3.363645187564959826e+01
3.353116500714907033e+01
3.319083484870299117e+01
3.263956808706819146e+01
3.194197360986215273e+01
3.119229093978265865e+01
3.049583530828314082e+01
2.994677585784570795e+01
2.960729285419908408e+01
2.949305463598309984e+01
2.956870277765193222e+01
2.975488422496714236e+01
2.994578398638484984e+01
3.003366646848536092e+01
2.993518863417928699e+01
2.961362310978283929e+01
2.909180312446207495e+01
2.845246532208378198e+01
2.782534168607628899e+01
2.736326548940094128e+01
2.721206559831752614e+01
2.748055765225982938e+01
2.821712984236250321e+01
2.939818437813859475e+01
3.093126680668679995e+01
3.267259808872419313e+01
3.445558792384113644e+01
3.612444226423359339e+01
3.756574172282524415e+01
3.873116090995146266e+01
3.964629137959184391e+01
4.040346146377888914e+01
4.113989499625174773e+01
4.200577090671841773e+01
4.312902527397884000e+01
4.458455809045953799e+01
4.637466153812296454e+01
4.842513106704895165e+01
5.059814683934775559e+01
5.271934651076783496e+01
5.461335386995619245e+01
5.614008613618586452e+01
5.722388430081370814e+01
5.786898439957080598e+01
5.815777549799140900e+01
5.823204767205568544e+01
5.826120084211497385e+01
5.840432692856216335e+01
5.877452617991236394e+01
5.941342658661199039e+01
6.028169933914382739e+01
6.126785822216233868e+01
6.221355663559480575e+01
6.294985432309244544e+01
6.333636204791515922e+01
6.329438511539113676e+01
6.282638899636816632e+01
6.201707386579099079e+01
6.101544061049395395e+01
6.000156075195301497e+01
5.914535441810374294e+01
5.856670323214586205e+01
5.830617924683681252e+01
5.831350912932410324e+01
5.845704190054473770e+01
5.855276882359647317e+01
5.840689686238707168e+01
5.786263865277603458e+01
5.684055043447900601e+01
5.536279776105773465e+01
5.355500587685798308e+01
5.162419859303221159e+01
4.981671202728648495e+01
4.836469915382501483e+01
4.743283565515504563e+01
4.707736239310033000e+01
4.722743532227465835e+01
4.769425489928464401e+01
4.820748687289362522e+01
4.847230008388806510e+01
4.823530650440369527e+01
4.734502308723210717e+01
4.579295749839209861e+01
4.372510899151513541e+01
4.141983679166065713e+01
3.923530218927319879e+01
3.753633998451055476e+01
3.661513873796859997e+01
3.662177604112018514e+01
3.751981800954810353e+01
3.907921446108712615e+01
4.091270251582622564e+01
4.255251281836459754e+01
4.355358593341370721e+01
4.360061255647124767e+01
4.258998461621490605e+01
4.065745794245021472e+01
3.813776932406543096e+01
3.549686104722371027e+01
3.328625861171607170e+01
3.208420040376068982e+01
3.238775405459819723e+01
3.448644955456696692e+01
3.835697982548368401e+01
4.348209484786998757e+01
4.857552424278107139e+01
5.027895659743194301e+01
4.814488290910557566e+01
4.502805093297211414e+01
4.108466388360140797e+01
3.611035410965666870e+01
3.006743835092539285e+01
2.309411800135292481e+01
1.536181799960398031e+01
7.631113662061927982e+00
1.297469683153429809e+00
1.185615862359520323e-01
