1.956731994078675374e-02
1.454353688059525362e-01
7.521877934618385053e-01
1.798057145654466060e+00
2.811900442181460846e+00
3.766052793254860198e+00
4.630160689932875329e+00
5.262342435949443065e+00
5.499084675008180767e+00
5.331421958591768373e+00
4.909478792913173351e+00
4.456437849138744411e+00
3.780685407025833111e+00
3.575577603258177639e+00
3.705367274102998820e+00
3.813427018371960742e+00
3.755760050327454191e+00
3.725967274330433732e+00
4.042669109892888635e+00
4.795752746910139308e+00
5.665098984903038648e+00
6.097209511736634724e+00
5.726326206480103487e+00
4.701622586378596758e+00
3.632883505924526801e+00
3.172551152576277733e+00
3.553004374626496986e+00
4.438244281957927306e+00
5.200325455353637771e+00
5.395376588875985924e+00
5.063085658023632973e+00
4.626828081084227939e+00
4.499417050942656537e+00
4.730799991680325611e+00
4.984235010242896280e+00
4.847966815169398203e+00
4.214936905946004231e+00
3.414478386167008050e+00
2.987757812245970257e+00
3.286286174677676364e+00
4.207488625540448446e+00
5.263885488468194929e+00
5.919199858614440757e+00
5.930081393125675504e+00
5.451054662566162001e+00
4.859325874120447253e+00
4.465235198804244909e+00
4.333144880926711018e+00
4.320225958773557196e+00
4.260205508887557890e+00
4.122693930488787295e+00
4.027339010913765449e+00
4.124987643969504347e+00
4.458719789107043141e+00
4.914529903503013664e+00
5.286777151478867509e+00
5.398152488776118751e+00
5.191166635211202696e+00
4.747307792525887749e+00
4.242998161769401477e+00
3.876026598448148786e+00
3.790387053324309807e+00
4.017646003395829446e+00
4.455393035488055098e+00
4.904852136447386712e+00
5.167324799329043650e+00
5.155127409002803418e+00
4.943846418017539435e+00
4.717800342497832311e+00
4.635747912632844248e+00
4.713411031350172031e+00
4.818679799335012781e+00
4.791884888209368754e+00
4.598222094690514794e+00
4.382024419516790559e+00
4.364017067639296421e+00
4.652615895113357602e+00
5.122179861548968205e+00
5.470299454781841320e+00
5.427305220474598180e+00
4.963828843584447092e+00
4.332911153025256645e+00
3.905345776155707771e+00
3.916430157462762018e+00
4.312032573410334635e+00
4.805625608514332292e+00
5.096300235132744660e+00
5.078604710715338477e+00
4.889783567150235655e+00
4.771819203667789111e+00
4.867046163419112226e+00
5.107883962711460946e+00
5.278276505153796982e+00
5.189270756028197873e+00
4.830062342985036672e+00
4.384201027855495703e+00
4.106415802793060621e+00
4.153666527048663681e+00
4.486517210831377334e+00
4.899203446649344151e+00
5.149512612074741646e+00
5.102634423604197167e+00
4.804236979421600218e+00
4.445072047668310766e+00
4.240423310510617050e+00
4.293238722578543332e+00
4.521428728687213905e+00
4.699957517497240111e+00
4.604112408874411422e+00
4.170967251120532460e+00
3.567588177688646223e+00
3.100922442614300945e+00
3.011300386651374339e+00
3.289243051784748850e+00
3.661305500460843909e+00
3.779500928613186428e+00
3.489626889285539324e+00
2.971484079985152071e+00
2.621100128761346237e+00
2.741621350751666242e+00
3.276785133496001201e+00
3.813450211403275780e+00
3.881639680335577491e+00
3.336302829004446746e+00
2.514821037651748359e+00
2.019534811962993448e+00
2.268700745308335875e+00
3.159467177020883089e+00
4.119377832473779755e+00
4.525394208215002934e+00
4.172452859039294637e+00
3.421363920669779901e+00
2.902704161325802001e+00
3.008748412134879757e+00
3.581621958446678189e+00
4.052918717666695869e+00
3.925182247731536123e+00
3.203802905782553889e+00
2.422018820351702129e+00
2.228946095561263441e+00
2.866789328683142735e+00
3.957873501062597832e+00
4.776445312688895939e+00
4.793292291300551788e+00
4.066301677471148679e+00
3.178058070240068922e+00
2.783627443314245831e+00
3.132640194448149451e+00
3.932012298253789506e+00
4.629661931847288692e+00
4.866576252397706526e+00
4.731729944212838213e+00
4.637789378223899917e+00
4.949340203662430326e+00
5.680255781299031526e+00
6.495691067786643735e+00
6.993856289573340490e+00
7.025883654364280417e+00
6.805754517433416417e+00
6.748491032622973229e+00
7.184900441697724460e+00
8.169174616203317640e+00
9.491815523016327916e+00
1.084521434310697430e+01
1.200100245538174448e+01
1.289464990692771273e+01
1.360942136489506282e+01
1.431246311123510750e+01
1.518582607829350550e+01
1.635916915174227171e+01
1.784754698362493386e+01
1.952871995105540393e+01
2.120414923296912946e+01
2.273386190670619911e+01
2.415168996326325868e+01
2.564474246411435487e+01
2.737356048894715954e+01
2.926010315880120771e+01
3.094147070008318678e+01
3.198370043070355706e+01
3.222868730848322372e+01
3.199316681105231908e+01
3.191109973057221083e+01
3.248660308430780219e+01
3.368851193140653777e+01
3.493108980032759803e+01
3.550084087418622403e+01
3.511865993830523536e+01
3.418273532913622148e+01
3.346834962785885637e+01
3.350143473676558870e+01
3.411208688808192591e+01
3.455275994431334396e+01
3.410936676323748173e+01
3.271138298493335128e+01
3.102225620758298774e+01
2.990720808747374093e+01
2.970004117750280770e+01
2.988214862022142881e+01
2.946717720071890056e+01
2.780298111794989779e+01
2.514052804018032106e+01
2.249032041912281343e+01
2.086334201876671557e+01
2.050279325363872474e+01
2.072791246951251054e+01
2.051220967599338962e+01
1.931648620449687215e+01
1.749315098001752844e+01
1.594250835978778191e+01
1.532769046374355781e+01
1.551720527450006593e+01
1.572096968598369315e+01
1.519338724951728636e+01
1.389857283423846823e+01
1.257068658320274679e+01
1.211861833881095230e+01
1.287710398622956909e+01
1.432895302615647282e+01
1.551958443094967777e+01
1.580595340171260865e+01
1.531848064079219718e+01
1.477888280953639111e+01
1.486810507731871311e+01
1.570014498091875588e+01
1.683055512503078432e+01
1.774273943074977566e+01
1.834469463735328532e+01
1.902693601817166424e+01
2.024685493792718560e+01
2.203660953534388511e+01
2.389633325867523084e+01
2.518144473452769461e+01
2.564434169190028356e+01
2.564977405424022550e+01
2.587354765436969828e+01
2.675265510154953574e+01
2.816942388758299032e+01
2.963215377158443786e+01
3.076150220244929656e+01
3.161770261500588575e+01
3.255937783828720455e+01
3.377077286465401329e+01
3.492256153854527412e+01
3.533227544202526360e+01
3.453782774825647550e+01
3.279352252332827078e+01
3.101792475648234415e+01
3.017444979175241571e+01
3.056614922987338900e+01
3.163118383806193989e+01
3.242249097860654672e+01
3.237682305120211623e+01
3.172436708678278094e+01
3.119276384311318395e+01
3.127057935353780138e+01
3.168947949833915345e+01
3.160961426343830283e+01
3.038334455025536940e+01
2.824642024084502623e+01
2.630594830811912033e+01
2.576611961690623787e+01
2.698525618024211070e+01
2.913601466244401195e+01
3.077664292969147297e+01
3.090609852681686576e+01
2.967643394066236695e+01
2.820797903613937763e+01
2.767716573319953355e+01
2.842808196375895946e+01
2.982000043995190808e+01
3.090129615770124971e+01
3.131382296762485851e+01
3.164867585553016838e+01
3.294146203405631468e+01
3.572160032554663900e+01
3.941405583975290483e+01
4.261787963888300368e+01
4.407965798112753930e+01
4.361662791622113389e+01
4.227598180106591741e+01
4.161071155056502846e+01
4.262816525314517691e+01
4.519389557150459780e+01
4.829078704262618515e+01
5.086547006025577389e+01
5.257174468499456310e+01
5.385657134108593169e+01
5.538941698618110365e+01
5.735382318021303405e+01
5.919995135171166822e+01
6.006055144074431951e+01
5.949273820231235277e+01
5.794907680585539111e+01
5.659111594139417889e+01
5.655915213716822620e+01
5.821723318060307406e+01
6.090687161175116415e+01
6.337290938964315501e+01
6.455345692427513882e+01
6.419116408907554217e+01
6.287615591571946538e+01
6.154298032770083182e+01
6.081459543252640287e+01
6.066138850083189737e+01
6.058550544050185493e+01
6.014578284770493610e+01
5.939178111943981975e+01
5.885312538196624388e+01
5.907675125651759629e+01
6.006768843459260410e+01
6.109507676650118668e+01
6.107777752317412734e+01
5.932711871457089359e+01
5.611914259944737893e+01
5.264269481066342138e+01
5.029952891990208741e+01
4.981684762735338978e+01
5.080134988698251419e+01
5.206332307816780514e+01
5.247303880939225706e+01
5.170745217433299246e+01
5.032938985196349790e+01
4.916827478491492798e+01
4.853457886478589955e+01
4.794125951487529136e+01
4.658862017204344141e+01
4.421520632985629362e+01
4.156617445041973014e+01
4.000072081303392224e+01
4.046471789887220183e+01
4.262638586855648981e+01
4.491899963650259764e+01
4.555468339304843539e+01
4.378743438575557434e+01
4.045370064986043701e+01
3.734983911202373719e+01
3.592571190770097189e+01
3.632460154586333800e+01
3.750605975581910911e+01
3.829577091577447590e+01
3.845287917767274166e+01
3.882680531910273913e+01
4.040354078244198632e+01
4.297874983423839979e+01
4.478734192199977571e+01
4.376227985758607986e+01
3.935380350046853692e+01
3.333607934389225846e+01
2.903725306625280567e+01
2.951204861606533214e+01
3.555657049643381384e+01
4.457695223841952270e+01
4.845047742428685922e+01
4.574985511479699340e+01
4.336408011068561308e+01
4.243399510796452745e+01
4.212868847808147166e+01
4.069383717663783528e+01
3.618673001703693615e+01
2.718193297449819212e+01
1.473764885439814520e+01
2.554646153832377919e+00
2.376170589594309157e-01
