2.076902335407148151e-02
1.541362087103774758e-01
7.964146772927511719e-01
1.897194618226390794e+00
2.948814326186967705e+00
3.913078314312053330e+00
4.745560182474857669e+00
5.298082706704291489e+00
5.429513711072610604e+00
5.184566742216656365e+00
4.763973353088991836e+00
4.396520127930523714e+00
3.814918778734109672e+00
3.675945794760117735e+00
3.787238871861330125e+00
3.804439510372440214e+00
3.668969765797146732e+00
3.660808433327595424e+00
4.100994728951381063e+00
4.979733838965327841e+00
5.850166103408233731e+00
6.117318912933914277e+00
5.512169395058375443e+00
4.360113763312798874e+00
3.390748589220198728e+00
3.211744563023755550e+00
3.863415064573646696e+00
4.811559416963593350e+00
5.380658682859012387e+00
5.273158429952544246e+00
4.757471458281541388e+00
4.387576431171862801e+00
4.505131076756326181e+00
4.946897313169070109e+00
5.197296528208044997e+00
4.848798450360200185e+00
3.979121995095192599e+00
3.129778219720235732e+00
2.903369953632880751e+00
3.506236059136741634e+00
4.597410017556544659e+00
5.548416860021625041e+00
5.892501217962994531e+00
5.611727536480911382e+00
5.066132745703670004e+00
4.663973297571656573e+00
4.559251211471038623e+00
4.603886712654168711e+00
4.550423362143766859e+00
4.302291752552956261e+00
3.998791862459623037e+00
3.885506714864132682e+00
4.102317000851059881e+00
4.570106462618403143e+00
5.052594972585075617e+00
5.320531397002948637e+00
5.281145675423279506e+00
4.993334217871148617e+00
4.595657078543421648e+00
4.228586776004391368e+00
4.000327798392759426e+00
3.980235715313294786e+00
4.181139616316023933e+00
4.530122284328636617e+00
4.873046255657122572e+00
5.047705293366076873e+00
4.992661898662151820e+00
4.802024004171383531e+00
4.660589441728234306e+00
4.693583781976963465e+00
4.853681314408855307e+00
4.954097809550298770e+00
4.836478469637989441e+00
4.535150354035011766e+00
4.284097435991805369e+00
4.337794829195344093e+00
4.742928474929422933e+00
5.258447821517977516e+00
5.511949654382093833e+00
5.283668492408747142e+00
4.691431773015882101e+00
4.118280738958751463e+00
3.930273921004021620e+00
4.205812902506766093e+00
4.691910045471709978e+00
5.018795144882932213e+00
4.994456916983077477e+00
4.739865635387804588e+00
4.562634067077662614e+00
4.684253591006206641e+00
5.051378718100884235e+00
5.382683575566417744e+00
5.402637921966578105e+00
5.063347429642830910e+00
4.576782323333164371e+00
4.244356826319630294e+00
4.233495296011156483e+00
4.478283935267086235e+00
4.763645027874841453e+00
4.901403151111159318e+00
4.849965928290892236e+00
4.700728949991909822e+00
4.574695326566535769e+00
4.532502224205392061e+00
4.560389283587650944e+00
4.610471189103873435e+00
4.633811618787477826e+00
4.579649886723992758e+00
4.392323983356533290e+00
4.045993979684678443e+00
3.602545213866207074e+00
3.223173068532251051e+00
3.082851189722681795e+00
3.229453282418027538e+00
3.509237584602424853e+00
3.653927283748607646e+00
3.490903787549317627e+00
3.108552992042929120e+00
2.814281497040329150e+00
2.885313066873059995e+00
3.305264121804955213e+00
3.725535988065598492e+00
3.723409296745852082e+00
3.170854703394156093e+00
2.402052318233882655e+00
2.004086649499110084e+00
2.363589774494490925e+00
3.328234239664068284e+00
4.279315404161526892e+00
4.588530435257547779e+00
4.106501812155095799e+00
3.282161679199992577e+00
2.800051568539362989e+00
3.020623674934525216e+00
3.683964312335568980e+00
4.131372330428394690e+00
3.871380346118368898e+00
3.021319645784992236e+00
2.246374595655601603e+00
2.229723886025603008e+00
3.101513830235790969e+00
4.299870139537587121e+00
4.989629542233439352e+00
4.708208196101335119e+00
3.720636207440854104e+00
2.802600097501680043e+00
2.634475781909855208e+00
3.297340547146080603e+00
4.264472060697353406e+00
4.868633780646738352e+00
4.844013972583266714e+00
4.502696921415980214e+00
4.426579950922116424e+00
4.957034371178385079e+00
5.913126108845019324e+00
6.756751220525599066e+00
7.045118549182369350e+00
6.788024128943947133e+00
6.431171050229854025e+00
6.507661947668267111e+00
7.257746229050351161e+00
8.508092449019226677e+00
9.862086955273392519e+00
1.100496632798572350e+01
1.187543524766976510e+01
1.261225356386071184e+01
1.338430998061654265e+01
1.427733228514182251e+01
1.530828552501641049e+01
1.649542731316990540e+01
1.787409915838841812e+01
1.943866601722448451e+01
2.109693788276572235e+01
2.272085054853227604e+01
2.426347899027905797e+01
2.581258868892699354e+01
2.748820832725155583e+01
2.925118321806385069e+01
3.081625018817596029e+01
3.180833264236009583e+01
3.208154517820911877e+01
3.192930784609881911e+01
3.195143319191114983e+01
3.261882532472903762e+01
3.386675454238172733e+01
3.508103121265245505e+01
3.554668006142235015e+01
3.502966601727845131e+01
3.400668756942777549e+01
3.331351512421377947e+01
3.346477182149958907e+01
3.420300402829089848e+01
3.467906491420340842e+01
3.414900225774128018e+01
3.261926020253979885e+01
3.088103812121046943e+01
2.986795551544262395e+01
2.985070889592361709e+01
3.015235291750638780e+01
2.965978096522133001e+01
2.774229885491970649e+01
2.482367348844073263e+01
2.211302413548700230e+01
2.068586913002679140e+01
2.065311918906713373e+01
2.109830339744024741e+01
2.083717971401198454e+01
1.937543781018152345e+01
1.727770103091914322e+01
1.565415675741446577e+01
1.520819661120136601e+01
1.565052876125743353e+01
1.596880546085182395e+01
1.531609628395958822e+01
1.376041607674019396e+01
1.225913994208326230e+01
1.187896256899126080e+01
1.291559760261811896e+01
1.464482535892203963e+01
1.590095427931876948e+01
1.599075894574889034e+01
1.519022558616942753e+01
1.444437834765814976e+01
1.456410792302856727e+01
1.561193884909699747e+01
1.696735622284195344e+01
1.795821208002254465e+01
1.847003375640507628e+01
1.900051589491781101e+01
2.014115347305995130e+01
2.197619765438683714e+01
2.394717741539634659e+01
2.530313469150605954e+01
2.573373316724453019e+01
2.562812760100611698e+01
2.574321449251538496e+01
2.658651159230641525e+01
2.805503286180744738e+01
2.962068994150740409e+01
3.085259253231087229e+01
3.177351680880449081e+01
3.272352154731113671e+01
3.388079592854447242e+01
3.492559196580013747e+01
3.521254835959103957e+01
3.434174918753019057e+01
3.262142791818175169e+01
3.096906197221526114e+01
3.027525563037542611e+01
3.074055926152892226e+01
3.174962498227269236e+01
3.240224744217301378e+01
3.225413003750030327e+01
3.163051163149326328e+01
3.124275177677255755e+01
3.145289027855882225e+01
3.185625512144317995e+01
3.158944321230260144e+01
3.013244837315694014e+01
2.791012262391934939e+01
2.612615026604585111e+01
2.589648795876475162e+01
2.736000586545548430e+01
2.950484880416157552e+01
3.088795714421104321e+01
3.069763452947585236e+01
2.932088638338770181e+01
2.797485465238667501e+01
2.772069916987127058e+01
2.867184327129550425e+01
3.003022348567071020e+01
3.088653641596354049e+01
3.108554924090288196e+01
3.141086204544082250e+01
3.291903212429676273e+01
3.597002298959100841e+01
3.976660240486988585e+01
4.281308434356729720e+01
4.396496752981339995e+01
4.326524260396743671e+01
4.192768938119801447e+01
4.148967858140617437e+01
4.278397601969833630e+01
4.548461191399434256e+01
4.850794134986364270e+01
5.089175690868569291e+01
5.244855311259486541e+01
5.372242266107444664e+01
5.535528573956347742e+01
5.742139279219420445e+01
5.927986184765422450e+01
6.006033518768687429e+01
5.939393380145745738e+01
5.781497386031640673e+01
5.651140769026567767e+01
5.658529758212453942e+01
5.833699979950682746e+01
6.106401002024824720e+01
6.350285563173304126e+01
6.460688067101355614e+01
6.414269606757953568e+01
6.273214550133083378e+01
6.135177404822038483e+01
6.066189802461867941e+01
6.063290339147545183e+01
6.070869139030518369e+01
6.035514862220944110e+01
5.955880511086342466e+01
5.887367616115833613e+01
5.895314908394563957e+01
5.991335001887467371e+01
6.104604006096816704e+01
6.117623767410094615e+01
5.947624120622358390e+01
5.615764266149882644e+01
5.248683289278189079e+01
5.003402509287248989e+01
4.964780952913255163e+01
5.089586203203187864e+01
5.240148135719992695e+01
5.283975139005631405e+01
5.184380717935198390e+01
5.013106711895819245e+01
4.877235096837149797e+01
4.821984901711307003e+01
4.791655651129222804e+01
4.683637940901139274e+01
4.451507335228361484e+01
4.167820992742915109e+01
3.985835129412647859e+01
4.022086295145314949e+01
4.251785625922133960e+01
4.506359610765154144e+01
4.584917997775759346e+01
4.398962851091432924e+01
4.037990687372966647e+01
3.702621403911834363e+01
3.557206233545485929e+01
3.618652038250077396e+01
3.767137470827953649e+01
3.863809731107375711e+01
3.873797414358453040e+01
3.888849444775011932e+01
4.025022760046365278e+01
4.275950116953897862e+01
4.466129739350892436e+01
4.378158985025967809e+01
3.944700525321486140e+01
3.339055958567180937e+01
2.900008453358679006e+01
2.942406686768148205e+01
3.550223486233688419e+01
4.460657249778457611e+01
4.856346499798557659e+01
4.589337331393394237e+01
4.345299145333500945e+01
4.242360583143690178e+01
4.203103722427750455e+01
4.055343697525609770e+01
3.604765466816910902e+01
2.707389745804415071e+01
1.467619800494775006e+01
2.543888516528695298e+00
2.366045370635100065e-01
