1.629415694952889362e-02
1.220644091290689626e-01
6.350425398254263554e-01
1.547534030830856056e+00
2.504497253688033442e+00
3.497035682108133869e+00
4.479290902114241746e+00
5.271950583568582260e+00
5.655139449883157532e+00
5.555283943936038860e+00
5.092215735844471070e+00
4.519424848616195867e+00
3.780590864729371781e+00
3.512210893427216707e+00
3.614099469822065647e+00
3.749756951758802526e+00
3.741779878439089213e+00
3.722945546755785262e+00
3.985045339954107924e+00
4.663479397543407678e+00
5.529445369613348760e+00
6.088613913835439817e+00
5.935668474721281562e+00
5.079852754175011142e+00
3.977346722144209590e+00
3.242805184146133168e+00
3.248972763228441085e+00
3.903424117624860301e+00
4.752477579873779945e+00
5.315743407596803749e+00
5.393384489268112425e+00
5.131707336271752240e+00
4.833975432137960659e+00
4.693710652721733823e+00
4.663137463651185755e+00
4.541245080385814425e+00
4.188222876690875118e+00
3.683698514026660931e+00
3.303495817946841662e+00
3.336086311685809935e+00
3.877716559377629935e+00
4.751351132794852106e+00
5.598066121808797035e+00
6.071536241221647145e+00
6.010105950810050501e+00
5.492981599022682460e+00
4.769773649482614175e+00
4.123825285505127169e+00
3.750022037768474537e+00
3.699842889906319154e+00
3.900458779342068194e+00
4.219931723161161052e+00
4.538436488962049431e+00
4.792128194306595645e+00
4.974031121087477025e+00
5.099004802935985126e+00
5.160237877955651697e+00
5.111957510325065179e+00
4.898198383753352481e+00
4.514285164223102775e+00
4.056439258595387010e+00
3.711281454527378898e+00
3.671342138469874339e+00
4.016927990263417847e+00
4.640497105010184420e+00
5.275493034504612488e+00
5.629011824055463187e+00
5.545619742227123616e+00
5.099608679128302846e+00
4.551617037291310730e+00
4.191974304804203300e+00
4.169829569706719141e+00
4.419138517408214284e+00
4.727927804484008512e+00
4.898544965979521493e+00
4.883214945714978938e+00
4.798020921519326798e+00
4.808182877832679836e+00
4.974312061462430989e+00
5.181377677087480649e+00
5.212832946498381581e+00
4.922405198243015256e+00
4.376236915377830883e+00
3.850485993831274545e+00
3.669942933226054027e+00
3.991123452499775404e+00
4.681597235903825371e+00
5.386903242888000598e+00
5.747098667475910361e+00
5.618646260301580320e+00
5.151456423540014207e+00
4.671320694445951993e+00
4.453558107502495922e+00
4.547513063134950961e+00
4.771253819777505178e+00
4.871522765617696926e+00
4.725930024283468533e+00
4.437249889217754095e+00
4.251656253118069273e+00
4.363246085479571157e+00
4.751387633236448416e+00
5.174529932390675491e+00
5.330662242716412536e+00
5.072226494222873860e+00
4.520312303896022676e+00
3.991533587397123384e+00
3.783692182164213769e+00
3.969039577387111439e+00
4.342173697108251851e+00
4.562239900674350146e+00
4.391042095122982047e+00
3.858925771665822069e+00
3.240857569960944318e+00
2.861428114231984399e+00
2.871034948801546971e+00
3.154901960022683305e+00
3.436379265650048254e+00
3.490571935603366427e+00
3.303815617223792689e+00
3.060573633770897306e+00
2.976151431319516760e+00
3.113931868228932309e+00
3.334664328120275467e+00
3.416227439350610240e+00
3.243647281512052949e+00
2.913389411793991801e+00
2.667592927279224035e+00
2.712737298846409129e+00
3.068250939703812463e+00
3.560313432481964302e+00
3.953887122956552869e+00
4.107501618784836772e+00
4.030653436158507574e+00
3.819967467615297707e+00
3.556541100758645157e+00
3.267421348298763295e+00
2.975389525010328384e+00
2.763228678189509679e+00
2.759515846838255015e+00
3.034771295597567420e+00
3.501248620272131795e+00
3.929723431950361334e+00
4.100408162859385364e+00
3.974084972199949384e+00
3.729648421690246352e+00
3.617383394990410395e+00
3.742869927515509509e+00
3.974196311046877650e+00
4.070964904545297358e+00
3.935951345052256301e+00
3.762311175157524445e+00
3.917938143545554475e+00
4.632679226586738253e+00
5.745487709079222682e+00
6.750015660820592345e+00
7.143554289097035159e+00
6.821850089478852297e+00
6.198087704157862809e+00
5.928759215180442688e+00
6.444832318464533749e+00
7.652342958299417575e+00
9.037453944175469545e+00
1.008697226212232678e+01
1.068247844655328649e+01
1.115442981404772560e+01
1.196734032066252063e+01
1.330967900324117714e+01
1.493164712778669845e+01
1.635860149228253846e+01
1.729427687669197766e+01
1.787846920812350859e+01
1.859429088059452795e+01
1.990929545601226991e+01
2.193784100902101386e+01
2.437206384240959522e+01
2.670075772662539038e+01
2.852211811574062139e+01
2.972436995825085759e+01
3.045277765288084382e+01
3.095268516222974142e+01
3.143159571676106268e+01
3.200607335621771909e+01
3.269961345299547162e+01
3.344070305722209469e+01
3.407133429649328349e+01
3.441743641064334014e+01
3.442119112577091755e+01
3.423510530159333598e+01
3.415329194445556027e+01
3.437481735070514333e+01
3.477307402442961148e+01
3.490392301309947243e+01
3.432198360757899991e+01
3.299304765455933364e+01
3.144141959219143700e+01
3.043065112394963023e+01
3.035966327552203481e+01
3.085006783845312484e+01
3.091894908763825356e+01
2.968619149400564083e+01
2.709843931978797471e+01
2.407035480832543684e+01
2.186542362053516442e+01
2.115457654302691992e+01
2.149395290151137061e+01
2.166954859723223592e+01
2.066936936631340060e+01
1.851463514421399026e+01
1.626312051627850508e+01
1.515333131070390316e+01
1.556757398068726062e+01
1.666687805922788712e+01
1.702614315490393793e+01
1.578507234214913701e+01
1.339182536157191628e+01
1.132167359002617779e+01
1.096736030313480725e+01
1.256586416894213265e+01
1.500549484812948187e+01
1.666263596706067673e+01
1.660871909709312888e+01
1.525196421652428036e+01
1.394468169508975208e+01
1.390680325671018025e+01
1.532973493976515122e+01
1.733795262446786367e+01
1.877772911343309303e+01
1.915797130838296525e+01
1.899268206413836424e+01
1.931438226585104800e+01
2.079566581816224158e+01
2.319561477527518534e+01
2.554616547298322615e+01
2.689053362223886978e+01
2.697662091272901819e+01
2.639385431912962687e+01
2.610804204721924648e+01
2.679615686601284708e+01
2.847157472317252669e+01
3.060149844483104431e+01
3.253004550259554861e+01
3.384704514065746395e+01
3.447738753453448624e+01
3.453881486754507080e+01
3.417575084298425026e+01
3.351538936855984474e+01
3.271629789152650858e+01
3.198160134344186289e+01
3.147552389898950764e+01
3.122245415893142351e+01
3.111684378994197431e+01
3.106482491195432871e+01
3.112017599068461493e+01
3.144348889541171133e+01
3.206952077470012341e+01
3.268576255118182416e+01
3.268669594691061775e+01
3.157063460961940748e+01
2.942465212967359278e+01
2.708070797757019932e+01
2.571027060196526648e+01
2.605824746640615075e+01
2.786133793164695049e+01
2.993730032835241062e+01
3.095973085552507342e+01
3.038881703664029388e+01
2.885501183043134787e+01
2.767091072952658592e+01
2.781777323733932050e+01
2.919267558908813243e+01
3.073298200351512577e+01
3.135129907696272511e+01
3.094128793566221347e+01
3.060654126895501648e+01
3.184936995950912575e+01
3.530119373800963700e+01
4.000584758734058966e+01
4.390147171393217462e+01
4.523042457303342445e+01
4.384661761938576063e+01
4.140577913132593579e+01
4.024289404425820038e+01
4.174655325845289155e+01
4.544327049384013151e+01
4.947132477448649013e+01
5.205494824877060012e+01
5.282065788215624735e+01
5.293756976813815385e+01
5.400560021695895330e+01
5.661326971020664445e+01
5.974643047383520411e+01
6.154380630888815062e+01
6.081181227059524019e+01
5.809322718520872542e+01
5.542201636344299231e+01
5.491913831664682277e+01
5.728278734880113632e+01
6.130196140928595838e+01
6.473276673076630061e+01
6.585348878244660398e+01
6.454654958306349499e+01
6.217168814590089454e+01
6.043104242573956952e+01
6.014521319828639889e+01
6.083721469830927475e+01
6.133524190545466581e+01
6.082638354855267693e+01
5.951208846746180825e+01
5.839489133179858271e+01
5.841976062394844860e+01
5.966041966804944963e+01
6.116350330724409901e+01
6.155217228462019108e+01
5.995029279362439922e+01
5.659256352963454617e+01
5.272777651679255229e+01
4.989657514286500373e+01
4.904933973583181483e+01
5.004115983347498542e+01
5.178693726485938953e+01
5.295198505379284626e+01
5.273474857723523002e+01
5.125389336712264310e+01
4.931363541086975033e+01
4.773708068078155975e+01
4.675955471664480001e+01
4.593790203589500010e+01
4.464883842887390841e+01
4.277730431303969993e+01
4.100246680330463533e+01
4.036845666447314329e+01
4.140676294290307169e+01
4.350701678202041478e+01
4.512530214747401658e+01
4.479133471321465265e+01
4.219727572726355902e+01
3.850492982718400015e+01
3.558184507498376803e+01
3.472794805512791783e+01
3.587052788541775783e+01
3.783453030338655054e+01
3.942548915517885177e+01
4.037906157348964342e+01
4.130700421760020191e+01
4.262625587508692604e+01
4.361913899614866352e+01
4.281942312378740212e+01
3.938555069480256776e+01
3.421744497524964146e+01
2.995042002880026999e+01
2.968748046281936581e+01
3.491262371953742161e+01
4.372026774029155405e+01
4.802202603813355353e+01
4.593575596583895759e+01
4.393340122944488968e+01
4.295539333226758316e+01
4.231655537863663596e+01
4.058433870257888287e+01
3.602457903140335560e+01
2.714928970417302168e+01
1.480484762646100982e+01
2.569554212440208207e+00
2.393407389574521427e-01
