2.767665607030548452e-02
2.044825216079364516e-01
1.051777710806976129e+00
2.467882448905612591e+00
3.699774990161502686e+00
4.607131180419539618e+00
5.118811544817909898e+00
5.196930594270537718e+00
4.938875700846011796e+00
4.620240818896168555e+00
4.461522941742409820e+00
4.456088683584771282e+00
3.903249762153057745e+00
3.604560993515090850e+00
3.568652728127621465e+00
3.702675881989116569e+00
3.989314213780551732e+00
4.407334000348491543e+00
4.849937912102058490e+00
5.162088669690245268e+00
5.240302595141658415e+00
5.081433641537525858e+00
4.747892942014168227e+00
4.329809906648458551e+00
3.952140256135368901e+00
3.785113801286439816e+00
3.986766931477522036e+00
4.562072150317185937e+00
5.258446883540204730e+00
5.658826148653556487e+00
5.473637957303761681e+00
4.803856005563843290e+00
4.107018724575905111e+00
3.840696916408185668e+00
4.076390438014168005e+00
4.446989337020822219e+00
4.502858195856613399e+00
4.155960971033354490e+00
3.781197726875796583e+00
3.857639292507506923e+00
4.483923830727388093e+00
5.243624661615080562e+00
5.568600695123238964e+00
5.260383748839443818e+00
4.665403194065779857e+00
4.332734593318007477e+00
4.490537645327587590e+00
4.854511573882953179e+00
4.948312824888740025e+00
4.604088821632913664e+00
4.135426948775660527e+00
4.011798073690946431e+00
4.370927623821618369e+00
4.868679930209586004e+00
5.020778496318208717e+00
4.689967391153201604e+00
4.225395604659321513e+00
4.114634761016897180e+00
4.499971733504486870e+00
5.041115910022138102e+00
5.250859738609007898e+00
4.957814497553800770e+00
4.439988994312464854e+00
4.123079236858095520e+00
4.175335796577476444e+00
4.408171053236195291e+00
4.547097167610049340e+00
4.548411199425432372e+00
4.612757036038405367e+00
4.898447130714017383e+00
5.275416969978334869e+00
5.416496610455460825e+00
5.144849356642073879e+00
4.658008138699181622e+00
4.362723307337927459e+00
4.470461379716714312e+00
4.776947496822366190e+00
4.875075778883669386e+00
4.596446453248928421e+00
4.219182500556658333e+00
4.203731574538490001e+00
4.706949642931961719e+00
5.372148460989919272e+00
5.629992841495357503e+00
5.229567019393162042e+00
4.477927639017400097e+00
3.952932492091945527e+00
3.979375747851414680e+00
4.385654555907011698e+00
4.757171700693874961e+00
4.889652795900681248e+00
4.954807657399808107e+00
5.217144457742001862e+00
5.634878004396292717e+00
5.811739118776232615e+00
5.390580596074446618e+00
4.487289305688169527e+00
3.683383228599844017e+00
3.533003880007915765e+00
4.052509831303852117e+00
4.709433026608241590e+00
4.940668874603844962e+00
4.692650877961416889e+00
4.441331742080079970e+00
4.666335449793622026e+00
5.306565697144236537e+00
5.753198207334739855e+00
5.405710414005726605e+00
4.257163039635143420e+00
2.944496095166278415e+00
2.221783231967831895e+00
2.361861831151935043e+00
3.026975921985948670e+00
3.663690421581038859e+00
3.981294180156270013e+00
4.057730824376775125e+00
4.057385802858415325e+00
3.950198672399054978e+00
3.567988799388227328e+00
2.908846782602970471e+00
2.291851693202968665e+00
2.123014711398000909e+00
2.487681942207668584e+00
3.023929725602998442e+00
3.264584209437046081e+00
3.124522355155437303e+00
3.008936591319071319e+00
3.379537338145717218e+00
4.193612388700137750e+00
4.816999720059145673e+00
4.571981215748898819e+00
3.428749896013301601e+00
2.150221012289227129e+00
1.691413086687292289e+00
2.377622718144734915e+00
3.625139063289795516e+00
4.469715865242173791e+00
4.406021374731492024e+00
3.757770534411129404e+00
3.266575741431541058e+00
3.341318411623004803e+00
3.709614814742423050e+00
3.780802189718132755e+00
3.314822158203900582e+00
2.707243443996989463e+00
2.611386356600762237e+00
3.290463268863955903e+00
4.349275208664241887e+00
5.098619141470519089e+00
5.176727313027220667e+00
4.823101111853819845e+00
4.575634179601945739e+00
4.735949382467903312e+00
5.141124411933706284e+00
5.428380796751601345e+00
5.473010148335558434e+00
5.536007909882232347e+00
5.991501869382177325e+00
6.939965572935240523e+00
8.102789910809136131e+00
9.077724526520174919e+00
9.672569057005727444e+00
9.999133572201206022e+00
1.029825660968639411e+01
1.073751341008997429e+01
1.138982689302045337e+01
1.234008921775883572e+01
1.370633336991926043e+01
1.549333249143847091e+01
1.745338820177967065e+01
1.918373269781916335e+01
2.044317255438142311e+01
2.138758409660406912e+01
2.244754127864674231e+01
2.392240340859432735e+01
2.568414073976704515e+01
2.730667824385260190e+01
2.850685975298209840e+01
2.944157044043132743e+01
3.053221779947055126e+01
3.197870517878459395e+01
3.347182469525522208e+01
3.443132854096201356e+01
3.455270233508423416e+01
3.410661133660807565e+01
3.367640032029940755e+01
3.360593475648565942e+01
3.374109029847802788e+01
3.373285627938623321e+01
3.354706981518791764e+01
3.357208299522683603e+01
3.414207380605558484e+01
3.497433887386181794e+01
3.520469605020651471e+01
3.412697803502342708e+01
3.195536562320456042e+01
2.978203655269747330e+01
2.864192536679441403e+01
2.853129815789401036e+01
2.837981947192941590e+01
2.709744012013993242e+01
2.472134035634576676e+01
2.249376131252204303e+01
2.169252124744366483e+01
2.229660589735970788e+01
2.283349902543702825e+01
2.167697231815362002e+01
1.863341759869295799e+01
1.528086430148558250e+01
1.364439520805953165e+01
1.438102082007003446e+01
1.617066194671936330e+01
1.691677362264936590e+01
1.565888561702229786e+01
1.341426230135864905e+01
1.216838585713495036e+01
1.297833899088858978e+01
1.497854656161804598e+01
1.620724659313259863e+01
1.545118765022374951e+01
1.337547577717183245e+01
1.191848572873073664e+01
1.256405593118799402e+01
1.509432313518016322e+01
1.789214454880491090e+01
1.939457748677564908e+01
1.931997276461121871e+01
1.865376502322767749e+01
1.860726421376670459e+01
1.962612415938828292e+01
2.127616934704447615e+01
2.287659263933129594e+01
2.410820816809809486e+01
2.506013719097111192e+01
2.589032816969849193e+01
2.663275038845025477e+01
2.735523757508365605e+01
2.833486665960454687e+01
2.985922934436995746e+01
3.176913420763547791e+01
3.331247500897544001e+01
3.367025900893860069e+01
3.277922601252533497e+01
3.160782557291726036e+01
3.144626728471853738e+01
3.274194500409969777e+01
3.457263634310879041e+01
3.535175702834731482e+01
3.420739053139589458e+01
3.178740621202115335e+01
2.973397148897758768e+01
2.930362693636504190e+01
3.039296698828223597e+01
3.180512885686085411e+01
3.239568102235886471e+01
3.195876100012588950e+01
3.109306829098569835e+01
3.037298030798994120e+01
2.979757689520320696e+01
2.906073486744472589e+01
2.820076245550702509e+01
2.775357574372269909e+01
2.813757832745044141e+01
2.896887002621778606e+01
2.922158423065934585e+01
2.827541934629779163e+01
2.681484653163645149e+01
2.648019868356342599e+01
2.834985227758661352e+01
3.163893869960212513e+01
3.403575565577062889e+01
3.364508117484477623e+01
3.087955237999749158e+01
2.846605224477545804e+01
2.933264560189397585e+01
3.410571933928591193e+01
4.042388795600376739e+01
4.474470224998698598e+01
4.513741041836164669e+01
4.270244603372479730e+01
4.049214799818075505e+01
4.097239140166558968e+01
4.421130165749990226e+01
4.817735204913575586e+01
5.064074457959326736e+01
5.093730948639549894e+01
5.023827323599191885e+01
5.039388583771517460e+01
5.249851267967522972e+01
5.624165290871395229e+01
6.024118904814699960e+01
6.286308366913985424e+01
6.300760662210915797e+01
6.065553903714695849e+01
5.706933259894766763e+01
5.440883013354287812e+01
5.462704273990608073e+01
5.810426096016625763e+01
6.305745491000532610e+01
6.651249856977062791e+01
6.642066852238816921e+01
6.330985665353186675e+01
5.994850801331390500e+01
5.908059691418272052e+01
6.107181743251566530e+01
6.357613238436434955e+01
6.364146443046437440e+01
6.045047058614409252e+01
5.621145072915033580e+01
5.431493731519159951e+01
5.635171195446339709e+01
6.065295985133884926e+01
6.364696524428156721e+01
6.279023881310804711e+01
5.848074423327101812e+01
5.340608788868684087e+01
5.015346824274676862e+01
4.934472805915938665e+01
4.979779461245747285e+01
5.015861987032194236e+01
5.017269681521842983e+01
5.042701220275888119e+01
5.114104260884677444e+01
5.153926185294406537e+01
5.056221629693190778e+01
4.809863494653018279e+01
4.529387194425076046e+01
4.349522666785185976e+01
4.293209117533444896e+01
4.259582740548609081e+01
4.151682429375841110e+01
4.005935181220495167e+01
3.971325203817123395e+01
4.142375361930086797e+01
4.416894513552601609e+01
4.543691116821950260e+01
4.339961540052293287e+01
3.877699054297306702e+01
3.449654989008863026e+01
3.328485733124243495e+01
3.538264531868642848e+01
3.858262957998637432e+01
4.054690806054306762e+01
4.099412976345624315e+01
4.137596378210026415e+01
4.259565806489688100e+01
4.358126903594052948e+01
4.213105475336363526e+01
3.725385550976651672e+01
3.106771462421228236e+01
2.824242692525837128e+01
3.252305671409082777e+01
4.268360992227905371e+01
4.818808659658551363e+01
4.565984295707314544e+01
4.287686041882041366e+01
4.157764592846604046e+01
4.175994656463729626e+01
4.200584175513076701e+01
3.958040787818000439e+01
3.144862630155469674e+01
1.779234529142426169e+01
3.111609062350172650e+00
2.918603714826595308e-01
