2.671833154374601144e-02
1.984179642579619873e-01
1.019703019052230708e+00
2.394359503146427759e+00
3.519113165262111043e+00
4.193484842481381314e+00
4.507417965331428356e+00
4.682512236626845237e+00
4.893893380249195069e+00
5.169994778518530509e+00
5.317922461073417040e+00
5.075127072627038771e+00
3.888268521783917464e+00
2.959614269828447330e+00
2.839716543333752785e+00
3.484785640383387229e+00
4.382156144295199951e+00
4.953707712438467858e+00
4.992214965323540810e+00
4.759903189974175497e+00
4.669322024649602554e+00
4.859728323047167287e+00
5.072686521301923435e+00
4.944282735970272569e+00
4.421737313466937991e+00
3.875501378840022326e+00
3.774801604610860561e+00
4.236091147234247956e+00
4.896461552979905818e+00
5.248764117535125173e+00
5.110850998044366378e+00
4.761846595997289988e+00
4.613241880072818546e+00
4.755723650676488390e+00
4.854299875022141109e+00
4.515479587802027517e+00
3.762595574646555363e+00
3.120646831964871026e+00
3.182113799863059089e+00
4.045198410483947349e+00
5.167501091330787943e+00
5.798288466561535515e+00
5.603970075941297146e+00
4.916975972438643261e+00
4.394835698678503988e+00
4.424960583500942235e+00
4.825680739759799387e+00
5.086435842639963845e+00
4.877448243607330092e+00
4.337381310176196436e+00
3.902817518952907072e+00
3.892654997306125519e+00
4.258612031652249996e+00
4.698696257801751486e+00
4.959579772385719565e+00
5.008041485437340512e+00
4.945135908640888367e+00
4.826255480151301569e+00
4.619377711971551115e+00
4.332012987064135956e+00
4.115123002618184422e+00
4.170578442331557056e+00
4.528235945521249306e+00
4.943574011498546916e+00
5.072717655588123264e+00
4.790424893685283791e+00
4.338137856188629016e+00
4.130469936941523201e+00
4.383024794717007566e+00
4.913047927876888821e+00
5.306225187285730449e+00
5.289367094935304436e+00
4.953225015771233863e+00
4.626506241572194256e+00
4.548176447273871936e+00
4.669766241768031456e+00
4.764735952972615429e+00
4.699944836172501361e+00
4.570959167689984781e+00
4.567969010993196299e+00
4.736329752067902632e+00
4.906243049459938277e+00
4.875720546117817022e+00
4.647798291473974608e+00
4.453889379435546303e+00
4.519290638105495361e+00
4.809659403136235412e+00
5.035757383773542095e+00
4.936248367921016289e+00
4.564277920833083257e+00
4.279100916816966915e+00
4.425527170674073751e+00
4.995725034787606766e+00
5.598317382813513987e+00
5.774453638608989081e+00
5.376396845075143816e+00
4.672457889233816886e+00
4.103694113748332484e+00
3.932472214747582573e+00
4.094050825651273762e+00
4.343562948426481718e+00
4.513688597306952488e+00
4.628299294629658611e+00
4.795576372526840991e+00
5.029131003538177325e+00
5.193957521377621234e+00
5.121413977335468104e+00
4.761249880230440823e+00
4.218596717625862524e+00
3.659836662452906619e+00
3.203122412871122648e+00
2.899524990690654391e+00
2.787602140928511663e+00
2.917334906494189362e+00
3.287803579234734208e+00
3.766604931559796032e+00
4.109453170639720376e+00
4.106870239564634595e+00
3.742676724992826998e+00
3.212512094988802858e+00
2.771880936458019029e+00
2.547520020035952459e+00
2.485315667046434474e+00
2.475316615289914868e+00
2.516974423144803019e+00
2.743688438749691372e+00
3.265178203144211366e+00
3.977251439289473112e+00
4.542806464496619512e+00
4.603429795702282057e+00
4.064988987438450607e+00
3.212822185071205983e+00
2.539687921389821579e+00
2.406793716848917963e+00
2.800860099871999243e+00
3.375624082149625504e+00
3.737229328413232299e+00
3.740198957907707289e+00
3.560450320056382623e+00
3.499574489989282888e+00
3.694500723437696532e+00
3.981068351155330642e+00
4.030851565492577393e+00
3.652627171314813737e+00
3.006820038981140364e+00
2.541135452556847252e+00
2.676210078478201027e+00
3.478052957767989728e+00
4.578932270090741774e+00
5.421457358338720667e+00
5.645821730728282972e+00
5.324038103684274326e+00
4.867032072486502159e+00
4.694009130497637905e+00
4.939992992935847482e+00
5.430196038714871776e+00
5.911869276206394019e+00
6.314380517891431843e+00
6.798815141079180613e+00
7.563276004181455292e+00
8.600263456222457137e+00
9.647229793461866265e+00
1.039067224616451313e+01
1.074559634268194053e+01
1.095648243449383408e+01
1.142303778005232928e+01
1.239952944931687639e+01
1.382598087006538101e+01
1.542569321059051468e+01
1.696352326595157223e+01
1.842348220323887986e+01
1.995256508468503753e+01
2.164272191344327823e+01
2.337419293519774044e+01
2.488261288181779562e+01
2.599764380526901775e+01
2.683135250050516163e+01
2.772756909701866945e+01
2.899290811599142614e+01
3.062990714244774892e+01
3.230272016913100686e+01
3.357232214874548504e+01
3.420817601170861622e+01
3.431930253995165714e+01
3.420871396664264097e+01
3.410024032175090269e+01
3.399496260025529182e+01
3.378268017939111445e+01
3.347853932665040588e+01
3.331759260814671819e+01
3.356674199393857805e+01
3.420373665262063412e+01
3.479023383454871521e+01
3.473049263298133127e+01
3.374710361551842652e+01
3.215091421513121617e+01
3.061097906165546334e+01
2.957621154552196074e+01
2.886606213424603595e+01
2.785254730447465121e+01
2.612402736805830017e+01
2.401975437246111866e+01
2.246179231697362866e+01
2.213130185352292045e+01
2.270584208324635611e+01
2.293306184345855314e+01
2.161753542238510661e+01
1.872327755245284919e+01
1.557366055567455021e+01
1.385571952466938050e+01
1.421732496607388896e+01
1.569092117602991188e+01
1.651016401998427341e+01
1.564740810051578102e+01
1.371120672571264265e+01
1.237665188077173717e+01
1.283810400172389521e+01
1.468100725558013231e+01
1.621353514310924382e+01
1.597951804319079194e+01
1.409363403133864168e+01
1.219445959695894643e+01
1.205922695668070688e+01
1.411681488287566033e+01
1.715009032199131411e+01
1.938084454137558055e+01
1.991867995875191966e+01
1.932323695703600208e+01
1.891534639681959007e+01
1.958869201509785896e+01
2.119705972167509245e+01
2.292466709622431154e+01
2.412156788458715440e+01
2.478356179226286926e+01
2.535449090498323343e+01
2.621939331746111179e+01
2.744008064035760341e+01
2.887948598038505565e+01
3.040635605524623486e+01
3.187873432514120253e+01
3.299793901351154091e+01
3.337261021909380787e+01
3.289154337169183151e+01
3.204007953571954204e+01
3.169387281667948386e+01
3.240504036958378009e+01
3.379970535818817723e+01
3.474619423364462278e+01
3.427744395572007363e+01
3.248135125258768596e+01
3.051040638059757626e+01
2.964345907931804192e+01
3.022997851260695867e+01
3.147062809416576101e+01
3.219514360210720127e+01
3.186519590070935593e+01
3.087557252459835411e+01
2.997798980711556283e+01
2.951637877838224355e+01
2.925856849790838154e+01
2.888479681056519510e+01
2.846664276624893120e+01
2.833970288870913024e+01
2.854532091237892644e+01
2.859595907691996075e+01
2.799582817053616068e+01
2.702381267529174735e+01
2.680549701696561016e+01
2.832357699124724348e+01
3.120784003247995031e+01
3.363301635503317044e+01
3.374913308014760105e+01
3.151525636084125637e+01
2.915873655693905420e+01
2.955511138220805023e+01
3.375744823015129015e+01
3.986811745128790108e+01
4.440246507675592369e+01
4.508971908174898857e+01
4.271018464180089325e+01
4.036927085071000931e+01
4.086206152614354892e+01
4.443369454885443304e+01
4.880854032619912175e+01
5.130550600275473272e+01
5.109218972353380650e+01
4.969374225395723954e+01
4.954025121304830748e+01
5.197745398164990860e+01
5.636875185852610315e+01
6.074781219029843271e+01
6.320696628128738581e+01
6.292556117336872745e+01
6.039425821369071912e+01
5.707458795843902521e+01
5.481680282551810990e+01
5.509706275496328942e+01
5.816332938102022609e+01
6.258857835845577711e+01
6.587654281382174304e+01
6.609569007032536092e+01
6.343707738613460378e+01
6.025582673600447947e+01
5.923630959517448247e+01
6.105939328651548692e+01
6.367209900728786209e+01
6.402758786103133559e+01
6.090800047009568630e+01
5.627134398127650172e+01
5.374339579548074397e+01
5.546383821135675163e+01
6.009396571639024387e+01
6.382262696995480411e+01
6.350213449447275593e+01
5.912905325647989230e+01
5.355463612320129130e+01
4.989363456400099039e+01
4.911474619324237523e+01
4.987798760476397320e+01
5.038280458901662939e+01
5.014617127594538459e+01
4.999683928814357614e+01
5.060281447097431595e+01
5.135564841603999042e+01
5.089397595310958167e+01
4.864672653819390291e+01
4.561496890322806053e+01
4.344672559862932104e+01
4.277036253800278587e+01
4.263374779495499922e+01
4.172971561425857345e+01
4.008784304701858048e+01
3.927840068291892095e+01
4.070855934173776802e+01
4.373141700147215971e+01
4.570196511301696773e+01
4.422872816566137999e+01
3.956063907074406671e+01
3.469645293318239254e+01
3.289524258769844778e+01
3.486251925169378296e+01
3.835824234036045510e+01
4.061811859048066964e+01
4.103519707334746869e+01
4.116466626348615421e+01
4.228500763146782049e+01
4.354979116217059243e+01
4.256645688167903074e+01
3.789234877583631089e+01
3.139989272922217367e+01
2.802130140875516418e+01
3.203971933525016880e+01
4.247014698675999966e+01
4.826889201324597423e+01
4.568559789876907473e+01
4.272424786776088013e+01
4.127578261074314270e+01
4.152996887395804038e+01
4.214698702770959926e+01
4.020969389956900386e+01
3.231042579731116149e+01
1.842379898502126423e+01
3.227143363767598139e+00
3.031411326932326178e-01
