-2.405125162330970401e+00
-1.224653695390627917e+01
-2.240372197117147124e+01
-2.957707013909799088e+01
-3.185022054601068930e+01
-2.455793272539890992e+01
-1.300432816193499796e+01
-5.857004122507186494e+00
1.680462444628166452e+01
2.667618021544206641e+01
2.200456526559352355e+01
2.299307883239148964e+01
2.044109997662672384e+01
-8.474761710305824813e-01
-1.067964910726733585e+01
-3.353673406107293431e+01
-4.090232388698276367e+01
-4.644698819123239275e+01
-5.524555278320138285e+01
-4.978383171591435996e+01
-4.173181338642131522e+01
-4.003495909832430755e+01
-1.749795109473078725e+01
2.946338429639730805e+00
6.527061577416822580e+00
1.772713589493418596e+01
9.856570071661282739e+00
-1.021820942615894445e+01
-1.824655995881391846e+01
-2.887633459594208318e+01
-3.039552872165746322e+01
-1.609517329711386679e+01
-4.278250238237063030e+01
-5.554266316477038856e+01
4.354873101624423981e+00
-1.557939254324465495e+01
-6.995847093602973743e+00
2.167134812049277315e+01
3.795836789422827451e+01
4.132026871721238592e+01
7.891752997953194892e+01
6.054327032907416140e+01
9.965671286312282007e+01
1.000497482074542575e+02
8.786395122355534681e+01
1.278850963648081205e+02
9.186903979404536358e+01
1.287014037997359850e+01
4.232676861003280777e+01
-2.985319298777327823e+00
-3.114567626996582561e+01
3.536276306820444404e+01
2.319947057564635706e+00
-5.313085684362931715e+01
1.651112282141165366e+01
-2.845447455302791795e+01
-1.389704858773870555e+01
3.232124136853344254e+01
-3.662818820802731068e+01
5.588088643407649769e+00
6.352786642690670504e+01
-9.101397050152328916e-01
8.326654832783431459e+01
9.936919509329527500e+01
1.159636819016947840e+01
9.764952092122828731e+01
7.020636597403299106e+01
-5.556951139113846239e+01
1.327591706144922057e+00
-6.608348362311924973e+01
-1.088038973375742842e+02
2.894939684774584521e-01
-5.102092242912945608e+01
-3.345293681176683975e+01
1.004024599183945128e+02
3.980817154641782452e+01
8.962263297520895833e+01
1.793895679330271662e+02
6.175559817528831275e+01
9.048109720105975384e+01
1.072273481491797185e+02
-4.536336810331155078e+01
3.404156310681308639e+00
-1.669260741876157539e+01
-1.460179788467717117e+02
-4.568735868694975721e+01
-4.857296153087224155e+01
-1.088760724813438401e+02
4.986605038990224870e+01
2.948963468086773076e+01
8.180719369442073230e+00
1.604984867947357543e+02
7.736570558087143468e+01
5.731077382173585022e+01
1.589684931241825723e+02
6.481873132868365417e+00
-3.023243369288849181e+00
5.455423184590750196e+01
-1.166183271541133024e+02
-6.857497336023480727e+01
-1.138139142144875393e+01
-1.382557006931480430e+02
7.019862423478109292e-01
5.856152461147113542e+01
-2.624701846562655305e+01
1.492292787843846327e+02
1.446276650571757045e+02
4.915558716869392697e+01
1.884888690864993350e+02
7.590070462724013112e+01
-3.663597767748571243e+01
6.247908826424249895e+01
-1.076630071724679993e+02
-1.612478130119839932e+02
-3.858637566305348798e+01
-1.809969602447865213e+02
-1.127686600035011679e+02
4.762650930838883312e+01
-5.617470500948267187e+01
9.268674466112811672e+01
2.110246319547004248e+02
7.871807714864627314e+01
2.176706467060398040e+02
2.135415685075114709e+02
2.396763183534980612e+01
1.276699671048245932e+02
2.146647504920197491e+01
-1.537122248897562145e+02
-2.265016845387026478e+01
-1.425954160274214928e+02
-2.097051176597943822e+02
-8.779923329065269400e+00
-1.030384722396344870e+02
-5.707768702052344167e+01
1.583365387043141084e+02
3.782834599728802516e+01
1.196332327499258241e+02
2.503836880442803761e+02
5.091987909531970047e+01
1.201017054291453121e+02
1.400129424721923215e+02
-9.812696931399952405e+01
1.550920909837074646e+00
-2.480475007969481283e+01
-2.011123649026584701e+02
-1.087430639254966991e+01
-3.205892726076379518e+01
-1.058128185955786194e+02
1.457224301619158666e+02
8.865403956191171631e+01
6.066300728599904346e+01
2.702895073338642078e+02
1.066610109230333734e+02
6.893816826637117856e+01
1.823334483839492179e+02
-7.127356693698341417e+01
-7.875915838421406079e+01
-1.062629535879617038e+01
-2.476816930003693642e+02
-1.386520297393307715e+02
-5.061663103224759652e+01
-1.985468319751950901e+02
3.186257727005402884e+01
1.085727434309282984e+02
1.100100981520304799e+01
2.615345331767930475e+02
2.290768373920952854e+02
1.074119778175680722e+02
2.864071132700106546e+02
1.107078545745852978e+02
-2.273690604254787218e+01
1.013532038193689573e+02
-1.354070813325097333e+02
-1.829445062047020940e+02
-3.873896614140227257e+01
-2.349884399281849028e+02
-1.366247776612246980e+02
3.519549262557245584e+01
-1.130397470952597700e+02
7.668090072401628277e+01
1.892280194923136492e+02
2.353466231809420606e+01
2.070584056753740185e+02
1.859777073676286818e+02
-1.617660726129702198e+01
1.382503270669113817e+02
1.338615652326855354e+01
-1.501869154378844087e+02
2.943031400907500483e+01
-1.132506589389309113e+02
-1.585097517196824128e+02
6.892640066199285798e+01
-6.455226034889356868e+01
-5.478416831903700768e+00
2.006900392172483976e+02
2.627273067302900245e+01
1.130218713471588217e+02
2.132009572024651334e+02
-2.883348681441002270e+01
5.869865329036940693e+01
5.586636708959170505e+01
-1.871509584884867365e+02
-4.555777641363492592e+01
-7.818998030270923039e+01
-2.281027051753657702e+02
5.430280279632356155e+00
-2.622268560274412152e+01
-7.243600872596852014e+01
1.928706830775087155e+02
1.051824222590441309e+02
9.110207160039112750e+01
2.832306604516372772e+02
8.397598495050428369e+01
6.108934388018830930e+01
1.500970756252378351e+02
-1.160789349656695606e+02
-9.307451151913016929e+01
-4.152652239023490210e+01
-2.637521626259361938e+02
-1.212089421336359862e+02
-5.345589981954921655e+01
-1.794041895153521295e+02
6.186133398164542996e+01
1.016482810316410621e+02
1.963904819084672226e+01
2.527623817435921865e+02
1.789490208231098620e+02
7.790111557862175573e+01
2.313155378855174718e+02
3.810425222990294003e+01
-5.352356111027189911e+01
5.357501459871728855e+01
-1.664242372096848328e+02
-1.603876467791965013e+02
-3.494395167012655179e+01
-1.998941229970562006e+02
-6.818062587107253592e+01
6.171651888465896718e+01
-6.321945473037752095e+01
1.207360519326033454e+02
1.709006980299786278e+02
2.592348984797925482e+01
1.797573549350436224e+02
1.080214771756870107e+02
-5.185170047913479152e+01
7.538688885948317875e+01
-6.124121549540942766e+01
-1.555758424194496286e+02
1.171526098459395371e+00
-1.209765524603719626e+02
-9.769754926660526451e+01
8.884635247370981403e+01
-1.720856422018023579e+01
7.795827280733278997e+01
2.136789129096667068e+02
6.544033570261169075e+01
1.523349506533358806e+02
1.722544874025249442e+02
-2.839764908117496134e+01
4.203242174312146062e+01
-2.038773555045682428e+01
-1.940257663852579526e+02
-7.716781757849662426e+01
-1.381743739089861833e+02
-2.034178009042142321e+02
-1.268394344447399646e+01
-5.076346053909239942e+01
-2.155390176025017013e+01
1.740570917382974585e+02
9.788345515293300991e+01
1.397134402782425866e+02
2.471642861800244759e+02
8.814019719640225503e+01
1.057955399281288464e+02
1.153965509907398541e+02
-7.659376656725848420e+01
-3.302812660928882593e+01
-5.133703800441730891e+01
-1.832612643828144599e+02
-6.058670031338381534e+01
-6.214500066233222242e+01
-1.066458319766996681e+02
6.330862986658560487e+01
4.048133598752054496e+01
2.880287760358601190e+01
1.605892147739637039e+02
6.283658708907178436e+01
4.029137249935939735e+01
9.917208645923959409e+01
-5.164254517537511902e+01
-5.187499214239886669e+01
-2.021838614388767041e+01
-1.433125009848125160e+02
-6.540189641284629829e+01
-1.803114406848635554e+01
-7.416872645428591682e+01
6.671533270281463501e+01
9.697379195035065891e+01
6.457961252316957257e+01
1.864472688490542964e+02
1.349638749234987074e+02
7.677991398324488159e+01
1.299814261341474264e+02
-7.556201686990675626e-01
-5.751281158403753579e+01
-3.512273477822940038e+01
-1.639166909856664631e+02
-1.457051490560307911e+02
-9.500585066164579473e+01
-1.575202013361519562e+02
-4.756518671987295477e+01
1.831143518609673038e+01
-1.829194078206036522e+00
1.287326519515907535e+02
1.359861075195415481e+02
9.609205717259388280e+01
1.732272281959073439e+02
8.796127022454122368e+01
2.626535583187786926e+01
5.651921702265066472e+01
-6.641815839417847656e+01
-8.403998302778573759e+01
-4.442840650558181892e+01
-1.307700989908812517e+02
-6.194163455754464565e+01
-2.758370504984455351e+00
-4.695371279021586730e+01
6.718107483470460295e+01
8.785130725152136222e+01
3.751875398046657750e+01
1.268009018390742284e+02
6.366461207933751609e+01
-4.702179781349428822e+00
4.901238826962772066e+01
-6.422457681294217480e+01
-9.456117667459400877e+01
-3.141434898207779369e+01
-1.257074601422742433e+02
-6.774537766680634832e+01
1.884736049442578576e+01
-4.172925446294752305e+01
7.658300676550885555e+01
1.294117879465621002e+02
5.686689587140378421e+01
1.636391294586824188e+02
1.224194147085542852e+02
1.694250596183555047e+01
8.915887934846196572e+01
-2.850776761094195422e+01
-1.117226381624974465e+02
-2.959409974170325341e+01
-1.505149185217584318e+02
-1.403175174488614800e+02
-1.823383435173075640e+01
-1.084876952979099229e+02
-7.141051058085551517e+00
1.068614190196750258e+02
8.932196817837905201e+00
1.330090518528499217e+02
1.612932944330884197e+02
1.974691219439424117e+01
1.248376325447322870e+02
5.447822529731055141e+01
-9.081027526049430776e+01
2.618553127021011306e+01
-8.331021353061956347e+01
-1.521771319258647850e+02
1.488638676816624695e+01
-8.968411690743857889e+01
-5.764698876128606742e+01
1.248152210954720118e+02
-2.136070977064882470e+00
7.907992412764619417e+01
1.933593931494866354e+02
2.216657793618217909e+00
8.767843913860394878e+01
9.858904324635042826e+01
-1.265703806355222412e+02
-9.607581499044449913e+00
-5.593631085917237300e+01
-2.254352016237723149e+02
-2.636764896965619087e+01
-8.110329536762128555e+01
-1.451727569993978477e+02
1.155214334709799715e+02
2.710187057475276973e+01
3.050972726682677916e+01
2.591974735109773178e+02
7.559385810222758550e+01
9.232353337760798695e+01
2.215867483147999906e+02
-5.326518444588533185e+01
-4.828424009207459733e+00
4.846199059291276967e+01
-2.279567482222495585e+02
-7.927152431751980544e+01
-4.684141712311892292e+01
-2.432050875284572271e+02
2.015215396814454607e+01
2.138049994950172206e+01
-1.007425878969778950e+02
1.989454556977531752e+02
9.830647662261043251e+01
7.574970732455565958e-01
2.490518259451474421e+02
1.726746004062177775e+01
-4.895272683090455246e+01
1.400382857286259650e+02
-1.572560354107806120e+02
-1.190903282264406613e+02
5.357271043212324457e+01
-2.208539238284666908e+02
-3.647576559213004543e+01
1.125638327386460276e+02
-1.239055914464637596e+02
1.514944365090390193e+02
1.968605331489260664e+02
-4.325902460654474879e+01
2.334084255632881479e+02
1.170251507353263491e+02
-1.215959749332106270e+02
1.358429670709535344e+02
-9.900548755591657368e+01
-2.476798189731275102e+02
3.601353670341462987e+01
-2.243197685135022255e+02
-2.028338247471154432e+02
1.119947680929296894e+02
-1.442398295714542371e+02
2.349666369571170321e+01
2.789223704273769044e+02
-2.159737645409097695e+01
2.000096907793731589e+02
2.934104611542695125e+02
-7.168063157530355056e+01
1.627256711506628335e+02
9.125775065243587392e+01
-2.555234164875216436e+02
3.789257697133836444e+01
-1.156181622743829820e+02
-3.263203190205889541e+02
6.070863532920714079e+01
-1.262799150866828057e+02
-1.708095521256857126e+02
2.403776836333216238e+02
-2.207556825571777637e+01
3.317490946925155981e+01
3.444203653875147211e+02
-3.911557425686305578e+01
6.721047128200542886e+01
2.268673476141792094e+02
-2.220777402575010058e+02
-2.314959136061098377e+01
3.497943138751882231e+01
-3.532157254825927453e+02
-4.146820088397802806e+00
-2.160266194851583776e+00
-2.615306735040526860e+02
1.964115390409932616e+02
9.672126367101628830e+01
-7.142162945584118461e+01
3.682522406795043253e+02
9.245270386490729209e+01
-2.906784580818124653e+01
3.087797657383907222e+02
-1.215240666034626429e+02
-1.475451018080165682e+02
1.151878109861991817e+02
-3.450661597462679424e+02
-1.811099650088028739e+02
5.421083882618597727e+01
-3.370409934939523282e+02
2.226726414752365457e+01
1.832119514208793873e+02
-1.532163100536216120e+02
2.873226900944555950e+02
2.616335664723524133e+02
-7.171987541666693744e+01
3.393511370675039416e+02
9.056203112277977141e+01
-1.998507931136425100e+02
1.824270260605172780e+02
-1.941696040772526430e+02
-3.171726726189135661e+02
9.105342503565125867e+01
-2.978244053486184839e+02
-1.864842072844157883e+02
2.177094206050766445e+02
-1.730091353741554485e+02
1.012409332036776277e+02
3.698603771376564850e+02
-8.079185992267451866e+01
2.424458745085620421e+02
2.808553810815580505e+02
-2.118219792511655157e+02
1.430649319569287172e+02
-2.747768061541997042e+00
-4.027822442935241725e+02
4.804833914895927194e+01
-1.731608476425810750e+02
-3.606448762042296607e+02
1.842978002861752316e+02
-9.097905674438057133e+01
-8.598251884750401075e+01
4.199042398411343129e+02
1.668710859428030346e+01
1.115893841466642584e+02
4.354313924741297797e+02
-1.158781623035049648e+02
4.374130157417133091e+01
1.787782489546380589e+02
-3.958595171577759402e+02
-8.669781026698727544e+01
-4.487721919277491622e+01
-4.803814868207886093e+02
2.627814597204670122e+01
5.788984802790281492e+00
-2.560493227288372395e+02
3.405707830978632273e+02
1.636242274922817899e+02
-1.174117231483171508e+01
4.990838465044332111e+02
8.637881958530769566e+01
-4.130592299815977952e+01
3.219631393629151148e+02
-2.449339138289437585e+02
-2.252034874095767805e+02
6.782872938198715929e+01
-4.723013783935944048e+02
-1.939170627549354720e+02
7.728241190326721721e+01
-3.499185590504936272e+02
1.382825378078725862e+02
2.866972428337163024e+02
-9.486564380296847787e+01
4.249596913933445990e+02
3.087034171416647155e+02
-8.742916526605408478e+01
3.574400645846247926e+02
-1.204779847128543580e+01
-3.254679664292498273e+02
1.029907941655103230e+02
-3.508729691225937017e+02
-4.112742046073404367e+02
7.644637107821671407e+01
-3.380613536424020822e+02
-1.157666874208893262e+02
3.442204086196785511e+02
-8.175723295412898040e+01
2.695425026196737122e+02
5.070280424642488697e+02
-2.575985335031396062e+01
3.159994718451139306e+02
2.575260539799331809e+02
-3.137009818000148016e+02
6.141121606242752762e+01
-1.599652758270179618e+02
-5.566953329285914833e+02
-2.977760233341314233e+01
-2.625885272541555082e+02
-3.668249594337817143e+02
2.709428148240332916e+02
-7.192020452817757814e+00
7.281495115453921585e+01
5.978686420886774613e+02
1.299090132182056152e+02
2.302594662353401702e+02
4.804278354037429608e+02
-1.730718384819612936e+02
-3.011999578377480447e+01
2.559922851602875937e+01
-5.874648411057524982e+02
-2.289478893911154387e+02
-1.895835115480792865e+02
-5.560305472612710673e+02
6.087095138737579703e+01
7.899615959772194174e+01
-9.016053732826654254e+01
5.662221211463755708e+02
3.609064493333207224e+02
1.930941655053753436e+02
6.381450003006845009e+02
1.076909241293163859e+02
-8.118562417288343624e+01
1.657490809679272274e+02
-4.891912110195601713e+02
-4.691733391060573126e+02
-2.006363499007623261e+02
-6.808567213404921858e+02
-2.751847729655254966e+02
8.379568364783474976e+01
-1.849761407729241682e+02
4.444299866717633449e+02
6.489656984882790312e+02
3.496779431899004180e+02
8.569058655455223743e+02
6.428620167364266536e+02
1.759202851570822190e+02
4.549891646570856665e+02
-8.303879639052274797e+01
-4.845212702245318042e+02
-1.852066915943093193e+02
-6.717847920731787781e+02
-6.627454913107985703e+02
-1.328478132263690838e+02
-3.914820214744546547e+02
8.672121316231653054e+00
5.552103499220428375e+02
2.635521938676220088e+02
6.429688812535282523e+02
7.654308948783013875e+02
1.321061280607180493e+02
2.287568553838545427e+02
-1.356918090843844027e+02
-9.059643534990641456e+02
-7.685882024207380709e+02
-1.085951449645791854e+03
-1.326654503515111401e+03
-5.570391338550713272e+02
-2.609157955931989363e+02
4.205900178544515597e+02
1.889643036096021660e+03
2.652511940463289193e+03
3.798496288174049369e+03
5.205341015682552097e+03
5.585759886872579955e+03
6.238319036824740579e+03
6.647488699106907006e+03
5.958588678588711446e+03
5.631579877512656822e+03
4.877841874733847362e+03
3.368717058449490196e+03
2.556694555413476337e+03
1.409103004072486101e+03
5.432931504386382926e+01
-3.103434160413254972e+02
-9.576754089650531796e+02
-1.423601387975848866e+03
-9.461259616099687264e+02
-9.404227263005354871e+02
-6.620092901212955212e+02
1.915535241271492168e+02
2.746326675795311303e+02
6.134451989555922182e+02
1.128106755658247721e+03
7.566631133179596418e+02
7.601973070065727143e+02
7.351289216694302695e+02
4.385380273030364151e+00
-9.452619002595145048e+01
-2.848734147029933297e+02
-8.722095204561333048e+02
-6.479264561009431418e+02
-6.356903001291587998e+02
-8.030948761811849863e+02
-2.126177532900758820e+02
-7.603323567519515791e+01
-2.030093280036794567e+01
5.805159040697005821e+02
5.051722844195554671e+02
4.694464645698873255e+02
7.860038725177721517e+02
3.795181600669305908e+02
2.355487001213124358e+02
3.338616445786144595e+02
-1.789388693091812002e+02
-1.920686422282136903e+02
-8.218318389945174829e+01
-4.461183731092397693e+02
-1.973327248909012042e+02
-3.031710121045558992e+01
-2.447079356803158703e+02
1.288375654357737972e+02
1.862374352532482931e+02
-2.945422373864894894e+01
2.753933081069701529e+02
1.188378394853718021e+02
-1.207513754726495989e+02
1.138858807688166763e+02
-1.446184915025042983e+02
-2.565469035034221292e+02
3.091141322181708517e+01
-1.669275787607547841e+02
-5.804205054078046544e+01
2.841021732937219895e+02
1.283520331713962719e+02
3.365560921046960061e+02
5.513967800983812140e+02
2.837788304425806132e+02
4.003666059965365207e+02
3.482421161436556076e+02
-6.755784276184294868e+01
-4.404801541436299317e+01
-2.618420022135439353e+02
-6.310531224649295154e+02
-5.107175315122024131e+02
-6.554917562116407908e+02
-7.570379132163977829e+02
-4.104061907844904908e+02
-3.901743408922680487e+02
-2.270894826457027023e+02
2.240120244493591599e+02
2.602473606380939941e+02
4.610890905364929040e+02
7.488630054470127106e+02
5.862676119330742495e+02
6.337056819362173883e+02
6.395207632791400556e+02
2.811879344213519403e+02
2.258444210916505597e+02
8.126056762299623415e+01
-2.703906703650930012e+02
-2.508348635320284927e+02
-3.554016054566000662e+02
-5.311840079339062868e+02
-3.516493614338157840e+02
-3.724736692532358120e+02
-3.822286366858326119e+02
-1.301809494985117226e+02
-1.447356432472284382e+02
-9.903619428330922858e+01
1.025572870770400300e+02
1.855158833675653085e+01
6.071470890178315472e+01
1.904514006046897805e+02
7.333547156169503012e+01
1.489969966766834659e+02
2.425146757217812308e+02
1.411006665681741765e+02
2.421742378688541351e+02
2.845505074782936390e+02
1.756545354900465838e+02
2.596367367112175089e+02
2.072301190071564747e+02
4.697976347345166914e+01
6.089274277488795661e+01
-8.047904037019286250e+01
-2.341470984236925403e+02
-2.499365499576965419e+02
-3.734325717947940007e+02
-4.331515648865626531e+02
-3.565764706559073716e+02
-3.887239085877585012e+02
-2.921127522656207702e+02
-1.280021593542502956e+02
-6.109899060802167980e+01
1.166949124303536252e+02
2.892660965348871969e+02
3.269533300653994843e+02
4.228835756838599877e+02
4.446525060001233669e+02
3.591095417925674838e+02
3.273373425897354991e+02
2.335807303029436639e+02
7.663927173121929570e+01
-6.687475005323923583e+00
-1.289134672782563484e+02
-2.196081861651435645e+02
-2.384558426129278246e+02
-2.779997967643400898e+02
-2.723070402534159484e+02
-2.156925268006363865e+02
-1.841293827796630183e+02
-1.177986937364545810e+02
-4.265827794678551044e+01
-5.287492606872962853e+00
4.806554161380608292e+01
9.664397067923039231e+01
1.067037606243360557e+02
1.095441738938664145e+02
9.460461398714822678e+01
6.975958159832607919e+01
4.586952115113895445e+01
1.968677382884227711e+01
-7.559006368035632306e+00
-2.446557403226611171e+01
-3.184729214638752026e+01
-3.614114947260421218e+01
-3.104271999045977992e+01
-1.925099652727245569e+01
-1.065802229135550583e+01
-9.879141557573596355e-01
9.006801389322466989e+00
1.347442911346625571e+01
1.797219115378214127e+01
1.870713348642407325e+01
1.106525442881784471e+01
9.071900675538385528e+00
5.149965180715629032e+00
0.000000000000000000e+00
