-2.419123532574240176e+00
-1.229879159246477371e+01
-2.245635686780550699e+01
-2.966590486440239971e+01
-3.194976893422113307e+01
-2.460566028602621103e+01
-1.306211169994230836e+01
-5.904636199879851333e+00
1.691648314886494475e+01
2.665024746553415014e+01
2.203900093898488421e+01
2.313960927345351593e+01
2.037792989541093291e+01
-8.921560350638226833e-01
-1.058606062331222653e+01
-3.381336728656113166e+01
-4.094443707221496709e+01
-4.653815582463576561e+01
-5.556718424621490726e+01
-4.980169427111749769e+01
-4.189364773014893473e+01
-4.030376756316977804e+01
-1.738349551159090822e+01
2.803513284657017213e+00
6.397190475609932925e+00
1.793471083791722265e+01
9.630054467314849376e+00
-1.032945936097860162e+01
-1.816203812942937290e+01
-2.923525547362221744e+01
-3.047189867717240830e+01
-1.606812004128662608e+01
-4.328915840339223564e+01
-5.554433962534371005e+01
4.498307806293643907e+00
-1.630361124804578665e+01
-6.595519495501644514e+00
2.165207011464842424e+01
3.749540043311736071e+01
4.178734226664317930e+01
7.904775602721319672e+01
6.009625678905864987e+01
1.005232979343378048e+02
9.989861315058416835e+01
8.782106531973145991e+01
1.288497227171192776e+02
9.139916647214759848e+01
1.289942465767238033e+01
4.319440920378617932e+01
-4.041249228051025710e+00
-3.080767932030252254e+01
3.604681349192458129e+01
1.058210574463114284e+00
-5.264094073024801901e+01
1.709625346787601785e+01
-3.004303704418787646e+01
-1.287392537318971009e+01
3.243406636694464851e+01
-3.810518008768087839e+01
7.036376577992953685e+00
6.321688213816782564e+01
-2.031304955652075250e+00
8.523921928159327877e+01
9.849563633952473651e+01
1.103757993473148424e+01
9.973499236010189861e+01
6.867875010578350725e+01
-5.580596145509264261e+01
3.025465263547218342e+00
-6.836238029543564210e+01
-1.084779012246976322e+02
1.427880690244656137e+00
-5.332846068153087060e+01
-3.234565960855287869e+01
1.012003476689150858e+02
3.792379327264477240e+01
9.150321490017879000e+01
1.797346465540492773e+02
6.037270734003733708e+01
9.253043227454296016e+01
1.068634130469840642e+02
-4.648023448370713595e+01
5.116985168989501176e+00
-1.778724509350610106e+01
-1.468428847812322715e+02
-4.449432905113320658e+01
-4.984875844398758460e+01
-1.092568360491451216e+02
5.083834234627512672e+01
2.853477876975534855e+01
8.317131146689362708e+00
1.613307078246427295e+02
7.690108173863255558e+01
5.756901817108753505e+01
1.595812170735509596e+02
6.303295592334265507e+00
-3.161164116653424117e+00
5.492129929970333535e+01
-1.167156150519094950e+02
-6.938612132283398637e+01
-1.086393083822755301e+01
-1.383023480082600258e+02
-5.528927527747526938e-01
5.983382576751796478e+01
-2.628141246932771224e+01
1.478185452902272914e+02
1.469690183622758184e+02
4.861559809706575663e+01
1.870202208933178554e+02
7.905749830684877111e+01
-3.846200114753209220e+01
6.108871521834061724e+01
-1.040571417697653231e+02
-1.648005436068482936e+02
-3.920538917625962938e+01
-1.770992973396631101e+02
-1.178292666759143543e+02
4.882396910307336668e+01
-5.221246595435979287e+01
8.653026201796946282e+01
2.147478933654315369e+02
8.188633824173231801e+01
2.106594563821957991e+02
2.197720533846969033e+02
2.499869829870460336e+01
1.201277818523645493e+02
2.984690988884466378e+01
-1.559319991031734673e+02
-2.972901798546025987e+01
-1.323523019626450719e+02
-2.155528715072030366e+02
-1.376821845105332898e+01
-9.133566628050893144e+01
-6.644445632227359511e+01
1.570188583843703896e+02
4.988623965242533131e+01
1.069362451500749955e+02
2.536558600775575769e+02
6.144311501510502183e+01
1.044544354234153332e+02
1.482254267326350146e+02
-9.119467275478385204e+01
-1.589479326982367979e+01
-1.150176696614636285e+01
-1.993038876555312413e+02
-2.800635370033590732e+01
-1.380156408051325911e+01
-1.101000206134351203e+02
1.314141018894589479e+02
1.108349640628967165e+02
4.954817604314386870e+01
2.609704271372774542e+02
1.305507177660463753e+02
5.060463413956973966e+01
1.796931598076968157e+02
-4.856548564750605124e+01
-1.036870500797931953e+02
-5.092743514751617795e+00
-2.289344257760988057e+02
-1.681117596501620142e+02
-3.572528012229331296e+01
-1.862096335941086807e+02
9.509764165911605005e-01
1.329396583098076121e+02
1.456180444725351997e+01
2.324609966588892860e+02
2.613809790304883336e+02
1.000267634328348265e+02
2.623579466348705864e+02
1.480176603922810727e+02
-4.223494052238994811e+01
8.560534778676991152e+01
-9.664297325421811991e+01
-2.139479830606076689e+02
-4.291083167892976036e+01
-1.985441884786275182e+02
-1.767955759295521432e+02
4.504796104892325559e+01
-8.304576540874616342e+01
3.074379945625327082e+01
2.137897922243427047e+02
4.266354304376361739e+01
1.593913100444970041e+02
2.239706546814632873e+02
-1.178786345206059494e+01
9.362122963870392311e+01
6.207337870569659799e+01
-1.627945042332740968e+02
-6.704016874949530802e+00
-5.767639357692689828e+01
-1.883126728088506923e+02
4.661822828466083024e+01
-7.084219830421744746e+00
-5.093049495206093980e+01
1.962105883473568042e+02
7.943088010798447840e+01
5.491709454472001539e+01
2.285562793665558274e+02
1.337425309120051509e+01
-7.417100385472650714e+00
9.117259231834552224e+01
-1.616690109415760048e+02
-1.132449012247198397e+02
-2.453480239095696902e+01
-2.233664817578641362e+02
-5.625782475053571829e+01
4.214962536805035143e+01
-9.059702619083768127e+01
1.445387257558028580e+02
1.822722334296431086e+02
4.973000881550313323e+01
2.543090970070179537e+02
1.618924544225195632e+02
-1.525209033064996333e+00
1.449953072849791056e+02
-4.582144113053406898e+01
-1.721221538572956149e+02
-2.017162759723751719e+01
-2.090048991005454297e+02
-2.092517619509604856e+02
-5.367831211733040675e+00
-1.468312325397801601e+02
-2.625828795070208344e+01
1.735885045304874552e+02
2.485267083967431034e+01
1.736888716656665679e+02
2.686001435294346038e+02
5.278865410451186335e+01
1.699107206078552679e+02
1.369762932147189929e+02
-1.086629594429562076e+02
1.753130006504624205e+01
-6.794961991440264626e+01
-2.415363863254991941e+02
-3.974484820151112530e+01
-1.117946603420696476e+02
-1.682077327334320387e+02
9.093038917009400279e+01
4.671612755884979151e+00
1.100277934111777256e+01
2.329638916862739393e+02
6.489248288575372214e+01
7.079154285854158957e+01
1.980709709365124240e+02
-4.787663920200742496e+01
-2.152811056148333080e+01
4.907736030010814687e+01
-1.888161408546436917e+02
-7.258641208605411066e+01
-3.342409406271542593e-01
-1.663513062999528529e+02
4.749918362494986468e+01
1.019756967450768173e+02
-2.082565883592947387e+01
2.105860192095681498e+02
1.704465236683827811e+02
3.174984423909768694e+01
2.092428497596714294e+02
5.049625712064274552e+01
-8.919030954556174606e+01
5.467435430070175784e+01
-1.505630764621887749e+02
-2.057398055921782714e+02
-3.070536809967049408e+01
-2.010737284139490555e+02
-1.248450922819859130e+02
7.974251188565277459e+01
-6.217996028935423425e+01
9.054893297339023661e+01
2.387812991507035179e+02
5.823928829676477648e+01
2.016774186652075400e+02
2.249718825623569955e+02
-1.006707364932802307e+01
1.138544110144446364e+02
4.192300550435064821e+01
-1.725418757187015046e+02
-6.922807212150825507e+00
-9.550693297863017506e+01
-2.098916529176561312e+02
2.560037367990442547e+01
-5.942641937270565933e+01
-8.072730244300909419e+01
1.639160188252764385e+02
2.915616823287971471e+01
3.637557732689461432e+01
2.100406891572108918e+02
-8.026103088405312391e+00
7.744311921284872113e+00
1.048220721600669947e+02
-1.452825342876729451e+02
-6.848121394641351856e+01
7.007762934633017693e+00
-1.951654021828288137e+02
-1.673166755161087593e+01
5.488726436110181339e+01
-8.684500804387745632e+01
1.489211876133067278e+02
1.586620167897932845e+02
2.392925145528639064e+01
2.330064653014530620e+02
1.252119988828656574e+02
-2.553270842971491561e+01
1.340536339421823016e+02
-6.063090588853246743e+01
-1.676916171916159328e+02
-5.176130922473376472e+00
-2.006101598696570818e+02
-1.904418198690508461e+02
9.817533886210824789e+00
-1.491631996666828002e+02
-2.961984006793950286e+01
1.573077906638984871e+02
-1.002299736587028889e+01
1.407183582158840807e+02
2.304812885430974916e+02
1.055003444624551889e+01
1.450918270920193436e+02
1.218663434682705429e+02
-1.139431953512331290e+02
3.786860005398453666e+01
-3.694245060331687114e+01
-2.051941704430500693e+02
1.083717877911661986e+01
-6.801721295703853798e+01
-1.373040981178425000e+02
1.179976553006862048e+02
8.317176359138169772e+00
-7.029927476563102573e+00
2.089508177090157517e+02
2.060955136006040078e+01
1.765755890943344397e+01
1.556549166416183425e+02
-9.399406177826892872e+01
-5.681730027839296326e+01
3.875102248402147609e+01
-1.965025479142967697e+02
-6.544301754375028679e+01
2.562367076926136633e+01
-1.512972392925460667e+02
6.529842393072395623e+01
1.209761034963939039e+02
-2.874858280374247954e+01
1.993485791495670298e+02
1.546825936465787663e+02
-8.386046487189261711e+00
1.798814588692963525e+02
2.803128924485003637e+01
-1.193128395280809855e+02
5.510750603287772265e+01
-1.359350665854325655e+02
-1.924837256889729247e+02
1.400778147571763554e+01
-1.580801801800983526e+02
-9.788929528373336098e+01
1.196489975974112951e+02
-5.185544288693751724e+01
6.995588005954677158e+01
2.198697977183698526e+02
-3.839110741356392964e-01
1.236584444884059195e+02
1.636219430743449266e+02
-9.417778619408898066e+01
4.448469038053403324e+01
1.425301239554877952e+01
-2.042238894157823665e+02
4.732695590471109881e-01
-4.481504450879036483e+01
-1.712040408351502379e+02
9.689471377397524066e+01
2.490600560685518872e+01
-3.734589283995286024e+01
2.198738301859167450e+02
6.426788001158277552e+01
1.489157384736587808e+01
2.007827234870245547e+02
-4.606493782930708392e+01
-6.927366191880089730e+01
6.551633708435014114e+01
-2.010092666375980457e+02
-1.308114420600653887e+02
5.196856086743437686e+00
-2.117239738450566051e+02
-2.396328387016477279e+01
1.026052558700038020e+02
-7.657372073607328389e+01
1.649039866640177934e+02
2.050862708829595817e+02
7.564468693091541240e+00
2.254367315628066422e+02
1.335040400567481527e+02
-8.108013578608522209e+01
1.135931580876128919e+02
-6.287510200917612480e+01
-2.150034181496059489e+02
1.375017543247315643e+01
-1.685182340002876913e+02
-1.929880972237827166e+02
8.042259124413007498e+01
-9.753403072453470202e+01
-2.074697436250491478e+01
2.226315690280055435e+02
-6.317164411887830511e+00
9.999976283999551185e+01
2.361612425762637315e+02
-6.398311126154987960e+01
5.775891588299214874e+01
9.469700892602151043e+01
-2.088657686442282397e+02
-1.616365438983028469e+01
-1.651603117929758469e+01
-2.399090039690022991e+02
5.293321190706196688e+01
2.748352539672264072e+01
-1.114382737590579353e+02
2.196686018890802643e+02
1.069052854650998796e+02
-4.095772290575105501e+00
2.753259543409309913e+02
3.162599466138811977e+01
-6.314803121896007099e+01
1.500184194235214932e+02
-1.716497718179975323e+02
-1.783858194103606252e+02
2.470300031449529143e+01
-2.779835904309773582e+02
-1.311228171612681876e+02
8.031063318653386318e+01
-1.756827344913365607e+02
8.974859188828737899e+01
2.334434797473381309e+02
-3.107229256959440278e+01
2.542140651149523194e+02
2.411890247704810122e+02
-6.235706144542297125e+01
2.006875630847745242e+02
3.931361376370556115e+01
-2.322749180650414473e+02
5.855838031853905079e+01
-1.609778642792085748e+02
-2.947887065878238104e+02
6.586539921018982113e+01
-1.605967760797946653e+02
-1.369496552270800294e+02
2.336096595890120398e+02
-4.366703186834705264e+01
6.369531570134275000e+01
3.302260132012935401e+02
-4.901350860496746265e+01
9.013212799003959219e+01
2.102483077398555622e+02
-2.231369592801413546e+02
-9.618032785816282626e+00
2.092578889254806995e+01
-3.492680655672850207e+02
8.190833533463077742e-01
-9.752605396474734789e+00
-2.569974756072050468e+02
1.954982208393141434e+02
9.723008650307670564e+01
-7.087180756698647599e+01
3.651825683162304017e+02
1.001049518407863843e+02
-3.618007313813203041e+01
3.079220889269499253e+02
-1.096660663664263922e+02
-1.638564898095913236e+02
1.211626825169144581e+02
-3.331085730963343394e+02
-2.054804093763185620e+02
7.088991035619426384e+01
-3.298421169488535725e+02
-6.810262928750070444e+00
2.123766725616304711e+02
-1.560156100044654863e+02
2.583172590613563102e+02
3.022312742160156631e+02
-8.915852404787507623e+01
3.161764818032663129e+02
1.389856287229250711e+02
-2.345317557952293726e+02
1.714558285641290354e+02
-1.433582185663368023e+02
-3.686855122941585705e+02
9.830282037370407977e+01
-2.514324395197180024e+02
-2.514528524982636668e+02
2.472941213648758776e+02
-1.388557662614624348e+02
2.854980413978726972e+01
4.227614394593306315e+02
-6.675174570419754616e+01
1.696880552793035122e+02
3.546835997550002162e+02
-2.241744413557651114e+02
7.949787911658542328e+01
8.667421112739057776e+01
-4.447076024195347372e+02
3.614632684863737566e+00
-7.607655891198498921e+01
-4.316539243387989018e+02
1.678959468320476276e+02
3.470313497228335819e+00
-1.820878151052783664e+02
4.376166554229565691e+02
9.666137584783001557e+01
-2.309437215394286369e+00
4.895852519499373443e+02
-6.200996084882070392e+01
-7.740590958951490563e+01
2.677952570076773782e+02
-3.775141998689098273e+02
-2.019572935371303117e+02
7.346106665088744592e+01
-5.034471981457427319e+02
-6.905554639852469734e+01
1.437755380306925872e+02
-3.223663211991822095e+02
2.779376516230645393e+02
3.078406855446931445e+02
-1.187339605823133297e+02
4.790046595771534044e+02
2.211756931529478720e+02
-1.814951609094133289e+02
3.504674113371177100e+02
-1.352201909707651737e+02
-3.862253949904468868e+02
1.463997181382992210e+02
-4.014216460206906731e+02
-3.597349189617605134e+02
2.019832371784251563e+02
-3.284542119792733956e+02
-1.475315960938302950e+01
4.477295159292207813e+02
-1.291449384299051815e+02
3.017452480609887857e+02
4.911839136979013460e+02
-1.782327061477569146e+02
2.790114764012312207e+02
1.738037591071836800e+02
-4.670542570047804816e+02
8.083324151592711360e+01
-1.808344721619929203e+02
-5.916002522501281646e+02
1.168597515878455795e+02
-2.024302844955842033e+02
-3.179789120778742699e+02
4.467782928046937059e+02
3.099768558291849274e+00
6.518158066790053340e+01
6.641495628640625455e+02
-3.759419680570529998e+00
1.304033679806741191e+02
4.554203532529556355e+02
-3.602666759951084146e+02
-8.507148814804814663e+01
6.029572678958317766e+01
-6.700404710228075373e+02
-1.196583787891411390e+02
-4.143226437300469200e+01
-5.379502910435480771e+02
2.497328294672321078e+02
1.920049791642255457e+02
-1.409845240645718150e+02
6.501725622627748180e+02
2.852877401451088986e+02
-6.221220547610968765e+00
6.034227033480208320e+02
-7.947666624856128692e+01
-2.658465130087071202e+02
2.092911834668274196e+02
-5.673117053868330686e+02
-4.393179423124576033e+02
3.837636891904320180e+01
-6.135071141798443932e+02
-1.014318399951729930e+02
3.293875720399788065e+02
-2.218005690317403946e+02
4.699210476790335065e+02
6.084557048151598337e+02
-1.725906814247778698e+00
6.191830742305816102e+02
3.266946152141252355e+02
-3.211400376580832017e+02
2.280035876574042391e+02
-3.216947502259266685e+02
-7.306216967406405729e+02
-6.126872033811422114e+01
-5.827394890713098903e+02
-5.316214264191289658e+02
2.879635730956708244e+02
-1.675411274700177842e+02
2.191392791505074342e+02
8.982079092225960721e+02
2.828650860875123954e+02
6.858304846513141229e+02
9.122703506251505132e+02
2.999301879139764537e+01
3.561627586182195842e+02
1.795070552894706566e+02
-6.957408402725698124e+02
-2.005270112901384607e+02
-4.424299052082216122e+02
-9.182875509758700900e+02
-6.185306943400010482e+01
-2.186588130982966049e+02
-2.657303011199653611e+02
7.060557696115190538e+02
3.616672992334915193e+02
3.769500285326940343e+02
9.811035110361913212e+02
1.447907405934827807e+02
-2.246439393852725175e+00
1.232756977920737285e+02
-9.803424510539053927e+02
-9.409777939350871065e+02
-8.093540777447724395e+02
-1.480455554552437206e+03
-6.530085970255446455e+02
5.786409249310324299e+00
2.029698422570544949e+02
1.879751469891797342e+03
2.882375859496417434e+03
3.538781506578212884e+03
5.281967928249846409e+03
5.755449768258014046e+03
5.962417744301103085e+03
6.802355590674531413e+03
6.051293468053533616e+03
5.367355669615839361e+03
5.095122694909388883e+03
3.376024602429510196e+03
2.330899353249484648e+03
1.666853592139547345e+03
-2.345505680977321106e+01
-4.753265677423953548e+02
-6.857304822679859626e+02
-1.577888204047684440e+03
-1.034830907429245599e+03
-6.820171417035741115e+02
-8.767182532515644198e+02
1.866399072104974834e+02
4.936589198374208536e+02
3.607127288226681685e+02
1.206202520896527858e+03
9.153644420253721137e+02
4.956699456892808371e+02
8.872901052617511368e+02
8.837624411713784411e+01
-3.439437286417166320e+02
-7.532553654296862078e+01
-8.697256173088602509e+02
-8.579167861497286367e+02
-3.912488910853463722e+02
-8.808028974235875239e+02
-3.635196893656664656e+02
1.777261962595192415e+02
-1.684319621928991921e+02
5.020960874711485076e+02
7.429023331716841767e+02
2.678862520362862938e+02
7.861367323025136784e+02
5.783277303469145636e+02
2.658056048196229426e+00
4.101261284362006450e+02
-3.741457763665010816e+01
-4.322419335248026186e+02
5.982589028190332670e+01
-3.743544251134884462e+02
-4.208815009971245900e+02
1.604119117973826576e+02
-2.473130322919801358e+02
-5.673974596309177798e+01
4.049591771103646352e+02
-1.030096155277329473e+02
1.450821065927885343e+02
3.427757506741475027e+02
-2.543126910950080912e+02
4.949750416970759659e+01
6.235232562952738533e+01
-4.341850496495066523e+02
3.567552159342066886e+01
2.865937000613087093e+00
-2.600493038834297863e+02
3.534121635442941169e+02
2.459591369336015703e+02
1.311501284774299165e+02
6.749723238050072496e+02
3.403138888928093593e+02
2.127343882897302478e+02
5.105789795486156208e+02
-7.344840866491848885e+01
-1.962280981735803493e+02
-7.873783623598291115e+01
-6.951091429898575598e+02
-6.142858201624624144e+02
-4.717659591512343127e+02
-8.689565966161521828e+02
-4.591847526319078838e+02
-2.238929482129080952e+02
-3.726528341485621354e+02
2.311061189210469138e+02
3.928445117923691328e+02
2.996469667266715078e+02
8.062815033964624263e+02
6.757637701622593340e+02
4.738082075936592901e+02
7.382631253342185573e+02
3.212415083746353730e+02
8.527138445508410314e+01
2.062307871714786813e+02
-2.784890503472382761e+02
-3.620264244636046556e+02
-2.176482998019013735e+02
-5.833540720822109051e+02
-4.241990535702287843e+02
-2.398470356639820693e+02
-4.652712482242193914e+02
-1.633228839304340454e+02
-2.737636138110944017e+01
-2.029930677332038726e+02
1.095556114006855779e+02
1.096694410328806271e+02
-5.063293839284558828e+01
2.323380023525078286e+02
1.330981755440181473e+02
4.098469125211038744e+01
3.102107962465368018e+02
1.666666873483260645e+02
1.478107595118436848e+02
3.677120221051990256e+02
1.704845821287891567e+02
1.870903438020288831e+02
2.929213437132751210e+02
1.480315220046357183e+01
2.052417441845953050e+01
-5.939598940826002149e+00
-2.812802506085559457e+02
-2.667976576003972582e+02
-3.065914244437346383e+02
-4.952356551552747987e+02
-3.466719166506694592e+02
-3.426184214496598202e+02
-3.521153471211670194e+02
-1.052734070112067712e+02
-3.037963994340355356e+01
6.267791115291258564e+01
3.206419056104643914e+02
3.384711007446919098e+02
3.823589524003201632e+02
4.778336565848529744e+02
3.586115889971600836e+02
3.002267558497587174e+02
2.656991720368790197e+02
6.223739342173035993e+01
-1.665386388245995519e+01
-1.049194161492800674e+02
-2.362562485235592646e+02
-2.415888091011686072e+02
-2.615320691000273428e+02
-2.879643691057215165e+02
-2.136720060512269015e+02
-1.749047884977662193e+02
-1.289196615826164418e+02
-4.009664442279205332e+01
-1.888600530877369010e-01
4.288071368913830383e+01
9.898878081686972052e+01
1.078530314779897310e+02
1.083462064354448984e+02
9.556342689102693555e+01
7.224003084548967024e+01
4.456026288748755348e+01
1.974067235097888684e+01
-4.790866583808726986e+00
-2.599653453749435172e+01
-3.200527671235344229e+01
-3.376778983653854738e+01
-3.303240844228406559e+01
-1.906713973301040355e+01
-8.999685488753684126e+00
-3.284204210146301151e+00
1.012287505883694827e+01
1.466943350510527111e+01
1.562971247240655615e+01
2.028924010764786345e+01
1.127964897166653557e+01
8.269344430100538546e+00
5.908090305996223535e+00
0.000000000000000000e+00
