1.711317365916207089e+00
9.718456212137679628e+00
1.938188207532615692e+01
2.216546300472843001e+01
2.246541360220891548e+01
1.879139943234433474e+01
6.076708830362263392e+00
3.217683082785324888e+00
-5.631574435252302280e+00
-2.091418798611646324e+01
-4.894447225454221950e+00
7.251244618553623233e+00
-8.826805416032600604e+00
2.101237062410710621e+01
3.781742796644596183e+01
2.563362470122014969e+01
4.131814112231125335e+01
4.565254043892593927e+01
2.398302080110182288e+01
4.030371893961599028e+01
2.190767819489751389e+01
2.509618661647957083e+01
2.728736242235837040e+01
6.320046219475448979e+00
1.694328109835927165e+01
4.505682871065769746e+01
1.988521065464988169e+01
6.222241560004927408e+01
7.943298479906189868e+01
5.267717898382351649e+01
5.584118298803034719e+01
5.807907375067254918e+01
3.887049190197920012e+01
7.846450927784631801e+01
2.361510467460639973e+01
9.773535635410041778e+00
7.868628584235391088e+01
3.531534091732434177e+01
-1.180223392119414427e+01
9.080349584480204328e+01
1.110306598534469558e+01
-5.523966982551760552e+00
4.256155859538549180e+01
4.623773748849275833e-01
-5.155544141462355157e+01
3.732759350181964919e+00
-6.702718583180079293e+01
4.092157157357642916e+01
1.010221955499640956e+01
-2.772991281609603931e+01
5.624025791246783967e+01
2.814518970909848861e+01
-1.041374627652187996e+02
1.491722921970636548e+02
4.883925492827006565e+01
-5.383774446775848332e+01
1.054762608167796287e+02
9.774843058855833533e+01
-6.454900998387591926e+01
1.440720884941068221e+02
-1.729338613770588040e+01
-2.209011376040125185e+01
1.723448341004308304e+01
-6.467292995055356641e+01
-3.655573115955349550e+01
8.688692517070168719e+01
-1.664458800072238773e+02
1.266433071606196563e+02
1.615403299456212380e+02
-2.546811925953271327e+01
1.088276376969542696e+02
2.138929574947128458e+02
-1.233611808555805709e+02
9.396731811982121485e+01
2.018316152067204428e+01
-8.909137737813557578e+01
-6.620320023406985399e+01
-1.884252887046478264e+01
-1.111375549380712755e+02
8.389390321451730870e+01
-8.088581786683025143e+01
6.438456868129382826e+01
1.010397241253641596e+02
3.371942447757376726e+01
-1.596990512747780144e+00
2.092497915541758857e+02
-4.863242281879892914e+01
-1.955165184969544612e+00
4.505303097199017515e+01
6.302768185491592590e+01
-1.293171356693526093e+02
7.311002764697073530e+01
1.390942298662963594e+01
-1.438029507297109433e+00
-4.105552235617535928e+01
1.253605007998203433e+02
-5.373258447327087595e+01
6.152042043354164491e+01
-2.430275232159670651e+01
5.020336685451492542e+01
1.166572300741722401e+01
3.378688874714782742e+00
-1.066050625205080280e+02
1.724501708533018700e+02
-1.345290561131009213e+02
-5.037462923905522416e+01
1.397910543728380333e+02
7.979784511380959344e+00
-1.465199947230612452e+02
2.929474765256974820e+02
-3.579733908476623583e+01
2.366284462263483590e+01
1.485144114048929680e+02
3.086056409883286733e+01
-4.885140951702422285e+01
1.435450122285923555e+02
-2.215565818242610021e+02
9.031853257849887484e+01
-3.269211034325564924e+01
-2.081274391628536193e+02
7.484743632923385803e+01
1.569690849046541530e+02
-2.867509978804258708e+02
2.880262450515383534e+02
1.282239417809113604e+02
-1.054739528843631717e+02
1.656024296541385183e+02
1.687905853538905205e+02
-2.075297282332350335e+02
1.859420466430287604e+02
-1.223092754867360128e+02
-6.732079144901867096e+01
6.979790250993772815e+01
-1.169544297886011179e+02
-8.747207770864906706e+01
3.074239240041428047e+02
-2.226400217359015699e+02
1.093190194896339733e+02
2.852899373524776365e+02
-8.692121335910456992e+01
-1.980899423505391610e+01
3.351007900401039592e+02
-2.150133436432654150e+02
3.830521882970793968e+01
6.131949216703108618e+01
-1.150497550538926532e+02
-3.641255826835754306e+01
6.645124505872053078e+01
-1.940316281883953593e+02
2.241770032887496313e+02
-3.679912207458093576e+01
-4.003867377661863003e+01
2.537693418196762991e+02
1.164875872111717143e+02
-1.665023810585763329e+02
3.458343109718407504e+02
-1.720265301972810335e+01
-1.288517782274954868e+02
8.525219515199361808e+01
9.362673470033939793e-01
-2.403035821297030452e+02
8.154731229519691738e+01
-1.435476161520141716e+02
9.340788648947381034e+00
3.947937109496980668e+01
-8.173683106489274763e+00
9.686294552432889304e+01
2.696472655102682552e+02
-1.041498266570374795e+02
2.294013687322394048e+02
1.857961438962846046e+02
-8.676756661921909597e+01
-7.134860260810427235e+00
1.684773358830601069e+02
-2.406910930708745013e+02
-3.528565785466943794e+01
-3.003715757276169285e+01
-7.999818578222490828e+01
-8.008027610940462182e+01
3.882421016418411597e+01
-3.474007327235125331e+01
1.578684644146511573e+02
-3.308879794345861569e+01
1.056102096845227436e+02
1.641254723212314843e+02
4.125125539752266945e+01
-4.778902334581523803e+01
2.026016456892634778e+02
-6.036588483948891337e+01
-6.674126899329669982e+01
8.499694773416067051e+00
2.777603947191676070e+01
-1.447981363357377518e+02
4.593430153296026219e+00
7.870577742891555317e+00
3.404497402462817490e+01
-6.067529292399554208e+01
1.145465659426909468e+02
6.858938876231917448e+01
4.310077309251644806e+01
1.082564409354890245e+01
1.105157861878085299e+02
-8.074796106355407233e+00
-7.893884966982312790e+00
-6.966600645104549017e+01
5.792709177750870708e+01
-7.188654776005390090e+01
-9.821617721191340422e+01
5.307002099513562143e+01
8.361478518474888233e+01
-1.314585487789255467e+02
1.538953915571606501e+02
1.286489865258872953e+02
-3.871295760780653694e+01
8.413639252254483836e+01
1.232646579837386440e+02
-8.666341053445709974e+01
4.403111831227454331e+01
-7.551007680678026190e+01
-7.361143850372252473e+01
-7.191259548719198591e+00
-1.504813008012501712e+02
-6.864365634595736765e+01
1.396610525942418803e+02
-1.462611889340240623e+02
5.628126905732347041e+01
2.585913530134008056e+02
-2.510658798495366284e+01
8.675883956718902823e+01
2.846000797340694248e+02
-3.611386426057930521e+01
5.259162350554350951e+01
8.912607267762132324e+01
-1.217223026749377084e+02
-3.865904578590809137e+01
-9.314327961459127891e+01
-2.081077668518575479e+02
1.468723705734139173e+01
-1.208511944989593303e+02
-1.417957603723092461e+02
1.758614797533459466e+02
1.472373345207995499e+01
-2.583314452697436536e+01
2.777638980832725224e+02
9.680528268971306716e+01
-7.977689832436027473e+00
1.899523262247172681e+02
1.136381326731910235e+01
-6.472186086331598176e+01
9.701219308779556627e+00
-8.730567240328844036e+01
-7.058370572063576276e+01
-1.046479884368760338e+01
-9.457117626023193679e+01
7.401274186742008965e+01
8.244369308509833161e+01
3.728389549421535776e-01
1.372736471625545960e+02
1.715703298153557625e+02
-4.057338241399127554e+01
7.242069650379815471e+01
5.451783803396341455e+01
-1.124645471983378684e+02
-1.205693198515920130e+02
-2.516839859614073660e+01
-1.645854255690813090e+02
-9.614794487950595681e+01
-3.239602954578637650e+01
1.589658270187182865e+01
3.258487173789205116e+01
1.356094615245430646e+02
1.155969532295229243e+02
2.181323230142631360e+02
1.193846068534721780e+02
1.136103030167060979e+02
1.160779619308666781e+02
4.415815986579664099e+01
-1.317453291214773117e+02
1.283923584884361091e+01
-1.204779969164850399e+02
-1.781193633673741488e+02
-9.111914222947709163e+01
-8.776914352701673749e+00
-1.317087998370984678e+02
5.869606666620234137e+01
5.926874670374553489e+01
8.795544779382115053e+01
5.488359747863096771e+01
1.297875966865523765e+02
4.193809062247197517e+01
5.988983105355947600e+01
-6.480027191393860164e+01
2.522827421255514224e+01
-7.190474966726617367e+01
-6.217302917007953056e+01
-7.476919528501356638e+01
6.557087174614602532e+01
-4.292467953258986313e+01
5.513987230717657440e+01
9.629658270586703850e+01
1.596070557478621481e+02
-1.976211348094184217e+01
1.520840847618846965e+02
7.639684509952863323e+01
-4.518115294845594576e+01
-7.492136446481180201e+01
5.645090507910738609e+01
-2.149818335877517939e+02
-7.074349488752540083e+01
-7.834337584576917379e+01
-7.665755999604434123e+01
-5.256734529114730492e+01
4.727312823741478098e+01
-3.760439665389814934e+01
2.176548269044758399e+02
-1.589008435409752451e+01
8.234340159485658717e+01
2.175490697514948408e+02
1.174774424016085561e+01
-1.032137970701679137e+02
2.651393602984858262e+02
-1.597738670332071536e+02
-9.745839118016894531e+01
9.507282014906780887e+01
-7.980461879629332600e+01
-1.416562491146438560e+02
1.401798234590754646e+02
-1.425048812868242294e+02
9.341148408673335268e+01
1.427494599829104516e+01
-7.295489933168003915e+01
1.179421451055903987e+02
7.048533444485090627e+01
-2.468526138154468299e+02
2.491781865773108393e+02
-2.843424142200244376e+01
-1.932903890874396495e+02
1.424583341826971434e+02
9.803902307820354167e+01
-2.191376011710877947e+02
1.962233468381745638e+02
1.057522326055236661e+01
-3.318601172130087207e+00
5.256159848732561102e+01
1.946139140477199803e+01
-1.509127761588256789e+00
1.154629325696749902e+02
-1.933461098437690282e+02
1.137092729949929861e+02
5.777382736752804249e+01
-1.624809762521812218e+02
-1.042675388900406119e+01
2.015731004377495879e+02
-2.045238693620741230e+02
3.108626986923333391e+00
1.120529526062597512e+02
-1.716767454965207662e+01
-1.388600721512589757e+02
1.158654068465622800e+02
-8.358012219427862988e+00
-2.693537184342321211e+01
-4.490999468688541896e+01
1.073172761542951719e+02
9.003198175038992446e+00
3.170264727663604276e+01
-2.807320121472518792e+01
1.818695767012987687e+02
2.000038113635225301e+01
-9.283281415755317312e+01
8.036552875684822084e+01
1.670049116885756746e+02
-2.907090394402200104e+02
3.246596188694688578e+01
1.474361706602032598e+02
-2.182564241131665312e+02
-1.052052303137950986e+02
2.152984507558727501e+02
-1.504108761914786214e+02
1.451597561158057914e+01
7.276507881158221380e+01
1.824321070004017287e+01
9.287220739590298990e+01
-3.117731430808839121e+01
-7.462831031336082788e+01
2.741857457396346831e+02
-2.130677388790510349e+02
-1.496161739678904894e+02
3.073743116567260358e+02
-1.430351961476740144e+02
-2.423837751057430125e+02
3.624562159072434042e+02
-4.711576549073477338e+01
-1.110300473227596854e+02
2.196730093235991319e+02
4.604867628289407833e+01
-4.326352821599925846e-01
4.837957040468787540e+01
-1.172421802026233593e+02
1.372263449842428145e+02
-1.232185727504620161e+02
-2.872707501596457291e+02
1.884799642437784541e+02
-4.229666714025554342e+01
-3.448661370579907270e+02
2.357187750784725893e+02
1.417146750553946788e+02
-1.843445765315442486e+02
1.592573647366577063e+02
2.302038155558739447e+02
3.840192846842960250e-01
-5.456142831018491179e+00
7.383309069274635306e+01
9.571825483669655910e+01
-1.112603484118806279e+02
-1.689585348286039164e+02
1.198207629357715689e+02
-3.865616245759387937e+01
-2.155364323666031794e+02
5.638756396287580230e+01
1.811977427313810836e+02
-9.315853011833557673e+01
-4.269276640894901220e+01
2.124768064856276624e+02
1.235645748492913611e+02
-2.531480515183932027e+02
8.026120586316885408e+01
1.700395391870459321e+02
-2.746347261531047934e+02
-1.612509865110251894e+02
2.189257516018372201e+02
-1.665868234348581893e+02
-8.137779273818438242e+01
1.008412175199643457e+02
1.323316342113894279e+02
7.910505189339049537e+01
1.166121780003535235e+01
9.321044057177299180e+01
3.478606799012809461e+02
-2.792131255467766664e+02
-6.168084638388725693e+01
3.038672482323360100e+02
-2.849233199795464770e+02
-3.706384999017714108e+02
3.361494898974447096e+02
-2.291719270400044479e+02
-2.077983578662082778e+02
1.450296262566520227e+02
9.617166521920722744e+01
-2.254728570653891495e+01
1.130839695177921271e+02
-1.761159732923941590e+01
3.427963335153758067e+02
-1.681336050904537842e+02
-1.427199938929459790e+02
2.720892345298684631e+02
-6.171452196802542289e+01
-4.816317178095317217e+02
3.363401509864782497e+02
-2.761871787901572972e+01
-2.521126351528300233e+02
6.755093004596741935e+01
2.989244806349344117e+02
-1.231795319640274329e+02
6.937166312580791327e+01
6.024281654770821604e+01
2.469154097736910671e+02
-2.257307552250801166e+02
-5.931939491356737193e+01
7.444019698962401321e+01
-2.248941083742142411e+00
-4.240261954129071000e+02
1.464950837419808352e+02
4.273581659755197393e+01
-9.215330572080367233e+01
-1.842869353909122196e+02
4.348069216471169511e+02
1.193862330254678739e+01
-1.181070619218593265e+02
1.347289248965368529e+02
3.940235964509954556e+02
-4.249730705063181517e+02
7.208106384705214964e+01
9.618065012641302758e+01
-1.097159582664271653e+02
-2.885061589268253215e+02
1.430115284859232645e+02
-1.012595880344159127e+02
1.536678485792516256e+02
-2.944465128879252802e+02
3.042897824957397006e+02
2.192359596039224527e+02
-2.087615220029329635e+02
-8.559690176704695830e+01
6.186069031989494533e+02
-5.494010894284241431e+02
-6.532716647585921521e+01
2.467128629530205046e+02
-1.405962319710550616e+02
-3.691979881833619856e+02
3.372684211083565060e+02
-1.823015871112105799e+02
2.069167583967259247e+02
-1.630182143062071702e+02
1.925894026252124149e+02
2.239691489833514311e+02
-3.936684495715924470e+01
-3.312054657625063214e+02
6.310405361354617071e+02
-4.030138330812891354e+02
-2.652276855599018859e+02
1.929154124688639342e+02
9.219080075058266743e+01
-5.576935564535223193e+02
3.443295936826614252e+02
-1.132676689130779835e+01
9.811857816471891169e+01
-1.738075669024958643e+02
3.411438178864682413e+02
3.226080082375491997e+01
5.146366012723639471e+01
-2.840851176940159917e+02
4.190902440166910310e+02
-2.771533090750031079e+02
-1.597980475278825168e+02
-1.104568093441828154e+02
3.365596166646632810e+02
-4.509680838919020971e+02
7.815739494274180288e+01
2.076879379182661864e+02
2.454177222679611816e+02
-4.736883875095509211e+02
5.687051676774748330e+02
3.718466131095557614e+01
-1.853666954910518712e+02
-1.226710321764078770e+02
3.347545004350180307e+02
-5.036966919350903140e+02
1.112738759924945100e+02
-3.046898836188105406e+02
2.368665948673089474e+02
-9.811799751293840188e+01
-7.957031170845876034e+01
1.117078936117968198e+02
6.765781128546402670e+02
-6.961223615395600746e+02
4.770068646176579250e+02
3.284061652423056330e+02
-4.197730953925319000e+02
-2.647264124960803997e+02
5.518780366486070079e+02
-7.726627944117092284e+02
1.246342229746210535e+02
-1.324654852763204644e+02
5.070331331429009936e+01
4.104355450993116960e+01
1.607212060119078956e+02
-1.357854628067641727e+02
8.838665624081801298e+02
-5.160204897396758952e+02
1.545371064658374962e+02
4.114935934691739590e+02
-2.506632673194894494e+02
-6.686117128871342175e+02
6.151187589775761353e+02
-6.181970538424797041e+02
-1.689207757149515032e+02
-3.672280693482648672e+01
2.680047059555170108e+02
-1.946880213647960147e+02
3.838689703441320376e+02
5.365680571285651013e+00
6.331034857166878282e+02
-2.645030015949035942e+02
2.067934856515800846e+02
-1.202841561286305705e+01
6.686925938905908140e+01
-7.150391937233069939e+02
1.202231283004988711e+02
-2.283139337369168516e+02
-1.605943116677001967e+02
-5.017638559682127948e+02
8.247166452558592482e+02
-1.756622791296256878e+02
5.948441591124972661e+01
6.141415057386103626e+02
5.207438370618626777e+02
-5.780779913753515302e+02
7.756651813952186103e+02
-4.723298180589813455e+02
-2.381572603031804363e+02
-1.804725411784697826e+02
-5.399559518215670550e+02
-3.610426026517785090e+02
6.054367415292659871e+02
-1.088748684044634956e+03
1.105559641183245731e+03
8.274035917851930435e+02
-3.892151391988863907e+02
1.142893157399996653e+03
1.393203485025160489e+03
-1.238003393361708959e+03
1.240784284486512206e+03
-1.564142612004351633e+02
-1.272972559738326254e+03
1.935427549717592797e+02
-6.694970606622561036e+02
-1.513738542338316620e+03
1.228097214666005357e+03
-1.317258704045604645e+03
1.628029600920549171e+02
1.757846351339089779e+03
-7.151649412521371687e+02
2.812778524769450996e+02
2.223210262874630644e+03
-2.031118094287128542e+03
2.494942372719343666e+02
3.484869208586907803e+02
-2.423247029421085699e+03
-3.857642526170095607e+02
3.211250248412550263e+02
-1.811897934824106642e+03
2.567416205341303794e+03
1.783952206618503851e+03
2.352071530172173880e+03
6.346576414702367401e+03
5.341048726409438132e+03
5.258954477487393888e+03
9.376984380505356967e+03
5.415339380419747613e+03
5.719899735942713960e+03
6.929987751188262337e+03
2.707495554198960235e+03
1.888800719025982971e+03
2.700337505222629716e+03
-2.060183724118061946e+03
-4.769919239855160527e+02
-1.047878901841764446e+03
-3.086976913036857695e+03
-5.509662383700003829e+02
-2.829848796995154885e+02
-2.005822909017763550e+03
2.342000980355160209e+03
7.607856154237319970e+02
2.050269391754062269e+02
2.793827188236603433e+03
1.066295360843156232e+03
-5.132552699271052461e+02
1.806979083696690623e+03
-1.247205787748717739e+03
-9.909214172813424284e+02
-3.196582304306281230e+02
-1.843692529812882412e+03
-1.067591900424610230e+03
2.595116987928888079e+02
-1.626205572238023024e+03
9.836995726207203461e+02
8.247440889125596186e+02
-9.600051623013975188e+01
1.337011745515931352e+03
1.376715700017287872e+03
-5.066496542239738119e+02
1.104894730356121499e+03
-1.355672482768956115e+02
-5.386856407225959629e+02
-2.870821737409395951e+02
-4.789973899982038574e+02
-7.663788937832368902e+02
2.423423903465205740e+02
-6.533642375465641408e+02
5.586511815998085240e+02
4.953051756573617581e+02
3.342987943733141378e+02
4.697766140273703286e+02
8.949321855692991221e+02
-2.468621600492896846e+02
1.670599442606447269e+02
-3.883651245136093735e+02
-3.230928058841307120e+02
-9.880180066701358328e+02
-4.860819229254643687e+02
-4.558355147081298924e+02
-1.879114072144494685e+02
-2.582264821814495122e+02
9.209832841326960988e+02
3.867777764858523142e+02
9.369881478969557520e+02
8.877264553567842995e+02
8.254538739763324884e+02
3.721662293261788932e+02
3.562622114990766136e+02
-5.440166679051512801e+02
2.132293604042018842e+00
-1.012451103212672479e+03
-9.139333271091136339e+02
-4.842877471907005997e+02
-6.324472205595499190e+02
-9.252315451808191256e+02
4.263037539280445571e+02
-3.423084198753487613e+02
6.412600002671456423e+01
4.064388852055448638e+02
3.025404276013579761e+02
1.534635108710933196e+02
6.311281978559954950e+02
-1.197142484494042804e+02
6.148497361853493430e+02
1.387861612360362926e+02
3.198998525719805741e+01
3.569196125183585195e+02
3.224201435539039267e+02
-3.633347083404579507e+02
5.619449189343379203e+02
-5.760169725865691248e+01
-1.676261761895796667e+02
-8.199953751617191244e+01
-7.927450148144836817e+01
-5.218622338680439725e+02
-1.825680318378104516e+02
-6.195898170130099061e+02
-2.182314887199046041e+02
-4.663509251202985979e+02
-2.944856784706806252e+02
-8.440095179740056608e+01
1.056552034823654083e+02
-1.533558054627137039e+02
4.438736157682472481e+02
3.366144464754408432e+02
5.741911127919995579e+02
4.341896465477435072e+02
5.926426554146177068e+02
3.392156584877090495e+02
1.464133750689689464e+02
-2.278465091638631890e+01
2.456367694606438761e+02
-5.164778822677942571e+02
-2.596816679629233704e+02
-2.217565846307215338e+02
-3.078007610007458652e+02
-3.262663768282062620e+02
2.335500351746787828e+00
-3.119848794841303743e+02
1.015971695266595844e+02
-1.723079196951537710e+02
-1.473021043163732600e+02
-1.783123586995560572e+01
-2.982676416754787283e+02
-2.692476978995391050e+02
3.452262992571263567e+02
7.524188208308373760e+00
2.783703008987085354e+02
5.582324373912532565e+02
2.259452837807969843e+02
3.085314537327454900e+02
5.742586549497923443e+02
6.124467341927680764e+01
1.582666794217493020e+02
-5.815275899203007981e+01
-2.954734121000239497e+02
-1.340085364966913346e+02
-2.921789417693689757e+02
-4.263631513656329730e+02
-1.735659568058497086e+02
-3.379597048378694808e+02
-2.624385341694512590e+02
-5.927985193172916922e+01
-1.791478022894690696e+02
-9.549723498355984930e+01
1.517919749401686147e+02
1.595017481900451912e+02
2.862143872461092542e+02
3.026604656650263223e+02
2.816039080418577214e+02
2.889115710168993019e+02
2.508939891758949443e+02
1.659280956066245665e+02
8.677408847376588596e+01
1.945013550546119774e+01
-3.244479554858347115e+01
-7.498254324056075859e+01
-6.639214315905945796e+01
-5.740185901841271487e+01
-4.190139391489625353e+01
-4.939594751653158866e+00
1.742500916765706620e+01
5.323585031658905109e+01
9.667964642484710680e+01
5.037250525015091540e+01
5.144124834562347814e+01
4.440401976773231496e+01
0.000000000000000000e+00
