-1.024993514327870742e-03
-6.347024698976610688e-03
-1.704460242094310574e-02
-3.446067391996628787e-02
-5.972909864013345449e-02
-9.294045760764052533e-02
-1.356191278900856778e-01
-1.913501785396217736e-01
-2.552085421907188678e-01
-3.329691386423906385e-01
-4.278560860750788564e-01
-5.381042978266753485e-01
-6.635269399298580062e-01
-8.112183767194671713e-01
-9.789468241353229683e-01
-1.172880029488907905e+00
-1.389098015420124010e+00
-1.635366478004701030e+00
-1.913197625444370331e+00
-2.224141494550465836e+00
-2.573922583981136825e+00
-2.965120632067943518e+00
-3.397708639923656015e+00
-3.875370815582339645e+00
-4.402708082531392009e+00
-4.981742776178852417e+00
-5.618989662921376471e+00
-6.317082685214737481e+00
-7.079556297163660972e+00
-7.907001168711042638e+00
-8.799855707232653756e+00
-9.760083659377892573e+00
-1.080198063164033684e+01
-1.192366966733765210e+01
-1.310535670963248833e+01
-1.437630599705067880e+01
-1.572490612524807574e+01
-1.715128041252721758e+01
-1.864355824522811389e+01
-2.021476248694048294e+01
-2.184330262768286701e+01
-2.353273111987209631e+01
-2.525782716725882437e+01
-2.702169531372874900e+01
-2.879828277682815951e+01
-3.056649857608831411e+01
-3.232680487015613835e+01
-3.406453838305039028e+01
-3.573999829922088622e+01
-3.735151258766753557e+01
-3.887198447392430012e+01
-4.027081766884099068e+01
-4.154536927325408158e+01
-4.269041401845613848e+01
-4.365989311425038011e+01
-4.445925431983573617e+01
-4.506490825549764168e+01
-4.546784744085107377e+01
-4.566556714052428845e+01
-4.563391715476328159e+01
-4.536640838237327955e+01
-4.486495652794332045e+01
-4.410753120535693483e+01
-4.310410050465804943e+01
-4.185611752009197062e+01
-4.034651175741181817e+01
-3.859395567247732117e+01
-3.661512360965362234e+01
-3.440478247569599546e+01
-3.198128585920439093e+01
-2.935014979225218212e+01
-2.652670184732292569e+01
-2.353045355635033786e+01
-2.037080704525448027e+01
-1.706156348320867266e+01
-1.362045921431401041e+01
-1.005987830275812200e+01
-6.393883119892990408e+00
-2.637779935248019569e+00
1.194901795147757184e+00
5.089960002121024729e+00
9.034885500376788059e+00
1.301568039907965613e+01
1.701603280131839568e+01
2.102124005245665828e+01
2.501568180545095998e+01
2.898812433428578927e+01
3.291890904460026235e+01
3.679347076583379561e+01
4.059869077009709315e+01
4.431638656352301098e+01
4.793266209189398097e+01
5.143391909473319856e+01
5.480691834814062702e+01
5.803883913674654593e+01
6.111733673324380334e+01
6.403059771646634601e+01
6.676739279744955979e+01
6.931712702318753827e+01
7.166988716973899898e+01
7.381648608504150388e+01
7.574850386635679911e+01
7.745832573618091033e+01
7.893917641300261323e+01
8.018515092941888156e+01
8.119124175824393319e+01
8.195336213397894198e+01
8.246836553288230220e+01
8.273406122936449947e+01
8.274922586086194087e+01
8.251361101308353341e+01
8.202794677038239968e+01
8.129394123607532663e+01
8.031427605661959035e+01
7.909259795050773789e+01
7.763350629435552719e+01
7.594253684096982226e+01
7.402614161011474891e+01
7.189166506108428223e+01
6.954731664634330457e+01
6.700213984556113189e+01
6.426597781919440422e+01
6.134943581832555992e+01
5.826384049363619511e+01
5.502119627904613708e+01
5.163413901264640060e+01
4.811588697966689665e+01
4.448018957752415758e+01
4.074127379879550404e+01
3.691378874298786172e+01
3.301274837939674711e+01
2.905347278213130124e+01
2.505152806879253546e+01
2.102266527909650762e+01
1.698275843430054266e+01
1.294774201819531712e+01
8.933548127008126727e+00
4.956043535538953826e+00
1.030966925226965314e+00
-2.826133476939197919e+00
-6.599961603552319644e+00
-1.027553435391515535e+01
-1.383824125971257502e+01
-1.727390277584634504e+01
-2.056882696528776222e+01
-2.370986434958129507e+01
-2.668446070978608731e+01
-2.948070762591339644e+01
-3.208739055060794954e+01
-3.449403422638192751e+01
-3.669094526153038771e+01
-3.866925169237361359e+01
-4.042093937233401135e+01
-4.193888503736492623e+01
-4.321688591247628608e+01
-4.424968573752718726e+01
-4.503299710251600629e+01
-4.556351999858065938e+01
-4.583895650499427177e+01
-4.585802154741961090e+01
-4.562044967825842434e+01
-4.512699784510523671e+01
-4.437944412930657734e+01
-4.338058245236200605e+01
-4.213421326368688824e+01
-4.064513023888412135e+01
-3.891910303353142808e+01
-3.696285615326601715e+01
-3.478404401584303685e+01
-3.239122229613195714e+01
-2.979381566004207116e+01
-2.700208200731482577e+01
-2.402707335725037296e+01
-2.088059352499392674e+01
-1.757515274865411925e+01
-1.412391943995405086e+01
-1.054066924273860195e+01
-6.839731594482202581e+00
-3.035933996212676789e+00
8.554557943572120848e-01
4.818789423171907060e+00
8.838099222581675463e+00
1.289716087862679927e+01
1.697955723908379611e+01
2.106874301354578449e+01
2.514811011279638819e+01
2.920105337173477622e+01
3.321103639806935348e+01
3.716165728799045809e+01
4.103671395001241251e+01
4.482026877918666230e+01
4.849671242589135289e+01
5.205082640642288538e+01
5.546784430662797405e+01
5.873351133479806663e+01
6.183414198600782896e+01
6.475667558697369941e+01
6.748872949831921630e+01
7.001864975983500017e+01
7.233555897388009726e+01
7.442940123244454753e+01
7.629098390455651213e+01
7.791201611261136861e+01
7.928514373880284438e+01
8.040398081606802805e+01
8.126313717180690332e+01
8.185824220701685761e+01
8.218596470835906587e+01
8.224402860598040377e+01
8.203122460559850992e+01
8.154741763935535914e+01
8.079355009618932115e+01
7.977164080892399056e+01
7.848477979183022057e+01
7.693711873905226639e+01
7.513385731091270259e+01
7.308122525167252093e+01
7.078646039874936946e+01
6.825778265963140257e+01
6.550436404869742546e+01
6.253629489180492129e+01
5.936454632177849078e+01
5.600092920275071151e+01
5.245804963563588785e+01
4.874926121077545815e+01
4.488861418694381200e+01
4.089080178838597845e+01
3.677110382332291039e+01
3.254532783836140908e+01
2.822974803344030192e+01
2.384104217128061975e+01
1.939622672376829371e+01
1.491259050521969698e+01
1.040762704906182989e+01
5.898965990043322449e+00
1.404303718681461532e+00
-3.058666421797546775e+00
-7.472324123252747086e+00
-1.181919201093127114e+01
-1.608200517765965998e+01
-2.024378007998911144e+01
-2.428788252409466253e+01
-2.819809447205338060e+01
-3.195867940298735022e+01
-3.555444596847237904e+01
-3.897080968755528829e+01
-4.219385243367414517e+01
-4.521037947370545140e+01
-4.800797382825040671e+01
-5.057504773208961524e+01
-5.290089098442706472e+01
-5.497571599010137078e+01
-5.679069930528651611e+01
-5.833801951433037658e+01
-5.961089127819639089e+01
-6.060359540946632251e+01
-6.131150484395305966e+01
-6.173110639461064153e+01
-6.186001818956489018e+01
-6.169700271264213853e+01
-6.124197538170375310e+01
-6.049600861731480705e+01
-5.946133137174207661e+01
-5.814132410590195832e+01
-5.654050921961066933e+01
-5.466453695825020986e+01
-5.252016683669043573e+01
-5.011524463892368431e+01
-4.745867506931621449e+01
-4.456039014858677660e+01
-4.143131346451021102e+01
-3.808332040387034567e+01
-3.452919450825683612e+01
-3.078258011187898546e+01
-2.685793143457740939e+01
-2.277045831758921679e+01
-1.853606880333042284e+01
-1.417130877341146800e+01
-9.693298871276070372e+00
-5.119668947173963147e+00
-4.684902736363767417e-01
4.241794210885146299e+00
8.992441363995837378e+00
1.376448073320094068e+01
1.853878860136488527e+01
2.329616289810089569e+01
2.801739868706124525e+01
3.268336393587054545e+01
3.727507527333413151e+01
4.177377343758847417e+01
4.616099811903980310e+01
5.041866190326287267e+01
5.452912302150856760e+01
5.847525662008528258e+01
6.224052426462578325e+01
6.580904140111911715e+01
6.916564250254576507e+01
7.229594363799763812e+01
7.518640221023960635e+01
7.782437361778153218e+01
8.019816460859995289e+01
8.229708310467280796e+01
8.411148428941206134e+01
8.563281276384242346e+01
8.685364059194824904e+01
8.776770107092526985e+01
8.836991807808264809e+01
8.865643086277512452e+01
8.862461416896107380e+01
8.827309359168575043e+01
8.760175608894775223e+01
8.661175558892627180e+01
8.530551365136811626e+01
8.368671516098628160e+01
8.176029904992677189e+01
7.953244406565380586e+01
7.701054961990064385e+01
7.420321177356841247e+01
7.112019443154844112e+01
6.777239584032747644e+01
6.417181049982860941e+01
6.033148661917256561e+01
5.626547926385666187e+01
5.198879935914156647e+01
4.751735873117945630e+01
4.286791138351337338e+01
3.805799122197250028e+01
3.310584645563186257e+01
2.803037091531966496e+01
2.285103254409186491e+01
1.758779932611182062e+01
1.226106293139417858e+01
6.891560363885801621e+00
1.500293909289595717e+00
-3.891550313131617145e+00
-9.262684883841416195e+00
-1.459180438495741328e+01
-1.985766915005032729e+01
-2.503918913793172152e+01
-3.011550760468470855e+01
-3.506608424756110054e+01
-3.987077749499785995e+01
-4.450992561888990906e+01
-4.896442634839976904e+01
-5.321581466896100210e+01
-5.724633849576491684e+01
-6.103903191784968385e+01
-6.457778571695510550e+01
-6.784741487451127284e+01
-7.083372279048421660e+01
-7.352356194925059185e+01
-7.590489078020584657e+01
-7.796682647434943192e+01
-7.969969353261869571e+01
-8.109506783719029954e+01
-8.214581605327904867e+01
-8.284613018610379243e+01
-8.319155713555102238e+01
-8.317902310964234402e+01
-8.280685277707499381e+01
-8.207478305883503822e+01
-8.098397147906962346e+01
-7.953699901599986788e+01
-7.773786741456369498e+01
-7.559199094363100357e+01
-7.310618260195279561e+01
-7.028863479839955630e+01
-6.714889455344271596e+01
-6.369783329015540119e+01
-5.994761130415730577e+01
-5.591163702284841008e+01
-5.160452118485815731e+01
-4.704202609082506115e+01
-4.224101009632293824e+01
-3.721936753689170985e+01
-3.199596429363973016e+01
-2.659056922568454695e+01
-2.102378171271878671e+01
-1.531695556716597650e+01
-9.492119590647931204e+00
-3.571895063778313784e+00
2.420589528450406647e+00
8.461786221252978635e+00
1.452781741914641600e+01
2.059456753425227760e+01
2.663777606988709579e+01
3.263313179817973264e+01
3.855636767441166057e+01
4.438335612605663982e+01
5.009020435114291558e+01
5.565334925857054316e+01
6.104965168241781726e+01
6.625648950307036955e+01
7.125184931019801127e+01
7.601441624620596826e+01
8.052366167376774797e+01
8.475992831741613998e+01
8.870451253689346061e+01
9.233974339902842132e+01
9.564905822528957913e+01
9.861707430381245842e+01
1.012296564676059916e+02
1.034739802547288434e+02
1.053385903814830158e+02
1.068134542760105887e+02
1.078900104370737694e+02
1.085612114011722866e+02
1.088215611204374369e+02
1.086671465738913440e+02
1.080956634555785314e+02
1.071064358047027696e+02
1.057004294651568159e+02
1.038802592846310091e+02
1.016501899867512151e+02
9.901613067333720153e+01
9.598562293780855725e+01
9.256782259490022113e+01
8.877347505610546818e+01
8.461488440453584303e+01
8.010587624710191790e+01
7.526175444596412945e+01
7.009925185501506917e+01
6.463647521060880763e+01
5.889284434879733965e+01
5.288902594385064049e+01
4.664686198475052947e+01
4.018929322758572198e+01
3.354027788221964101e+01
2.672470581121999089e+01
1.976830853771028274e+01
1.269756537647643313e+01
5.539606019262905079e+00
-1.677890079351257668e+00
-8.926797154854114069e+00
-1.617864905085386340e+01
-2.340474721698666372e+01
-3.057627039108851363e+01
-3.766438556116014524e+01
-4.464035979522812170e+01
-5.147567252127390702e+01
-5.814212783499186799e+01
-6.461196641027271426e+01
-7.085797658600564830e+01
-7.685360420307785034e+01
-8.257306076730755251e+01
-8.799142951750187081e+01
-9.308476898286623680e+01
-9.783021362059844250e+01
-1.022060711326689102e+02
-1.061919160704837140e+02
-1.097686793473465769e+02
-1.129187332913099766e+02
-1.156259718851339500e+02
-1.178758858555815152e+02
-1.196556322911318375e+02
-1.209540984853481405e+02
-1.217619597224921790e+02
-1.220717307425290699e+02
-1.218778106442897524e+02
-1.211765210082100452e+02
-1.199661370436673451e+02
-1.182469115903903401e+02
-1.160210918286557131e+02
-1.132929285789152516e+02
-1.100686780980175001e+02
-1.063565963062224569e+02
-1.021669254066447934e+02
-9.751187288651152585e+01
-9.240558291758185305e+01
-8.686410020114887232e+01
-8.090532633111938310e+01
-7.454896877666327271e+01
-6.781648261370372666e+01
-6.073100516202114818e+01
-5.331728371183137938e+01
-4.560159655029147530e+01
-3.761166752438009553e+01
-2.937657440188836233e+01
-2.092665131676847068e+01
-1.229338560869111063e+01
-3.509309389304902993e+00
5.392113810732112711e+00
1.437660693945795742e+01
2.340920147236043647e+01
3.245436320059469892e+01
4.147612133056610162e+01
5.043820045170595279e+01
5.930415491569958419e+01
6.803750515841940683e+01
7.660187548542972991e+01
8.496113283319135689e+01
9.307952601107643886e+01
1.009218249239979741e+02
1.084534592719369925e+02
1.156406562209056688e+02
1.224505765399389929e+02
1.288514487005819262e+02
1.348127004390213131e+02
1.403050872865073870e+02
1.453008175810071521e+02
1.497736734821117750e+02
1.536991275220662772e+02
1.570544542383578914e+02
1.598188364475810772e+02
1.619734657362154167e+02
1.635016367614872763e+02
1.643888349745762980e+02
1.646228173989995298e+02
1.641936861190130799e+02
1.630939541562404145e+02
1.613186034373658231e+02
1.588651345815850391e+02
1.557336082634562331e+02
1.519266779347780130e+02
1.474496137180255175e+02
1.423103173136299233e+02
1.365193277938520282e+02
1.300898181871069710e+02
1.230375827882245545e+02
1.153810151621563449e+02
1.071410768409839847e+02
9.834125674660212724e+01
8.900752140404996737e+01
7.916825604301843100e+01
6.885419671746697645e+01
5.809835360541315197e+01
4.693592568270580045e+01
3.540420699584119291e+01
2.354248478952351320e+01
1.139192977458799305e+01
-1.004521149007118197e+00
-1.360228937125853577e+01
-2.635528588328426736e+01
-3.921604902463005260e+01
-5.213588824601161775e+01
-6.506503344338433692e+01
-7.795278939722055611e+01
-9.074769483038224394e+01
-1.033976855790426299e+02
-1.158502613538411765e+02
-1.280526555528957715e+02
-1.399520075745204508e+02
-1.514955370655556521e+02
-1.626307195311638338e+02
-1.733054627238142302e+02
-1.834682832230285214e+02
-1.930684826132835497e+02
-2.020563226653379445e+02
-2.103831989261261697e+02
-2.180018121243092253e+02
-2.248663368025521265e+02
-2.309325865936141042e+02
-2.361581755654043491e+02
-2.405026750702050435e+02
-2.439277655453165039e+02
-2.463973827263746159e+02
-2.478778577504898522e+02
-2.483380506441310729e+02
-2.477494767102414528e+02
-2.460864253504073247e+02
-2.433260708808895174e+02
-2.394485749259497993e+02
-2.344371799980311835e+02
-2.282782939019494393e+02
-2.209615646291758537e+02
-2.124799454385081390e+02
-2.028297498507736236e+02
-1.920106963176382919e+02
-1.800259423579595364e+02
-1.668821079893283468e+02
-1.525892883173833354e+02
-1.371610551810122445e+02
-1.206144477875868546e+02
-1.029699523087645332e+02
-8.425147044402353913e+01
-6.448627699584469042e+01
-4.370496653719087021e+01
-2.194138928854053461e+01
7.674236419340445536e-01
2.438134546548732828e+01
4.885724914223598603e+01
7.414911277309842319e+01
1.002081346603908116e+02
1.269828577100415430e+02
1.544193028162010819e+02
1.824611108379416748e+02
2.110496927478609450e+02
2.401243875038634883e+02
2.696226271682432980e+02
2.994801087725949742e+02
3.296309724030526809e+02
3.600079849580617406e+02
3.905427290103397695e+02
4.211657961860049113e+02
4.518069844570815121e+02
4.823954987288091161e+02
5.128601540904385274e+02
5.431295810875294592e+02
5.731324323652490875e+02
6.027975900257785042e+02
6.320543730387720416e+02
6.608327440418347578e+02
6.890635148682248428e+02
7.166785501414757391e+02
7.436109682813126938e+02
7.697953392721481123e+02
7.951678785545456094e+02
8.196666364112842302e+02
8.432316822330761852e+02
8.658052830644483038e+02
8.873320758478497510e+02
9.077592328035443643e+02
9.270366194042987900e+02
9.451169444271583870e+02
9.619559015896535357e+02
9.775123023045306354e+02
9.917481991155004835e+02
1.004628999406353387e+03
1.016123569007095966e+03
1.026204325353459126e+03
1.034847319889834580e+03
1.042032309440687868e+03
1.047742816311512343e+03
1.051966176916742825e+03
1.054693578769823034e+03
1.055920085708942906e+03
1.055644651269753922e+03
1.053870120155764653e+03
1.050603217796450508e+03
1.045854528021262922e+03
1.039638458917864909e+03
1.031973196981584351e+03
1.022880649700485264e+03
1.012386376760320218e+03
1.000519510090378162e+03
9.873126630071092222e+02
9.728018287498294967e+02
9.570262687376404074e+02
9.400283909097250898e+02
9.218536185445556157e+02
9.025502499843754549e+02
8.821693097230100875e+02
8.607643913413926384e+02
8.383914928034686227e+02
8.151088446495679136e+02
7.909767316488214419e+02
7.660573084926882075e+02
7.404144101302875924e+02
7.141133573647930461e+02
6.872207583479084860e+02
6.598043066157767953e+02
6.319325763291390103e+02
6.036748153840549094e+02
5.751007370648436563e+02
5.462803109229474785e+02
5.172835535588720859e+02
4.881803199867013063e+02
4.590400962668949205e+02
4.299317940693643436e+02
4.009235478407686060e+02
3.720825152372160574e+02
3.434746814560083976e+02
3.151646681058826971e+02
2.872155472396334517e+02
2.596886611307380690e+02
2.326434483899125780e+02
2.061372769695252600e+02
1.802252845919992694e+02
1.549602271179255979e+02
1.303923353335450770e+02
1.065691805972277706e+02
8.353554980668918972e+01
6.133333004923393617e+01
4.000140330738591388e+01
1.957555156192539414e+01
8.837257999027769984e-02
-1.843079335939931696e+01
-3.595592553828782911e+01
-5.246437353459505459e+01
-6.793689642794386430e+01
-8.235769035534654847e+01
-9.571440437450706895e+01
-1.079981445759616037e+02
-1.192034664090810594e+02
-1.293283553482653758e+02
-1.383741958902505758e+02
-1.463457290342193460e+02
-1.532509984294166827e+02
-1.591012853408256547e+02
-1.639110326649501985e+02
-1.676977583511766738e+02
-1.704819583890699164e+02
-1.722869998481428695e+02
-1.731390043080785119e+02
-1.730667220247672162e+02
-1.721013973674447755e+02
-1.702766260552185145e+02
-1.676282045068874424e+02
-1.641939720927407507e+02
-1.600136467402008122e+02
-1.551286544734201698e+02
-1.495843277496229007e+02
-1.434324190491362288e+02
-1.367203361382904916e+02
-1.294969549912268576e+02
-1.218113053583273455e+02
-1.137104839070189541e+02
-1.052453468357673216e+02
-9.647158251584548339e+01
-8.742477028248544002e+01
-7.816583779630921924e+01
-6.874873926222514342e+01
-5.921498780238777471e+01
-4.960936842519255663e+01
-3.999275778782978819e+01
-3.040251825575818145e+01
-2.089466399386334672e+01
-1.149975859830591673e+01
-2.274569646029320324e+00
6.741193016836191987e+00
1.550957056911046550e+01
2.398489017907417065e+01
3.213137545813592055e+01
3.992155439708776044e+01
4.732135078831134933e+01
5.429712341259923392e+01
6.082392970232343998e+01
6.686883205866431013e+01
7.241091539138174937e+01
7.742968803439667624e+01
8.191409915323248470e+01
8.585565756862328612e+01
8.924450159616874600e+01
9.204453709556591434e+01
9.426105067119986813e+01
9.594247816039752763e+01
9.702281934152141218e+01
9.753648339830402847e+01
9.749078108042736801e+01
9.692239125541266276e+01
9.581021686171274609e+01
9.421647121156698290e+01
9.214349117927228860e+01
8.966193793677788904e+01
8.677458219181464472e+01
8.355321067507782118e+01
8.005559704559794909e+01
7.628773697012165655e+01
7.229167371771056594e+01
6.816635880652317780e+01
6.391821915084651806e+01
5.961329136203650592e+01
5.532300736712162603e+01
5.105093941427579551e+01
4.680734556326684981e+01
4.269741322302945719e+01
3.870193448099205114e+01
3.487089560553647516e+01
3.121855134588407310e+01
2.774416806655305834e+01
2.449812118648661396e+01
2.148797181297172187e+01
1.870234941010891916e+01
1.618702617370140473e+01
1.391212843610679428e+01
1.187031257775155346e+01
1.009875628644905277e+01
8.550961247833900103e+00
7.188966397024863397e+00
6.029080653473987361e+00
5.033461596310826458e+00
4.197573037956205511e+00
3.495860722344405591e+00
2.895979403008273056e+00
2.392293872413914446e+00
1.970735133840435305e+00
1.610300240005601013e+00
1.304905582763624672e+00
1.046185526482250383e+00
8.245356503766280154e-01
6.360814275814605789e-01
4.765698224233331226e-01
3.467482647859261857e-01
2.445810293212894726e-01
1.633593796391098474e-01
1.009204690532551074e-01
5.340018564488212272e-02
2.747453988985400566e-02
9.937800904692829437e-03
0.000000000000000000e+00
