-1.804059642305865907e+00
-7.305083414434125899e+00
-6.263456082099687627e+00
-1.701673219028726258e+00
-1.039197028832187897e+00
5.191000351080756303e+00
1.176096442635251726e+01
7.250614325677712024e+00
1.945729299691472747e+01
1.449704339608741499e+01
-4.734537857563982044e+00
7.297394888587985129e+00
8.896224612229161721e+00
-2.110483724314816456e+01
-7.403555447891544183e+00
-9.869176260120413602e-01
-4.130694762159932587e+00
-1.862063210870118057e+00
2.199516160576345136e+00
2.190808821656089833e+01
1.870715060695832932e+01
-1.470588635818757872e+00
3.717247883728926183e+01
3.586314840219237965e+01
-9.798191163848223084e+00
1.609818232179250330e+01
2.806533072189969857e+01
-1.411441678749207362e+01
-8.120687711351104454e-01
2.778847818736408470e+01
2.930105092966133640e+01
1.925143162525069940e+01
5.379611121892285297e+00
4.367468962985986991e+01
8.796602907104528413e+01
-1.387510229984224530e+01
1.941571084179939177e+01
1.015244490309745942e+02
2.020539579646018069e+01
-2.133095863706116901e+01
8.524723454330272432e+01
4.632441855669696906e+01
7.807392779000984717e+00
1.983674780915531244e+01
6.514864476590983600e+01
6.921800174146508766e+01
-4.508531057693708988e+01
-3.532671899206575716e+01
1.281297823545226606e+02
-4.083121562134193283e+01
-9.217339210470855448e+01
1.391900522332982746e+02
3.325272466221758805e+01
-1.521810804330843041e+02
8.936006314358317582e+01
9.744035703544230387e+01
-5.586786448633947799e+01
-2.119213933290959062e+01
7.352985853271704286e+01
9.070909091268566726e+01
-2.367578059920073486e+01
-4.930207999194063007e+01
2.123625207719918535e+02
1.640695775005563561e+01
-1.887266985180007453e+02
1.719962228362565497e+02
1.187727468823500487e+02
-2.713749010728474218e+02
2.482194546868833740e+01
1.663434889303808859e+02
-8.075537774202899755e+01
-6.754319704351870257e+01
1.376004855802321458e+02
1.498020515209614132e+02
-2.392604946152161460e+01
-5.298717348143194528e+01
2.565290058978188199e+02
5.205981297810767217e+01
-2.524458190788122351e+02
9.157240325841826234e+01
1.607396703088933236e+02
-2.757045634682930313e+02
-8.344188579362540281e+01
1.891393318267417101e+02
-3.122514687792194366e+01
-1.615041236096926696e+02
1.494058978157270872e+02
2.235495687955709627e+02
-6.436804671371676534e+01
-6.277213128883018811e+01
2.851207752665848716e+02
5.704030923763021121e+01
-2.126914791336641883e+02
6.990152555391395595e+01
1.715091634595805203e+02
-1.944535445903628386e+02
-1.429374470198179665e+02
1.543849205004610212e+02
6.199892727321872599e+01
-2.397725745768570960e+02
5.920739060732071835e+01
2.819211096998893709e+02
-9.978772924798035149e+01
-1.173118455888495930e+02
3.187424220131844095e+02
4.884625742876836085e+01
-1.749110939818605175e+02
8.714081613666688497e+01
1.415513761481178392e+02
-1.052337911501329160e+02
-1.371564573112344192e+02
5.650475782583672668e+01
1.542227564333068131e+02
-2.166704195921386145e+02
-5.222567064741221543e+01
3.327627251343657235e+02
-6.953925659772950496e+01
-1.849485167766267750e+02
3.401013229921673542e+02
3.535578625152122356e+01
-1.811222853418285013e+02
1.079572178301595784e+02
7.088706213957354407e+01
-6.238304712468034552e+01
-5.301825603093924144e+01
-4.032089572922848220e+01
2.049023467447399582e+02
-8.772281650546625542e+01
-1.362030473329314475e+02
3.375446252108417298e+02
1.766053229354891840e+01
-2.618083326623461176e+02
3.092073793603315153e+02
3.140011464405699826e+01
-2.322269522121133321e+02
1.250191643893288074e+02
1.716709475194215884e+01
-9.009548663616043029e+01
7.380456664841295833e+01
-8.167086895246812617e+01
1.652763644458528915e+02
8.687655002751995426e+01
-1.520151070638728470e+02
2.594329575665435641e+02
1.494533670608524005e+02
-2.672955151550773962e+02
2.349163617731491627e+02
8.761716526037277220e+01
-2.504819711177520389e+02
1.232225569400451661e+02
3.855048396328003690e+01
-1.580853951755828746e+02
1.481117936657919927e+02
-4.235408554029047679e+01
3.048175769448735295e+01
1.799985812498223936e+02
-8.124751657777994751e+01
8.339463740728749030e+01
1.952805564267568457e+02
-1.962887952435276304e+02
7.033752348718758185e+01
8.322974422748094980e+01
-2.334358578241514692e+02
2.467141003481710015e+01
5.814794374336001681e+01
-1.896049976002786082e+02
1.340468444989840577e+02
9.402914086278764216e+01
-1.548503635310658311e+01
2.158637072685368139e+02
1.522827540864539060e+02
3.567429536978858806e+01
1.802549308819340581e+02
9.977184184465997419e+00
-1.993193506754505506e+01
-1.552294200666525370e+01
-1.651636475729648055e+02
-1.075120879682881139e+02
-5.306154049110701010e+01
-2.168624456467334198e+02
-9.182157340977340709e+00
9.881966502419146536e+01
-3.938730575668709832e+01
1.000652552839740537e+02
2.842563648067114173e+02
8.982450277078604017e+01
7.512589542046686120e+01
1.927783027685457569e+02
7.208758422567058233e+01
-1.047243876785665293e+02
-4.206906430601611646e+01
-3.838496671685648209e+01
-1.326166235571939183e+02
-1.660391745177493021e+02
-3.541286399023417175e+01
5.230615217930024841e+01
-2.698558874395983764e+01
6.428535273059923227e-01
2.488761601249144917e+02
1.444683196078568983e+02
-5.205365792764700217e+01
1.706955772491683092e+02
1.625900003858750154e+02
-1.824075694633050375e+02
-8.197031075599649341e+01
6.223717102523372091e+01
-1.639369237377297566e+02
-1.891542905016590623e+02
1.664062011171823485e+01
6.665836774130156073e+01
-2.131061359127127730e+01
3.514402143055755801e+01
2.452898539289058704e+02
1.979032979436835831e+02
-3.360326295650784800e+01
1.265402479294505866e+02
1.835368239008774367e+02
-1.510903309444123863e+02
-1.979761831614067376e+02
3.010105077710568366e+01
-1.428703332787443117e+02
-2.951044396433756560e+02
-5.872929520295677719e+01
1.173001076082217935e+02
-7.475375908089095844e+01
2.507084226799324256e+01
3.075624034342821460e+02
2.241487476028028993e+02
3.396834461245217085e+01
2.122459968259051379e+02
1.858061012201334279e+02
-2.248065090259936483e+01
-1.457031379594044438e+02
-4.087467237003038178e+01
-6.901326103218147523e+01
-2.692328253869537207e+02
-2.354524258601527436e+02
1.212512243315123612e+02
-1.040090567990112618e+02
-1.464497050633928552e+02
2.602314170803217621e+02
1.963521633660384680e+02
-6.537878251821730657e+01
2.459057621231782775e+02
1.550934081729403999e+02
4.455852267468358718e-01
-1.139109875418083817e+01
-4.486238807493798220e+01
-3.286599387750802492e+01
-5.458749159165503073e+01
-2.630087785398915230e+02
1.166518141742401440e+02
6.240905904377166280e+01
-1.695126498187973709e+02
1.824536749302150724e+02
2.907036628416543067e+02
-1.115470980513030668e+02
1.955429003250551148e+02
1.561732973964813027e+02
-5.736323013922487490e+01
-1.924454868160831111e+01
-5.769924852948665261e+01
-1.683768885103040134e+02
-7.408583534962978945e+00
-2.693989072899476014e+02
-5.667926104676701016e+01
8.962502423812449592e+01
-1.030253344487056921e+02
1.488415611837782571e+01
3.239990970814552043e+02
-4.523470723340725641e+00
1.480992080489660054e+02
2.036904221110491733e+02
7.368143399907150126e+01
2.430600903592855389e+01
6.033585721808666591e+01
-1.181469898407097645e+02
5.073407872241978822e+01
-1.433933764568635354e+02
-1.077375138065632996e+02
1.189999868294390595e+01
-4.181997229557133267e+00
-1.340698049177218820e+02
1.314515538648257404e+02
1.873939014363964972e+01
2.940340962898665822e+01
-2.201735875376520823e+00
8.877445412911174571e+01
-1.569823780770840926e+01
3.697916126975655970e+00
-8.904216076812052449e+01
8.362460127090696460e+01
-6.144032968576453158e+01
-3.178112363613958991e+01
2.035351244760846612e+00
1.381099605959496728e+02
-4.818907814277325485e+01
6.203096608247417976e+01
9.700713095799272878e+01
1.328107062205580178e+02
-9.904519978975490346e+01
9.534030467855610880e+01
6.042555035605045077e+01
-3.771627680793836390e+01
-1.415245610240592100e+02
1.035533698180719000e+02
-7.208714403159667938e+01
-8.713701229244308877e+01
-7.448278107458997965e+01
1.140368803327756808e+02
-9.027421220255661183e+01
-4.513096493764787454e+01
2.354961186433835962e+01
1.411987419501829493e+02
-1.389064447549136219e+02
3.349146418817709758e+01
1.144735865836209285e+02
6.502226773572928664e+01
-1.431394040176066653e+02
1.748682272262848869e+02
1.068268573944934303e+02
-3.876358794383489226e+01
-5.336164830827471661e+01
2.377890699504419274e+02
-7.708730447272364472e+01
-9.195011096517077931e+01
1.490145952780920169e+01
6.772829200842811304e+01
-2.003854292993482318e+02
-4.514116851645736972e+01
-1.873993205584604027e+01
6.377855235953776969e+01
-1.713021796290044279e+02
4.390394568738716430e+01
1.814627932052828498e+02
2.328127880202383437e+01
-1.402843741119094148e+02
3.277949446695318443e+02
2.229772805963316884e+01
-1.441010001231837521e+02
8.677152835252820751e+01
1.158686013083031270e+02
-2.223125327919418908e+02
1.718022627863000196e+01
-3.220905614610796874e+01
3.972402274711338066e+01
-6.868933580395029992e+01
-1.565485012831755718e+01
1.401744556680376945e+02
1.390487500898937583e+02
-1.979164891494480685e+02
2.327485739748992160e+02
1.174423577577307327e+02
-2.097184781637355400e+02
-1.732066747634963377e+01
1.467450797485706175e+02
-2.771395979798732583e+02
-5.594581371464106923e+01
2.692479906752325292e-01
-2.921568750446780882e+01
-4.666119223430126084e+01
5.880222627724639040e+01
7.946589554975855663e+01
1.999908838280666430e+02
-3.989919257048101287e+01
1.454145558537541945e+02
1.737670006129277169e+02
-5.051276175967078785e+01
-1.021577757623292797e+02
1.322076786388885523e+02
-1.536541782610948985e+02
-1.632557031911645709e+02
-1.425707509333450673e+01
-5.609882371689565161e-01
-1.470842984942897260e+02
7.560168055775267248e+01
7.313162905529581792e+01
4.826310970622041197e+01
6.688114988906565372e+01
1.162431458712888741e+02
-1.663971851324731688e+00
7.827048525099446863e+01
-7.727285806773110721e+01
-6.506788739948395062e+01
-2.540125122688822401e+00
-1.215253341001226772e+02
-1.257261295732682100e+02
1.230846301432607106e+02
-9.467789159007558908e+01
3.686906320625137568e+01
2.222154823630135638e+02
4.001883889152547447e+00
9.443867991521452154e+01
2.579926818021753547e+02
-1.271130173357009312e+02
5.201558114575478697e+01
9.140709337833926895e+01
-2.686964914894475669e+02
-7.093422292080266800e+01
8.103589432527080305e+00
-2.844838372887095375e+02
1.423558007883388754e+01
1.475802381260692897e+01
-7.677723753742228041e+01
1.942681305553281561e+02
4.807609271398467143e+01
4.432853823231648249e+01
3.135407019945713500e+02
-7.378019834365150587e+01
-3.252239046489231811e+01
2.491930985050728111e+02
-2.042492253266264584e+02
-1.777256485185337453e+02
1.503896856171797651e+02
-1.578335544999042668e+02
-1.424413485996041118e+02
1.095271090930968683e+02
2.469881026231022503e+01
5.887727404602787118e+01
4.245211244363369474e+01
9.478016433848461020e+01
1.776873871932162956e+02
-8.014410827014259553e+01
-8.813618155385907471e+01
1.461011040976699178e+02
-1.601188989529757123e+02
-2.499504463529680152e+02
3.160939718101270302e+01
1.022380087035616114e+01
-1.921790356521564149e+02
2.630585735468925712e+00
2.388768602401737553e+02
8.561691559643848848e+01
-7.300717002515067122e+01
3.016387420932596797e+02
2.032312275075381649e+02
-1.522017984777806419e+02
3.947320336341186930e+01
1.245605383196762546e+02
-2.005556015736041786e+02
-1.530081195639184841e+02
-9.834404692278927484e+01
6.357970833173610004e+00
-9.972204834318074518e+01
-1.928056346953548257e+02
2.145600487961335716e+02
2.086131598692337548e+02
-2.845342941584575556e+02
2.624556887918283792e+02
3.236422709036149854e+02
-2.984871970739259268e+02
1.688147676810350362e+01
2.318134710890431904e+02
-2.715544704642581451e+02
-9.638756604548460416e+01
-1.637074957031736488e+01
-3.481392477602312852e+01
2.832040569742167690e+01
-1.298960102285378184e+02
1.251408173890262816e+02
3.375826623112448033e+02
-2.303157217889128674e+02
9.643352238358551176e+01
3.948653518624624894e+02
-2.495900782193630221e+02
-1.621986631677617083e+02
2.406733414288041217e+02
-2.165223813754020910e+02
-2.337491336724826567e+02
7.480038255750557141e+00
-1.149853873452826747e+01
-4.743145257014361249e+01
-5.578929962247396190e+01
1.211957981059331644e+02
2.370677484925595024e+02
-7.007883697485340235e+01
5.673612137721625004e+01
2.547044724362989996e+02
-6.435584660787161226e+01
-1.588125487615767497e+02
5.413991700675686758e+01
-1.186721829973899389e+01
-2.160423191066674917e+02
-1.171297224817646168e+02
1.375230655335255392e+02
-3.326520161392736696e+01
-1.348868698559725487e+02
2.617740101679909230e+02
1.122168889726824830e+02
-8.115511909721901418e+01
1.723163513497745782e+02
4.069174326981334389e+01
-1.082514232990201037e+02
4.341338657334807039e+01
-2.128271363589773273e+02
-2.871955512180852566e+01
5.994346411468072233e+00
-2.607021510497677355e+02
1.011943408316381436e+02
1.988508102449130206e+02
-2.296736698736385449e+02
3.053956091961580341e+02
1.818833695357765237e+02
-1.434372526025622392e+02
2.296482895817796361e+02
4.430558529610738816e+01
-3.012796898081298878e+02
2.108516506165667295e+02
-2.439030697278535911e+02
-2.418443462311370240e+02
1.525233317254239012e+02
-1.332497955591726395e+02
-1.609557209245924412e+02
3.430377343779300077e+02
-8.806466445356926442e+01
1.513578720278748619e+02
1.728696139129761775e+02
-2.251684722178272757e+00
8.629928517018080925e+01
6.998327486815833254e+01
-3.372819562175898227e+02
1.680817731583914565e+02
-1.612710276659597923e+02
-2.847245016913743711e+02
2.071349213954665203e+01
1.816885391360013102e+02
-2.477959890357697645e+02
1.746635176910890834e+02
2.264726225248610660e+02
1.835633627771752572e+02
-1.652416707570084498e+02
2.933286912870224796e+02
6.195887698727797499e+01
-1.882471225144052482e+02
-2.340191971089126355e+02
1.603534329068947955e+02
-3.333515877561457614e+02
-1.144277666292268520e+02
-1.664072441182477178e+02
2.751066276911707291e+02
-3.089863067358362514e+01
-6.567147859176554903e+01
2.975147405230111985e+02
5.900936772765616070e+02
-5.820857983477760627e+02
3.302796581948798575e+02
3.816061980955162198e+02
-5.157655574827157352e+02
-3.785084064934108028e+02
4.558235490865879456e+02
-6.043733818091337753e+02
-9.477813948607550287e+01
-7.094208837055410299e+01
2.164424379453542997e+02
1.203777917374905542e+02
1.371945716041031460e+01
1.074677172717340596e+02
9.621340533949062319e+02
-6.434422092958044459e+02
2.717609999339078541e+01
6.334451751323474582e+02
-4.493393735447805284e+02
-8.820128101013142441e+02
6.815383763107095092e+02
-4.924224732046541249e+02
-4.010166202606826573e+02
3.224947760402940844e-01
4.831329181063489955e+02
-6.779852873918537171e+01
1.732126103456707256e+02
1.617248503134753150e+02
9.209886182555911773e+02
-5.054662329942519250e+02
-6.394996616844996140e+01
3.673847134067237903e+02
-8.321916548803866931e+01
-1.161296372702293183e+03
3.257401992293371222e+02
-2.487810929071031296e+01
-4.692595153055443689e+02
-4.900829549760148325e+02
1.149594601329674788e+03
-6.661815796499736564e+01
-1.569308884646168281e+02
6.738446167834838434e+02
9.076336466400757672e+02
-8.209999185162527056e+02
3.648479580435996468e+02
-9.430065101201923028e+01
-1.898494099579608587e+02
-8.048723013044391337e+02
-3.591866880142732157e+02
3.218363611032880556e+01
2.917859499580989109e+02
-1.249177029450728924e+03
1.592504508470498877e+03
9.425737164581855723e+02
-6.953118987755077569e+02
1.157856654286576031e+03
1.847593845246723276e+03
-1.503357932427489686e+03
8.109498613715451256e+02
1.372960502110922789e+02
-1.054300072646828994e+03
-4.399394185421350016e+02
-6.291504711536355217e+02
-1.021562104465117613e+03
1.078019481421681121e+03
-1.737278167570544610e+03
7.006124078173482985e+02
2.025295153382920944e+03
-1.139141643348201569e+03
1.963321813835439116e+02
2.837480928666739601e+03
-2.347545799873564647e+03
-1.976281751490535044e+02
5.998218502938605070e+02
-2.141758624547916952e+03
-9.792527174855948715e+02
2.702543770611453624e+02
-1.378188114653017465e+03
2.651493805586560484e+03
1.231211709442686697e+03
2.778891658544580423e+03
6.816611883544859666e+03
4.940713061754101545e+03
4.940926600423588752e+03
1.013758061447402542e+04
5.141499769739323710e+03
5.152551331940577256e+03
7.141090667678057798e+03
3.079251375383609229e+03
1.288540513761843158e+03
2.639306093598256211e+03
-1.683092087569353453e+03
-2.363072735218357820e+02
-1.584213014530531836e+03
-2.804658579321703655e+03
-2.740812352653940565e+01
-5.294024600210459539e+02
-2.563972669669707557e+03
3.063860966474074758e+03
6.593743592881729683e+02
-4.399945474129482363e+02
2.858179803612246360e+03
1.623705744842261083e+03
-1.074549096721181286e+03
1.677061724802701747e+03
-8.581589725269855080e+02
-6.635056793107632984e+02
-8.699456078995305006e+02
-1.636907523122835755e+03
-6.104050611272729157e+02
1.483061544749140523e+02
-2.252064321835859118e+03
1.546575253192562286e+03
8.824170143793626266e+02
-6.273574423616172453e+02
1.170105612495656715e+03
2.035787701313032130e+03
-8.984660634543402011e+02
8.086864217871285518e+02
1.989986554395173357e+02
-6.851565231848537962e+01
-8.994712261306300434e+02
-3.299601101714933407e+02
-3.113158914411219484e+02
1.920357622919809728e+02
-1.234828555814700621e+03
1.006502112328231647e+03
5.638766371864564917e+02
-1.675538241996976296e+01
1.362992799816231013e+02
1.453266287423885387e+03
-4.074627949835264076e+02
-1.998723485688502137e+02
-2.310679363184543149e+02
3.379261598181480508e+02
-1.536621108997345118e+03
-4.689244887040937328e+02
4.181525180082638826e+01
-1.783686847091707648e+02
-8.709113196601556410e+02
1.290218801035138995e+03
4.111284615505167608e+02
6.691718737600317581e+02
5.300954092171280081e+02
1.238128668994309464e+03
3.755088733562993184e+02
1.169917886742759947e+02
-5.557870510572405465e+02
7.068829003507883044e+02
-1.364965362043151799e+03
-1.064937707619787034e+03
-8.953655502610327233e+01
-5.133472458982490707e+02
-1.588149898466725062e+03
6.565945050956116802e+02
-2.460862961755395304e+02
-1.244433015927397435e+02
9.079203249594156944e+01
6.742306775974076345e+02
2.014974979017817702e+02
5.005316938095465389e+02
-2.006991005799328605e+02
1.150136152669455214e+03
-7.163957575434659475e+01
-1.620436470212024460e+02
5.503544020440269833e+02
5.611933765063946566e+02
-8.694651815765976153e+02
6.098544364022897071e+02
1.098762540651363082e+02
-2.301960951659582122e+02
-4.435634707237671819e+02
2.292562598540760632e+02
-4.381896920640039070e+02
-3.343540055615595747e+02
-6.785815317427941409e+02
1.838372859899765501e+02
-6.096791907080089459e+02
-3.805840815078148580e+02
-2.625419912378460197e+01
2.970699693688292768e+02
-3.737070544622793022e+02
3.793951980594848692e+02
3.873052246962714662e+02
6.394975890473367599e+02
3.764763188238376301e+01
7.389205709589803064e+02
5.386372947282525274e+02
-6.661268225855536684e+00
-9.960251585171818078e+01
6.219324473342369402e+02
-6.141507769535386387e+02
-2.366175839075704062e+02
-1.548010220595319026e+02
-3.033669127549914037e+02
-4.271480035218681337e+02
-6.462183475946511635e+01
-4.317046367404852276e+02
1.860313628562001895e+02
-3.809195245190979335e+02
-1.555022439404438899e+02
2.216981050570050513e+02
-3.102899181773602209e+02
-3.020652154809381500e+02
6.047947021897823561e+02
-1.028159030337109243e+02
2.111193352244504240e+02
6.622774316866863273e+02
1.619170374571744162e+02
2.075621719119417889e+02
5.722147096541474411e+02
-3.850936157322995967e+01
2.130432232161712420e+02
-4.790158884590062627e+01
-3.240251457274277413e+02
-4.427166657291390095e+01
-2.670935441812225122e+02
-4.436001641027389155e+02
-5.440859422850748928e+01
-3.303864719779353436e+02
-2.837473499170196192e+02
5.737607279744615596e+00
-1.606530034032483911e+02
-1.242741266703233975e+02
1.362270049995323689e+02
7.574584657175923041e+01
1.994699540516151615e+02
2.372497996261616322e+02
2.030578904794735422e+02
1.965990678173418473e+02
1.889501093574126003e+02
1.316177095302276143e+02
6.433843644457272148e+01
1.079534725878612811e+01
-2.109542396377612405e+01
-5.558868552195421131e+01
-4.946760205047309000e+01
-5.832403333922600552e+01
-3.312898106489775785e+01
6.068421587902109060e+00
-5.319352958545183974e+00
2.558708226645790873e+01
8.840404184550816069e+01
2.992731584985762794e+01
3.398719381049729549e+01
4.458395971495208698e+01
0.000000000000000000e+00
