-1.268520456190342482e+00
-7.391863755973230532e+00
-1.474434074662974403e+01
-1.501009217104441085e+01
-1.202537956026505306e+01
-4.259202656766496453e+00
1.203596775235276972e+01
1.651500848050445214e+01
1.920676830481260922e+01
3.261652109881988792e+01
1.721281547523468447e+01
-7.999012774074493182e-01
7.375851372487086444e+00
-2.066465011478442548e+01
-4.119187188337684091e+01
-1.417765550514221218e+01
-2.308307832014878613e+01
-2.815877897226301130e+01
1.000613106793654694e+01
1.894898281935391182e+01
1.497763197779973154e+01
2.120065822779951148e+01
3.223172098740578662e+01
3.428170098365890084e+01
-1.612651860011371507e+00
-1.869967138568385367e+00
1.340103959568769021e+01
-3.885238537135932546e+01
-4.159570637238645929e+01
1.814594576562669914e+01
1.175350489103610840e+01
1.318356186111178907e+01
4.278685882395518547e+01
3.631612650652485286e+01
4.537972438884025195e+01
4.746640772861454849e+01
2.238895820855204732e+01
5.140106704583540420e+01
2.118031339882185904e+01
-2.758612422465673930e+01
6.068790053817073726e+01
7.981837155651533067e+01
-1.004109567928778901e+01
4.274996184945106137e+01
1.111241856398510066e+02
6.379365826955806540e+01
1.908870718432945424e+01
2.229785965478958687e+01
2.785810420126967557e+01
-4.288391264395333025e+01
-7.894235207285851175e+01
1.037046198736742610e+02
7.538733187192600838e+01
-1.502426770568850714e+02
1.498747514583102181e+00
1.663759158414077035e+02
-7.567392722498294688e+01
-4.410307850343175318e+01
1.530185783793146186e+02
-1.144220352642213534e+01
-1.095739495303698590e+02
1.322298745727534310e+02
1.908915518610188258e+02
-1.824437823003595938e+01
-1.034269700062270516e+02
1.479738144881117421e+02
1.064168252331856337e+02
-1.986662959472339196e+02
-6.874961903871101754e+01
1.082561473006703920e+02
-1.997908070097322479e+02
-9.589699285208054391e+01
2.764514864226873669e+02
1.636154478681299906e+02
-1.129925854722251160e+02
1.097634863475680334e+02
3.289314316617112013e+02
4.788789049928876551e+01
-2.058536013780085909e+02
1.148292647084359857e+02
-3.814072399334133223e+01
-3.682454194224592356e+02
-2.349157222965833292e+00
2.062610940994590010e+02
-1.964637189635237462e+02
-8.434986830484670861e+01
2.140983660161037108e+02
2.729071372021763295e+02
3.205683087601019565e+01
-2.416438456031418269e+01
1.894081907217604339e+02
4.062778409533301271e+01
-2.983337555168944846e+02
1.804966940062519711e+02
1.139226400030316313e+02
-3.924142736956738986e+02
-6.634312604320740547e+01
3.071894455724662976e+02
-6.706286704193918524e+01
-5.923755243203024889e+01
6.164733970032922628e+01
1.063402002136967042e+02
-8.608017885163681271e+00
2.896572012025186282e+01
1.872860857555231462e+02
8.264317968911245771e+01
-2.572579194882068236e+02
1.065840800723610613e+02
2.185826763261680981e+02
-1.098254636262899453e+02
-2.237963645754580853e+02
4.463663558836104528e+01
7.071796608334526724e+00
-9.103531389281783959e+01
2.271425145115574296e+01
2.615014684940121583e+02
-1.079302968016258859e+02
-2.940840384138021690e+01
3.442390590864380897e+02
1.150611465023716278e+02
-1.627094126984748641e+02
8.160409675656762118e+00
-1.399615373470531381e+02
4.387397614227747766e+01
-3.172232145442090001e+01
-1.537598148365185295e+02
1.811143196486965223e+02
2.655723389074097796e+01
-1.507406876594288292e+02
5.519407442826984607e+02
7.996732434449903337e+01
-3.390019886340587050e+02
2.323298270616902812e+02
-2.585644407933163436e+01
-2.603816053745720751e+02
1.866898259968691320e+02
-2.587186506026100687e+02
-1.024954705354518723e+02
2.476868495340926586e+02
-1.094965472392597121e+02
2.811244915602526362e+02
3.068044683723865660e+02
-3.888154412825884947e+02
2.777930076267824688e+02
3.189270270115551398e+02
-3.664997731729180259e+02
1.352451743743249892e+02
4.767015005056602917e+01
-3.639788732365772717e+02
2.484041479436320969e+02
9.539551536967984191e+01
-1.711868727743107570e+02
1.757188829014606881e+02
-1.254043440413593089e+02
2.798441015616400307e+01
3.541631983731052173e+02
-1.449078528737834688e+02
-5.668971126174911745e+01
2.401228745701432388e+02
-1.469707715524977232e+02
9.931101230649382217e+01
1.554766474261383848e+02
-2.561618882691201406e+02
-1.546372630037569138e+02
5.652590182698401833e+01
-9.965597827355658467e+01
6.546342381456494763e+01
2.829197630563447774e+01
4.392395132037567151e+01
1.683552765717355442e+02
3.508402681977768793e+02
2.146539956762205748e+02
1.084841726224962457e+02
-4.102812536157073708e+01
-3.126903453447669179e+01
-1.743196101972283714e+02
-8.241051323871110412e+01
-2.839766762304686267e+02
-2.421280178608652989e+02
-1.144476499073404909e+02
5.773125531899525953e+01
1.548471255294727200e+02
3.320126144675235764e+02
-3.421763084564689450e+01
2.290249505803655836e+02
2.785416340614216324e+02
3.491025450245684336e+00
-3.125515612209387228e+01
8.652452048783553096e+01
-3.839625474677740726e+02
-3.043311179245749543e+01
8.040722137102969214e+01
-3.500581239156029767e+01
-9.895000718726143418e+01
5.054328239959877322e+01
-1.737759940239337908e+01
2.271389040462336482e+02
-4.327306905416509153e+01
7.649560995013905540e+01
2.432644398542678843e+01
-4.409621911909821534e+01
2.444258402516513584e+01
2.930381725100118615e+02
-1.356488377123686178e+02
-1.032182526550145667e+02
-3.974572494013133905e+01
6.319151662860149798e+01
-1.768180844057326908e+02
-2.498575419669691300e+01
-1.649824054553429420e+01
-3.815573225989658113e+01
-1.856237968409443440e+01
4.475892175825921981e+02
1.157830871574625036e+02
3.974141579240006195e+01
1.260517874656690935e+02
6.050070221256837044e+01
-1.065458884548074110e+02
-4.514203563227730598e+01
-3.617077596313561116e+02
-1.344803159878063923e+02
-2.090408788034115446e+02
-9.927779944305774507e+01
2.845215865274262796e+02
1.158735042708406269e+02
-1.101090281020820782e+02
5.119775441869500696e+02
1.712299722971405060e+02
-3.868964505741041648e+01
2.393094160494228504e+02
-1.194997702946584326e+02
-3.004662613813880512e+02
1.110770306636170659e+02
-1.170812781522914747e+02
-4.901998612809779132e+01
-4.449687654291379246e+00
-1.625347018889702611e+02
1.659454765052737457e+02
1.100109517582196332e+02
-1.920535095088686433e+02
1.264680676148231129e+02
-3.672967167980770142e+01
-2.247579185097372374e+02
2.563851547258360029e+02
1.177124912049385870e+02
-7.067648774982917814e+01
1.115728610853274745e+02
1.190882505915661511e+02
5.231531226626971431e+01
6.899655673585073146e+01
-1.344308568926311409e+02
-1.570339268036546443e+01
-1.719485778474943061e+02
-5.693329068429974882e+01
1.203664384575194930e+02
7.728666960368134653e+01
-4.379104908836050924e+01
2.223541736533271944e+02
7.766253469431173073e+01
2.042592588039760813e+02
-4.722160982442276378e+01
-8.416805502288664798e+01
-1.022765065501689605e+02
-1.308639939608553391e+02
-2.397607220818275380e+02
1.552633731709365463e+02
-2.048311836902933294e+02
-6.431015158216199623e+00
1.315865634315406112e+02
1.616841235141085633e+02
6.928799606380474074e+01
2.312340131625131505e+02
-1.550227762672676590e+02
2.219324161134740336e+02
-3.985433504985965492e+00
-1.282744430375628752e+01
7.036316127302053758e+01
1.276132784831092692e+02
-2.717610081845789978e+02
2.175614804133473399e+02
-1.765711256296646070e+01
-5.767280938147772673e+01
-2.044024833953782263e+02
1.989621212604657785e+01
-1.719962437633745935e+02
4.233056521463200284e+01
-1.301067446821740248e+02
2.211231141436159078e+02
-2.117556953651828522e+01
1.178489918155543705e+02
7.019225024143239011e+01
3.178869201173065449e+02
-1.578629591693622842e+02
-5.859384105746509164e+01
-3.134358099600562753e+01
7.788839026109025099e+01
-3.977678999094021606e+02
1.693240202202749458e+02
6.535110073709955714e+01
-8.534682537848040340e+01
3.432920756799040163e+01
4.292132205226228052e+02
-8.816584059550643815e+01
1.677288501533599572e+02
-5.974569745148969702e+01
5.790339801258763686e+01
-5.493939146482441060e+01
-1.859161545402902505e+02
-1.920055645529420474e+02
2.271415864635561093e+02
-4.760603862783364093e+02
3.735541549876354672e+00
2.975343669689000876e+02
-1.292992789589848996e+02
-1.154656818217826810e+02
4.271534755649271915e+02
-1.227864411975552059e+02
1.436273963932492563e+02
1.177339489487090276e+02
3.993068100514697960e+01
6.700112087195641664e+01
-4.219096031884566855e+01
-1.854193851426917092e+02
2.925767257354903563e+02
-2.333088961039837557e+02
-2.031298039740906063e+02
1.578662993209140950e+02
-4.344621478994672970e+01
-1.642882066694975265e+02
2.271543126042572283e+02
-1.179012709500014466e+01
2.173360454138419495e+00
-1.183944953205794981e+01
5.175251523526054598e+01
1.089175284244664823e+02
-6.931027227204914709e+01
-1.477608188454958622e+02
1.052710616069173142e+02
-2.100365678631278854e+01
-2.122526667374001619e+01
6.593000408523259637e+01
3.134655555150850148e+01
2.028290563461434459e+01
-6.061440493105913419e+01
1.121064969988714637e+02
1.847356990753380046e+02
-1.725258073990000014e+02
-8.375835951601753493e+01
2.160325546424692789e+02
-9.133342279766064564e+01
1.129944109779045114e+01
4.312146412696405662e+01
-1.039676431230933247e+02
-4.190979691150646147e+01
-1.957731957891829211e+01
-4.405565693514887471e+01
1.966904729705558736e+02
-2.564014238774308296e+02
-6.760287339892957448e+01
3.232179548427957343e+02
1.854883695972500135e+01
-1.224364876692316244e+02
2.383663109907491844e+02
-1.495082552696213440e+02
-3.944226782181215896e+01
7.395436337881619693e+01
4.303903002032843972e+01
-5.936059426573163478e+01
-6.778220108312754633e+01
-2.713383409493084741e+01
3.632262143727978128e+02
-2.338210211266470751e+01
-4.563754381230612012e+01
4.190626876666468092e+01
-6.518634542282366340e+01
-1.510058807214832655e+02
6.085253273538782537e+01
-1.553929523879926933e+02
-1.059063605834146102e+02
-1.523073335203022225e+02
1.940517653541390928e+02
2.675506319117190515e+02
3.920347826331245500e+01
4.822309958525057283e+00
1.599381861164902148e+02
-1.108982705021049071e+02
1.011209484845916506e+02
-7.456336579086531913e+01
-2.861883095922717075e+02
-6.652684220856802710e+01
-2.831829462378659201e+01
1.634440038148381547e+01
3.927052257539124867e+02
-2.178381331563848278e+01
-6.140931141585917175e+01
3.069401960682186541e+02
4.729401461884022950e+01
-4.054213119493869044e+01
-4.241457327701900937e+01
-3.654333888051566532e+02
-1.035688376102955601e+02
3.568708916682530941e+01
-1.595380651571157955e+02
2.071455801059357782e+02
-2.558064779342344508e+01
-2.099940109857919595e+02
3.492993734054277866e+02
3.091134957073121541e+02
-2.574728306738921333e+02
5.036088869977515969e+01
2.422739596799341655e+01
-1.933594629490547590e+01
5.971469187724987648e+01
1.691797439944269570e+02
-7.364267486276878572e+01
-7.339022985506450425e+01
-1.428291895433275727e+02
2.436624293268181134e+02
-4.377813081716504939e+01
-2.666005890471856787e+02
-2.145901241000250650e+02
2.533906238014988617e+02
-4.720182702225736904e+01
1.192172644075237287e+02
2.105941828024475342e+02
1.429932629529160124e+02
-3.097103247210347376e+02
3.096642307877458506e+02
6.518295026668074854e+01
-3.165034129538260572e+02
-3.855114220106796097e+02
5.575807487891137271e+01
-2.142149888528022643e+02
2.413099649145173657e+02
4.928991678901262219e+01
2.491446741457137364e+02
1.585325382428006264e+02
2.490387256816058823e+02
1.225520513532003548e+02
3.489140506435721818e+02
-5.383909710191508111e+02
-2.156145456511623877e+02
-1.128893672099463146e+02
-1.971351858658089213e+02
-2.923220460775406764e+02
2.185070984033089019e+02
-2.763172673069055350e+02
2.621549563599775183e+02
2.819834180679060296e+02
2.508395979053584028e+02
-4.157621698450892467e+00
1.825028424646034182e+02
-2.782362301253077703e+02
1.260879947723574759e+02
-8.910550300487481934e+01
-9.043635967402198617e+01
-2.912608568255328692e+02
9.122142583455033105e+01
-8.786880406302807955e+01
1.804082158722921747e+02
-4.738030585186234589e+01
1.093916732025614209e+02
-3.382045931135114358e+01
1.751847246412235108e+02
-6.764473709543824498e+01
2.878848367897780349e+02
-4.651360598846245864e+01
-1.936533824917502784e+02
2.315225184085851140e+01
2.179541644457116263e+02
-5.060691832738709763e+02
-2.691203350485351464e+01
5.968977374405137937e+01
-2.947450001266271897e+02
-6.834090656232447714e+01
3.807081973633776784e+02
-1.654465483296005957e+01
2.086141198414926521e+02
1.640306911120403583e+02
1.622547990233119606e+02
1.685668373768327228e+02
-2.051671110651765844e+02
-1.979739827252896589e+02
1.230291105777900071e+02
-4.837683214396520270e+02
-3.183848733496862451e+02
3.326190732994314203e+02
-1.077970065817705603e+02
-8.181106927765068804e+01
4.121351211720300967e+02
1.699295485712270875e+02
-2.570469687948249771e+01
2.591480520599041597e+02
1.802918561497040884e+01
-9.554532342482268348e+01
-2.739924968248548112e+02
-1.186205467962975320e+02
-7.214584653465946928e+01
1.632002811024810285e+01
-2.138380696705356172e+02
5.012101163228130929e+01
4.025458808078066397e+01
1.969703624761705498e+02
5.004349835563467508e+01
3.391018194778231418e+02
-1.298529891418524471e+02
-2.029630582407452266e+01
1.325330516160790353e+02
1.621046468208714941e+02
-2.863616891546328134e+02
5.322654424625467584e+01
-5.492851199044938539e+02
-3.480420463505488016e+01
2.013466331520276071e+02
-1.523618079532700733e+02
-2.722381032492120312e+02
5.462577622274593523e+02
-2.134172002819763634e+02
4.448435315606103018e+02
5.597363921310039814e+02
-6.298231865162870946e+01
-4.329171448612813151e+02
1.375687280279863671e+02
-3.248725117787645331e+02
1.243435322491380504e+02
-5.986616472241490783e+02
-3.831493812809068231e+02
1.864266288780956415e+02
2.682627657743879013e+02
3.920122541195201649e+01
9.948067846723229195e+02
-1.887210907047762305e+02
-2.983491600770046830e+02
4.403029008970671043e+02
3.760863496825507468e+02
-7.752889561167638703e+02
-4.082417856022624960e+02
-3.767622303020361869e+02
-2.156910960893031159e+01
-2.131333525996952005e+01
4.582715081502387307e+02
8.883018350574356248e+01
-8.828197246949073929e+01
8.279578908450116614e+01
7.767019300551490915e+02
2.069533639506919371e+02
-4.622568961239666123e+02
-6.273176398494573505e+02
2.193462981665070117e+02
5.232451079741626643e+01
-1.873953617796725553e+02
1.981180602416096974e+02
-2.282200516206018790e+02
-6.482979064952664885e+02
7.026499692639112027e+02
5.607313592779614737e+02
-5.094158204158123908e+02
-5.874252686226011377e+01
-1.258508049713948367e+02
2.373286248371173883e+02
9.135477578319854501e+02
-5.525657547775685430e+01
-5.623085377991983478e+02
2.152251681320528576e+02
-5.069425694664516868e+02
1.637586308684243193e+02
1.073165175515918150e+02
-9.836253765638953155e+02
-6.549046885554886330e+02
6.156648099192505015e+02
2.888702050592564206e+02
1.235181008296141272e+03
4.082579013744752672e+01
-3.112350700123811862e+02
6.156476074686001994e+02
7.081601043709143823e+02
-9.734555195112295678e+02
-1.597290556459647632e+02
-1.200322115942894015e+03
-1.033052874559247130e+03
-8.631673360452366239e+01
1.355482253796502846e+03
-2.133296600482173915e+02
-2.281353528132375175e+01
5.524127260541214355e+02
1.853063257823840786e+03
1.546591957590822375e+01
1.442616276341481125e+02
-8.663544297500038738e+02
-6.145807261830161679e+02
-1.342119516513375402e+03
2.916430840644847535e+02
9.516667132004633345e+01
-2.526618224235880916e+02
-1.740016277973036495e+03
2.530622530664949409e+03
1.712951458050149085e+03
-4.170972242843648132e+02
3.482915868822341281e+02
1.712469320980434077e+03
-2.131338381172346544e+03
1.095643885875369733e+03
6.749690094055406462e+02
-9.990128209182915953e+02
-1.686786710973819936e+03
-2.680527366552182755e+01
1.084674235526714448e+01
1.768928802408671345e+03
-2.826047506784882444e+03
3.667780807533617349e+02
1.589893752018723944e+03
-1.304079792670670713e+03
1.781165171944574865e+02
3.958657483101796515e+03
-3.513259167221743610e+03
-4.912113620527423450e+02
1.970704191144794095e+03
-5.914975865688619479e+02
-1.855043842983905506e+03
-1.805826401135608137e+02
-2.133278907428871662e+03
2.634894134244192628e+03
5.620529457005624181e+02
3.262209249389908109e+03
6.525738940562907374e+03
4.230753549821879460e+03
4.972162643597904207e+03
1.286572938755637915e+04
5.439203464255343533e+03
4.378617714438980329e+03
6.684849322037402999e+03
3.348179387110956213e+03
4.191385446123645693e+02
2.777503120809486063e+03
-2.240276033814228413e+03
-8.761834693410411319e+02
-2.448281751054993492e+03
-1.173950762190092746e+03
1.520295460183058140e+03
-4.996893878318379052e+02
-3.640943890259649834e+03
3.757425031051753194e+03
5.926313904258303182e+02
-5.341996863328339487e+02
2.373313223078096144e+03
1.073081486284942002e+03
-2.277029344647239213e+03
2.168846624104608964e+03
4.419675908170878529e+02
2.340080519885586341e+02
-1.918278665076923744e+03
-1.714392231218458164e+03
-8.446387856191604726e+01
4.324165466455876299e+02
-2.575008147168221512e+03
1.171405852392430461e+03
-2.686230819475262024e+02
-5.178196581722734209e+02
2.097426868043055038e+03
2.917824895631234995e+03
-1.028643322325454847e+03
1.381212004751257894e+02
6.901776928381634946e+01
6.733231678363947594e+02
-1.009758208921734081e+03
-9.647229853470872740e+02
-1.134945188087945326e+03
-3.273736276858610950e+02
-2.906694071726471975e+02
2.134597132002967101e+03
6.625165102817210254e+02
-1.304759076690101551e+02
5.830099585788594396e+01
1.363758546762009018e+03
2.249345967683017591e+02
-6.756511348088689601e+02
-1.608040031196643440e+03
-6.438802336319614597e+02
-1.008190586869465619e+03
4.119742169040030149e+02
6.659898229420693951e+02
-3.655813899254444550e+02
-2.873597810150225769e+02
1.365852717307132707e+03
8.455098839502436476e+02
9.301557986494700572e+02
-1.552677687794456745e+02
-8.040560099869879878e+02
3.088881105471326691e+02
7.046313754999462162e+02
-5.486629617707988515e+00
1.418897884010749237e+02
-7.933881230804349798e+02
-5.776690008518257855e+02
4.832315405206392143e+02
-3.211111308753549451e+02
-8.463282759223387757e+02
-1.058261437233507422e+03
-1.228771253472871649e+03
2.469243255680550533e+02
9.411030817632533854e+02
-3.421271420389659284e+02
2.562328560041763126e+02
6.671764843445138240e+02
7.164893168280279951e+02
9.531223644525754253e+02
7.518545006719856474e+02
-4.917091786428729847e+02
-4.284797708548329638e+02
-1.615285741798012111e+02
8.171845102305325099e+02
4.376918345126421173e+01
-5.557673664879298485e+02
-2.309539663748454359e+02
5.343319641804760067e+02
-1.437580706804627653e+02
1.341631497095734460e+02
-5.465583948346145462e+02
-9.028835913646385052e+02
-1.115978376505001961e+03
1.616602279568751896e+02
2.207187104670866518e+02
-3.867411093173753898e+02
-5.772972891801723563e+02
1.045996239333756648e+03
4.775614626472870441e+02
5.765493216107655599e+02
5.607083101648202046e+02
9.998724981042667537e+01
-5.387139701517169215e+02
4.902403982753803575e+02
1.783218037726990133e+02
2.920587195428556697e+02
-5.469852222048763224e+02
7.156720635258632512e+01
5.049137697294756890e+02
2.897779703674696066e+02
-4.626601763363818236e+02
2.138701583504952453e+02
-8.853361338736546031e+02
-7.020955189643938184e+02
-1.330198424961266035e+01
-2.901661423263659003e+02
-7.918197377063079330e+02
1.064905540332494205e+01
-3.458406968822546279e+00
4.666809065178109108e+02
4.488713045333010427e+02
3.044422171882159773e+02
2.864394221439251851e+02
3.370484936118334645e+02
1.159024289097172300e+02
5.254841977336452601e+02
-2.528545784119757300e+01
-1.611985143825885984e+02
1.221068546226324685e+02
8.282958920877543108e+01
-1.341071485199238111e+02
-3.856389453120969790e+01
-2.585745230094199201e+02
-2.538121386189617965e+02
-1.856374231737554794e+02
-1.434088484185109280e+02
-1.988536091661116245e+02
-1.533702861158039354e+02
-6.391181081812158027e+01
7.928059530232323482e+01
5.697661037316761679e+01
1.251978220640785509e+02
6.986884608799098828e+01
4.217043269342465095e+01
9.737233424782935742e+00
-1.989160136406242785e+01
-5.256872527941071382e+01
-1.027872550078597698e+02
-1.147550172900007226e+02
-5.490953680700962281e+01
-7.531197509224980990e+01
-4.285053522186360198e+01
2.660460535386291880e+01
1.136736210058881724e+01
-6.512898244266393633e+00
3.542066571488282278e+01
1.111902247355888385e+01
9.658349247334099275e-01
-1.014576297665327687e+01
-2.882588990252666683e+00
-8.575362655585744065e+00
-2.132723014043918397e+01
0.000000000000000000e+00
