-1.775703399923816761e+00
-1.002638226274017264e+01
-1.713292958301479274e+01
-9.596099366524423857e+00
-1.914511176962138794e+00
5.752320941603637827e+00
1.937015891624973563e+01
1.607241441150957328e+01
1.627866216814923206e+01
3.164973392171558686e+01
2.760293470341433686e+00
-8.476472133888064420e+00
1.142183785799629447e+01
-2.176643176456278539e+01
-4.150125297189857321e+01
-8.350965241914080295e+00
-1.011552207640718670e+01
-5.919688050908535004e+00
-1.820141340277008357e+00
2.043847963425563563e+01
4.583862849938415707e+01
6.384936061495716686e+00
2.461887530957632819e+01
6.428378124884913802e+01
-3.004844190326055653e+00
-2.378924699864291625e+01
1.794575828440562049e+01
-2.820530215441441158e+01
-3.593227896554025591e+01
1.308441868269830266e+01
4.398509667936324519e+01
4.630276925634135665e+01
1.101484836671633971e+01
2.053269149523544002e+01
1.096502352324176570e+02
6.145219048285336783e+01
-3.463248846895702115e+01
7.041505599094099921e+01
4.691915031457637753e+01
-4.280378089918565365e+01
3.067242038984307584e+01
9.311563683133189784e+01
3.371134443617748389e+01
1.071591494668354372e+01
4.689962782082602644e+01
1.426574505022935853e+02
4.692799827810357982e+01
-1.252115198797183098e+02
4.160276935042354296e+01
5.609066084259958274e+01
-1.327115627142183314e+02
6.317930229095114925e+01
1.336719115087669536e+02
-1.694547715631065614e+02
-7.541767589624774359e+01
1.788265078150234046e+02
7.142708794453844234e+01
-3.283327559385715233e+01
-3.234113734441983468e+00
6.140202979098792468e+01
4.841240393409654530e+01
-3.787481512492524871e+01
1.753008909509783848e+02
1.177310009468505712e+02
-2.580928911783604462e+02
2.741807483292861747e+01
2.761698735742874646e+02
-1.678323807203441334e+02
-1.611999345172038147e+02
8.414671594200945037e+01
-5.795831745726869144e+01
-1.993572831464473438e+01
1.700983659385680085e+02
1.826967007910957648e+02
-2.026195045218613444e+01
-9.589585974404909052e+01
3.055970912739473988e+02
2.346155336319612275e+02
-2.681834292125827801e+02
-5.167360280032877284e+01
2.503017846251145073e+01
-2.885893109195116608e+02
4.943729790963459436e+00
1.735227489175660196e+02
-1.608554344486185812e+02
-1.262138246630829883e+02
1.772511184951821974e+02
3.800560899107719024e+02
9.382435815506924826e+01
-1.161600113138987354e+02
1.737333933701124238e+02
1.199793706075329247e+01
-2.550774437594514552e+02
2.304357333076557381e+02
2.370143799217795078e+01
-4.695440666235836034e+02
-2.986640425828278467e+01
3.298007439817608883e+02
2.778777925895185774e+01
-6.325640396582578262e+01
3.757309485662565152e+01
1.530802766572933535e+02
-6.114159563444729883e+01
5.845099052249425853e+01
3.014998595768289533e+02
-1.665363506663987323e+02
-3.936030439496606732e+02
3.046325455502335444e+02
2.058393458571445365e+02
-1.900189106592594612e+02
-9.472509705556177551e+01
6.899390239879315345e+01
-2.752407260346856788e+01
-2.646209681505308708e+01
1.449294389361376716e+02
2.312000354950673966e+02
-3.509014069068645085e+02
-4.651806121514783854e+01
5.279658780202618118e+02
-6.858087332335262687e+00
-2.715821600021839117e+02
1.693138751935062487e+02
-1.505108655279087202e+02
-4.276554323232779353e+01
1.196998443370899707e+02
-3.689749299577096053e+01
5.898236819465303427e+00
-1.026051229714587834e+02
-2.344951683442062063e+00
6.030426792703242427e+02
-8.709178060412600075e+01
-2.948500794186039116e+02
3.043564473341558028e+02
-1.130864618343627797e+02
-2.192912249532482463e+02
3.030812544869956469e+02
-3.087774560703028897e+02
-1.873884605180095662e+02
2.095988400636159668e+02
-2.772774275851830339e+00
3.099060349940081096e+02
2.130172803495999858e+02
-3.392205010217791141e+02
3.264447319206418001e+02
2.272582711542315508e+02
-2.617889632035285103e+02
1.362669200636833580e+02
-9.568151253239719267e+01
-3.489581850376051761e+02
2.344569709884270594e+02
3.693945101749900317e+01
-2.721070030904805392e+01
1.539982966540503071e+02
-1.863792014630064955e+02
1.406338490154990382e+02
4.210975965077050773e+02
-1.878562162260174091e+02
-6.834559212287791752e+01
1.965746869222061832e+02
-1.702363633026912737e+02
-9.634516457319714178e+00
1.647327709876735469e+02
-1.243945017883943223e+02
-2.200154768818642026e+02
-3.547241421204189749e+01
1.065926021461451256e+02
1.315630745637920711e+02
-8.240193360843272785e+01
6.374361556814972829e+01
2.419100079320292309e+02
1.962003731320203030e+02
9.309852918259046817e+01
2.512019512450820002e+02
1.407401201832495730e+01
-2.544246545249907854e+02
-1.089072605456818508e+02
1.226767516454853109e+02
-3.569462427259686592e+02
-2.724274549829326020e+02
1.628911865303424733e+01
2.101755181924936267e+00
4.199713164677338284e+01
3.412243094853310481e+02
8.726869605581805445e+01
1.907303786966008090e+02
8.907766416596653869e+01
9.312321285178313701e+01
1.205861935651212207e+02
-6.305636321814814238e+01
-3.475238576195648648e+02
8.446271204231916840e+01
-9.200533139924100112e+01
-4.394213939503416810e+01
5.977017758978038842e+01
2.119847785553038477e+01
-6.493625913171860020e+01
2.025714184549725019e+02
-4.269153458959763014e+01
1.590843442219536428e+02
-5.816910515039808161e-02
-9.232780617055365724e+01
3.898994180650149133e+00
2.316932566649292085e+02
-8.501572280311322061e+01
-1.590385444110160762e+01
-8.009652212014083261e+01
7.630001114091552950e+01
-1.845401379175205250e+02
-2.832864328019709887e+01
9.182944347844218669e+01
-2.445490113022309941e+01
-1.849905416183092939e+02
3.936440773908620372e+02
1.853056182134402832e+02
6.428083345910405910e+01
4.473871465234446987e+01
1.153629185676741429e+02
-6.125760022961581086e+01
-1.565527197014490639e+02
-2.768937106866279692e+02
9.204350626212763586e+01
-3.757065231293414627e+02
-2.494306747919052896e+02
4.013747180452785983e+02
1.600807949116790496e+02
-1.964736735671665429e+02
4.962459335293058871e+02
1.936881349460738875e+02
-4.465690813251243441e+01
1.338043113643791457e+02
3.411789029994215383e+01
-1.450631561951123842e+02
-1.334165769128631780e+02
-1.906145567526945115e+02
2.336899537995585092e+02
-8.051536446859648777e+01
-2.745640935163598897e+02
2.746080957960441538e+02
6.754559652860608310e+01
-3.145323216138776843e+02
1.979582364716321479e+02
3.796031235027477635e+01
-2.621603732073404558e+02
1.030338055650579463e+02
1.734576785788414099e+02
9.561532165000986083e+01
7.330920567848480118e+01
7.951200640077452420e+01
1.485583711950272914e+02
8.155860880500602761e-01
-1.694879011363488814e+02
5.732424174409987927e+01
-1.914647821346438832e+02
-1.752927407362104191e+02
7.535124475080222339e+01
1.212879218458848953e+02
1.302271377721430667e+01
2.323686036956450209e+02
1.187255488163801402e+02
1.771074469657444013e+02
-3.995607562202108198e+01
2.143813698675125323e+01
-1.529157794767042731e+02
-2.220430919146635915e+02
-1.929302532014634721e+02
5.745114995599293195e+01
-2.625649545808072389e+02
1.347202463647785464e+02
1.335794124816439705e+02
8.682361236759408030e+01
9.932221347606925121e+01
3.061652386253251734e+02
-9.666374525527166384e+01
1.347597413655492176e+02
-3.508973322853154997e+01
9.962483961956442613e+01
-8.315397255759481254e+01
5.641450347707654345e+01
-2.407047367078121169e+01
1.517511426988127994e+02
-2.252465011684417391e+02
1.098167041675594078e+02
-1.319095973017618633e+02
-1.069058364557365621e+02
-1.737494962994494188e+02
1.264210401123526566e+02
-1.758065536961918838e+02
1.202978228622044412e+02
6.609323062530638992e+01
2.999546718108159098e+02
-7.028046386338455420e+01
2.189557092881768767e+02
-1.492966495892734002e+00
-6.618578430930271850e+01
-1.853924332135245834e+02
1.352496350182992160e+02
-3.764047632556918757e+02
5.547125969468434903e+01
4.311877466217890031e+01
1.139988021277859502e+02
8.480244820671698847e+01
3.085141922497809901e+02
-4.543376271907523289e+01
2.669541104473453288e+02
-1.652426849098913522e+02
6.335324648459341290e+01
-7.543949967905150800e+01
-3.196619127608228723e+02
-2.077736880080148296e+02
2.923142641978892016e+02
-4.390957877977632506e+02
9.066779050980490240e+01
2.448392659508753582e+02
-1.150319854588936437e+02
-1.980825597668572868e+01
4.248538081629400267e+02
-1.454523352700663281e+02
6.944496450501750928e+01
-3.405824307200145995e+01
1.354624320320369861e+02
9.123798975441934545e+01
-1.193744351126564140e+02
-7.039754259443586193e+01
2.956116729588517842e+02
-3.558179328598827169e+02
-9.621387666769436464e+00
2.564336680100393551e+02
-2.205147764408415583e+02
-2.537360734248191534e+02
3.010932569309492237e+02
1.346751324080558732e+01
-5.633179922865401323e+01
-1.005096008924343209e+01
1.363154517319356103e+02
-2.920516133515022261e+00
-1.101536865268336385e+02
7.752841906037176045e+01
1.048458192556225441e+02
-2.619235386717732013e+02
4.860532558527580704e+00
2.232590991031233330e+02
-2.688870141181624263e+00
-5.242730645545138657e+01
4.415805050658148900e+01
1.256807984696736611e+02
1.189197379891763617e+01
-7.021533680504913377e+01
9.280563721192214643e+01
-6.678705314412972882e+00
-2.323394249623752330e+02
1.681015107239186364e+02
5.769805047962773159e+01
-1.244147260553245786e+02
6.418729108248729887e+00
-2.036988729917780461e+00
-4.552468696023878181e+01
1.813049932894521419e+02
-1.844082215417638224e+02
-6.903912978335927875e+00
1.001497595198158876e+02
-4.641112971042429081e+01
1.160650859033918891e+01
1.836436749462340288e+02
-1.605879885772530145e+02
5.415492829216969994e+01
-1.306296448771507457e+01
1.058967723333198450e+02
6.331736703301797320e+01
-1.072555774800226374e+02
-5.324963317529949336e+01
3.424723392209884310e+02
-1.251208330202186261e+02
-1.394411836434601781e+01
7.770402028430405039e+01
-8.501080809916386727e+01
-2.264312858236899615e+02
6.758040825279321950e+01
-3.586787258540051226e+01
-7.518416717705608221e+01
-2.349914710630757213e+02
2.774353007148440611e+02
2.600436748834695777e+02
-6.724119449936705450e+01
5.199852602917674460e+01
2.714774492506685419e+02
-2.173976978907405169e+02
-2.395942705299794895e+01
1.294542198854231074e+01
-1.637289836914557100e+02
-2.306240197366894051e+02
-3.078456077296136684e+01
1.929132354691585647e+02
2.676788760719528568e+02
-1.201495937726926826e+02
1.883333700951041294e+02
3.029472156805978784e+02
-1.149300954485643587e+02
-1.438992478639711337e+01
3.739668003587745915e+01
-4.029056341046780290e+02
-1.972110013191348230e+02
5.047162866178471319e+01
-6.465044667423099156e+01
4.505267871215932729e+01
-3.264378515257401858e+01
5.312168541774792629e+01
2.821471817550174706e+02
1.558102102946378977e+02
-8.999097226284126805e+01
5.448032333899994484e+01
-7.863463360719649131e+01
2.742801239716839135e+01
4.943831820870376959e+01
8.043352266390695604e+01
-1.044702422179368710e+02
-1.924819684717546409e+01
-5.334887657326704868e+01
1.987225610165712908e+02
-8.575255301026824384e+01
-2.046352886040991166e+02
-2.076281359680665730e+02
2.753326481558299292e+02
-2.815883942548641627e+01
3.574168508923811061e+01
1.802569440579203217e+02
1.814940276534000247e+02
-3.006888810673609100e+02
3.309317201819811771e+02
4.388021782202456933e+01
-3.587945560752711458e+02
-4.216437512292993688e+02
1.223545052924766878e+02
-1.072737029097370112e+02
1.328474452695937202e+02
-5.827191108257827068e+01
4.324287923960566218e+02
1.584265391395369420e+02
1.644794149588198025e+02
2.578304507450041569e+02
3.074150848726314962e+02
-7.422540329635602347e+02
-1.322664721180993865e+02
-1.057460118130652660e+01
-2.529401385249241230e+02
-4.332219809054665234e+02
2.417702698201309204e+02
-9.378641541990684516e+01
2.530739888164981153e+02
2.159020041092690008e+02
4.453600039599315892e+02
-1.098737784813152700e+02
-2.409227310630223329e+01
-8.582241283040436031e+01
1.995686736787686471e+02
-3.702610302161907612e+02
-1.268372201753462605e+02
-1.641964563992333979e+02
1.371933073292186123e+02
-1.040656035924243952e+02
2.643250048012043862e+02
3.119427459764146704e+00
8.701042664422811157e+00
-5.401401591618289189e+01
3.490030481830713143e+02
-1.616726874118248531e+02
8.669166786159409810e+01
-3.365667744864120436e+01
-1.058911141685880182e+02
1.942160756043503511e+01
2.388624235331061243e+02
-4.776720079879921173e+02
-2.481003314324414788e+01
1.509456908007674514e+01
-1.921364983676872953e+02
-1.556378501581334106e+01
2.370408865316713332e+02
-6.562996719402227086e+01
2.551075018926084113e+02
1.260371765686085155e+02
2.674656690044846528e+02
1.716161767674937266e+02
-3.454764966081219200e+02
-1.246066323217841756e+02
2.011258896354806893e+02
-5.600238190447531679e+02
-2.916031754528171405e+02
3.075553665615098566e+02
-1.649262009590568141e+02
-5.175686976407701678e+01
4.677996742120948852e+02
2.647271721678076801e+02
-8.294319439940784378e+01
1.159632797668103166e+02
1.735632867178396452e+02
-5.009194680108379316e+01
-4.948982247473048233e+02
-6.203382493506270379e+01
4.309968023798944614e-01
-1.565616813686583555e+02
-1.691169221155598166e+02
2.660568737069685312e+02
2.223414049074207455e+01
7.828181441161449072e+01
1.123459253990703814e+02
4.759874494729782555e+02
-2.539725779325078463e+02
-1.460349247496089333e+02
2.291604629910174822e+02
1.087303357944244055e+02
-4.566198195983183723e+02
1.869216762823508589e+02
-4.058543063584135666e+02
-1.069216380329302325e+02
1.510504660615384580e+02
-4.984715014623635199e+00
-2.138755127030929089e+02
4.073134047034894252e+02
-2.268022493338057188e+02
5.423619067137940419e+02
3.641525718653323338e+02
-1.245889625728652419e+02
-2.557470083458544536e+02
1.075700329178117869e+02
-3.985884980757810467e+02
2.262537797954728944e+02
-6.057061828199409774e+02
-3.474633197510207197e+02
2.106967018332982491e+02
2.317920034664099660e+02
3.430724328014439095e+01
9.418451260458911065e+02
-2.314617797586661254e+02
-1.850031770358686742e+02
3.910738650354057881e+02
3.399851488744463381e+02
-7.415597435328911615e+02
-4.640941859788143233e+02
-3.227803770105703620e+02
8.574258842270660352e+01
-1.740859668498541453e+02
4.528011331320817021e+02
1.915851931154713270e+02
-1.339972181081541294e+02
8.691939813433181428e+01
8.803304910884834271e+02
1.325351560638930550e+02
-5.747681112299864026e+02
-5.870028514752309547e+02
3.563527931255171666e+02
-4.915325948684463242e+01
-3.340310035101306880e+02
3.046509576902867593e+02
-1.560415533703902895e+02
-7.344353813725720102e+02
8.110003661455994006e+02
6.440756382855889797e+02
-6.412733635833685639e+02
-1.345122486786459604e+02
2.999534950879401407e+01
3.043305237436981088e+02
6.873723624916231074e+02
-1.490141437125915331e+02
-3.637205063537190313e+02
1.558935202177688097e+02
-5.877628434741081946e+02
3.769370612630995083e+02
6.165619308494211737e+01
-1.165415547369954311e+03
-4.889101526394173334e+02
7.406178810613557744e+02
1.839632690248941742e+02
1.125582233630943620e+03
2.444659603249940005e+01
-2.199822202479579971e+02
5.884935555603530020e+02
6.582132352371430670e+02
-8.829657792058409314e+02
-2.503604884732490632e+02
-1.292315366937770023e+03
-8.096598035146172379e+02
-5.596356003413993818e+01
1.209932789057171703e+03
-1.891257370893164307e+02
5.198052149976629011e+00
5.600501608432571174e+02
1.926453116123423342e+03
-4.843505512645559463e+01
5.620112200843854566e+01
-8.862811251358104983e+02
-5.699030887795760236e+02
-1.314988856458563305e+03
2.711239430546106064e+02
7.724891678119476524e+01
-2.467617211517758165e+02
-1.740834946156273190e+03
2.684379130101625833e+03
1.747498156043162453e+03
-5.699567833362523288e+02
3.124060558111809769e+02
1.794234139771698437e+03
-2.173180339543181162e+03
1.037725280591306500e+03
6.558847867909823890e+02
-9.599796608508837608e+02
-1.758833801142234734e+03
9.132317444227901149e+00
2.448240592740279737e+02
1.722722094072469190e+03
-3.056788976734732842e+03
5.583285538361096769e+02
1.661062133034327189e+03
-1.511402219899049442e+03
1.984623169784932770e+02
4.028781129183156281e+03
-3.651663161686913099e+03
-4.965899396944001296e+02
2.087486872364488136e+03
-4.931161303471089354e+02
-1.972054712328217647e+03
-2.583269078065712847e+02
-1.942970664673796364e+03
2.648368843384735101e+03
3.518301476398708019e+02
3.385544291548759247e+03
6.573662505993635023e+03
4.046205587510599798e+03
5.035675185964665616e+03
1.302279352840184401e+04
5.344939551196071079e+03
4.301207988870493864e+03
6.732277321643405230e+03
3.399301600562764634e+03
3.498686663675744057e+02
2.758338286195834371e+03
-2.165982650222156735e+03
-9.071718195288295874e+02
-2.484303226536079364e+03
-1.066678624554806220e+03
1.540457690118595792e+03
-5.351678243256940277e+02
-3.658661973989800572e+03
3.710494731129224419e+03
5.797904567090427008e+02
-5.467285648289952178e+02
2.351800144604163052e+03
1.082015147981791415e+03
-2.298183713933907256e+03
2.235759616001650556e+03
5.274033920566878351e+02
2.005798542457520739e+02
-1.831963677998869116e+03
-1.719140105488899508e+03
-2.837233011302823229e+02
4.999945374851985775e+02
-2.490519142727793223e+03
9.569580809256397060e+02
-2.722217604637265254e+02
-4.039400587945770553e+02
2.063469037859948457e+03
2.954181377346854333e+03
-9.026539385667574606e+02
1.748941315322621506e+02
-1.836124075518477738e+01
5.698015336256761429e+02
-8.535373027339558121e+02
-9.576214198911189897e+02
-1.396724541354305302e+03
-2.974917552706440347e+02
-1.404173601065904791e+02
1.990870984468334200e+03
7.233618206237697450e+02
6.255790254327354205e+01
-2.872347919024427654e+01
1.213473214670361358e+03
3.598193776475900449e+02
-5.525009546553611699e+02
-1.743520714534958188e+03
-7.868245487646782976e+02
-8.873709189617065931e+02
4.088146614506624701e+02
6.012273446663215282e+02
-2.515153353327098387e+02
-2.547539642305957557e+02
1.201004477614482994e+03
8.538391986660963084e+02
1.052656663980044186e+03
-1.096399203874083668e+02
-9.436904703193241630e+02
2.651100610866129728e+02
8.149803282049376776e+02
2.348082504360924361e+00
1.378264106482051830e+02
-6.792041394471442572e+02
-7.209223634309740874e+02
3.950706955048576674e+02
-1.906948431996477495e+02
-8.646021971596935600e+02
-1.123035071170967740e+03
-1.208776325229905979e+03
1.401828768641150305e+02
1.018858898785552242e+03
-1.807425270915602198e+02
2.268990737517575269e+02
6.170588870493519380e+02
7.122225317866184469e+02
9.556176300295320516e+02
8.068310320898298187e+02
-5.665863482671364864e+02
-4.700628514697376090e+02
-1.729077480226555394e+02
6.921290034872937440e+02
1.468086009619681533e+02
-3.398407351491352415e+02
-3.763192568396902971e+02
4.417801038600540551e+02
3.630989783580184138e+01
1.671116337959268208e+02
-6.486662180566656843e+02
-8.913519115067218763e+02
-1.097249288278594349e+03
1.318900724694468352e+01
1.633682352782914506e+02
-1.531398344656653308e+02
-5.702535538200148721e+02
8.168109254704357909e+02
5.719512446187550267e+02
7.297390748673807366e+02
4.699495994656941775e+02
7.996181788070788343e+01
-4.733057127244568960e+02
4.676731744595084592e+02
7.916015251063483049e+01
3.245200679539932480e+02
-3.712099456644503448e+02
-6.433421302895509086e+01
3.509283192329638723e+02
4.698199071281693477e+02
-4.312466554060601425e+02
4.088340068221660317e+01
-7.592155527615285564e+02
-7.055136976593773852e+02
-1.179679033766711171e+02
-1.925995475847613534e+02
-7.107385323635865007e+02
-1.859672586872402178e+01
-3.661838888578073181e+01
4.100437532341060205e+02
5.137244645641297893e+02
2.933276618530844644e+02
1.928026832692847279e+02
4.066621792726002127e+02
1.180121725282226208e+02
4.285334382080481532e+02
8.729704192607533741e+01
-1.345689327456890965e+02
6.849934425024785867e+01
1.180176213481114615e+02
-1.222814205809577572e+02
-5.410562783647526430e+01
-2.558412616661030370e+02
-2.867750657873892806e+02
-1.918240955600806785e+02
-1.554157813046437013e+02
-2.180611632715665849e+02
-1.372079799616884657e+02
-7.440584471934154465e+01
5.947646510468460690e+01
7.194547590624367217e+01
1.268440818972196524e+02
9.279542595482267586e+01
7.165867775413775576e+01
2.876342206516222078e+01
-5.508695161583618827e+00
-2.856590611480612196e+01
-6.960769615836096591e+01
-1.047526467118173770e+02
-5.656064696106725620e+01
-5.829354522738083233e+01
-4.173486159192835743e+01
1.161344504139235490e+01
1.445260541547185795e+01
-4.478762330106259348e+00
2.758524530683667919e+01
7.427178825018842190e+00
2.018397542227390318e+00
7.703398040232847244e-01
-4.457555900614738054e-01
-2.865622430491830741e+00
-1.258372633152085918e+01
0.000000000000000000e+00
