-1.254907766847634276e+00
-7.329313700393370823e+00
-1.468016055046543933e+01
-1.504238737389848168e+01
-1.211826751132926283e+01
-4.306561924498428340e+00
1.204818612963012114e+01
1.660278618220246827e+01
1.921487439797465413e+01
3.249310120252702916e+01
1.725390285743426588e+01
-6.213381769312619207e-01
7.319375678517888950e+00
-2.070170432938286709e+01
-4.109951653076447542e+01
-1.422382308905524084e+01
-2.315493360457971406e+01
-2.805731556051621212e+01
1.005177887270414061e+01
1.891316841219506273e+01
1.496020926019846087e+01
2.129381182036729570e+01
3.225951677012516683e+01
3.412880158663283936e+01
-1.568694853330365735e+00
-1.647969288039204061e+00
1.335723623069916144e+01
-3.888866783246231051e+01
-4.148803005363034657e+01
1.803306564631881059e+01
1.162087391749862242e+01
1.333038280743589610e+01
4.308941135584211679e+01
3.645533029069066089e+01
4.483601603016622050e+01
4.713930039024766216e+01
2.303953367467819291e+01
5.176954210048004512e+01
2.058831766817723263e+01
-2.772642953790773390e+01
6.075158911257297234e+01
7.975592015226412457e+01
-9.735656024836860212e+00
4.301461117818460878e+01
1.105531702572111499e+02
6.319374439479116745e+01
1.950034261784148626e+01
2.347568735251633854e+01
2.764394129812948719e+01
-4.425799534857846140e+01
-7.902683678343122153e+01
1.043599771763657458e+02
7.554654079932508637e+01
-1.492911608355628061e+02
1.407809182543416693e+00
1.644097387712020293e+02
-7.580014870961581153e+01
-4.204423323343901586e+01
1.536108033135053290e+02
-1.261638561066013509e+01
-1.110035172102737420e+02
1.320990008408209917e+02
1.921914761338269670e+02
-1.717343115459762970e+01
-1.034759600239276693e+02
1.466084545532145285e+02
1.048824833801873950e+02
-1.970223549900964315e+02
-6.603822257010268970e+01
1.072327658663881493e+02
-2.024993737227785005e+02
-9.646692842976979421e+01
2.776435174445971370e+02
1.655509717065496602e+02
-1.124241522518809404e+02
1.075913181603108200e+02
3.269027676288186512e+02
4.905431362357500547e+01
-2.030372468055179525e+02
1.155482220050813709e+02
-4.046385511489843623e+01
-3.706207834127748129e+02
-1.844554642048652493e+00
2.091368425019839492e+02
-1.948450637921600332e+02
-8.625034361405813854e+01
2.112140764818061882e+02
2.728276231347987277e+02
3.497220980492429021e+01
-2.201699281079542203e+01
1.877218680313712014e+02
3.751489209525751534e+01
-2.989398274231674577e+02
1.826265446272971928e+02
1.169186811258916663e+02
-3.925250661113872752e+02
-7.038680476700885436e+01
3.056649655298509174e+02
-6.382324672342513594e+01
-5.682955647382445363e+01
6.107380921152370945e+01
1.037711889410610127e+02
-1.110766659496730746e+01
3.017010713385638354e+01
1.910380239639752347e+02
8.362437878524593771e+01
-2.601365631448317686e+02
1.034991613171323195e+02
2.199540291499814657e+02
-1.056749058718224603e+02
-2.231271377611979574e+02
4.174729510305569136e+01
4.834973946063857220e+00
-9.138268156257011299e+01
2.522630719813197686e+01
2.644622397872109332e+02
-1.095446563219734060e+02
-3.357803716010407413e+01
3.441401724965238600e+02
1.187419569875772538e+02
-1.604820222674087518e+02
6.588641186113377124e+00
-1.429026687153496766e+02
4.265916860553560497e+01
-2.978527624058785506e+01
-1.508136634217833887e+02
1.810862053309960800e+02
2.321679776361829894e+01
-1.526920917643140001e+02
5.540813723875658070e+02
8.339171186233390642e+01
-3.390371283603055304e+02
2.293226345026745605e+02
-2.764335420100892904e+01
-2.594127627311037827e+02
1.891747878665346434e+02
-2.572117429483180899e+02
-1.048457831286362278e+02
2.448126992131293775e+02
-1.083665799940725805e+02
2.838061144406623271e+02
3.077469708749052302e+02
-3.899361650851955687e+02
2.750124557728805712e+02
3.183261822783825892e+02
-3.637189320803828991e+02
1.368591911779935231e+02
4.633117344242693036e+01
-3.660000730401854980e+02
2.478890066002747403e+02
9.736983030132925876e+01
-1.694313936071403646e+02
1.751019268682032362e+02
-1.270469065396343922e+02
2.665498201140425394e+01
3.548296648573424932e+02
-1.424228994359114893e+02
-5.673502803693998686e+01
2.376387861732155216e+02
-1.474016019235991735e+02
1.007037016823963427e+02
1.563079530590950128e+02
-2.557964503098234843e+02
-1.550576260756605507e+02
5.504938748018018657e+01
-1.000318209727917775e+02
6.708632109675967570e+01
2.906612902219604067e+01
4.248022708589351737e+01
1.674103431448961601e+02
3.515388511924456907e+02
2.154102457070309242e+02
1.085931101263266783e+02
-4.104814935477848792e+01
-3.141377238350329648e+01
-1.748812090668859582e+02
-8.255365589573744955e+01
-2.829217887367369713e+02
-2.421755100103095231e+02
-1.156675099796600819e+02
5.818462314157841320e+01
1.554909312969612643e+02
3.311492201608073174e+02
-3.388966784461643300e+01
2.297743298972480943e+02
2.780366500657962661e+02
3.223734112998526857e+00
-3.130200273893705898e+01
8.632626250843111393e+01
-3.833625415299641759e+02
-3.019011000123269994e+01
8.012701734355944438e+01
-3.543304469686581371e+01
-9.943409954797745343e+01
5.128753178684708303e+01
-1.625110662778103077e+01
2.263653920543201821e+02
-4.429635604734194487e+01
7.626884589412956927e+01
2.473110668804656953e+01
-4.270924897648924912e+01
2.484972736716079567e+01
2.911905089356696976e+02
-1.364747027235885355e+02
-1.019495096005923074e+02
-3.851484904560992106e+01
6.320804239899049293e+01
-1.778716017354139751e+02
-2.658519187397750372e+01
-1.649539950525769427e+01
-3.591291632115041210e+01
-1.725272035015287386e+01
4.456434352462002266e+02
1.137632912677078707e+02
4.046973390617630884e+01
1.282189655170229798e+02
6.145887392686836392e+01
-1.077347688713036149e+02
-4.717819680631917123e+01
-3.623419452624788732e+02
-1.328891697279847222e+02
-2.064367774995080254e+02
-9.973111353187624673e+01
2.808034439953275978e+02
1.151343041508817038e+02
-1.069760450739821351e+02
5.135529159210918806e+02
1.705818205158484488e+02
-4.052943520496165064e+01
2.372202034520528287e+02
-1.183158702539098783e+02
-2.970044469232694269e+02
1.115264869390772162e+02
-1.200733523374569671e+02
-5.153787375247869562e+01
-3.024560668617734649e+00
-1.589496812874933198e+02
1.663522183207932699e+02
1.073190582518321179e+02
-1.941259120875179178e+02
1.265565507716312368e+02
-3.384921796067611410e+01
-2.221523565130978568e+02
2.542048636037866061e+02
1.139801893919029538e+02
-7.038488768631184200e+01
1.148210522965287055e+02
1.210432015406267681e+02
5.087557496615396957e+01
6.558622244838875304e+01
-1.356046693782664647e+02
-1.288386520720372630e+01
-1.687910009230385242e+02
-5.777780963765082589e+01
1.169700437915101077e+02
7.590257067158499638e+01
-4.156230798033743667e+01
2.255095241809708284e+02
7.779492828203903798e+01
2.008026924205707928e+02
-4.969312162257055121e+01
-8.261086019054877738e+01
-9.873231277411946394e+01
-1.299541809086889828e+02
-2.429408708983816325e+02
1.526701350593113204e+02
-2.031724567401853676e+02
-3.689812333891018703e+00
1.327985763332977740e+02
1.602872021970483161e+02
6.563273984783786830e+01
2.306510322373280530e+02
-1.509299999312131604e+02
2.238053069348373185e+02
-6.367191449302140427e+00
-1.545585505105825952e+01
7.023083174148078456e+01
1.300338738797665599e+02
-2.695697516981446711e+02
2.167233851454388400e+02
-2.026018053002906072e+01
-5.941756861154547664e+01
-2.026060046970715689e+02
2.338854880509099488e+01
-1.724991071553966435e+02
3.880046423205941153e+01
-1.307499420891048771e+02
2.229946491621065832e+02
-1.951505491373121970e+01
1.183267413910141670e+02
6.852925133012293202e+01
3.154265445293123662e+02
-1.573498426633049121e+02
-5.570454843241446952e+01
-3.044504559199612359e+01
7.571662391620596111e+01
-3.994156682543459738e+02
1.700911307102266790e+02
6.723315651245340518e+01
-8.443775299356605046e+01
3.326539317740150636e+01
4.273636355064897430e+02
-8.857908100008621943e+01
1.690697363050720696e+02
-5.824331067718020449e+01
5.725236825861324519e+01
-5.681225865153034249e+01
-1.858399942261975752e+02
-1.906351663260992666e+02
2.278743705654681264e+02
-4.758307992491890559e+02
2.520270925578966370e+00
2.962498388355153338e+02
-1.281916071631511613e+02
-1.145685570476038322e+02
4.264799715916568630e+02
-1.230061433203852204e+02
1.433003193294816526e+02
1.175494166931588325e+02
4.100414932927179734e+01
6.746278333133116689e+01
-4.278857132314811906e+01
-1.858816483640524950e+02
2.925457072717607048e+02
-2.328596290114857652e+02
-2.032395848117409400e+02
1.573141497746990751e+02
-4.282522659373352525e+01
-1.641873280472872239e+02
2.262170111182951473e+02
-1.130244264308090152e+01
3.047291852065283635e+00
-1.241210302532555509e+01
5.161941276138329471e+01
1.092400277038963594e+02
-7.005868077045577991e+01
-1.481838730480060917e+02
1.066061282038068470e+02
-2.037697838101568948e+01
-2.255649441791522136e+01
6.513894670872984705e+01
3.225816492268310043e+01
2.106405632886012569e+01
-6.052029594252525868e+01
1.115611414741233460e+02
1.837711305932830328e+02
-1.729938463843585623e+02
-8.273587028422313949e+01
2.176659736187677652e+02
-9.172535060744607449e+01
8.901319701944114371e+00
4.310683891627427045e+01
-1.018537071170825641e+02
-4.124910612413488309e+01
-2.010969621187759770e+01
-4.530997790260606450e+01
1.950066030727610666e+02
-2.552036102854979731e+02
-6.507964512385380829e+01
3.229851490321451593e+02
1.648411309094331045e+01
-1.236756168195299495e+02
2.393438841886571424e+02
-1.468258825341333136e+02
-3.898702976741984116e+01
7.160878304617897072e+01
4.111447073857189594e+01
-5.892988972690762495e+01
-6.523609998985654101e+01
-2.561325828726438658e+01
3.609456400791355577e+02
-2.586809061967685963e+01
-4.503359025765480794e+01
4.428156163809360635e+01
-6.334847438626849936e+01
-1.519647458005785552e+02
5.740100617452407761e+01
-1.562944901310440287e+02
-1.026662273970567583e+02
-1.498651177053171466e+02
1.924131584770008203e+02
2.646669385409731490e+02
3.844920520750094539e+01
6.660362609481757623e+00
1.627040939887489799e+02
-1.105666323460580287e+02
9.772237402294436492e+01
-7.704046910744013132e+01
-2.840179294340312026e+02
-6.282894261252573642e+01
-2.813985567294651702e+01
1.291747490496949879e+01
3.906102448125382125e+02
-2.009937048785003810e+01
-5.882365627196119107e+01
3.081056522623748037e+02
4.561623540759156725e+01
-4.445384376450407871e+01
-4.245714169530305782e+01
-3.608422784162285097e+02
-1.019187996912936001e+02
3.286168040201636842e+01
-1.621418983801349327e+02
2.070985418670616411e+02
-2.279703673849089895e+01
-2.075240812600387414e+02
3.479707335727841837e+02
3.057393250581528150e+02
-2.588557977790107429e+02
5.285191247696049999e+01
2.777817954328970984e+01
-2.026517725443308393e+01
5.590994137882888992e+01
1.682565539857998829e+02
-7.139849873907205335e+01
-7.083728155746418054e+01
-1.423337374788960403e+02
2.407119499465236458e+02
-4.643176687406313619e+01
-2.650142560178332474e+02
-2.112454561711290069e+02
2.538408828395781427e+02
-4.969229230400961228e+01
1.169256483090008629e+02
2.112131447016436425e+02
1.459300613455471591e+02
-3.080554578926429485e+02
3.074338980743183924e+02
6.229086621492349707e+01
-3.161087688021632403e+02
-3.828729913202731154e+02
5.721572203588337402e+01
-2.153712504566218229e+02
2.388408037831927970e+02
4.882130428047511828e+01
2.510764490357093450e+02
1.605468283651109971e+02
2.487031945889444273e+02
1.196313419182158100e+02
3.475339295668433124e+02
-5.357822782094397098e+02
-2.139286105939250149e+02
-1.138486396983984008e+02
-1.980743991867778959e+02
-2.932798304757554888e+02
2.186081766130542690e+02
-2.739044241925628285e+02
2.628223667510933410e+02
2.797622113612280828e+02
2.492838336783738669e+02
-3.352521273503990873e+00
1.842265813924208828e+02
-2.780290685617072199e+02
1.247967711807962843e+02
-8.944612642387365042e+01
-9.025968974952920121e+01
-2.908176897177561386e+02
9.258401232380865054e+01
-8.808346102597616323e+01
1.783495566815909683e+02
-4.745021225135046450e+01
1.107890566630066473e+02
-3.380044431395738513e+01
1.745691454187004013e+02
-6.763734867514604332e+01
2.878162416247628244e+02
-4.653805838999136313e+01
-1.929935224545058929e+02
2.349598135023780898e+01
2.173534761169707394e+02
-5.063852677909727049e+02
-2.675026686802442910e+01
5.963654548478439210e+01
-2.947888643702083868e+02
-6.826498151122699198e+01
3.809431471603265891e+02
-1.655894645887564920e+01
2.080967040918288831e+02
1.641876166781010227e+02
1.628920826553239749e+02
1.685009986937813267e+02
-2.052025092067407854e+02
-1.985590880417857136e+02
1.221442705006599567e+02
-4.826952350377536050e+02
-3.172231309996370214e+02
3.317749388786858162e+02
-1.082999033240576381e+02
-8.201067586538694343e+01
4.120412781403222766e+02
1.713288749116955501e+02
-2.512634863650691130e+01
2.572945667738728162e+02
1.677145389233368178e+01
-9.475062417633952805e+01
-2.721701493682857063e+02
-1.181304214248982589e+02
-7.367736111354501816e+01
1.529006856367126765e+01
-2.132986731690826332e+02
5.116375124284464704e+01
4.164116496038808179e+01
1.962778820517788745e+02
4.702295005863780375e+01
3.386152838214583767e+02
-1.268533071374588701e+02
-1.890842738280889535e+01
1.309742478932955976e+02
1.603987855343093543e+02
-2.865430972642182610e+02
5.451945724296644613e+01
-5.470924457482943808e+02
-3.469135038755099743e+01
1.982785898247811929e+02
-1.543557851035708950e+02
-2.700932458815619270e+02
5.490964919179998560e+02
-2.136521634973372841e+02
4.420277043675065443e+02
5.582419045486665254e+02
-6.137820171119441426e+01
-4.304276204223731384e+02
1.384507693171927372e+02
-3.267737621235700090e+02
1.209801760798220016e+02
-5.981637071550628661e+02
-3.791829071995885556e+02
1.874180704825390080e+02
2.657081267716100115e+02
3.688263898754653525e+01
9.946198631921707829e+02
-1.857082510028934621e+02
-2.957750485242546574e+02
4.383255177992748486e+02
3.726593372551272978e+02
-7.757560322166305014e+02
-4.056190715617390765e+02
-3.739039324028482270e+02
-2.250611076749576611e+01
-2.488627930540177147e+01
4.570934470010071777e+02
9.118281754890236357e+01
-8.514421203249150949e+01
8.286366876804505921e+01
7.728527540378265712e+02
2.046785212808086669e+02
-4.597807939796130654e+02
-6.242588168751234434e+02
2.194594123977486504e+02
4.998049439762730373e+01
-1.899093756097987864e+02
1.986905089695837887e+02
-2.243889701100262926e+02
-6.465121422456926439e+02
6.993963295239205991e+02
5.573345585942200842e+02
-5.082854056628044077e+02
-5.564513371607960579e+01
-1.246222073105697632e+02
2.357868299638994927e+02
9.107604977016494558e+02
-5.588875314592942090e+01
-5.594936105937690627e+02
2.180062611462155076e+02
-5.079030023971029664e+02
1.598483267578924654e+02
1.062108792003817825e+02
-9.803008923560925041e+02
-6.528430334648541020e+02
6.143391088851510631e+02
2.870393300622408788e+02
1.233607824125307161e+03
4.175482888766488543e+01
-3.077430454868085121e+02
6.161051098596988140e+02
7.048768990753757180e+02
-9.751699865848917170e+02
-1.583294947044468586e+02
-1.197734642613960204e+03
-1.032526292714608644e+03
-8.851642069876815810e+01
1.353774020429456868e+03
-2.127764473319579963e+02
-2.096065356096930543e+01
5.539847547925256777e+02
1.851636636536079777e+03
1.279046239995610001e+01
1.445670019293406199e+02
-8.640990529355892704e+02
-6.136995687407843434e+02
-1.342831468298914160e+03
2.900091200307293775e+02
9.451244999286805637e+01
-2.510964684747710578e+02
-1.738360900670805222e+03
2.529812419177516858e+03
1.711210761583980229e+03
-4.174619279283003834e+02
3.490925124987011259e+02
1.713389019973939867e+03
-2.130895043861046815e+03
1.094558918925278249e+03
6.738864605651159536e+02
-9.981436145184701445e+02
-1.685469439559936745e+03
-2.689877696030083953e+01
9.924979972176355858e+00
1.768313146705213512e+03
-2.825627045413369160e+03
3.670279575331894648e+02
1.589778764295362635e+03
-1.303602422720078266e+03
1.776758582378331255e+02
3.957760360082260377e+03
-3.512033176041718434e+03
-4.906129406787746348e+02
1.969500369423515622e+03
-5.911864583768684724e+02
-1.854427582766790010e+03
-1.815423960251291078e+02
-2.133528512879887330e+03
2.635585838156306636e+03
5.623797881507834973e+02
3.261981410710945056e+03
6.525253643553573966e+03
4.230877439635853079e+03
4.972349017577464110e+03
1.286565285211291666e+04
5.439962631785133453e+03
4.378506822135681432e+03
6.683091198078616799e+03
3.348288237921507516e+03
4.209948562134345025e+02
2.777796284938997815e+03
-2.241248269102808990e+03
-8.767862287864002155e+02
-2.448517703165276544e+03
-1.173297786192196781e+03
1.521585348610525898e+03
-4.999099778027018033e+02
-3.642998139248774805e+03
3.756685167964356879e+03
5.942003380240499837e+02
-5.325729759473142622e+02
2.373224084309880709e+03
1.071414065205427505e+03
-2.278280623342076979e+03
2.170071525296391428e+03
4.438923102870405160e+02
2.341674578959351152e+02
-1.920216894519814105e+03
-1.716448452005765830e+03
-8.365380156790240562e+01
4.351583099147630946e+02
-2.574487663201091891e+03
1.169915042083097887e+03
-2.704043817800806551e+02
-5.181569906432174548e+02
2.100278369079438562e+03
2.919975669590608504e+03
-1.031260442408331301e+03
1.352936443068549011e+02
6.938884291688071926e+01
6.753585427539840111e+02
-1.007870465863064851e+03
-9.652463788573992360e+02
-1.137900942587742293e+03
-3.285010603494120573e+02
-2.883117834896271461e+02
2.137722766004349523e+03
6.620459613695458074e+02
-1.343995604982214616e+02
5.673575559819449410e+01
1.366472362001009287e+03
2.272707400534733040e+02
-6.757587540301873332e+02
-1.610092597608238293e+03
-6.463461852516162480e+02
-1.007475057602139600e+03
4.160197445936633471e+02
6.672939318039385626e+02
-3.692007625107494277e+02
-2.903784299350920151e+02
1.367369321635046845e+03
8.486026690820730209e+02
9.313211258131315162e+02
-1.569955605865378629e+02
-8.070757197170274821e+02
3.085070063560653466e+02
7.079643662615721951e+02
-2.927002331723719486e+00
1.402046193216250174e+02
-7.973631508010532798e+02
-5.785153343970920332e+02
4.866821955214193736e+02
-3.186753116771227496e+02
-8.475732270190243298e+02
-1.060855044205733293e+03
-1.230405413623545428e+03
2.488988802850634272e+02
9.449578867140529610e+02
-3.425698815058292439e+02
2.524572392332951551e+02
6.655911302573160810e+02
7.179807433559248011e+02
9.560485643946316259e+02
7.528127321260830058e+02
-4.947554739294237720e+02
-4.310051767050038052e+02
-1.600494775316764162e+02
8.203190127657152289e+02
4.495832367137431618e+01
-5.580483542919907904e+02
-2.338285030200486858e+02
5.348319487264698182e+02
-1.412452148778616277e+02
1.356637908223742102e+02
-5.476538162891116599e+02
-9.059764894497046726e+02
-1.116804873439587482e+03
1.649575133286860478e+02
2.230410620512242872e+02
-3.884154219315805676e+02
-5.797609129079077093e+02
1.045661130251296754e+03
4.787914958375849324e+02
5.783735278828453374e+02
5.611940194168455491e+02
9.753998854421952558e+01
-5.407295202079288856e+02
4.922705096118843926e+02
1.808253157101289332e+02
2.915074131348123956e+02
-5.489923019524255778e+02
7.071637463783783062e+01
5.057575646569062542e+02
2.911424890067644355e+02
-4.623330107861210649e+02
2.132191233970709447e+02
-8.870426211899687132e+02
-7.023564068027072835e+02
-1.078680920972981383e+01
-2.892408592553512676e+02
-7.938018632630958109e+02
9.885392420813767345e+00
-3.280936983558771392e+00
4.669812758732323346e+02
4.500505641930075740e+02
3.043460014657881629e+02
2.849731444399853899e+02
3.369677720668057077e+02
1.167844594998982473e+02
5.262339182336593240e+02
-2.548097806534723375e+01
-1.622537123668476227e+02
1.220579247603914439e+02
8.354547386826799027e+01
-1.341522705192544720e+02
-3.858123942433142872e+01
-2.587816365199366260e+02
-2.543709922801853054e+02
-1.851943660194807535e+02
-1.427163822356773153e+02
-1.991333859225437948e+02
-1.537072146510580808e+02
-6.391502183800128023e+01
7.935313679425739508e+01
5.716550723498549047e+01
1.252485906127693056e+02
6.970318848018119695e+01
4.211435824168713538e+01
9.721837746052889528e+00
-1.992636429120153707e+01
-5.255308781765488391e+01
-1.028055528115461357e+02
-1.148477880915568363e+02
-5.499158147914451433e+01
-7.537538096081568995e+01
-4.283825189924036181e+01
2.668382475724797942e+01
1.131628165830471566e+01
-6.602740665896696726e+00
3.549625167802275882e+01
1.115352379294301954e+01
9.114677906409197616e-01
-1.009482258921765485e+01
-2.823921970726903208e+00
-8.640304985411450645e+00
-2.138269045132534174e+01
0.000000000000000000e+00
