-3.759556821264947502e+00
-1.439682057037211216e+01
-8.177322801413740905e+00
5.367600314439940234e+00
4.501484342044528297e+00
1.584572456286689857e+01
2.311083392241400247e+01
3.956703017388238486e+00
2.625097727517228918e+01
1.402879069754829011e+01
-3.931510849437188426e+01
-1.591275846898418278e+00
6.051559041929301941e+00
-4.984908686825710333e+01
-1.718371170750206289e+00
3.827145031154253729e+01
7.111598064730405788e+00
1.972833421839367674e+01
2.213266034072975330e+01
4.961281418183182268e+01
-1.095814946294771985e+01
-2.977196971000716985e+01
3.207058467196969076e+01
1.966099702910647551e+01
-7.208668121464737055e+01
3.963883390084147607e+01
4.982817485989880879e+01
-1.159011504759043731e+01
2.657323791995521844e+01
9.932048325738205108e+01
4.058641813721895630e+01
9.932945203656768030e+00
-2.941026581267412610e+01
3.792582139619979387e+01
9.141471591850088885e+01
-8.659781028617300080e+01
-3.042154703060572274e+01
1.816601815498280814e+02
7.900149764655143514e+00
-2.048616398674969119e+01
1.684760196004213526e+02
1.165114256066254654e+02
-8.259803798475270753e+01
3.268985242104909617e+01
7.678563961147442285e+01
8.006563968215778004e+01
-2.406432710168203073e+02
-5.363449368394891792e+01
2.139393677252823238e+02
-3.510526397891119643e+01
-1.687026706298833858e+02
3.897321286216669591e+02
5.582425891765755210e+00
-2.833958269544882000e+02
1.827935303268957909e+02
2.563560343567125415e+02
-3.248020090271616596e+02
-6.969184171373771619e+01
8.412135954352692124e+01
1.570402067746920807e+02
-1.046703697220438301e+02
9.607000370129921407e+01
2.735759037992059461e+02
-1.853590262871712824e+01
-3.362922078375152637e+02
4.273485111123091542e+02
2.255374863129588547e+01
-5.017222606535291334e+02
-2.685228847924589246e+01
3.444143811235981616e+02
-1.801580047862952654e+02
9.387257486685504659e+01
2.332118281765379493e+02
1.978613530104261997e+02
-1.740315331045447351e+02
1.002755617210523837e+02
2.248273954458691435e+02
-1.245891401835644530e+02
-4.882224215864651455e+02
1.687956364913289349e+02
6.132506240334812020e+01
-9.327222942789337878e+01
4.877805432458871593e+01
2.543867228653101051e+02
-4.120673072370254886e+01
3.007856388265188130e+01
1.029690687838787966e+02
1.975678838542974063e+02
-3.136768171527774598e+02
-1.542204884473717073e+02
1.352373094238255362e+02
6.258407257788137201e+01
-6.848644195711666782e+01
2.471628037701321148e+02
8.020192975503519506e+00
7.201428307663189798e+01
5.481996751295154979e+01
2.966839185770508180e+01
-4.286757045901904917e+01
-1.914942701274271997e+02
-2.793628181044291523e+02
1.656169760229240637e+02
1.848870149100767435e+01
1.382086713957311552e+01
2.090846716270920922e+02
1.175088354812874059e+02
5.966406265818748977e+01
1.938244603209782042e+02
-2.264507594310119387e+01
-1.969427062789416993e+01
-2.142400161266879763e+02
-2.590043186104800839e+02
1.115380513786692376e+02
3.556964164248319804e+01
-8.241122932048739358e+01
2.351747203144492460e+02
7.093248841910531155e+01
1.837734772817245243e+01
2.743189624883586930e+02
1.892450319223150856e+01
-1.121083822299342501e+02
-1.608790281785016987e+02
-1.761269446108118473e+02
1.093057627743161362e+02
5.844623725155020821e+01
-1.075521889516807192e+02
2.590272722601097826e+02
-2.670914554633374749e+01
1.474786582566660798e+01
4.271876493957765888e+02
-2.300817590669738877e+01
-3.805985136595073755e+02
9.583882385825276629e+01
-1.472763819041371107e+02
-2.786307253274597784e+01
1.650472881996456067e+02
-5.503286347369963494e+01
-6.657877495196909479e+01
1.692934001026420390e+02
8.228499895807115649e+01
4.186760155671091184e+02
-1.309362370754224969e+02
-3.626392031069919994e+02
1.854231752305976784e+02
1.082990168171874927e+02
-2.636906587815281569e+02
3.668896431910531533e+02
-1.023330897255887635e+02
-3.136394357933047559e+02
3.261089632328436778e+02
4.079287045301695116e+02
-1.816931588876518049e+02
-6.460359914506702239e+01
-1.944952655647819597e+02
1.030951501031319566e+02
1.196481489841578281e+02
-7.031114784931393302e+00
4.890209735013026915e+00
2.214598465507467395e+01
-2.612832208329443233e+02
4.708380996688925393e+02
3.290034749634258446e+02
-3.931653065107248040e+02
-2.842010909363672795e+02
2.058649384373327678e+02
-1.644289476535259951e+02
1.086341776718619485e+02
9.961583721624499788e+01
-1.716005104052650267e+02
-5.825323010403038637e+01
4.565925069041180109e+02
3.244296463630718108e+02
2.246801269421681013e+02
-1.949445221164121733e+02
-1.535620763817722718e+02
9.648333467683258391e+01
6.232831415552937671e+01
-2.992953196196753538e+02
-1.830722576514309026e+02
-3.661177612360080502e+02
-6.970262932841164627e+01
3.658116442418431689e+02
2.329102777838691907e+02
-9.649704095988465724e+01
1.861007458756942299e+02
1.052163842182852420e+02
2.618186087491843637e+02
3.354771012342017116e+02
-1.499774806512172631e+02
-4.457889146795783404e+02
2.762529422760232123e+01
3.591526386733372789e+01
-5.460308307614906198e+01
-5.478348845464981309e+01
-1.025859123961270427e+02
-1.115894292376536185e+02
1.756342796801623081e+02
2.971270317551464473e+02
1.776048853678935586e+02
-2.002846921302668193e+02
-1.334406762739807846e+02
2.609475788940927146e+02
1.749529897941586967e+02
-1.875399204984030064e+02
-5.679126496416286329e+01
1.935434784503444305e+00
-1.821477004606112473e+02
2.842134869730255531e+01
2.687909586219525409e+02
-1.426627793117742726e+02
-3.412188009235835580e+02
2.009330479182756335e+02
3.162852296297971293e+02
-1.741656403557246691e+01
6.057711037906619111e+01
1.811416689580443062e+02
-5.543514362719761834e+00
3.860227188683199984e+01
3.408963966812048341e+01
-4.923125308385080245e+01
-2.551055776428384263e+02
-3.714233000372287847e+02
-5.626665377777810306e+01
1.611487436713433681e+02
-2.263251055514631389e+02
6.720164022342760290e+01
4.135616606818574610e+02
1.396042257150714363e+02
1.784823288289473169e+02
4.140302575780187908e+02
-1.609801526552686823e+00
-4.067864161889458785e+01
-1.190084857407980508e+02
-2.583048373134640769e+02
-1.103231462563617526e+02
-1.718385249531609702e+02
-3.350367449347285174e+02
1.937398365973259615e+02
5.526731990138758022e+01
-1.224454386345610999e+02
3.092366798902669416e+02
3.363223213371932161e+02
-1.249621156787806058e+02
3.373342190903897375e+01
1.379855948895744433e+01
2.130444690759522075e+01
-3.519432059140976321e+01
-8.943925248433282604e+01
8.075221043401100474e+00
6.169095115653155403e+01
-2.173911065069217727e+02
2.427222771451351377e+02
2.981108949549661133e+02
-2.605935729393762017e+02
-2.190749271263642584e+02
3.433667111597231951e+02
5.115411143855819631e+01
-7.090301694955643086e+01
9.965262795881832858e+01
9.362239806487291105e+01
-1.778709012864310068e+02
8.773881411586296508e+01
2.187057805538859157e+02
-6.306516968686055691e+01
-4.824395506561768343e+02
-1.262503366875802158e+02
1.528020599141829052e+02
4.339009774743654191e+01
-1.631832226005271878e+02
1.318431519870121065e+02
1.023901287565199709e+02
1.017840309534384460e+02
3.138393588213270391e+02
4.038615524326953619e+02
-2.331734332782964145e+02
-2.348488310167171562e+02
1.320523771442885277e+02
1.523851028597144648e+02
-1.921636680849893537e+02
-9.308997588123938272e+01
-1.788542704726925479e+02
-1.575082422993874331e+01
1.509374966020995714e+02
2.036088217936742240e+02
-1.105435131458625904e+02
-1.329364284812066046e+02
-1.322943622260957000e+02
1.856247309994978991e+02
1.386540901661290377e+02
-5.043571703976836318e+01
-2.348265580184238388e+02
7.048154623774973970e+01
1.282460519216234900e+02
2.305229533012104355e+02
7.395008944080808000e+00
-1.164530557861794193e+02
-1.467122696985433663e+02
1.410697617928813656e+02
1.710135726500892872e+01
1.373212178859578216e+02
-7.081451823908113852e+01
-2.047536695477000706e+02
8.361084163268913017e+01
4.692762735145404349e+02
-1.377656304762352875e+02
-8.683633497473083196e+01
3.787608044634763615e+01
-1.339988051912070546e+02
-1.030346514224496417e+02
2.355649780644062616e+02
-2.499975997664466263e+02
-1.728103031747873501e+02
-6.196208423353097317e+01
1.190854836495816045e+02
1.614753583252305020e+02
2.098579943301503192e+01
-1.910062961962415500e+02
3.165978469379109583e+02
-1.541231296840503973e+01
2.706636158833258321e+01
3.152421928179289807e+02
-3.218323551466903609e+01
-3.249203769772704504e+02
3.431908047758183784e+02
-6.073172738961145001e+01
-1.980447950088495475e+02
1.508409008365048720e+01
-8.439101268180300508e+01
-2.500103648494505251e+02
1.636413452833548092e+02
-2.300258125695005873e+01
9.103139430756385764e+01
2.244282043832166096e+01
6.727936834613558403e+01
1.032365089963440141e+02
7.851260875959329155e+01
-1.421923503056303844e+02
1.769497496372566161e+02
-1.505071425075112757e+02
-2.216522584458180631e+02
8.628087276806428463e+01
1.637638830736854629e+02
-1.851588752292146580e+02
1.672879369322988055e+02
1.512273415717584442e+02
-8.849322021456328002e+01
-5.084949269417462858e+01
3.379244607908109401e+02
-7.785632300154530583e+01
-2.787475466478388171e+02
-1.310086720803191440e+00
1.565366387089337650e+02
-1.258785221927619631e+02
7.952142791249909237e+01
4.385105767195700821e+01
-9.049878714822828840e+01
-1.373522262095164308e+02
1.208741141243081643e+02
1.669672580186725668e+02
-1.364356007154337078e+02
-3.565558757711416433e+02
2.378046574511951121e+02
2.219385711338386784e+02
-8.531801012812866247e+01
2.064045986881947954e+02
1.351743581442138407e+02
-3.141756682367010285e+02
1.660663162412629390e+02
2.677289177707837666e+02
-1.982390223483217824e+02
-2.443782314939797971e+02
-9.773624810198423063e+01
3.377915229610000836e+01
2.117983494882395235e+02
3.163920165961204845e+01
-2.908755598261725339e+01
-2.320922921992833210e+01
-5.771023780566664385e+01
1.914869642995482764e+02
1.026726537950084719e+02
-2.889706384702101900e+02
-1.854144886749989212e+02
1.102229460356378787e+01
7.640101600474019961e+01
2.381913201686459161e+02
3.558231148548186695e+01
-1.570461554684439989e+02
3.546424262405859906e+01
2.344922065505466549e+02
7.913170739658252728e+01
-1.458444707166607373e+02
-1.409246603836189990e+02
-3.767321311986481192e+01
-9.649550981940885208e+01
2.385256894374034005e+02
2.783989598646670061e+02
-2.402310423553942655e+02
-1.187325705674648333e+02
3.367065571323722111e+02
9.209476613859862937e+00
-1.669433409090958094e+02
-1.097198113760393028e+02
-1.857873955997869757e+02
-1.361169956467451243e+02
8.973940534683286785e+00
1.677070363002403042e+02
1.709068082369580566e+02
-2.048683199897687643e+02
8.545697097251800756e+01
5.039034638636210275e+02
-5.148347464664285411e+01
-1.957092109823112764e+02
2.032579484835100629e+02
-1.403666476372789305e+02
-2.503904000971778316e+02
2.046350419340417375e+02
3.108343602880513856e+01
-1.761151752457701321e+02
-2.324927746590332234e+01
8.273305668913729960e+01
6.134451692143558432e+01
2.579940461667076335e+01
-8.010666148830129885e+01
8.443858693557183415e+01
-1.279854341495139991e+01
-7.193145287321252113e+01
7.125892141610611930e+01
1.505807569631381853e+02
-1.532085111465657974e+02
-4.827561976841417390e+01
-4.677760352952040535e+01
-5.865529295318279424e+01
-1.507260078920869262e+01
1.185957239119167923e+02
-1.395024190623138338e+02
1.316935925167820187e+02
1.469908333529328388e+02
9.467934264799470157e+01
2.138487248976032333e+02
2.674521797188192522e+02
-4.258551365484258326e+02
-1.066363037177612227e+02
1.264616259717305553e+02
-1.319974845303647157e+02
-3.560727025465059796e+02
1.698568484967447745e+01
-1.888391670628342922e+02
8.056629009516642270e+01
1.922664325913086145e+02
3.744600687857449088e+02
-2.245565176274241281e+01
-1.681704970498972784e+02
1.506731653435103624e+00
5.406834353182534869e+02
-2.221498887144529419e+02
-3.395763334831660814e+02
-3.436814524993802422e+01
1.181110315386175635e+01
-2.765231132814851094e+02
4.473726450889118382e+02
4.824122759906111213e+01
-4.094109694930730257e+02
-1.320425669181218495e+02
5.986322205617275358e+02
8.341259150438793313e+01
-2.185430292904521821e+01
-1.696487286062326802e+02
2.294111715530917550e+01
1.149562774193405801e+01
2.333475767847225484e+02
-1.246062745251684305e+02
-1.785145362261535240e+02
-5.584727832342541660e+02
9.696868944479877683e+00
3.790521874324816736e+02
7.504297816368577401e+01
-3.326760662852710766e+02
2.782235329691023367e+02
1.021939371150044593e+02
3.858266336162239440e+02
4.366669440225705898e+02
-2.207644040179739306e+02
-5.493718236289986407e+02
1.046758092076697864e+02
-1.968502165833779713e+02
-8.300716729404521743e+01
-3.049949979008625078e+01
-3.606786553879467760e+02
-1.583849464332173795e+02
6.284698368521868588e+02
4.100205753194164231e+02
9.601026956656598088e+01
-1.506860558776830601e+02
-3.650299722222410992e+01
1.287736657407446614e+02
-6.763543219014685803e+01
-2.499979399492989671e+02
-1.180841240517670343e+02
-3.679246703721906897e+02
-1.755620805930780080e+02
5.643642138268075996e+02
2.859781070973353394e+02
-3.815111579435299518e+02
9.769991145895389195e+00
5.127858599833832614e+02
-9.605834632637221659e+01
-9.979610427674434447e+01
2.328601488336673242e+02
-1.943486722426863764e+02
-4.314353954731444674e+02
3.725024634527547960e+02
7.620530294623929990e+01
-2.540922631770262115e+02
-2.193006191694753966e+02
9.297946383696071848e+00
4.768980252057569658e+01
1.112412662143781148e+02
-2.243583362843189377e+02
4.657136932024519638e+02
1.080678200147488042e+02
-1.237459715199345283e+02
3.656086214002132238e+02
2.462526826990151392e+02
-6.321890582929559059e+02
1.873494787308456182e+02
-2.788325388319093463e+02
-5.166738513279068457e+02
-1.989512379572079936e+00
1.479814721378127729e+02
-1.697285435048394788e+02
6.600875074822675970e+02
3.475503757385401116e+01
1.262980964878064327e+02
4.312930783544855444e+02
2.616997488387925159e+02
-4.656475242213887213e+02
-2.673340333300134830e+02
-5.418202788403851855e+02
-6.486005968526582421e+01
-1.720974605561395947e+02
8.767265946865455817e+01
5.844514794780353384e+01
1.152871245144528700e+02
5.196158241674902456e+01
9.333694401466688078e+02
3.960944399122008690e+02
-5.183449903920069346e+02
-5.842254253536004853e+02
4.306647241883853781e+02
-1.940135164067659161e+02
-3.994907003466685183e+02
1.588819516110037284e+02
-2.520831633125790745e+02
-7.618235856255092813e+02
9.246431795551878849e+02
7.941864075518082018e+02
-5.017973648957605519e+02
-3.665013747095075018e+02
1.266796151633522527e+02
4.229899465214643328e+02
5.755258641313266708e+02
-3.145092114316968832e+02
-2.637459413667993999e+02
-8.645508802754002886e+01
-5.398089356261973535e+02
7.379430240238654051e+02
3.149450723813413333e+02
-1.581216590719513533e+03
-5.350386360785905708e+02
9.405021388393092820e+02
1.867916573795747581e+02
8.156390805841917881e+02
1.047422499724706881e+02
-4.660694178869006805e+02
5.117736979388178042e+02
9.840061640105006973e+02
-3.712070156499345330e+02
-4.364745937641915248e+02
-1.530244652813202492e+03
-7.705601394748542816e+02
3.263300611003502354e+02
9.282572515942333666e+02
-4.395340858600991965e+02
-1.474157131380952421e+02
3.404946924567124142e+02
1.889750715718901120e+03
6.573711955404645551e+02
7.652419020426289364e+01
-1.174277236890411587e+03
-5.217170190011820523e+02
-9.446389889637292754e+02
3.389085688102728113e+02
3.125794465422472967e+01
-6.948687209405943577e+02
-2.001073089647391498e+03
2.620381221597942840e+03
2.046797126208026839e+03
-4.077767011564839095e+02
1.573154421959266642e+02
1.562802922566434063e+03
-1.845897127785597604e+03
1.337858401576450433e+03
8.073125779892111495e+02
-1.136879874703790847e+03
-2.137573190939853703e+03
-1.649470642972478061e+02
5.844850358181259935e+02
1.846834787993660711e+03
-3.331476831642847173e+03
3.269234487652653911e+02
1.766576630185083104e+03
-1.377391141829337357e+03
4.298120143546619261e+02
4.219196461551135144e+03
-4.005495668465306153e+03
-8.056577978766657679e+02
2.491309503760669031e+03
-1.731867637932196828e+02
-2.255482453134566185e+03
-4.646391272304043696e+02
-2.000579951341983588e+03
2.692739669686613979e+03
4.115240810791981971e+02
3.541838215729611875e+03
6.499020904607865305e+03
3.719345085975968232e+03
4.981589573921900410e+03
1.366843255500882879e+04
5.357881422893647141e+03
3.921541289964194675e+03
6.781820326999996723e+03
3.560787389811224784e+03
1.185321137998575409e+02
2.969592380675376262e+03
-2.163238110893937119e+03
-1.194652200225592196e+03
-2.683413786579529642e+03
-7.318756111323094729e+02
1.681806305638209324e+03
-5.958565483044027360e+02
-3.864093126630923052e+03
3.917188886717846344e+03
5.512872594859255742e+02
-5.160638263810965327e+02
2.391597721213413024e+03
1.115465886868584676e+03
-2.573991137412328953e+03
2.363505577005543273e+03
5.899144385569234146e+02
2.178151158494270874e+02
-1.999286599155756221e+03
-1.622958336979038904e+03
-4.134220036764715474e+02
5.163385716206061034e+02
-2.431153700173910238e+03
1.069838327766981365e+03
-4.074839084460691652e+02
-1.454123195131952002e+02
2.030736231612388565e+03
2.862044218216811259e+03
-8.112932853179322592e+02
3.064334239631279502e+02
-3.972030535833428075e+02
4.876481293009030082e+02
-9.120966837207078015e+02
-9.366798748858205954e+02
-1.398715550044377324e+03
-8.704111521471477886e+01
-3.739739836324762479e+01
1.979533744099811429e+03
6.812311963295140913e+02
5.376191803726384251e+02
-6.092667815634021622e+01
6.748209557010899289e+02
2.090669107586193149e+02
-4.461626092335611702e+02
-2.017561522835743062e+03
-6.674901841933582318e+02
-6.686334264200759208e+02
2.487787947109281674e+02
5.671309549587076617e+02
2.832468085041716677e+02
9.245915999279229425e+01
9.194927594560664375e+02
4.599220393548195602e+02
1.033506354663856655e+03
-1.193032875976398088e+02
-1.053022853597395169e+03
3.140985494022252169e+02
6.904156939922991114e+02
-2.000522139367611487e+02
3.897094467846664543e+02
-6.827051322695379554e+01
-6.592776192385769036e+02
1.583405036750274775e+01
-3.881616565023139174e+02
-7.104039640059679641e+02
-1.151316925232150879e+03
-1.135329342794006152e+03
-3.202732851629725275e+01
6.860427842480982008e+02
-1.115284341959020367e+02
7.955466898678997723e+02
6.773449942187847910e+02
6.153441011678075938e+02
6.605123909804908635e+02
6.900095780293827374e+02
-3.873309098317883468e+02
-1.683954589483727204e+02
-4.582426509296044514e+02
4.540077100212885171e+02
5.918047123440516089e+01
1.230590060478553340e+02
-1.084019864048915167e+02
3.545375199506245281e+02
-2.512993918815741949e+02
9.561159532922764015e+01
-8.816271607320862813e+02
-5.359724176516913303e+02
-9.934734743651953295e+02
-4.549003152864767685e+02
-1.455674657506625636e+02
4.538196534458799647e+02
-2.721401755515735204e+02
8.870009150564941365e+02
4.823427545663313367e+02
6.788437773451998964e+02
1.072432698209840396e+02
2.111693917345083378e+02
-3.139389629299927265e+02
2.176326679080223698e+02
-4.923968605595769077e+02
6.190338538076309760e+02
3.257244015857493480e+01
1.331498622244584453e+02
2.503527765519814636e+02
5.923544839033106655e+02
-5.242121757033950189e+02
5.297287285632819476e+00
-6.784732615787769419e+02
-6.654309281364505750e+02
-7.014130378103704970e+02
-3.609211987709974210e+02
-3.499783549768958437e+02
1.410868363249946356e+02
-8.733825878308111612e+01
5.971742872248723870e+02
3.985449232302592577e+02
2.773237702205994424e+02
3.566755601171846024e+02
4.316541795513595616e+02
-7.552395308129800355e+01
2.897241407775784410e+02
3.664636008844702530e+01
6.393960343521921175e+01
5.705453893923598230e+01
2.531062643060916173e+01
-3.345190515981779811e+01
-4.264131264958676582e+01
-2.869475622396248582e+02
-1.555097739254809710e+02
-2.676294308615512136e+02
-2.717956669247646460e+02
-1.471508278901740709e+02
-6.017450907698950857e+01
-4.601360080660560925e+01
1.078707808514288047e+02
3.596240626350044778e+01
1.055828534551785367e+02
8.235638112450527615e+01
2.689094391853817712e+01
-4.313362791859353251e+01
-8.814464806652847528e+01
-1.041808602973274560e+02
-1.109964167615316342e+02
-1.344280680856957986e+02
-6.340716630955691357e+01
-3.343008922751310763e+01
-1.927939583683875924e+01
8.863707319360925041e+00
4.258854083953538350e+01
3.156805294724183142e+01
1.522925099584875319e+01
-1.632555583962307821e+01
1.359176834664248545e+00
-2.661092679194860722e+01
-2.850158194046925431e+01
-9.335177912548917600e-01
-1.116562397318821631e+01
0.000000000000000000e+00
