4.882727002197206900e-02
3.169786045300179822e+00
1.600522133428364668e+01
2.654074095588009996e+01
2.124642578069740750e+01
1.694774944017753171e+01
9.890925056490818434e+00
-1.702904713164741679e+00
-5.103731613278512214e+00
-9.638853898733540149e+00
-1.321401554928468158e+01
1.943467909553871209e+01
1.283892943411320253e+01
-5.157524574583128185e+00
5.271361286556899728e+00
5.053734034716578094e+01
3.283669430970920189e+01
7.953293856041288024e+00
1.744664085401329245e+01
8.951658077468762542e+01
7.747160542489764268e+00
1.388192088510653477e+01
6.641189519423126342e+01
3.998148623843435701e+01
-5.313809788268817158e+01
3.170603813058082920e+01
4.917536397513045898e+01
2.609812866034906520e+01
2.233956760435881606e+01
1.181678571143775969e+02
8.865219385288813214e+01
1.875775978508770336e+01
2.357363538994190932e+01
1.319728876437328040e+02
6.436069783507096531e+01
-5.809639142311662852e+01
1.218286366613346416e+01
1.371657873459090240e+02
-4.058152709285445781e+01
-4.566573214913663747e+01
7.291051121585508099e+01
1.864546341144857706e+02
-6.701435858131958412e+01
-5.235517877717236956e+01
6.704529916067897943e+01
1.189113169894072257e+02
-2.719958278137144134e+02
-4.340375297044140268e+00
1.506595609047099913e+02
-6.796745964035903853e+01
-2.144223812700153076e+02
2.686464743718111663e+02
3.245812931553350467e+01
-1.512312655191100532e+02
3.270614135587324967e+01
3.935568843491799953e+02
-3.645516461015805021e+01
-1.069466152997568571e+02
5.876754784706260892e+01
2.196306349507332243e+02
-3.488633585810651425e+02
2.134095031049185565e+01
2.948932492590242873e+02
-1.162352998997261722e+02
-4.018191066831047920e+02
3.891998980714832328e+02
1.507993261682204320e+02
-1.246435016973294836e+02
1.659772616059915151e+01
2.618129740399916727e+02
-1.383901578036596050e+02
-2.932492852738686295e+01
1.447205380223547877e+02
2.371523165811850902e+02
-3.607903344192165491e+02
-7.745559017108814714e+01
3.531679829794513239e+02
1.177002760573549551e+02
-3.744203326053280421e+02
8.133962994577942140e+01
-3.501720650442680238e+01
-1.474381525552235814e+02
8.998562460058323609e+01
2.629829098634014599e+02
-1.725125790637564762e+02
-4.720265267357596883e+01
2.043546125123141053e+02
3.137614689528916188e+02
4.881404465159368655e+00
-1.088182213624841381e+02
-1.592082157195545449e+02
-6.159559049693768884e+00
-1.682534137045533384e+01
1.168057129964197145e+02
1.406722364599420239e+01
-1.544647144178916562e+02
-1.106825026242474763e+01
3.792443213418690675e+02
1.617020537121813959e+02
-1.215607068493306855e+02
-1.228998516364882505e+02
-1.353303061138262251e+02
-9.086346746261271790e+01
1.340780874224412287e+02
-7.830137046367894982e+00
-1.903463176346512569e+02
1.221748892146740673e+01
2.231188545001162993e+02
3.265399141453230527e+02
1.939944644311975992e+02
-1.594063145134733190e+02
-1.418469587869388988e+02
1.106584991276890690e+02
-8.035368074415205797e+01
-9.463174378100667639e+00
3.557069195759513036e+01
-3.117388435538974250e+02
-7.805024182484524431e+01
5.062541262152482204e+02
1.095730859408527351e+02
-1.011935303695056803e+02
1.158659928028836816e+01
-7.532629454769741528e+01
2.183177889685670436e+01
1.396590725375349109e+02
-1.297327585534003163e+02
1.705561787840132837e+01
-1.588978682860101230e+02
-2.632427331687976846e+01
5.412946403911226980e+02
7.122200632971420475e+01
-4.763772607881397789e+02
2.583445885124583583e+02
3.983025787672615081e+01
-2.404158898146889101e+02
2.623753473811050299e+02
3.102498361279788952e+01
-3.152585496101968943e+02
1.842734121736679924e+02
1.716010147777686825e+02
2.645240975386619198e+02
3.020873962415602421e+01
-3.512579540640996356e+02
1.052295442223849022e+02
1.880320060312515693e+02
-3.416823223064978379e+02
2.122862923094502889e+02
8.465811847914613963e+01
-3.492037670389242976e+02
2.433960713846546469e+02
3.997621123530134923e+02
-8.035679140739998161e+01
4.022351623654481756e+01
-1.468720343652385623e+02
-2.472430991678770340e+01
1.527787344190608678e+02
-9.751222055106593700e+01
-3.720110463481464080e+01
1.280189734221723086e+02
-1.646634835240949144e+02
2.040978153813975950e+02
2.689567409822284390e+02
-7.529666587184104287e+01
-1.448087146047520264e+02
-8.988827553274519744e+01
-8.334499308187307065e+01
1.380124423519073105e+02
-9.904107604669897569e+01
-1.819354683818346530e+01
1.422521054876885955e+02
1.439176512617900983e+02
1.929007090262211932e+02
3.174624777985419541e+02
-1.835532516067559072e+00
-1.059142663358828713e+02
-1.607767521146167269e+02
3.559159995759060280e+01
-7.745181316507014913e+01
-2.390941798214243477e+02
-1.755596442574672835e+02
8.981306008555881704e+01
-2.272207847172686002e+01
1.791030413892323168e+02
1.656338075418490803e+02
9.591010342629778052e+01
-4.534998917653106787e+01
1.252432423451045906e+02
1.710131825687709863e+02
1.148521408180787802e+02
-1.882754764281521886e+02
2.974274551646585962e+01
5.888479930210571922e+00
-8.104208466554133850e+00
-9.172126690295377216e+01
-4.118363025480076800e+01
-1.588429392500596578e+02
-6.420402449373037257e+01
-7.488668448229434205e+01
2.639715345751758946e+02
7.939640226884620233e+01
1.623076740250301242e+01
1.939364817872030926e+02
2.955890824831668056e+02
-1.077644509669027428e+01
3.685925073773148597e+01
-1.690142730336442582e+02
-1.224464253368905275e+02
-2.602608235829421801e+02
-1.962976396042680562e+02
3.717871081742445938e+01
5.263678488708460179e+01
-1.425902790732109793e+02
4.111041183253728377e+02
3.334324322391080955e+02
8.162249539542031584e+01
1.745992466101753564e+02
1.274507915989333782e+02
-1.762554051659770096e+02
-1.564989449349502024e+02
-2.701182554044821700e+02
-1.231316129304526186e+02
-2.197196013720997598e+02
-2.163953836891597575e+02
1.755734037419655920e+02
1.563912676994395952e+02
-6.695530280709327542e+00
3.773932527767580041e+02
2.577564628316436597e+02
2.479905466070001552e+01
1.733570734592380518e+02
3.646031056020258632e+01
-3.538585150573484839e+01
-7.378691280136376918e+01
-1.603179470971703040e+02
-8.957863860270798284e+01
-1.494728080030756132e+02
-2.062623924499127952e+02
1.422617471121958488e+02
-1.234094923935039390e+02
-7.830811531797355940e+01
1.915330725237140541e+02
8.712064867806932966e+01
4.026686773536811614e+01
3.304519282450862647e+02
-4.581855353915905482e+01
6.685510612311011869e+01
2.852584125099971146e+01
4.601755547812103941e+00
-3.992307184357849792e+01
-1.062499912734506893e+02
-2.812019112109983894e+02
1.759405665200175122e+02
-1.248310343656223580e+02
4.810424752191127595e+01
2.088419318871146402e+02
9.818451105869823436e+01
-5.749287578976360891e+01
3.876809058475920438e+02
2.598275564859662978e+01
4.766895879585923979e+01
-1.674288917726102568e+02
-8.695024299005579849e+01
-1.411774573565891444e+02
-4.634872547027904943e+01
-3.056988118083310155e+02
8.048244155864452409e+01
-1.218130529369597639e+02
3.413586146063363458e+01
1.585507426355059408e+02
3.827666651448495259e+02
-4.882147129357780102e+01
1.229397314342456582e+02
1.301320578079162260e+02
1.993746189358587912e+02
-1.915922750890156294e+02
1.781171853789253845e+01
-1.254997465944754396e+02
-3.499523668279088895e+01
-1.471979825692043846e+02
1.441898212560176376e+02
7.150247353077283208e+01
2.842024745693600352e+01
-1.923215748518784665e+02
3.171417032577281248e+02
2.996941979522964061e+01
-2.472849054989543447e+02
-8.432689913720250274e+01
1.015577288835668526e+02
-2.953821296395888680e+02
6.723429565560309129e+01
1.085093190528667435e+02
1.115248848186122785e+02
1.577890344132471512e+01
9.125504469108834371e+01
2.019865971481887073e+02
1.861991025716506556e+02
-3.099052067033765070e+02
2.588623202695821135e+00
7.885573157583867498e+01
-2.176923751845804702e+02
-7.865062412523556645e+01
1.993441489351802716e+02
1.641636734735823211e+01
6.015767286047238827e+01
7.741301054519587410e+01
2.069133391487620202e+02
6.900733354945455744e+01
-2.731970780299124044e+02
-7.175696369790821905e+01
7.684919287750616945e+01
-3.017051565681219358e+02
-1.761320301995824025e+02
1.428578574185636398e+02
3.963952920215874087e+01
-1.823481606792343257e+01
6.585357699246014818e+01
2.733940461148965824e+02
9.561602456457882226e+01
-1.985748493089766100e+02
1.361622661865819168e+02
2.416682360782501178e+02
-3.037995232185260761e+02
-2.526922139420150870e+01
3.082093433000080154e+02
-3.542456506178643139e+01
-1.554541557331459956e+02
7.396260119428839630e+01
1.885368795996445357e+01
-1.297529699347055612e+02
-2.378359704040146880e+02
3.132216108153478729e+01
4.598414405872494370e+01
-2.430546290501690692e+02
8.904556602951774380e+01
4.470628782795818665e+02
2.494276885794694465e+01
-5.007916905573976862e+01
2.474203762885046558e+02
2.216832323079417932e+01
-1.667167604451637430e+02
-7.555230378751805631e+01
-1.206003851493625945e+02
-2.261345292163337035e+02
-4.522602804734584936e+01
7.409687203841137659e+01
2.190513523403266163e+02
1.407050498203239215e+02
5.833508636913030188e+01
9.470136379297470341e+01
2.675153171986756888e+02
-6.426303856271051984e+01
-1.468014196069290733e+02
-1.936796888551270399e+02
-1.547169852780259021e+02
-1.443454649176283340e+02
5.985610683300097890e+01
-8.989150451568085032e+01
1.299308890743402003e+02
-4.192680119270926298e+01
8.055009988019597245e+01
3.108673156205258579e+02
2.141183650317051672e+02
-3.748529767173655500e+02
1.097846633458375294e+02
1.018587902959223612e+02
-7.560038406048801107e+01
-9.606407193076661599e+01
1.606952223352205067e+02
-2.305535213967292805e+02
-1.029179217719971007e-01
8.009823640313030069e+01
2.550262737864717053e+02
-1.293072029629356621e+02
-9.697972681494934477e+01
-3.158365594064456161e+01
3.017523868869319017e+02
-1.358653593342701811e+02
-6.066379898799665682e+01
-4.201243834487849682e+01
-1.056584581094045383e+01
-2.291648192904747248e+02
2.715168764390280671e+02
-4.279833064439429791e+00
-1.356608406767604720e+02
-2.986831667489235542e+01
2.310663449587976572e+02
1.465121597353942562e+01
2.123116095878564238e+02
-2.149434348885316126e+02
-5.468254036745756252e+01
1.521106738181285607e+02
-4.074933142599288516e+01
-1.613783653291767735e+02
2.772913047560177233e+02
-1.777960564536522838e+02
-4.112206992680297191e+01
2.483614185362483227e+02
8.592007206393539320e+01
-1.186987556428484822e+02
-7.645950778393782343e+01
-1.476236976944782384e+02
1.528231855888457744e+02
-1.753125820880914603e+02
-2.204116444930024556e+02
2.616463917318887979e+02
1.076364674663281207e+01
-1.633415645696446745e+02
3.525173816150129937e+02
1.335269836765880314e+02
-1.910801701173005824e+02
6.200046643277097047e+01
6.507071255017524436e+01
-2.216247733164391320e+01
-1.490334388897783526e+02
4.051106662103058653e+01
1.859732854438131824e+02
-7.499573715511623107e+00
-7.667121404215853886e+01
1.865628996970237097e+02
-1.085531382712991757e+02
-3.085504332904869784e+01
-1.053116320556078023e+02
-1.563822892027487228e+02
-5.503923219804654110e+01
2.772452742698768446e+01
-2.362040746422498927e+01
3.710803255681897781e+02
5.707870622283325091e+00
1.324258979633076194e+01
9.591015831375140976e+01
3.582108852998734960e+01
-7.722032193288396229e+01
-2.106047677985932296e+02
-4.727130244506349186e+02
2.303813723015243511e+02
3.699997220654013574e+01
-7.186815631003550209e+01
4.734066089407399431e+02
2.916252397412575874e+02
-2.134313098618368656e+02
4.129367117015992790e+02
1.959857745196473502e+02
-3.513271566237500565e+02
-5.138208055965167205e+02
-2.663930027942080869e+02
-2.574570252586954666e+01
-1.514837986421208029e+02
-1.595593624768920051e+02
3.987026804310308989e+02
1.391423610807968316e+02
2.462051601333738660e+01
6.087539239495974925e+02
2.484135530490678434e+02
-3.662479730033708165e+02
-2.667068080622406683e+02
1.522937484143623266e+01
-7.324216472683954748e+01
-2.333549142470294271e+02
-1.845525418305592211e+02
1.978491601429463458e+02
-9.756287449271204082e+01
2.204242615761013155e+02
3.502845141800573856e+02
-2.781146459847775532e+00
-1.968685160868465687e+02
1.217972633293501019e+02
-1.370680851375663565e+02
2.715026717787326334e+02
-1.824691092477358154e+02
-2.339176458601299942e+02
6.531319135932275799e+01
1.722965370609053934e+02
-3.160274022233987807e+02
1.618275486918808213e+02
-2.113968384268166574e+02
1.745386780301423357e+00
-1.390238032671759072e+02
2.076526827547436369e+02
2.552670214337870789e+02
1.994282227667452787e+02
-2.927463688359679281e+02
6.055141691139692739e+02
-1.718001632572069326e+01
-3.236477874288761996e+02
-1.734679748487547499e+02
1.443330973353982358e+02
-5.959816464485859342e+02
-1.559729093203380614e+02
3.822321141154926494e+01
3.984349727115218229e+02
-2.229514640372943859e+02
3.554496400803972165e+02
4.001615127715290328e+02
4.819884050119307517e+01
-2.455553029124643558e+02
4.125576663387545864e+02
-3.242131915470421291e+02
-3.327483035257138226e+02
-3.372721801426945376e+02
6.507697259335287754e+01
2.976053341579475386e+01
1.829047343203963294e+01
-9.767324432039902149e+01
3.708002630829458894e+02
-6.424673981450546023e+01
2.966271436716405674e+02
3.193756856872395247e+02
-1.665981388078201917e+02
-1.874514694391528451e+02
5.138164133697925706e+01
-1.800525330105082844e+02
2.055110241527694086e+02
-2.117796144447133599e+02
-6.433908406015829087e+02
6.122048657422567430e+01
2.634670606932294277e+02
6.776333439965327443e-01
6.816272756029235325e+01
2.365982169435396258e+02
1.263263695692997857e+02
1.938347008741267530e+02
3.060131829698641468e+02
4.122199801972938076e+02
-7.509444565212438647e+02
-5.705503120763414699e+02
1.036351053316512321e+02
-1.762048272757422751e+01
-5.818516231936199574e+02
1.071584036420627086e+02
5.655545286180711173e+01
4.748423486435593190e+02
2.411754308322147722e+02
7.833949057605210555e+02
1.806582304360862281e+02
-5.051320105023534666e+02
-4.114891072809475077e+02
5.411370555675546257e+02
-9.018214007991053904e+02
-4.356744487535739268e+02
-1.169719472909656588e+02
-2.769716372734137622e+00
1.140768977962726325e+02
8.374175166518174365e+02
-3.544291260364016694e+01
5.246087067413485556e+02
-1.426410443661639249e+02
6.157012541177034848e+01
-6.111204764361224306e+01
-1.459328689821897171e+02
-6.829569923401937785e+02
1.133272054004819438e+02
-2.586601671450355298e+02
3.646789441057840122e+02
-1.531719702558855545e+02
1.171434248729479322e+02
2.818867237094370353e+02
1.694085925404767750e+02
-5.545971595538711654e+02
3.418105500581601746e+02
1.280792739254153787e+02
9.447376304419364601e+01
-1.428439470564686928e+02
4.210050100827112374e+02
8.468632844072445209e+01
-4.966389522458701435e+02
8.477070164646832495e+01
4.926202601266910506e+02
-1.356315027581131062e+03
-7.407942782036739118e+02
7.743965376933271045e+02
6.562163661669383430e+01
2.554884501544283921e+02
6.477515779348751721e+02
2.453731618523929683e+02
4.866164223038283581e+02
5.134091993595109216e+02
-7.927611809170156221e+01
-1.352248169630577195e+02
-1.982081366661631591e+03
-9.481176901291598824e+02
5.806424209825057687e+02
9.246975985423524946e+01
-5.490905181494814542e+02
8.132097870758766476e+02
1.985478762665227066e+02
1.706295744200140007e+03
1.128361557624870102e+03
1.300387060203087515e+02
-1.192751118117873830e+03
-6.684599926167593367e+02
-1.214711326943930544e+03
5.450913794760164137e+02
-5.778583434733266131e+02
-7.826938517368234898e+02
-1.368354877042876296e+03
2.305358351367862269e+03
1.992218716077832369e+03
5.568805399218448429e+02
-3.867760474461393301e+02
1.354512475691698228e+03
-1.445166801966446201e+03
1.171601968688069292e+03
5.334827353148848488e+02
-9.662197204165422590e+02
-2.626402093853893803e+03
-3.553515521921020337e+01
8.369814346501860882e+02
2.249107163875458809e+03
-3.557583829067295483e+03
7.790897119959420536e+01
1.790544268928646488e+03
-1.029669771076957431e+03
2.204469824781562863e+02
4.429273618908301614e+03
-4.490869767561042863e+03
-1.042002291267709552e+03
2.811683759170861322e+03
4.719788636115256395e+02
-2.403043071736084585e+03
-9.422215711860569627e+02
-2.325870049484898118e+03
3.450462005591165052e+03
1.973477454150798280e+02
3.481817104500647474e+03
6.691663455384309600e+03
2.963588642628755224e+03
4.759511340515516167e+03
1.516598408347128134e+04
5.099553733534081402e+03
3.264328918225194684e+03
6.843108188552666434e+03
3.547548805433266807e+03
3.829278354306817391e+02
3.347875014187008219e+03
-2.749069570625652887e+03
-1.401525496252851553e+03
-2.963302088652461407e+03
-3.949976281837084571e+02
2.603292569017140977e+03
-1.095415643460763931e+03
-4.653922394370418260e+03
4.468816647563260631e+03
7.390696861375577100e+02
-4.126018015840662656e+02
2.683582855065382319e+03
4.714768696161150956e+02
-3.013217965386144897e+03
2.780863555942405583e+03
1.066022738631626453e+03
3.396465704655433626e+00
-2.453830665691686136e+03
-1.720975285410090464e+03
-1.555105242040451969e+02
7.085695587203676951e+02
-1.857241566142968168e+03
6.218259671166495082e+02
-8.599129016168517410e+02
2.463456293289963526e+02
2.296818696505698881e+03
2.572124289981808488e+03
-8.061365202691220020e+02
-3.135113246914154956e+02
-2.193361389264711647e+02
6.615051954863338324e+02
-8.024325948136041688e+02
-6.028730475633522019e+02
-1.533515799560069354e+03
-5.389728696792836899e+02
1.052651643771803720e+03
1.620445239019231849e+03
7.105238706882849442e+01
9.245806257985053662e+02
-3.222290070776346056e+02
-1.863817979798491820e+01
9.612265451060663963e+02
-6.136473206271494973e+02
-1.997933875207142137e+03
-4.071787787018486142e+02
-4.848819909446910970e+02
2.790604744086690516e+02
5.670917168052013722e+02
-5.743100987242956990e+01
5.097704120913442125e+02
4.124395813290906858e+02
5.561630736259823493e+01
1.244333365502967581e+03
7.935765067490312674e+01
-1.067370188288330837e+03
7.405858961083978329e+02
5.590581390124170866e+02
-3.304008862265690709e+02
3.635215452503024949e+02
4.041490300172308707e+02
-8.396977020088546624e+02
-6.995647514811679457e+02
-4.024244577021903524e+02
-4.682748231115737099e+02
-1.185465539862371315e+03
-4.326767252228916050e+02
-2.557906471473190777e+02
-1.970351853115985818e-01
4.847360096078326137e+02
1.050933493722778394e+03
4.844734257044281662e+02
5.343363986333334879e+02
-1.194033362957252820e+02
6.438806486945566121e+02
4.215645172032736241e+02
-2.024070736785427584e+02
-1.431010897238367647e+02
1.399007151145285661e+02
-5.096662032100838360e+02
1.050161112182643592e+03
3.246516034022758959e+02
-7.061788293904842249e+02
-2.938510419619149161e+02
-3.346247876455738606e+02
-9.649502642638208272e+02
3.881383143097368702e+02
-6.657130601840709687e+02
-1.129691075656060093e+03
-1.718329571658799182e+02
7.517073562199753951e+02
4.447787484788061647e+02
5.288697301628278638e+02
-6.249949121506099914e+01
2.272791675800939970e+02
1.831899697939884675e+01
5.544812091353661572e+02
3.161387134525456872e+02
-3.301068646570523697e+02
-5.467261790941677191e+02
7.051244301110907600e+02
7.725902218211465424e+02
2.469487397383586824e+02
-2.722304075028282000e+02
1.109767233329816634e+02
-3.516157688826258436e+02
-4.538198439884454274e+02
1.113607261171927121e+02
-5.775914964092449964e+02
-1.560517985747840612e+03
-5.364045277611283069e+01
2.935811789429710643e+02
-1.583762767482641038e+02
3.539275928563138791e+02
1.613656338442742708e+02
-1.261353771701809592e+02
7.437191634046163244e+02
4.022642044524255311e+02
2.245072621762197400e+02
2.135182954474794883e+02
-2.505717416771283013e+02
3.601567295585986699e+02
5.477630565830038449e+02
-3.540641234037913705e+02
5.223492642402810304e+00
5.576723170470039292e+01
-3.967992943034095106e+02
2.797621597110561709e+01
-7.694369401676306097e+01
-5.688969454343368852e+02
-1.825546463022018600e+02
-4.130249567298824331e+01
-6.336133621441844355e+01
8.106961726749477748e+01
9.489709489449261071e+00
6.914710467436746555e+00
1.065044682471905020e+02
4.568602024955079344e+01
1.067645346102365878e+01
-1.586559799898537904e+01
-9.134120191994129812e+01
-1.156367426810378731e+02
-5.819563105896789779e+01
-6.386531584805850059e+01
-5.910466729148331666e+01
1.380763883393108316e+01
-1.249091472806353131e+01
-4.318426657087739784e+01
6.601298010749943046e+01
3.079995515193954247e+01
-4.430441748760018328e+01
2.313178808485650961e+01
-1.236772276707325702e+00
-4.726855994527606697e+01
-9.653291072048556742e+00
7.488214452151050970e+00
1.115129477583280959e-01
0.000000000000000000e+00
