6.102351336989815245e-01
2.029607364265936020e+00
4.003055811328262159e+00
1.500983871877103404e+01
2.332245535461172636e+01
2.934058146588238714e+01
2.090056021657478880e+01
1.802316298564024422e+00
-2.219413288071678636e+01
-1.589808191147222161e+00
3.274920714716023085e-01
8.288244170631761776e+00
-9.038168677544845764e+00
6.497859237435559265e+00
-2.794363486559760190e+00
4.792138557985391856e+01
1.934329223336764159e+01
2.730695502824447374e+01
1.016015424133241041e+01
8.162426656331092545e+01
2.814786147092266155e+00
2.878128824540889852e+01
4.048040309742310683e+01
5.407078205441595742e+01
-3.865887324901692068e+01
2.851357206496350472e+01
1.648918301806756403e+01
2.067696555153520421e+01
1.626539082813443216e+01
1.229262903144465042e+02
8.419854321834702660e+01
4.039919987913636135e+01
2.380206566206818408e+01
8.559000921240505022e+01
2.276658406712973104e+01
5.120546474969643214e+01
3.645861959034959199e+01
6.849574617319603931e+01
-1.156356704409114826e+02
4.499776589589993847e+01
8.225897566762898805e+01
1.964346925731247211e+02
-1.202054566453493862e+02
-3.266792659298303647e+00
1.244498943899260368e+01
1.765919601189867763e+02
-1.995543773918560078e+02
-5.259734026456186484e-01
-6.417853615190256278e+01
-3.095241098723434447e+00
-9.586964929982578099e+01
3.243424084226044215e+02
-6.193152084346871789e+01
-1.641504686769791874e+02
-1.157060955752716893e+02
4.674799780006085257e+02
7.177381941106882834e+01
-4.664047713311834542e+00
-1.247247315254143132e+02
1.194831896889493521e+02
-2.949307306590314397e+02
2.596337465790631427e+02
2.643328988698212925e+02
-1.834417267141145089e+02
-5.508355297825133903e+02
3.907469587689507762e+02
2.582313118965911372e+02
1.315341656346244292e+01
-1.545599450087799198e+02
1.199593989984579991e+02
-1.505803759961560786e+02
1.943660951477290553e+02
2.562636792721239658e+02
1.712176462098883292e+02
-5.679667912238815006e+02
-9.225428042895336489e+01
5.152687383475630440e+02
2.550703130659833278e+02
-4.960141430181919304e+02
-3.029736601893862513e+01
-7.015968808733403250e+01
-1.212454053995284653e+02
2.406428813913286717e+02
3.254051164463351142e+02
-3.588352218491351096e+02
-1.796890717500207018e+02
3.145663058201737385e+02
4.655319810603755286e+02
1.911826357774701535e+01
-2.558109149145159904e+02
-1.503958959496672492e+02
2.924118278408671756e+01
-6.356290204865899796e+00
1.638976358776212123e+02
4.555665045878602371e+01
-3.517015010130093060e+02
8.287259265485502624e+00
4.670466175903719090e+02
1.904412108462564674e+02
-2.004665191495702175e+02
-6.659624609070284862e+01
-1.296975830206010585e+02
-3.926346735963290513e+01
7.669004465307369856e+01
5.209579475386462377e+01
-2.258277137258871790e+02
2.195616155671306657e+01
1.430929436268826009e+02
3.165207537723425162e+02
1.507872330720432785e+02
-4.822390086588139013e+01
-1.655366856693688078e+02
1.483182940319863121e+02
-1.633237546381236029e+02
2.493690870509475133e+00
8.796325230822570518e+01
-1.694045170756778873e+02
-1.738768081928639049e+02
3.946277534170064314e+02
-3.978917835305111339e+00
8.361611316719562126e+01
9.357437498945125753e+01
-1.373617944696952122e+02
-8.122418051977115283e+01
1.475174172861204056e+02
-1.738508802870158547e+02
2.324834616732962331e+02
-8.549442679195206551e+01
-2.253777423822499770e+02
3.579433680876697963e+02
2.122799016063219426e+02
-3.112868589046067882e+02
2.880015259880212852e+02
-1.316013428843992870e+02
-3.308751918626332440e+02
2.796267395493961203e+02
1.513644328561641998e+02
-1.846833699628094507e+02
1.064456545362659199e+02
-5.649364648747774709e+01
2.609494879767138400e+02
2.459530356763255554e+02
-2.367369989690221246e+02
2.809103319047409286e+01
1.043070404661648354e+01
-3.534471498421208366e+02
3.093717902584986632e+02
2.156847159119776620e+02
-4.015924822498548110e+02
9.912876464597272275e+01
3.111513839712234812e+02
4.475055417788757950e+01
1.055576089095240775e+02
-5.507504970554435886e+01
-1.430242483014936568e+02
3.678976201139059299e+01
-3.869456432248070854e+01
1.487549509844951956e+02
2.376990858277227403e+01
-2.060804429987412618e+02
1.459824334102646901e+02
3.057532203174953338e+02
-9.130295632147166884e+01
-6.808988549597025042e+01
-1.053270941779130965e+02
-8.435898482621666972e+01
3.725416598547516855e+01
4.253375853802693740e+01
-2.141815363931591776e+01
8.218170324953183581e+01
1.320943405777603346e+02
3.079300418252980762e+02
1.894381477882111824e+02
-2.109744523692788931e+01
-8.693931790249774849e+01
-6.845722859748147471e+01
-2.506851844257201378e+01
-8.090556952550403480e+01
-2.978954296994573383e+02
-1.608428227697933153e+02
1.256420640456258866e+02
1.126716016412959505e+02
9.676115799655521243e+01
7.780720417498216079e+01
5.647052202212762495e+01
6.024482697814834609e+01
2.250213610378086173e+02
1.451079662118858096e+02
-9.816132527791781115e+01
-2.151674493026883681e+02
1.473207068151045860e+02
1.371802285073307246e+02
-1.383053439371620641e+01
-2.262951615992438974e+02
-1.129299664772745189e+02
-7.457509110242820327e+01
6.748451125515524041e+01
5.936461301694002657e+00
1.124059118001133584e+02
-1.859782306654937543e+02
1.322307122564201336e+02
4.198668843218016491e+02
2.883484413841396190e+02
-1.606014283598538839e+02
-1.510179006906008681e+01
-1.875082658892051768e+02
4.172611368568456669e+01
-1.430852739124235313e+02
-2.245953387885215875e+02
-2.208880405509437423e+02
2.318147893566969486e+01
3.023592731765469921e+01
5.594591919463516660e+02
1.741373461499203472e+02
-5.380270119349859215e+00
1.164790155781154510e+02
2.591246870126475983e+02
-1.014686311724073846e+02
-1.116078313836233633e+02
-4.206844168073357082e+02
-1.767015370312917071e+02
-2.020776240154829679e+02
-3.309336574499371864e+01
1.180445494528401156e+02
1.062599733401960265e+02
-9.444604639397782364e+01
4.257014315112721192e+02
3.111819134992117597e+02
8.880625355997835868e+01
2.449925929908823719e+01
8.605811533889695397e+01
-3.677483640623381689e+01
-8.491256783738791114e+01
-1.503820064564827987e+02
2.160878374932567958e+00
-2.315116866996776253e+02
-1.859292189389434213e+02
1.429712730589624528e+02
-1.028927918341085643e+02
-1.499868493848626656e+02
2.281123179326558841e+02
1.404957394897425900e+02
-6.328583318471686425e+00
1.778069111564642810e+02
5.187991936469255450e+01
1.870540089094965879e+02
2.171131861253002882e+01
-5.322405717534452663e+01
-6.217646554923693003e+01
-1.378766326812275054e+02
-2.277835164194345907e+02
2.899475171030911724e+02
-1.575204445591420779e+02
-1.540843300286127828e+02
1.490118304054823284e+02
2.877437552140744401e+02
3.399276232767930850e+01
3.575203644406993817e+02
-1.131516619254601039e+02
-2.211971574614156566e+01
-6.044740979644100776e+01
1.086650808523581588e+02
-2.004383893335311484e+02
-1.606009740972666293e+02
-4.559042860232730163e+02
1.506009163783176632e+02
4.548195720914941376e+01
1.214339134735575811e+02
-4.689075509229525096e+01
2.582512610807986562e+02
-4.304326546861089753e+01
3.951568502491196000e+02
1.634502851778162267e+02
6.151566547203037771e+01
-3.266730170888738485e+02
9.545551917643450679e+01
-9.396367993923212225e+01
1.450165136096657648e+02
-2.141154860402750728e+02
-4.650249558292267693e+01
-4.556510700772354028e+01
2.643841020869178351e+02
-1.062431485946231362e+02
2.472452127914211246e+02
-1.275168809876618781e+02
-1.779541026119782998e+02
-7.288780078670714602e+01
2.163432411508881046e+02
-2.746711020899047071e+02
-1.740987484545968300e+00
-3.641204861298643181e+01
1.955785919889659681e+02
7.393268056253236864e+01
1.214413904406429623e+02
8.289401470465807620e+01
1.810099999169192131e+02
-2.712384723878067234e+02
3.924549379018907302e+01
6.762936153442274190e+01
-1.715859135632288428e+02
-1.280063784314431814e+02
2.182910091921630169e+02
1.016284791659370512e+01
1.571121029784699630e+01
1.114346990398173318e+02
2.488981346273088775e+02
7.979207599586453981e+00
-2.717484528653679945e+02
-7.584291625168290807e+01
2.663117269969244205e+01
-2.116367701069327154e+02
-9.636112245697771073e+01
6.928215735886068671e+01
-1.061483114234141567e+02
4.139906377768218704e+01
2.068906183539159258e+02
3.112480226126185130e+02
-3.267435675837955955e+01
-2.278998793226839439e+02
7.986477583200289132e+01
3.213268533365729240e+02
-1.891235161275943710e+02
-9.530200655066636273e+00
6.308529715701828877e+01
-8.153015493608380382e+01
2.998767822278665562e+00
2.901643027855374157e+02
-1.084920374247790278e+02
-2.377780127019040606e+02
-3.109667980875309468e+02
1.173987194002654917e+02
1.581868672912740976e+02
-1.427595902037976998e+02
-1.684603041184363121e+02
3.368659460895960365e+02
7.867977689546513886e+01
1.649491924524278659e+02
2.905099423674010950e+02
-6.801909457381634638e+01
-3.849238821010952734e+02
3.992075653051188056e+01
2.698538438081558866e+01
-1.309848828916546211e+02
-1.984671067422047201e+02
-5.056620513694517882e+01
1.772157308325711256e+02
2.937354065463645156e+02
1.106218517139649862e+02
1.182207703781779742e+02
8.731871637828055555e+01
-1.257711608519785926e+02
6.583180407865398820e-01
-2.183871020047896749e+01
-2.755991230045592033e+02
-2.381906627446226139e+02
5.983495688213312036e+01
-3.617360819252074577e+01
1.269072635580934474e+02
1.468620546842181795e+01
4.616654782847164284e+01
1.881152009241081089e+02
2.341823146282446260e+02
-2.401362947930427936e+02
7.588751858231904635e+01
3.584748658013297984e+01
-2.985581252985470257e+01
-8.553200784912077381e+01
1.545435593935414431e+02
-2.524783163630500553e+02
3.976561525423544197e+01
9.927991629887503677e+01
2.262168147602284023e+02
-1.943872146398441032e+02
-7.163725898881649812e+01
-7.122271709835604270e+01
3.869594919792264704e+02
-1.120048257018278832e+02
-1.145911453371195137e+02
-1.230545037540294118e+02
6.537035504288465404e+01
-1.897028250124187139e+02
3.961668632351565407e+02
-1.156192537498786947e+02
-2.804308679142687879e+02
-5.035799793157552529e+01
4.376556481195233346e+02
1.599977846712467056e+01
1.483727685622444881e+02
-3.556716838457584799e+02
-2.042514313656921132e+01
1.929780765540319862e+02
1.583443662649130204e+02
-1.807749749907478645e+02
9.022861614289848831e+01
-3.341861821069248322e+02
1.989961057547892267e+02
3.740215347973334019e+02
4.606008133962328088e+01
-3.333480968436795138e+02
-1.027334277140889611e+02
-1.007200167246056992e+02
3.150397362717943111e+02
-1.352692570277969821e+02
-3.052181446087937502e+02
1.008310140907332197e+01
1.166346258528584485e+02
6.952032546596613827e+01
3.950652295060771166e+02
-3.746640427287125874e+01
-2.756962476019995734e+02
3.736798286625499088e+01
2.349755554107819364e+02
5.301854146248808775e+01
-2.523648503090429358e+02
-1.060991482488148279e+02
1.767491014656473283e+02
9.155705423254131858e+01
5.169689637726505538e+01
1.594876198228342332e+02
-2.267168569192213852e+02
-7.149061973320294783e+01
-1.347036367080991681e+01
-3.536018747230673398e+01
-1.249060351667323800e+02
-8.165242099467718617e+01
-3.304219181525341753e+01
4.123405139553904633e+02
-1.855297270490041228e+01
7.060102345803902324e+01
9.116637444286124037e+01
7.018490413445533704e+00
-1.158578251723870665e+02
-8.913575710760974857e+01
-4.840662530466521503e+02
1.684656794345862068e+02
4.317187579340673409e+01
2.490521511215162676e+01
3.132049196058890175e+02
2.800297929826037944e+02
-1.466915368241851638e+02
4.793617222249483802e+02
1.282118208589368749e+02
-3.402964363541249213e+02
-5.894606209326431099e+02
-1.938071275653046825e+02
6.418429509005548539e+00
-5.701291377891503487e+01
-2.635689882121801588e+02
2.917357003640372000e+02
1.193273467360157554e+02
2.322994082904548065e+02
6.053875414911910866e+02
1.901732810971714116e+02
-5.379893147028210478e+02
-2.525459340616713462e+02
1.450711281985725805e+02
7.920485644413084003e+01
-3.713058110184251177e+02
-2.886313814432070899e+02
1.469627755009013015e+02
4.831984663848017192e+01
3.418262974057282690e+02
3.819497928627591250e+02
-2.345168053457432507e+02
-3.281473094014589265e+02
2.602667200556126090e+02
9.571596056481497783e+01
1.653935552615268136e+02
-3.434495208748377308e+02
-2.843908554575774019e+02
1.364391381538032704e+02
3.156643251535842865e+02
-2.071437191492852321e+02
3.103276607601713977e+01
-3.967122288404585788e+02
2.100194223696529150e+01
7.424413799249441581e+01
2.809659998351569925e+02
4.643542534877380490e+01
9.314168546742413923e+01
-2.346674406880592585e+02
6.899711636833775401e+02
5.959854192923917537e+01
-2.997785052145110285e+02
-3.498982054808870998e+02
1.300405879775538835e+02
-4.888623112597993554e+02
-5.491201873697507096e+01
-3.021469246445279566e+01
3.281666847791148598e+02
-2.985604354658265152e+02
4.509493414330882501e+02
4.259786040296702367e+02
6.512495538323858568e+01
-3.382331461827801604e+02
4.449780595430004269e+02
-3.301220777431093438e+02
-3.010880847369836033e+02
-3.623402633088365974e+02
1.494247663003536957e+02
-4.027592389820945584e+01
3.535141829201492669e+01
-1.126663016375934774e+02
3.998838157699208296e+02
-1.355261479522741013e+02
3.701343079062987158e+02
3.202705902041959689e+02
-2.105575204895156958e+02
-3.408197813108832293e+02
2.043102912561183757e+02
-7.284425348504713327e+01
1.720850038910761555e+02
-3.098196452792986406e+02
-5.996875492652131925e+02
2.768030173148332551e-01
3.833056902438569296e+02
6.764272198549672055e+01
-2.864483149640798842e+01
2.799620609081694056e+01
1.691843499604868271e+02
3.525892959439085530e+02
4.249251332786999455e+02
2.707339065504972950e+02
-8.601518311681005571e+02
-5.631995490778335807e+02
2.468153664531848506e+02
1.027063180249374739e+02
-6.264782143420068223e+02
-1.120327257101029943e+02
-9.978726257370688302e+00
6.093298522546222102e+02
3.942878176181459366e+02
7.702339311213738711e+02
-8.500896472961272821e+00
-6.123127234577764284e+02
-2.882275042060662713e+02
7.656397760086321114e+02
-9.213761128003949352e+02
-6.227746333099204321e+02
-2.116739116375154595e+02
1.069383945938734968e+02
1.877246187649755598e+02
9.449033420116121533e+02
-1.340607900053585126e+02
3.313142812353744375e+02
-1.585009852062408413e+02
3.141671865607247014e+02
-4.637227619669321399e+01
-2.533339930215383617e+02
-8.215238718351031366e+02
1.940869286650371066e+02
-1.974024179116101720e+02
4.456882650736988012e+02
-1.768736271273147622e+02
8.750408268168034454e+01
1.332259627565127857e+02
2.939425012157429364e+02
-4.824818250962366619e+02
2.921997918972770094e+02
-3.936960294045832143e+00
1.598433082633894173e+02
-1.620308225645252946e+02
4.815251429973443464e+02
7.253505996812367584e+01
-4.450008711963935184e+02
4.534186575398508268e+01
5.315807537044219089e+02
-1.404462853700893220e+03
-7.277059522176172095e+02
7.530130705888454941e+02
1.182568253291773743e+02
1.736717625271807606e+02
6.442764850754841746e+02
2.150166913422718267e+02
5.250295140440052819e+02
5.820572339663760886e+02
3.149893233141387583e+00
-2.702861849441700883e+02
-2.053515540974955456e+03
-8.861005492106514794e+02
7.315644949920553017e+02
6.261185951979788200e+01
-6.874523064193634809e+02
7.499441773546724335e+02
2.519092412739115048e+02
1.762924864697489284e+03
1.248416485058573699e+03
8.296615148564123388e+01
-1.436268524747350511e+03
-6.559744042225821659e+02
-9.683282691843353405e+02
6.300019838761559186e+02
-7.219737754254800848e+02
-9.029514194443497672e+02
-1.391919215401271231e+03
2.446347882022959311e+03
2.098509890079871639e+03
5.493614235478831915e+02
-6.130267161192462027e+02
1.255618915453092313e+03
-1.318438680040902682e+03
1.393910063954896941e+03
4.721037011044570022e+02
-1.101553468713130542e+03
-2.744848736923910565e+03
1.159789102095455746e+02
9.836076124789683490e+02
2.297956943499475528e+03
-3.757876855024013366e+03
-2.186864600394103775e+01
1.793011802936680169e+03
-8.527001094342657552e+02
2.157926656045211473e+02
4.398167205787714920e+03
-4.650735630570000467e+03
-1.024654232334925382e+03
2.967374964760121202e+03
6.330881094028234202e+02
-2.594999764398878597e+03
-9.928095155884884662e+02
-2.315325741342204765e+03
3.501501140775597378e+03
1.782736431747003962e+02
3.537856109186865524e+03
6.588586419250380459e+03
2.934839183681601298e+03
4.770654157894747186e+03
1.530287473687766214e+04
5.054750330002493683e+03
3.210148278926935745e+03
6.860179543138262488e+03
3.618086907447277099e+03
2.842746759013782594e+02
3.371796806140830540e+03
-2.698326254855528532e+03
-1.395158183288695682e+03
-3.026892487585952040e+03
-3.954839347694410776e+02
2.582891144089237514e+03
-1.074230081056598010e+03
-4.605160124194115269e+03
4.484395660585524638e+03
6.378487476399564002e+02
-4.545057165326359154e+02
2.774921116786881612e+03
5.650597241112503752e+02
-2.974816196018430674e+03
2.672533623787835040e+03
9.344517844841662964e+02
5.914255393762101676e+01
-2.280597597570507332e+03
-1.761935333047850236e+03
-2.728656818448016566e+02
5.896068267099421973e+02
-1.802201919607640775e+03
7.555089316161895567e+02
-7.178936028928417272e+02
1.640319535692520958e+02
2.143799106078161458e+03
2.480643552898382495e+03
-5.473172817794891216e+02
-2.142607894552719472e+02
-3.828353991616677376e+02
4.489322797723705207e+02
-7.460528028533602765e+02
-5.499515368941986253e+02
-1.355314947642164498e+03
-5.411056127209744773e+02
9.220831648897392370e+02
1.453194749234225355e+03
2.612830460430434414e+02
1.094057031651449506e+03
-3.301989637576876362e+02
-2.662774375474247108e+02
9.252217267712253488e+02
-5.788456944038254051e+02
-1.826317046263835664e+03
-3.947245561008050458e+02
-5.660736583818090821e+02
1.149811732343302708e+02
6.390774296705778852e+02
4.612990027335336407e+01
6.223351596503956671e+02
2.907630614624914642e+02
-3.207660096997214794e+01
1.230527436043659691e+03
2.050851644338749509e+02
-1.019758438560041895e+03
7.138409628283502570e+02
4.188034657223772115e+02
-2.850811991972740884e+02
3.993086001681055563e+02
3.780993016000904845e+02
-8.335880789678511746e+02
-6.682168650337230247e+02
-4.826716120056431123e+02
-4.302061073530488784e+02
-1.101624029639239552e+03
-4.507814038762895166e+02
-2.908477069891342239e+02
4.149822619971672566e+01
4.983575047260441124e+02
9.448544523508055590e+02
4.472144381451211643e+02
6.249790285836741077e+02
-7.730809622043409490e+01
5.363544735460644688e+02
4.157029879346001735e+02
-1.827674981664118263e+02
-8.339971465185473676e+01
2.009875545176298033e+02
-4.486308065195537438e+02
9.110367468771398762e+02
2.242070253114232230e+02
-6.650349837904466312e+02
-1.158131614556324109e+02
-3.952752861786044036e+02
-1.073247545909011023e+03
2.756877256890640524e+02
-5.904438605661639485e+02
-9.714395560983813311e+02
-3.189348193362798511e+01
5.521739925898925776e+02
3.339630174892753303e+02
5.050802361806255476e+02
1.074142786552665711e+02
3.198222924952640938e+02
-6.530824762890716784e+00
2.871367134155305507e+02
3.366723272533999989e+02
-1.790514833933690397e+02
-3.599664585226098552e+02
5.306913446671454722e+02
6.237419975654971722e+02
2.167393980985092412e+02
-1.027506308318310460e+02
1.562676125417046933e+02
-2.991176822627998035e+02
-6.044589078186936604e+02
8.409963476021143691e+00
-4.802628642992223149e+02
-1.322698004830458785e+03
-1.079388496206017294e+02
1.014598354962375453e+02
-2.806550472721539222e+02
4.352526243050969015e+02
2.428563712042858640e+02
-2.617963575534296794e+01
6.847124785427693041e+02
2.790736003469172033e+02
2.243380833308358149e+02
3.973945888149463599e+02
-2.219863953908630663e+02
2.658324763018237036e+02
4.511669041175862276e+02
-3.370198774685244416e+02
7.141164603276072853e+01
6.631633753339522741e+01
-4.415410841242692186e+02
4.201638523552539084e+00
-9.788289092562948213e+01
-4.900403384454271531e+02
-1.101083004561465941e+02
-9.227358584476608883e+01
-1.253929034222588257e+02
1.094373436860209097e+02
3.744120758431927953e+01
3.183381319860748349e+01
9.499758068811880207e+01
1.650135878818923274e+01
3.596131308744315191e+00
-2.266168693939005152e+01
-1.065102524284870071e+02
-1.244157732722080993e+02
-7.771496968813355011e+01
-8.842692975332130345e+01
-8.153529889778823758e+01
7.635384266323003821e+00
-4.973676639443281644e+00
-3.980905883688990343e+01
5.421265694507498978e+01
3.090251514145968770e+01
-3.223883471144912249e+01
2.956685131000794797e+01
-5.026898020819675850e+00
-4.268084989811115548e+01
-7.391890515339278878e+00
-8.902836591440184577e+00
-8.934448368524300577e+00
0.000000000000000000e+00
