1.944332581904203439e+00
7.545561095298410237e+00
9.664288072110743144e+00
1.782308465461210290e+01
2.242894034719790852e+01
2.479315127936939334e+01
1.031506399657336637e+01
-6.092819772295024805e+00
-2.291324641211522817e+01
5.200187383848751566e+00
4.284600029638863106e+00
1.690038180547489688e+01
-1.133614064601754734e+01
1.216346796129490215e+01
2.254680419655501922e+01
3.978009695567975967e+01
-1.437614681285316998e+01
5.659719433012155321e+01
1.422986154868691422e+01
4.117828424211458582e+01
2.348690313343733038e+01
5.443972237330463315e+01
2.258086241097272051e+01
4.514705271404206144e+01
-1.641240395160741627e+01
4.098342409508721573e+01
7.646943727035253602e-01
2.474759226035607540e+01
5.771467066878395258e+01
9.442021399280407934e+01
4.497083290214288098e+01
6.683787272302615179e+01
4.014386553447064898e+01
7.148485390540007245e+01
1.918671566718538557e+01
7.053009958657057155e+01
3.952368725930654136e+01
5.656013945301177159e+01
-1.579677282012673629e+02
1.168682100486745270e+02
1.160343827625144115e+02
6.888404923845024541e+01
-1.441848904754228613e+02
1.342346277149374032e+02
-3.685049975346688456e+01
6.389771802795021927e+01
-1.088448610271351100e+02
5.670450358123449774e+01
-1.358411333229874458e+02
-2.736777004861536966e-01
2.742456815415822646e+00
2.673216984402073990e+02
-2.232518481209631318e+02
-5.222347783926812781e+01
7.540199125396033253e+01
3.060712885800808749e+02
-2.311113892672304360e+01
1.706755941222978947e+02
-2.008439392983201230e+02
3.303960633618771681e+00
-7.124719883116665642e+01
2.177334764536423108e+02
3.270906942283778562e+01
-1.141596741834368913e+02
-4.042768841063137870e+02
3.757089991718927990e+02
2.397257817019532240e+02
-8.811775158766842253e+00
-1.240605409134067543e+02
1.126685958416085214e+02
-1.209509991084947984e+02
2.353300104776116086e+02
1.043911362589686149e+02
6.031366316303688535e+01
-4.047777758485036657e+02
-5.414813747454419968e+01
4.880957214717536203e+02
2.562668778795730873e+02
-5.590596771264637255e+02
-1.505823763900289691e+01
9.905634161793958015e+01
-1.377346341238999230e+02
7.193405065100887441e+01
3.099636500103630397e+02
-2.418866975865839493e+02
-2.649553169396581325e+02
3.149239374101617841e+02
6.322769874154223544e+02
-1.471842922261644730e+02
-4.032080984058793547e+02
1.453804897962947678e+02
5.827421482169408762e+01
-2.130435538809005322e+02
2.067186985107280464e+02
1.134021692756766413e+02
-3.911759624900158201e+02
-1.819503740126545921e+01
5.090852213212191373e+02
2.579434482605771564e+02
-3.573829424037691069e+02
-1.049337448254271692e+02
1.030391425751358270e+02
-1.506968283358232270e+02
-8.020375015793766238e+01
2.510299397342183170e+02
-2.353639005414219412e+02
-1.083320431730540747e+02
2.738306401669635193e+02
3.481870770163330917e+02
7.544051473936897878e+01
-3.064677876571158421e+01
-1.563837104208908215e+02
8.617516896249647118e+01
-1.500058391945700293e+02
6.351582651645595945e+01
3.241971829392396387e+01
-2.402024324770917474e+02
-6.394705852731393492e+01
3.764182287407479635e+02
-2.623721225162258719e+01
2.174401879013148573e+02
2.515078536210733517e+01
-3.065691025756764816e+02
2.858522849231760077e+01
2.360330817625156214e+02
-2.197377732850837617e+02
1.161713400138249455e+02
-6.857147616133462975e+01
-1.120516281251346413e+02
2.844781758642267846e+02
2.260851101397246907e+02
-1.045598400602099787e+02
4.076698614138243926e+01
-2.737495953455623976e+02
1.375215142945866376e+01
2.726066501521986538e+02
-1.017919051154825638e+02
-8.753595654395071790e+01
1.307814630450025390e+02
-1.149905034868072136e+02
3.444174983173722921e+02
3.032712094157765250e+02
-3.450295496728570583e+02
-8.071827647488098023e+01
9.912397043378111050e+01
-2.101471618135595065e+02
2.311380206437908384e+02
1.537377967760360775e+02
-3.896026095945418319e+02
9.736170966095504298e+01
3.918777692577054950e+02
7.666676038242260915e+01
5.307197155143718703e+00
-1.091557278605901899e+02
-1.221912945135007220e+02
9.012499566999571243e+01
-4.610348170668100920e+01
1.465250703307639526e+02
7.001833624883568064e+01
-3.222044141600939611e+02
1.943366339935046199e+02
5.344356856813919876e+02
-2.831456536177142311e+02
-2.250395990987847767e+02
1.414048240616299950e+02
-1.872120507936516276e+02
-1.268742913005479096e+02
2.428976205585201456e+02
-1.636439783034902007e+00
-7.004929934884148679e+01
2.009988478034818797e+02
4.135802031948690569e+02
1.888947804364721605e+02
-1.380479701430859336e+02
-3.898173773201902748e+01
2.755725677858427503e+01
-1.931809054789751201e+02
-1.443091947887065203e+02
-9.023339703069369477e+01
-2.173393452423882195e+02
2.007246841415916805e+01
1.978509128331792795e+02
1.268312963056224163e+02
1.651400251707797651e+01
1.231446136839446694e+02
1.060256685168401702e+02
1.137284325027697491e+02
7.286847811529186458e+01
3.440534983516579359e+01
-2.264319071553826177e+02
1.178141698123341143e+02
2.036108318986024415e+02
-1.515851744496710012e+02
-2.637631614478132747e+02
1.453927427742737564e+02
-1.575648642716420227e+02
-9.687937385833841120e+01
1.036010104929821836e+02
1.113569885143728300e+02
-2.099545406488247181e+02
2.400165665538826545e+02
4.247184383953180031e+02
1.981982304965323465e+02
-2.741554996962239557e+02
1.087819702859179642e+02
1.483144322618343836e+00
-1.894983393162237917e+02
-2.796089588539661577e+02
2.650854049056619033e-01
-2.741083685076737879e+02
-5.072480889802073989e+01
2.443154063010853747e+02
4.996473570948289193e+02
-3.697624824866179694e+01
1.097501702488860360e+02
2.938984212000301000e+02
1.414684050566441158e+02
-2.373669532417711423e+02
-4.771169300562800686e+01
-4.043050438201910879e+02
-2.176529047455663886e+02
-8.123834089635023759e+01
-5.785028064687063676e+01
1.643934839694239969e+01
1.784033054666437010e+02
-5.741524350301212820e+01
4.028330908470308600e+02
3.446705870364440898e+02
2.756470327933826070e+00
7.090207218204042761e+00
1.233773968684890718e+02
-1.665506989204727972e+01
-6.442049775521734034e+01
-2.280702837348792116e+02
4.350952660849443987e+00
-8.396333292531932102e+01
-3.484267933248520990e+02
1.227001117124208491e+02
1.323483687272315876e+02
-3.011859111060648502e+02
7.996693970335911672e+01
3.897531114770615090e+02
-5.117871514620829032e+01
1.570581230444482657e+01
1.839290761019260856e+02
2.593238737937810470e+02
-1.594288763947032237e+02
-1.010137869802763078e+02
1.121445090991628604e+02
-9.142999146341485073e+01
-3.930141140692717840e+02
3.309955422621142702e+02
-6.393480947004363912e+01
-2.247055331754027065e+02
1.749989791461198649e+02
3.730353733811263055e+02
-6.714334063034888800e+01
2.359419316588179356e+02
-6.417418672660048173e+01
1.187386539136484913e+02
-1.084281572998427663e+02
7.624020786841768427e+00
-1.310701795587093272e+02
-1.747576766054041855e+02
-4.192592696451269489e+02
3.158720724964264264e+02
-1.192820250499874248e+02
-2.243157827484004940e+01
1.290253741311883857e+02
1.986160343613309180e+02
-8.079857772105822278e+01
5.465808517727421076e+02
1.294852465807573338e+01
-6.473857240633306276e+01
-9.382241120673732837e+01
1.874835690242274495e+02
-2.201485831040137953e+02
4.484022211561054405e+01
-1.399510331049954175e+02
2.806707533483447037e+00
-1.312203191908879205e+02
3.154860426490150758e+02
-2.119601913261497828e+01
3.341000397799604826e+01
-1.269853350682489577e+02
7.601799556010800529e+01
-1.121473915207626675e+02
5.381960334603784979e+00
-1.992719363893640718e+02
1.012930272675713042e+02
-1.338547397918403306e+02
1.803095163041934939e+02
2.348922871403412387e+02
2.408207307233105610e+00
-1.818961793043088448e+01
3.679095985302737404e+02
-2.818246575680659589e+02
-9.594123473079926612e+01
1.650114740198676486e+02
-2.286505203088982796e+02
-1.790257805100771691e+02
3.206151031598963073e+02
-2.686066076784969425e+01
-3.617614905810519588e+00
2.011197263852482422e+02
2.094519061366226538e+02
-7.670032615429434486e+00
-2.733514092372533355e+02
-4.295673578445218510e+01
5.775352061715905450e+01
-3.591379098340916016e+02
-1.065813078013283075e+02
2.210108509141134050e+02
-2.278353551148993574e+02
3.964329880790681671e+01
4.182465622347761496e+02
1.708055605970671991e+02
-1.878028620038501799e+02
4.099104441627332562e-01
1.740848352529333738e+02
9.318588810002755451e+01
-2.378536936147926326e+02
1.313189857587570089e+02
-5.873955230564895658e+00
-1.388478513827087113e+02
1.986419837222665876e+02
2.234811799101614724e+02
-3.079636224573125673e+02
-1.006907946614507665e+02
-1.607420392897232659e+02
4.132745216397260890e+01
8.581997610225468520e+01
-1.919134837335013515e+02
-1.093813220490675064e+02
3.708177984833994287e+02
8.185001806083293729e+01
1.957665332265923439e+02
1.711508354367209677e+02
-1.362819403983058635e+02
-1.790007629495371759e+02
1.070042692953657593e+01
-5.230594325412839396e+01
-6.869402996200764733e+01
-3.131531607199418659e+02
-3.522488345977313884e+01
4.335562653820270498e+02
1.597616489853569988e+02
-6.014059783764022882e+01
2.474129178534128641e+02
1.178609213091055494e+02
-2.347097558422164809e+02
7.007741025633622201e+01
3.108175799925633953e+01
-4.116135876011713322e+02
-2.907763352816352835e+02
2.944432916973292436e+02
-9.822892416925483872e+00
-7.293041168696113630e+01
6.318231010341339271e+01
1.688782694780704503e+02
7.452717829700506513e+01
1.826461905805616652e+02
-1.472291166710095354e+02
8.317285332746811832e+01
-1.096423638950637525e+02
9.254315322622517215e+00
1.023042856886266918e+02
4.082561096323654226e+01
-3.398586890097350306e+02
2.450301883578185880e+02
1.261186570162999487e+01
8.102512672489626766e+01
-2.235746733880242232e+01
-1.025228500042903335e+02
-1.617278843889085920e+02
4.825862590734735136e+02
-1.828255918802029782e+02
-1.539601056304946098e+02
2.346208343968174859e+01
4.187567676415319795e+01
-2.665680551390030928e+02
3.929278264920644688e+02
-9.172084598012605738e+01
-2.700608679043023130e+02
-4.510588790821407201e+01
4.867401850006249902e+02
-1.030220097721065287e+01
-1.048920029668255438e+01
-2.343740682827651085e+02
1.556048217713949384e+02
3.398029324396147643e+01
6.799905151934108716e+00
-4.891345593693019111e+01
1.201866448029386163e+02
-4.185615492592071973e+02
2.930592094116693715e+02
4.772770996509143515e+02
-1.969421550429415220e+02
-3.434243304852743108e+02
2.226545897041575586e+02
-1.832704834538795353e+02
5.403396745634061205e+01
-1.290793816070654998e+01
-3.066905368715024451e+02
-5.353888743598774624e+01
2.406101905205459275e+02
6.703213736512923049e+01
2.880295334504201037e+02
-1.872833063939432918e+01
-2.039700655456148866e+02
1.502523417245753876e+02
1.569072344242444501e+02
-7.149111013199448905e+01
-2.083484692041801054e+02
-1.107445177545060062e+02
1.861351253533116221e+02
1.735533377129389692e+02
-8.345862600840463585e+01
1.314140836547169897e+02
-6.097818976255261703e+01
-1.119089076319953335e+02
-5.738020843073389443e+01
7.557899159041805603e+01
-2.037124512830630749e+02
-2.121568941119881231e+02
1.060683319274806706e+02
5.076432817150353003e+02
-2.152368220093574962e+02
4.250443464332388999e+01
3.058806685738360329e+02
-9.994478512679000914e+01
-2.445392636162783901e+02
1.150158719757007049e+02
-4.752310602019213093e+02
-1.689346759728393721e+01
1.160809259717568409e+02
1.096224151479720206e+02
2.693187810312102783e+02
2.252206045652976627e+02
-7.915899639070156013e+01
5.388722589492040242e+02
-2.833870222337865030e+01
-3.778933401998298791e+02
-3.559818449843679105e+02
-3.001368137203880906e+02
-1.380656752858581342e+02
8.556047947572710655e+01
-2.884522973839462452e+02
2.426688462383825993e+02
3.020856328548488250e+02
1.587040437721981903e+02
4.764544568624297085e+02
2.641280489424196958e+02
-5.034025588557534547e+02
-2.871483391645336951e+02
1.824260872302485552e+02
1.494131700410591890e+01
-4.743323923228681451e+02
-2.122858980204479167e+02
3.444302624605489882e+02
-3.425742339809001891e+01
1.897455394087626814e+02
4.737667747187987857e+02
-1.760990770678541253e+02
-4.043468320158579559e+02
3.266051628444081416e+02
1.059704927168221928e+02
1.745396135636794099e+01
-4.006594543299861471e+02
-7.968807497551941310e+01
2.466937957331206235e+02
6.922819174187384306e+01
-2.664196737013506322e+02
2.789003260588048079e+02
-4.975952117320249499e+02
-6.137510380512582486e+01
2.923615318344687921e+02
1.392970915209289728e+02
-1.369165018547336388e+02
3.260349171801083230e+02
-1.655550689800938358e+02
5.448603711136569245e+02
4.588963759912198981e+01
-2.958329986757835854e+02
-3.329167229608865455e+02
1.504293876179633571e+02
-4.823064530366004306e+02
-6.189564651861223865e+01
-7.381199238023096143e+01
3.546051486553053564e+02
-2.177922346583038973e+02
4.049564620498535419e+02
4.294212793658443843e+02
6.983757452236517338e+01
-4.214269826842707403e+02
4.495391545170984386e+02
-2.425166122503495103e+02
-3.693103133688842945e+02
-4.201200001086099860e+02
2.581251942120593412e+02
2.055060779353358669e+01
-1.294559739361231436e+02
-3.153012959640926738e+01
5.975815655472683829e+02
-3.421275899541138870e+02
2.377379518301823680e+02
5.598772875560462126e+02
-3.153669046158143487e+02
-4.774320519046762570e+02
4.047421249992423782e+02
-6.918682721099523292e+01
-7.862462238988999985e+00
-2.310204192552055247e+02
-4.545477308250647752e+02
1.403281046530953802e+01
2.279372373277419968e+02
3.975807591980909450e+01
7.962133449278050534e+01
-3.208717678873779278e+01
1.503099642627348373e+02
4.822066731922421354e+02
2.798000144595643519e+02
1.786489695397466733e+02
-6.617232838240589672e+02
-5.128570337427270260e+02
1.406994987623227189e+02
9.238089039267995872e+01
-6.633770197784180027e+02
-1.191231608486340861e+02
1.207828730810823572e+02
6.396975484886879713e+02
2.138961150282542860e+02
7.552391692852349934e+02
1.492475460416058013e+02
-6.695601297600115913e+02
-3.104379108305257091e+02
8.702659172772865759e+02
-1.090408910649515747e+03
-7.199539595941230345e+02
4.588342835656675334e+01
1.470971641266456231e+02
1.557838943030899870e+01
9.227977762313491894e+02
-2.645461166980413026e+01
3.638010988751094033e+02
-2.430534493733397596e+02
3.377202182312968830e+02
2.812039788443986765e+01
-4.777491210168801103e+02
-8.124131977005321232e+02
4.820537084786960804e+02
-3.265590940915695910e+02
2.605008569795598419e+02
4.569061586976587819e+01
9.893144014978553002e+01
1.284280183709858392e+01
3.839297570146898693e+02
-4.493354710027643364e+02
1.584107380147540312e+02
-4.665713907933996651e+00
2.255752347002218130e+02
-1.768237561530426660e+02
4.421725719109427359e+02
1.368784766478268864e+02
-4.667181275341829405e+02
1.850517221849661809e+01
5.964028507282512237e+02
-1.409961403386002758e+03
-7.747711046381321012e+02
8.160509333892719042e+02
7.780784926586446204e+01
1.019787532867674571e+02
6.798112162395378846e+02
3.132277981884034261e+02
5.055595309089393936e+02
4.362834975387880831e+02
4.353930885336646384e+01
-1.195075308776854683e+02
-2.202252814652899815e+03
-8.718051059262276112e+02
9.308206455382445483e+02
-1.648955436076101932e+02
-7.935247754761886654e+02
1.090305586964899476e+03
2.270048731578609704e+02
1.514568430880583037e+03
1.311496039154198570e+03
1.465232136202698712e+02
-1.496215387281673202e+03
-6.316670580826225887e+02
-8.961868112936814441e+02
5.600999811069801808e+02
-8.392275843405769820e+02
-7.775897834306931600e+02
-1.209303183737636573e+03
2.327128273045026162e+03
1.980631001016502296e+03
5.875565428423727781e+02
-5.960843713830395245e+02
1.259146614886947418e+03
-1.275333928840767612e+03
1.327038470319638009e+03
3.792595255208251501e+02
-1.034410594548278141e+03
-2.596518983990888501e+03
5.984601828370946919e+01
9.604910013379768543e+02
2.325384051050182279e+03
-3.886160739491020195e+03
3.037857491904190965e+01
2.002974854933991992e+03
-1.075820063203448399e+03
8.988536765151839347e+01
4.617857719419323075e+03
-4.672946516791912472e+03
-1.129099734671420492e+03
3.116319075912204426e+03
6.228947329987266812e+02
-2.723408069229431476e+03
-9.881196330429824002e+02
-2.172067550841439243e+03
3.498153706587141642e+03
1.505037876511480022e+00
3.580441694559352982e+03
6.765583441297399077e+03
2.776385942549170522e+03
4.721791163504675751e+03
1.550069690689592790e+04
4.980051568071999100e+03
3.044776798653225796e+03
6.990428912000513265e+03
3.675407003048059323e+03
1.664859433841678538e+02
3.408737927517610387e+03
-2.586785634505421058e+03
-1.500041155938128668e+03
-3.067228901624665468e+03
-2.597630946760327788e+02
2.544537728868871909e+03
-1.142635174754619129e+03
-4.561076029682749322e+03
4.379702434553289095e+03
6.316011482642393275e+02
-2.763296507780154343e+02
2.720604197803721490e+03
4.715482282675136503e+02
-2.913919904588035934e+03
2.708591711562307410e+03
9.459850283508808388e+02
6.633793135018451892e+01
-2.295266226602444931e+03
-1.817417265653971754e+03
-4.210040975962019729e+02
7.317822175838153953e+02
-1.601502829028104316e+03
5.171695006115767228e+02
-8.306803432354665802e+02
4.331942273254113047e+02
2.098373982444624289e+03
2.388827022604626563e+03
-3.836687238428827413e+02
-2.713035079100685039e+02
-6.206667667920693248e+02
5.720640208004205078e+02
-5.458644028343389891e+02
-6.690017092241425871e+02
-1.521970990382543050e+03
-4.313271149678823804e+02
9.696607744678757399e+02
1.425909238427560922e+03
3.253911375530291252e+02
1.078290110384355103e+03
-4.529945530702636347e+02
-2.316026233403575247e+02
1.014064719176842573e+03
-5.367134662291144878e+02
-1.907411043330270786e+03
-4.578642056782989584e+02
-5.236252251509531561e+02
1.245661775887070490e+02
6.601629132053619742e+02
9.509368394509796474e+01
4.648339669741909006e+02
3.092040034758740035e+02
1.454576634276732534e+02
1.103067823490820956e+03
1.825952096206401052e+02
-8.223799172014116721e+02
5.537479304391799815e+02
3.138107051275676440e+02
-7.119288750499673313e+01
3.627310595813615919e+02
1.938784915721588789e+02
-7.495040947241830054e+02
-5.612335534327166897e+02
-5.956352516384800992e+02
-4.837303791948627349e+02
-9.255272236270208168e+02
-4.145935356855336522e+02
-4.806187338935564526e+02
8.308734058807822009e+01
6.311819723848178683e+02
8.470913784363983723e+02
3.797194385735101037e+02
7.401019044042252517e+02
-1.125429953874668740e+02
3.892753138758437217e+02
5.045843923532597728e+02
4.911663949441120280e+00
-2.148894652985189566e+02
1.140987401949873572e+02
-3.370377297824467178e+02
8.604412242772614263e+02
2.239826343872668701e+02
-5.149178857467163652e+02
-2.891654938549612552e+02
-4.941372974512682958e+02
-9.112636379458393776e+02
2.744164477981373693e+02
-5.985785726177897459e+02
-8.838846901240406169e+02
-1.929071095605403343e+02
4.767122704947855141e+02
4.889261734452094856e+02
5.983562905403639434e+02
-2.089131014471288950e+01
2.215890459216898307e+02
1.002534844774027647e+02
3.903453574246988751e+02
2.251963194219989930e+02
-1.295131197264261402e+02
-3.136337881810331965e+02
3.432715917216464732e+02
6.084971453127571976e+02
4.582311052251922092e+02
-1.592904552332456944e+02
-7.064885339693424271e+01
-2.120865518566182004e+02
-4.400332864999033404e+02
-7.041503163683113087e+01
-4.571419131927506214e+02
-1.212073708741213522e+03
-2.976974687681985188e+02
3.982768147373453971e+00
-7.278768008275405066e+01
4.258400029013967014e+02
1.109911249444964625e+02
2.091787093376339612e+00
7.231346725559187689e+02
3.049777879936750082e+02
2.291591488862460722e+02
3.805939719858841954e+02
-1.773635686148481341e+02
2.076254950845971052e+02
4.094255052357945601e+02
-2.105973250490140458e+02
6.684704663062319696e+00
-4.402896570456651659e+01
-3.339250429992507634e+02
1.675966409844728133e+01
-1.476175859842133491e+02
-4.382963183170008961e+02
-1.320446674921124668e+02
-1.265193969178888551e+02
-9.256587696027405343e+01
1.023123064493558729e+02
4.428023562431301485e+01
5.326668566998019827e+01
7.805327102220211088e+01
2.148754015796004779e+01
1.645981303323455336e+01
-1.768285328275851498e+01
-9.848085080471150832e+01
-1.390481380586078615e+02
-9.449289753722197815e+01
-7.698839615470717490e+01
-8.227632386708148715e+01
-1.634421068681019307e+01
1.532837785307390455e-01
-2.580042796187064624e+01
3.542561928202815835e+01
2.780129842547288987e+01
-6.383816039966866640e+00
2.946716764218277262e+01
-1.368439736827235542e+01
-3.342947798641348811e+01
-1.154961252633393975e+01
-1.604129364953303138e+01
-7.766921246060688233e+00
0.000000000000000000e+00
