5.061981425761742370e-01
1.863756949284035791e+00
2.604996138689010809e+00
4.580238244692152350e+00
2.709853614297364377e+00
1.031239314874324720e+01
1.573204119844701765e+01
1.487302272462627784e+01
1.308088527740928875e+00
1.031996152279840828e+01
6.811061348787314174e+00
1.804315872297432222e+01
-1.042612919902002488e+01
-1.198116217088690760e+01
-2.491651025640888051e+01
2.478276860295293460e+01
-1.478498172758837548e+00
1.004391192347353545e+01
1.198818433182108123e+01
9.342336261490973470e+01
3.082266981718153609e+00
3.736632213696357496e+01
4.366732267946849788e+01
3.775174766721040243e+01
-5.374543119571033856e+01
2.871980850429447685e+01
7.730884852590203415e+00
7.238977750487318730e-01
-1.605612626815817023e+01
9.713852241126880926e+01
6.541045826541494534e+01
4.065279261736387184e+01
4.868994750105529334e+01
1.132183622149543822e+02
6.677108020508093489e+00
-3.491510596662603660e+00
3.412016359297193446e+01
1.072044553127223452e+02
-1.082008665993731427e+02
-2.082329113137761034e+00
5.408324387692263713e+01
2.111512798633004024e+02
-9.035967256679337822e+01
3.354462890762936667e+01
4.159539552917612326e+01
1.662025102136782664e+02
-2.082782971917678765e+02
9.012502238968312440e+01
-9.239695536650287977e+00
-8.742320822086985288e+01
-2.059441147087263175e+02
3.210012423479876134e+02
-4.908060253573053089e+00
-8.030083188217815859e+01
-8.350248402567262929e+01
3.788311382331719415e+02
-5.803028845137534120e+01
1.474948418276764528e+01
1.251591853973179624e+00
1.611661443120243007e+02
-4.187365941811601715e+02
1.806312357091101148e+02
3.007232021907593662e+02
-4.835696278778192436e+01
-4.243288795679260943e+02
3.728778645935822169e+02
9.684039623333742952e+01
-3.266007991172712366e+01
-8.239201166661889886e+01
1.558686983058116482e+02
-2.687875532585293286e+02
2.742708505688541010e+01
2.289931411275035202e+02
3.465244596227332750e+02
-3.800316345749795346e+02
-3.868336278284168372e+01
3.947049676504756803e+02
1.997854178966634890e+02
-4.029519212258713310e+02
4.157346091214754580e+01
-1.248483982480140924e+02
-2.520972620040460583e+02
8.565018211261541126e+01
3.462085089817463199e+02
-1.880003566859845421e+02
-9.334702647103877382e+01
2.393535317780416847e+02
3.881777557025610008e+02
6.793721500763017218e+01
-1.594264814595474604e+02
-1.437886975465982005e+02
-7.925243834260861320e+00
-9.045270846680341492e+01
8.197999025258606309e+01
1.080951126026945985e+02
-2.615300903618674511e+02
-2.566558100753386640e+01
4.131723065329708788e+02
1.948508828060613212e+02
-1.745917041232175677e+02
-4.527905901689032930e+01
-1.272248942111415602e+02
-1.683211000670782909e+01
7.101074237752172280e+01
4.474785076568651476e+01
-1.870385230301595811e+02
4.085705245381100781e+01
1.246908595801096027e+02
3.241085617616408854e+02
7.822511113730061538e+01
-1.311134495803412392e+02
-1.689144440558910105e+02
1.875659873697004798e+02
-1.298716094933558907e+02
1.931394602804594740e+01
4.202541464058111842e+01
-1.559956768617390992e+02
-8.247407568434144309e+01
4.995687192681213560e+02
-4.179289072203970079e+01
-7.274699711745292063e+01
1.222717541911913486e+01
-7.346596056337668301e+01
-2.875409999465318833e+01
1.873493215071080726e+02
-2.288636786651106831e+02
1.383411662719191213e+02
-2.325104791018267747e+01
-3.051433211105595333e+01
4.081516398763440634e+02
7.821196717285906175e+01
-4.700592655314272861e+02
3.060665222817210633e+02
-3.308977793107868592e+01
-2.857311786061949306e+02
2.303445399674609462e+02
2.113097198886146799e+01
-2.401323900794195652e+02
2.810066397547295196e+02
7.952144252525266666e+01
1.871247989894200714e+02
1.017662244579524042e+02
-2.849595205687667203e+02
1.302570785660483921e+02
1.530944971498367977e+02
-3.544617616965155662e+02
1.980655746478526282e+02
1.326175916278822342e+02
-3.451514211645174441e+02
2.224630369673320160e+02
2.934914359050308121e+02
-8.224434243765229269e+01
1.423797688467841205e+01
-5.151596383329399487e+01
-1.726946372663351070e+01
1.466461920335582363e+02
-9.645390420194584635e+01
9.060938088674640767e+01
5.807678827524878784e+01
-1.534177154762130044e+02
1.386888573553015078e+02
2.429358885500355996e+02
-1.786840902271533196e+02
-1.274124291074067230e+02
-1.057082934123061193e+02
2.284653736899281284e+01
8.724294776573341892e+01
3.353252778928113287e+01
3.593086681768927093e+01
1.373929539484636564e+02
9.054373730958133137e+01
3.031933720939912860e+02
1.735545334767771237e+02
-8.403232017009226240e+01
-1.776610510766552409e+02
-1.045201363035347271e+02
1.021908561775712343e+01
-8.394860943591915259e+00
-2.477623079868390050e+02
-1.209495517007625693e+02
6.979765605190270605e+01
9.172013068260571345e+01
1.766956935388715522e+02
1.132699975852753198e+02
-2.751830399714802411e+01
-3.956103845500719984e+01
1.575716720656001826e+02
2.281500315108046095e+02
3.506637678615153675e+01
-2.044974791218128303e+02
3.876338911642961449e+01
7.369974032017682930e+01
5.401136432046368441e+01
-1.036721848582471068e+02
-1.136030229340583588e+02
-1.704165084049942891e+02
-4.186699227509935639e+01
1.644941996847960297e+01
2.965932488264614904e+02
-8.840657560888149646e+01
-1.719253484188555348e+01
2.731454175091014918e+02
2.972211271212788688e+02
-6.436462855272139905e+01
4.937383200858877785e+01
-2.489123010515180567e+02
-7.436199457834490545e+01
-1.733672700842976724e+02
-7.832915842590570321e+01
-2.589347542771323063e+01
3.066573404256018875e-01
-1.520712123415341068e+02
5.136263372513020613e+02
2.264459057786654625e+02
4.425761878859636056e+01
1.015512667657671386e+02
1.448039482086281282e+02
-1.925478712571616597e+02
-2.630780044075838475e+01
-2.714600533020370676e+02
-9.544940905559633393e+01
-2.674101247732679667e+02
-1.065041035003232537e+02
1.259015124664747134e+02
1.473594413258453244e+02
-9.323140747057658473e+01
3.742999030067640547e+02
2.002974728055904450e+02
9.311186430449288309e+01
9.535423337909631414e+01
1.215167513146701026e+02
-1.738553442712799679e+01
-6.685193975334620120e+01
-1.849243557203404578e+02
4.985801422644293268e+00
-2.115601351480581513e+02
-1.658417985234110574e+02
1.196056374193991161e+02
-1.190924190752108274e+02
-1.456767097061409686e+02
1.976890517245291790e+02
1.101485729723657698e+02
7.813967575791892273e+01
1.867242664789271771e+02
-4.502108900390685164e+01
1.473811730463273193e+02
6.199061184352473219e+01
1.045686117285373840e+01
1.517584569903721814e+01
-1.422565277748942947e+02
-2.977692602121585992e+02
2.418633540156588992e+02
-9.245965038232668576e+01
-6.760684515509800008e+01
6.400858904891056511e+01
1.170346706087761248e+02
-8.551440129009520774e+00
4.372285513478611847e+02
2.877214306270005650e+01
5.301500029662236102e+01
-1.507378076038880579e+02
4.277016310291594436e+01
-1.175103224083816400e+02
-3.954057092259354533e+01
-4.560373521101440701e+02
-1.180364550128787471e+01
-1.333653278514242118e+02
1.181641998806182272e+02
8.695731127921592929e+01
3.842892295215144145e+02
-1.033361191799509413e+02
2.726428322399012814e+02
2.212533333207579176e+02
2.264278558273237252e+02
-2.752336271667159053e+02
4.283048253534227001e+01
-2.565824784401415855e+02
3.674000935004855251e+01
-1.368697114506962862e+02
9.460659305395287788e+01
-5.818361621740723422e+01
1.450987865357762985e+02
-1.522565101995599548e+02
3.747982812563400898e+02
-4.320629379224908462e+01
-1.908562837053444241e+02
-1.375084572818062441e+02
1.234575387537780955e+02
-2.923618804942937572e+02
1.260815146563406728e+02
7.622113044944697435e+00
1.384905803825644171e+02
2.159652699632994910e+01
1.347207498904820682e+02
1.171495356855630092e+02
1.875064578331874259e+02
-3.143953969525857701e+02
3.018988400068893352e+00
3.091807048082267073e+01
-1.347041618692770726e+02
-6.563872560943600831e+01
2.486861550459557293e+02
5.056506211889666957e+01
3.217819144747018356e+01
5.005976217926321681e+01
2.257375947799537812e+02
-4.593152323609999144e-01
-3.033039207382111044e+02
-9.743871918834105372e+01
-9.892984394637274193e+00
-2.474967467998168331e+02
-5.383731869163216288e+01
1.959811971399100798e+02
2.456926547876435052e+00
-9.163971810516642336e+00
9.680911042987420956e+01
3.288899271515961118e+02
3.476096737502167855e+00
-2.385703774810912137e+02
3.677768676053396746e+01
2.005325568190870058e+02
-2.638840114603246434e+02
1.266697513163764484e+02
2.313851932532097635e+02
-6.725391149082855691e+01
-1.261533300461450438e+02
2.366003163168781498e+02
-1.702670374100995332e+01
-1.410448018634951097e+02
-3.284156600889622268e+02
5.100928299449030590e+00
5.265812075701546746e+00
-1.015301668981819176e+02
7.724313491013932165e+00
3.925593874280289697e+02
-3.746336811151756763e+01
5.141449714458752851e+01
2.929514508273483102e+02
8.747720038969740131e+01
-2.955713759844002766e+02
-2.857434896150698478e+01
-1.090856109324301428e+02
-1.419939079340518049e+02
-6.489280966336141887e+01
4.719957449603717947e+01
9.426238052554363378e+01
1.770768823105836134e+02
2.189816952935808558e+01
1.552537963590760910e+02
2.231229760860499880e+02
-1.060518720686293506e+02
-1.159632649604279919e+02
-2.782177739142927919e+01
-1.745151614972023424e+02
-1.390002231812979403e+02
6.207737874528317690e+01
-1.049664541327937144e+02
4.254820820690629546e+01
-4.731841194356572089e+01
6.136818679217041961e+01
2.467756327879108937e+02
1.846133885890118904e+02
-2.789007223349090623e+02
1.510891830418002257e+02
9.541773173788493523e+01
-3.838012992662637402e+00
-5.227082521216677691e+01
1.428641453817436116e+02
-3.074553218450769805e+02
-2.043527132959940218e+01
7.231562258056759163e+01
2.426846348266893472e+02
-1.864370926399706150e+02
-4.945540567307797630e+01
-8.014194866130718253e+01
3.557677465841024400e+02
-5.982347500774686466e+01
-2.958371537432479315e+01
-1.353020617771101968e+02
1.374434732429768680e+01
-2.773591385625036878e+02
3.769390459648693650e+02
-8.687469089414634027e+00
-1.949012785197832329e+02
-1.188709732879354988e+02
3.350763939654901833e+02
-7.767896723055898178e-01
2.571901625208184896e+02
-3.063112876708574390e+02
-7.758305870846039909e+01
8.480701705251568967e+01
8.608362143641410569e+01
-9.516876791612008901e+01
3.086225738331698949e+02
-3.201181259613468910e+02
5.008014439585974742e+01
3.062576243336507105e+02
1.221153612668904032e+02
-2.512584880714981637e+02
-1.205873264154745357e+02
-2.537420226889509252e+02
1.839217033337351950e+02
-1.264581873171704842e+02
-1.092933258049745859e+02
1.528754734120184082e+02
4.108856587661497883e+01
-3.423815903755537704e+01
4.469244755530133943e+02
5.712825873807850030e+01
-2.264265797571669623e+02
-6.896342988761504955e+01
4.442872012608287946e+01
-1.202247954143582831e+01
-1.527280008337471600e+02
1.140800707708454098e+01
1.987010348205942023e+02
2.409840111105862093e+01
5.072942913688262223e+01
2.416136429360373938e+02
-1.471898197516608775e+02
-6.289216456719307757e+01
-1.414233491558919127e+02
-1.533991093091844675e+02
-8.643905512341649455e+01
-3.266717471277349460e+01
-4.155140345840894156e+01
4.257858906909304437e+02
-3.097130656675598459e+01
6.425476974887075698e+01
1.316910537826373684e+02
5.659762218080001617e+01
-1.258909729885862419e+02
-1.389902847236769219e+02
-4.964422721576546564e+02
1.965886611946696974e+02
7.118355431871883354e+00
4.633269643360478085e+01
3.766676583681630746e+02
2.445787532980511401e+02
-2.307348517970917214e+02
4.739538068453974233e+02
1.449413580106185861e+02
-2.930051503383386375e+02
-5.748991156461029277e+02
-2.182536046086561896e+02
-3.380949150317930929e+01
-2.096449870193320919e+01
-1.471183434514090607e+02
3.513435713727021152e+02
-3.107122874001198909e+00
1.166626593759649495e+02
5.715284989088100929e+02
2.523505429528204616e+02
-4.551499167414052636e+02
-2.951424941734006779e+02
1.467705463526670684e+01
1.109051467851015218e+02
-2.219485466398876099e+02
-1.582226299603292148e+02
1.273475133712317984e+02
-9.571531857081866690e+01
2.326046053854779814e+02
4.256124629665599173e+02
-1.214044781243226225e+02
-3.112132457158185161e+02
8.387093194733063228e+01
-4.800795708871277157e-01
3.017807373247190981e+02
-1.880682492198868943e+02
-2.507494098928816584e+02
6.862968551196827605e+01
1.842866562618473552e+02
-2.227079745324211899e+02
1.652055499335880029e+02
-3.134301205308602789e+02
-7.676402858869145973e+01
-8.084898752251825726e+01
3.001475655930543667e+02
1.847991481502239992e+02
1.433195433239168892e+02
-2.805384339934378204e+02
5.964926863204004803e+02
-1.946001249074131678e+01
-2.174050154638707966e+02
-2.335420348710964618e+02
1.283108074250930599e+02
-5.528901099723071866e+02
-7.534900171051413054e+01
1.493522572919584235e+01
3.994687675341791646e+02
-3.231662697727031173e+02
3.743952962127386854e+02
3.365776817030219945e+02
4.244656382681075257e+01
-2.917649828976536241e+02
4.761750010397373671e+02
-3.187434949393377224e+02
-2.303352279264635740e+02
-3.527162267315130748e+02
1.570067273955111204e+02
1.539961912385442666e+00
2.683429195330687733e+01
-1.849907756865998181e+02
3.499294830408996972e+02
-2.076586290051281765e+02
3.264541033689763481e+02
3.439587348240042957e+02
-9.091325923263133291e+01
-2.791317868240762436e+02
1.524966019698154014e+02
-8.179794938071754018e+01
2.651929509902874429e+02
-2.829629691438163377e+02
-6.180517663042717231e+02
-9.212685817441376912e+01
2.424935393828877181e+02
4.173940350452370751e+01
9.985337103116231106e+01
1.190629331606517098e+02
1.222847908773536147e+02
2.445477818090026290e+02
4.600953838790462669e+02
4.048534035226502397e+02
-7.920755600559266441e+02
-6.154682844722420896e+02
9.302694519482952273e+01
1.197761774427228687e+01
-5.001092854626346025e+02
2.363300922047673680e+01
-4.042716493512983789e+01
4.932660610795118714e+02
3.070678648766249239e+02
8.354656102729829854e+02
1.413414842977269075e+02
-6.002792511095512964e+02
-4.383564953854977375e+02
6.534542077684761807e+02
-8.454065380232062807e+02
-4.389250808961581356e+02
-1.702176956766367084e+02
2.834322555590472348e+01
9.632628448719741243e+01
9.059244740256048090e+02
-5.398774740269045935e+01
4.212583905726318676e+02
-2.769140995682129756e+02
1.637982740274645721e+02
-3.689689855637607252e+01
-1.121344592107664937e+02
-7.232759444205614727e+02
1.980669945427392520e+02
-2.398805093165936739e+02
4.223234234245978200e+02
-1.835554994618523779e+02
1.546303647150047027e+02
1.094851035776037236e+02
1.624751033345603446e+02
-5.400994292234894374e+02
3.408943744549301869e+02
3.217921591377672996e+01
2.171046214346024499e+02
-1.432193094278790113e+02
4.853792720563180296e+02
7.454461020858902032e+01
-4.422363600534123407e+02
4.360201380815247063e+01
5.275622833330288586e+02
-1.435699541317812418e+03
-7.431548782736904286e+02
7.006287138413001685e+02
1.141416046765180710e+02
2.451607981031376369e+02
6.762446333591761913e+02
1.928533690680117729e+02
5.024484036250191252e+02
5.254670913781196759e+02
3.337286982300582139e+01
-1.575087933974256202e+02
-2.028492837920915235e+03
-9.826152875726817228e+02
6.604190637219294331e+02
1.224497632352231307e+02
-5.903473053089893483e+02
7.339422508192573105e+02
1.631871920279506583e+02
1.653187228984706735e+03
1.197472607524304522e+03
2.272254538025292732e+02
-1.291114756323537449e+03
-7.195235171303652351e+02
-1.079966970598656189e+03
6.619452020610474392e+02
-5.899270979685860539e+02
-8.129869513495519868e+02
-1.481502933376846613e+03
2.272232713947712000e+03
1.980461673996603167e+03
6.036461763044142117e+02
-4.562582285880078530e+02
1.281931468328295296e+03
-1.449021687725952688e+03
1.379365789806864314e+03
5.869317649170188815e+02
-9.469319950333574525e+02
-2.704384256942288175e+03
-3.495154335412181723e+01
8.056641630603571684e+02
2.309882528608588473e+03
-3.667697158159277478e+03
2.060075870764330830e+01
1.715923955630482851e+03
-9.215997683893776866e+02
2.502476819571988074e+02
4.522218585875583813e+03
-4.545453118413391167e+03
-1.043118665892695162e+03
2.805796888539031443e+03
5.948270787225415006e+02
-2.516800744328488236e+03
-9.696429794189647282e+02
-2.348281751274385897e+03
3.481905031256563689e+03
1.487673762471806640e+02
3.563369864563100236e+03
6.643296469135589177e+03
2.970402383888588702e+03
4.714971843048824667e+03
1.523546036793523854e+04
5.078612928541521796e+03
3.239760075799272272e+03
6.841677968473378314e+03
3.675202530949036372e+03
3.228209247240970399e+02
3.333095326026502335e+03
-2.716635468206525275e+03
-1.395824999425562737e+03
-3.031569225244377321e+03
-3.996518573300704702e+02
2.532300230817284501e+03
-1.136811601095230117e+03
-4.614832022661254996e+03
4.563489703732292583e+03
7.694755201181991424e+02
-4.305369583303822196e+02
2.710947011179981473e+03
5.229897006060227795e+02
-2.968336047079414584e+03
2.730042763284635384e+03
9.421528303681354828e+02
-1.089001091827223320e+02
-2.403967699176087990e+03
-1.696080516734916500e+03
-1.170165968344482792e+02
6.756122503298456650e+02
-1.831688643046686821e+03
6.672566729684268694e+02
-7.193729490704660066e+02
2.566788067867624932e+02
2.252777646015343180e+03
2.378937380637425122e+03
-7.725497509242942442e+02
-2.517275228861157927e+02
-2.296215886865369669e+02
5.357143031889505664e+02
-7.461149638043859795e+02
-6.491315998774562104e+02
-1.419229395982890082e+03
-4.555396504709121928e+02
1.075013024718449742e+03
1.461513517922482151e+03
1.130152587978526810e+02
9.686790210990966443e+02
-2.360972031497717012e+02
-1.397369533114730871e+02
9.377081552182402220e+02
-6.677821404301080292e+02
-1.945460104725327710e+03
-4.111670494854427034e+02
-4.307221412452536242e+02
1.699803540333562353e+02
5.808458971682612173e+02
-2.200168866424301228e+01
6.304930726887215542e+02
3.867479021611953272e+02
5.558178936258575220e+01
1.203679299804912034e+03
1.123120664677832963e+02
-1.094123648367776013e+03
7.381332787436735998e+02
4.427763632760085670e+02
-3.368118600085750245e+02
3.944734492791695288e+02
4.103559194841898261e+02
-8.283660416286369355e+02
-6.031959921916245548e+02
-4.079589443061516931e+02
-4.458746525141610846e+02
-1.135800941429177783e+03
-4.809278721926422122e+02
-3.260040686837957651e+02
-7.163322340912466224e+00
4.962818353383999579e+02
9.912832401280130625e+02
4.234437755463212625e+02
5.570746530955859726e+02
-2.689080589217546446e+00
6.351414647013909871e+02
4.521707579941829636e+02
-1.910337346619232903e+02
-1.641942728000882425e+02
1.089204036019336428e+02
-4.071641511060061021e+02
9.868547334064915049e+02
2.305406916275366029e+02
-7.727070019793180791e+02
-1.814180347695163675e+02
-3.105993169537296126e+02
-9.315448399321595616e+02
3.157143403945284490e+02
-6.887131311156044831e+02
-1.155743839240947636e+03
-2.613135696294551735e+01
7.065517879872494404e+02
4.199798667775110061e+02
4.587804797322373247e+02
2.201842781474822885e+01
2.822968862130134085e+02
1.187675948687275138e+02
3.795159015256055000e+02
2.566159261794945792e+02
-3.810736848616359680e+02
-4.260903332244852209e+02
6.625507220431331916e+02
7.426465506933039933e+02
1.845385619317042654e+02
-1.471912084678738779e+02
1.475809453024451443e+02
-2.249910026140719879e+02
-4.506677462159388483e+02
3.633079897974340611e+00
-6.899233410857769968e+02
-1.487580378867378840e+03
-9.012336013124021861e+01
2.294015286533820870e+02
-2.189356859457660960e+02
3.977920551551974313e+02
2.073458683850532793e+02
-5.912700405142938820e+00
7.738548565904014822e+02
3.685198031539973158e+02
1.559665936579590948e+02
2.713081803539764110e+02
-2.342248580795574640e+02
3.019730370175875578e+02
4.672725833982856898e+02
-3.671300713476292685e+02
3.663388775640004269e+01
9.550463670941306304e+01
-3.826358288191880206e+02
4.774975561920125244e+01
-1.000672854151451787e+02
-5.464049291993175075e+02
-1.271670980101372095e+02
-4.275879184411210332e+01
-9.651251748048957779e+01
1.078959838333281169e+02
2.289085425301822951e+01
1.095703074545204458e+01
9.045106790014237674e+01
6.122920462009846077e+00
-2.121150761234887128e+01
-5.684136354144237657e+01
-1.485309336942840446e+02
-1.582895537997551685e+02
-9.770186946776900072e+01
-9.671876098002390165e+01
-8.162688425220224531e+01
5.142238342743048918e+00
-6.076376684429174446e+00
-2.718426712384361110e+01
7.078834473060661026e+01
3.950774389521853891e+01
-3.287548815740159824e+01
2.369531923791875627e+01
-1.604115956687697775e+01
-6.045918298748490116e+01
-1.499618923385178704e+01
-8.127224001944231446e+00
-9.358311995131131766e+00
0.000000000000000000e+00
