-3.272868083241266213e+00
-1.603801920660895064e+01
-2.821882977486263755e+01
-3.560848699550845708e+01
-2.726203288482672349e+01
-5.392766991338021398e+00
2.001708772078662690e+01
1.749329142283552585e+01
2.652597708985378588e+01
2.557547598354155127e+01
2.206678361594590143e+01
2.280423691073053760e+00
1.088878367802088221e+01
-2.925135221775791905e+01
-1.968570930887054615e+01
-2.724224220151490528e+01
-4.404792891307554470e+01
-8.028111155053491643e+01
-8.304353226582009029e+00
-3.869213269439357816e+01
-2.889837465543307360e+01
-2.118795091751238147e+00
5.537724613057321221e+01
4.207704103881667379e+01
4.912238538333896543e+01
4.609875266711888031e+01
2.217116740216603432e+01
-9.248614509517648230e+01
-8.976520374383801482e+01
-5.644478015402004445e+01
-6.381182361131752145e+01
-3.696363096788125091e+01
-7.362150990887954549e-01
1.097486734270149000e+01
7.761620648888339247e+01
6.479476866209142827e+01
1.536137787007788802e+02
1.094292946342106632e+02
1.269718120936551031e+01
-9.384797821408326968e+01
1.145760935916306948e+02
-1.949035661387542007e+01
-8.585879922299251632e+01
-4.407433587257252583e+01
2.200125662324056748e+02
8.678398577402595038e+01
1.054516618586243197e+02
1.381608516453093216e+02
1.569716606163295012e+02
-1.390679090579356227e+02
2.393958063022311933e+01
1.816236670609649764e+02
-1.519350861607574998e+01
-3.986392983388263929e+02
-6.622307571820448402e+01
3.980943806663560736e+00
-7.182926411358005225e+01
1.529257753648690255e+01
3.045181423903960081e+02
3.292370075137802132e+01
2.391743160470241492e+00
2.414223416461128977e+02
2.871877109880135777e+02
-1.435937709418189172e+02
-2.282103481016984006e+02
4.027833370426196780e+01
4.483346691285744612e+01
-2.226357159645741035e+02
-1.067179400418119712e+02
5.909972687075457998e+01
-6.420955491463394083e+01
7.051839562766386393e+01
2.973258561344988493e+02
1.917001776464893794e+02
-2.088804187721713106e+02
-6.634998189781569522e+01
3.256207783549321562e+02
2.252479564362169810e+02
-2.962833487387285345e+02
1.269801963554136250e+02
1.105847517364123860e+02
-1.788963553281925556e+02
-8.590249809559298910e+01
1.665856618838142253e+02
-3.439971635868696467e+02
-2.313975390423258318e+02
-3.053437800126755519e+01
4.392865100540657295e+02
6.041566796023317920e+01
-5.854509379072709407e+01
2.953789912393654049e+02
4.887799564108585741e+02
-2.728153092372702417e+02
1.889269707686621302e+02
-8.009674148562483253e+01
-5.352159029909793162e+02
-3.712175961159210260e+02
3.088186129412932814e+02
-1.745743795902153011e+02
-7.497746295780731884e+01
5.717605436137193919e+01
5.332707144330811388e+02
1.950932341533820420e+02
3.340507335253257679e+02
1.526173242244901758e+02
-1.042691515198467300e+02
-4.513021610598372604e+02
1.031255901646256348e+02
-1.842166741786620605e+02
-2.124197411429254032e+02
-3.253309583570749624e+02
1.140440153385381308e+02
2.011770750803881356e+02
2.332895260907554018e+02
1.831230691066699876e+02
3.676681799975121407e+02
-3.263157903752811535e+02
1.063788271619276600e+02
3.158982360023683214e+02
-2.977624252822370181e+02
-2.817603532679040086e+02
6.194536434096528410e+01
-3.797587227833469115e+02
2.463281678341563179e+02
3.223693535083730808e+02
-1.488889880211923469e+02
1.890573648552319526e+02
1.063459431980207341e+02
-4.701355138301696002e+01
4.889864203868518189e+02
-1.335464609999547747e+01
-4.393041916137495946e+02
6.566371659546800288e+01
-2.350439964496274285e+02
-6.954998268522514593e+01
1.829340141258360859e+02
-1.990575127655293386e+02
-1.647018739353344756e+02
2.923737527850320816e+02
1.464649757455374868e+01
5.400551864192831317e+02
2.005589428422209437e+02
-3.207161530870577621e+02
-1.442730372375757142e+01
3.852740644057960253e+02
-3.369128632135648331e+02
8.361517518545835514e+01
-9.881514887839375660e+01
-3.384588368623448673e+02
-1.074841565465868314e+02
6.302007431779071567e+02
4.409202100898065169e+01
5.341122183331776796e+00
-1.840090640103487942e+02
2.270168538466558061e+02
7.584007072587469622e+01
1.459765482865105923e+02
-1.853225545161619436e+02
1.070175484385092091e+01
-4.492107156768618097e+02
2.706996824324347699e+02
3.485403560713319848e+02
-3.934607335000467998e+01
-4.514798266468862380e+02
1.896877693858123166e+02
-1.438126071922100095e+02
1.969417880484726879e+02
1.223499608159520449e+02
4.866869825397275662e+01
-1.980062662931512705e+02
3.980903347259215366e+02
3.620150911774117048e+02
3.388113713712420463e+02
-2.040401844374523250e+02
-7.281658807780004850e+01
-3.289321811865189602e+02
-1.864108266409180032e+02
-1.039720826544059662e+02
-1.735887595455882320e+02
-4.749759219824113643e+02
2.217146099707597386e+02
3.412533208405928917e+02
3.375943777012655573e+02
3.631133644326482113e+02
2.619216100914920844e+02
-1.054635558424650412e+02
-7.052284501486522572e+01
-7.194954252775826831e+01
-1.348982828429847132e+02
-4.034863343907742319e+02
-2.198921121182061142e+02
2.064547842154235866e+02
1.048051958020966623e+02
1.982578337367928611e+02
4.593116461906101904e+02
1.774192231815322600e+02
-1.949518639575939574e+02
2.047708413530202165e+01
-1.306571274418982398e+02
-2.848969233987513689e+02
-2.702712198133820038e+02
6.683206619643509327e+01
-1.122325473574140915e+02
1.132032407509263692e+02
3.889346543209149445e+02
3.927495393237338135e+02
-3.053289562283470104e+01
1.080097447426952613e+02
-2.591050374557320879e+02
-1.334090622788108078e+02
-1.193264043565991415e+02
-1.068834649066670295e+02
-2.009780553042385520e+02
9.397271251389676650e+01
5.630815423826284416e+01
5.567808761148208987e+02
2.347636014990559659e+02
8.120281769056634857e+01
-9.509224960680734284e+01
-1.854887508637170299e+02
-2.092217157670122276e+02
8.232722522911353735e+01
-4.747793664276174468e+02
-1.718902803711969511e+02
4.428024767447709564e+00
9.678783558803579012e+01
3.569184510712142924e+02
4.445280340096841201e+02
-9.818413008614143678e+01
9.694600858894145290e+01
9.642936144961039702e+01
1.641399007410568913e+02
-5.750179659731167447e+01
-1.922329236007767292e+02
-9.069777627612654669e+01
-1.475483487844456363e+02
-1.659540942138087871e+02
3.353236991359307808e+02
-1.474020013288107407e+02
-4.096198338026943020e+02
1.688241918789756824e+02
6.143371671565648739e+01
-4.457646512429080587e+01
2.699631348791205596e+02
1.366706703971777870e+02
4.475263960805325070e+01
8.606444912874040654e+01
1.183811859474339769e+02
3.186581864781623494e+02
-2.957696675431175777e+02
-3.435404557807924562e+02
1.013317717900035859e+02
-2.318711165959857965e+02
-2.610808673194058542e+02
4.431522351204797587e+02
1.565300147402524544e+00
-8.554866648583772815e+01
2.622739575051377301e+02
3.424646930393321895e+02
1.382984148055475657e+02
4.731712077932112237e+01
-1.903400071701212539e+02
-9.009683016101952546e+01
-2.703619130060138218e+02
-7.567100602395990450e+01
8.336636870575375724e-02
-1.656906503002813054e+02
-2.937781945052784067e+02
3.921884540721767110e+01
2.691898689861637877e+02
3.198204795345173466e+02
4.869167654866759420e+01
1.365033745032911554e+02
1.831377054193288814e+02
1.753209109090624906e+02
2.337240779534498074e+02
2.777425638224001148e+01
-2.176096830897777750e+02
-3.372678360730247960e+02
-3.280949015409611320e+02
7.533195173094283348e+01
6.984426836755781665e+01
-4.515410433047616721e+02
1.084086492289039825e+02
3.464268813326232248e+02
1.576664774078083155e+02
3.163861689444922263e+02
3.315435130960635206e+02
-2.670597256386486151e+02
-1.503207057903255190e+02
-2.300755086048323790e+02
5.130734833386745208e+01
-2.668788142174610130e+02
-3.456962339746211228e+02
6.070409688995539454e+00
4.041480805234249374e+02
-9.812819808996835036e+00
5.518783647309751359e+02
2.369824717043327951e+02
3.556875472605690902e+01
-1.424279095307601608e+02
5.780601082415438441e+01
-2.089077025149546785e+02
-3.683753100478458009e+01
-4.796936413151948386e+02
8.565953521906516244e+01
-5.355491761690252162e+01
1.198716454211088944e+02
1.385925606675390043e+02
3.636439867789441678e+02
-2.037689043984620412e+02
1.477592346730369854e+01
-2.199810915713719055e+02
2.420620839028766795e+02
-1.562249368964413065e+02
-1.452761646614114852e+02
-1.240187980135135319e+02
2.019618528949262952e+02
-1.251771142760261313e+02
4.548778223603374045e+02
1.333809628947080910e+02
-8.864000990386752221e+01
-2.917883526850573048e+02
2.916439386373024263e+02
1.321762373448554513e+02
4.731588153726060675e+00
-2.394269860929540812e+02
2.443693448513866429e+01
-2.316606440450535729e+02
1.747880880971052306e+02
1.481102303618805820e+02
-1.471474140292826860e+02
-4.245369001375884750e+02
-2.264974959710900748e+01
2.205169263666963388e+02
2.948878255703772879e+02
-1.824807541329749938e+01
9.689134492294127199e+01
-2.069373151918679810e+01
3.817266004631903797e+01
4.259735034837922285e+02
-3.161527112562851016e+01
-5.448828708825659533e+02
-1.341775527847175056e+02
-6.293056663847653454e+01
-6.265811459446254617e+01
3.361786885595029730e+02
-6.881461564217460136e+01
-7.052800123303705959e+01
1.729567365398991114e+02
3.166367654975650794e+02
2.388551769819515016e+02
-6.852332615432666785e+01
-4.108845557011941310e+02
8.327838435875344203e+01
-2.488772858712418952e+02
-4.528932198193933800e+01
1.298670372416990801e+02
-2.084014801787752731e+02
-2.726127571404721266e+02
3.862841788065603055e+02
2.227809074564271441e+01
1.746826859450931124e+02
7.488817573998269950e+01
7.922800262002067484e+01
-8.147319030931043926e+00
1.692755471295065490e+02
7.971981358743282442e+01
8.162849592220098316e+01
-3.055247349852174352e+02
1.853829744582816730e+01
-2.755497206178189344e+02
-2.085152009649616502e+02
1.156148900937845525e+02
-1.696427528292701936e+00
-1.399882473388921653e+02
3.317956728738446941e+02
9.938395121649087116e+01
2.939326824933381204e+02
2.588860341394952229e+02
-5.714819117152002548e+01
-1.141291643029632041e+02
-4.319904718430929051e+02
-2.977233856722996279e+02
2.069396093206607361e+02
-3.597236903857967150e+02
-2.068795294242944180e+02
4.742101416200879385e+02
-7.413541346926231768e+01
4.502576577339635833e+02
7.283542780466013937e+02
-1.628876352685016968e+02
-2.517195161818721374e+02
8.762917576633635974e+01
-3.826632317502487126e+02
4.559416148269222191e+01
-2.810253061467682301e+02
-2.911837682443374433e+02
-8.001913683058702986e+01
1.965557909115271400e+02
3.196353586373518283e+02
4.984949674677634448e+02
-3.819483450845983157e+02
9.282772233242778270e+01
-2.983016971462421907e+01
-7.039066492775192785e+01
-1.430762196647482654e+01
8.517914479709202169e+01
-5.688328722918301992e+02
1.208061050713838540e+02
2.568333064218766140e+02
4.032721625327100696e+02
-2.128018754566960524e+02
1.371161359872535854e+02
-5.967504375505910730e+01
-1.043527881485549216e+02
2.835778558102502700e+01
4.922887741755828301e+02
-5.783177630963150477e+02
-9.833716492739294779e+01
1.924296620657717085e+02
9.098585245201573457e+01
-9.425807485636207161e+01
1.660381320811327726e+02
-3.598120434884519341e+02
-3.424327211312564856e+01
-1.023588228020971371e+02
3.324178035554695612e+02
1.025330248345512842e+02
-1.723654327706325375e+02
9.883998164432540534e+00
3.159290951852686931e+02
-1.941698977935789401e+02
1.957564242938454413e+02
1.247895254306911283e+01
-4.132746070197871404e+02
-1.249488319941742134e+02
2.827898920717785813e+02
4.078109913269619824e+01
5.959939048025096042e+01
2.007173972357152252e+02
-2.751234694059192520e+00
-1.591466628901619060e+02
1.939263637851551323e+02
1.398704797574987424e+02
-5.146968472482109291e+02
-1.378224252679045208e+02
-2.923757824873029421e+01
-1.663081020665883898e+02
1.676438396647324680e+02
3.488218864635173873e+02
-1.441828567200039117e+02
1.041033746183781261e+02
-4.477515269729610736e+01
2.617522416097432938e+02
6.928020538379412585e+01
-1.842121957139166568e+02
-1.273304748843503091e+02
6.210074322408669190e+01
-2.993593822710668064e+02
4.775427001031544023e+02
4.178013284726493737e+01
-3.293779247683067979e+02
-9.859966557274708521e+01
7.307789426021474810e+01
-1.950926512533381754e+02
3.784621457076606248e+02
-1.953357971739720256e+01
-1.353492130236412549e+02
-8.537294664437649061e+00
4.951987115347174040e+02
1.627702560795557929e+02
-1.679798112652678128e+02
-2.145679372052094891e+02
-2.854510986869831299e+02
-6.368911799708560011e+02
2.574925333689558329e+02
2.193427703952451111e+02
-3.338282240147814832e+02
1.589610283775513722e+02
5.328111349021379510e+02
4.659992902390893050e+02
4.766330495650985313e+02
-5.272513586020173904e+01
-2.972306312872460126e+02
-4.439632488632565810e+02
-6.929878416448202643e+02
1.542048579469095557e+02
-2.106960842712307169e+02
-5.976340860400484871e+02
3.018054523050042235e+02
6.533934906507143978e+02
2.405247957968508672e+02
8.845948645495204801e+02
2.781798867875124870e+01
-2.978578726157075494e+02
-2.271700204797860465e+02
-1.606504288488810062e+02
-4.856306218279846689e+02
-1.276021053836309989e+02
-4.733652811198608674e+02
6.250441508253516076e+01
6.512727494821166374e+01
7.987921142401412453e+02
2.353499880111368157e+02
4.666398842118459811e+01
7.981198782784832702e+01
1.746370388106897451e+02
-6.085012144160825756e+02
3.455047513366590124e+02
-2.067096903171698443e+02
-2.990247028030075853e+02
-2.991465575901614216e+02
1.650187493941349146e+02
1.043782315216789129e+02
2.318651676700216058e+02
-4.084976310974203670e+02
4.438111147866798092e+02
-3.211388440656321563e+02
-1.458193443310058512e+02
7.685419276893169354e+02
3.395346454258665290e+02
-6.278340639176689137e+02
3.401802371590068219e+02
-1.645048747587591151e+02
-1.033992752384333471e+02
9.370323404074119367e+01
-3.718243317156217813e+02
-6.434574365204696278e+02
-1.067319863569869653e+02
2.762717863344406624e+02
6.287514480860949106e+02
2.889993170888474765e+02
1.409588864299997226e+02
3.523306642070735961e+00
-5.776340693544987914e+01
6.412830523665704732e+02
-2.774455293580187458e+02
-1.024838243613971372e+03
-4.354055891856178278e+02
-5.377698059514277418e+01
-7.444177458731735442e+01
6.910104169656490285e+02
-2.946314859510628636e+01
2.044408879802717820e+02
-9.608007762769531723e+01
5.321180537452935368e+02
7.647974623400822338e+02
-3.442731478394583178e+02
-1.268001863311970055e+03
6.896150567431576519e+02
-4.560153547427912599e+02
-1.983511428663563834e+02
4.667278113743115000e+02
-1.419698003373949575e+02
-8.969120329173968003e+02
7.717883568175833489e+02
5.307831642644735837e+01
3.456397922569723278e+02
-2.186452483554363084e+02
2.857879476582547795e+02
8.692878313494261988e+01
4.419629084690778882e+02
2.929348922517969811e+01
2.069436608561220510e+02
-8.762226722695903618e+02
2.172129283155692292e+01
-8.386181568516306015e+02
-5.768371111930098323e+02
1.421173748242290458e+02
3.671843661277074489e+02
-5.758092277934030001e+00
9.438893116682363598e+02
4.946506625629012888e+02
1.057738125952724658e+03
2.159421205770125027e+02
-1.908753225397709343e+02
-1.942063001682352592e+02
-1.966553045853244612e+03
-1.523195076139675166e+03
1.125605284097856156e+03
-5.544960432155522767e+02
-9.562007545285281367e+02
1.540870056074643799e+03
6.485314596982083231e+02
1.196123223926819719e+03
1.899837956403250018e+03
1.213709150890191779e+02
-1.586615919074816247e+03
-9.684676892037117568e+02
-8.562252848440696198e+02
5.120958991982108728e+02
-1.255065054895238063e+03
-1.031794267431943126e+03
-4.244313910323274399e+02
1.949036514269696909e+03
1.965639031701763315e+03
1.507800235791904925e+03
-8.116715947072175368e+02
4.972338065927043544e+02
-8.869945391765877503e+02
1.467348900986525905e+03
5.909267219195412224e+01
-1.159978958981991809e+03
-2.486901497295210447e+03
1.052278900156514112e+02
8.855086384509534128e+02
2.922868778986935467e+03
-3.793372460928379951e+03
-6.420938953409857959e+02
1.796371045323134922e+03
-8.101884449648256350e+02
-1.101823980099997158e+02
4.918102063495497532e+03
-4.946738660671777325e+03
-1.188436206321972350e+03
3.491659197091692022e+03
1.205442144364587648e+03
-2.762721173075745355e+03
-1.160603855414899499e+03
-2.798768520323625580e+03
3.637517208791743997e+03
-4.630859527958483568e+02
3.727747002232394607e+03
6.956742289985859315e+03
2.348326314920385812e+03
4.586815820646324937e+03
1.702659057414533163e+04
4.879334421878690591e+03
2.797154058512289794e+03
7.106815428869304924e+03
3.586698001688633667e+03
-6.247459868207323552e+02
3.547431470176112271e+03
-2.707823020521352646e+03
-1.744964186540255469e+03
-3.576666534186761965e+03
6.134154654713343007e+02
3.062839188833232583e+03
-1.176274954934865264e+03
-4.462580386642675876e+03
4.800585681912896689e+03
1.000237491797532812e+02
-3.562993387640560172e+02
2.504536477355047282e+03
2.596953733554092310e+02
-3.230919626509197769e+03
2.733443085990911186e+03
1.118534754855872052e+03
2.198025487129315536e+02
-2.194788631714995972e+03
-1.263950234418310629e+03
-5.616321396363425720e+02
6.043466530796399638e+02
-1.324168653101082555e+03
2.362271987159965647e+01
-9.109895846137029594e+02
9.302027975879124142e+02
1.475394365090161045e+03
1.844134527749941981e+03
3.234250542166885225e+02
-2.193694153547664314e+02
-7.604937100937472678e+02
6.580070435502377677e+02
-3.056258989228127803e+02
-9.270028035922586014e+02
-1.345174662652176039e+03
3.321137071934248297e+01
1.056936018519098980e+03
3.698897486507763688e+02
5.139589025498000865e+02
1.428510430589299176e+03
-5.838109708719449600e+02
-6.513630600200539220e+02
1.267345366248710889e+03
-8.029756888674527318e+02
-1.645063212303580940e+03
-8.125742808025668751e+01
7.153008379018163509e+01
-5.803366074753105295e+02
4.774372801720209054e+02
3.460002164137808904e+02
5.768084799475740283e+02
-1.342528566598235784e+02
3.654063733944265664e+02
3.916299118311926577e+02
4.042757489888213627e+02
-1.916739181467473827e+02
6.105548740044306442e+02
-2.952278729641715671e+01
3.765105675973963457e+02
9.757952414648300987e+00
2.226107658600375316e+02
-6.331027465438953641e+02
-5.445198937372035743e+02
-1.129136450785027591e+03
-4.717735395581420903e+02
-4.722184651391981447e+02
-1.422986507365849604e+02
-1.006954939410431052e+03
3.807952745145637437e+02
8.672214417056001139e+02
2.915222748374708317e+02
1.962597214705137390e+02
1.194293592295168310e+03
-3.334333570946907912e+02
2.829163159380357229e+01
9.799240356413941981e+02
4.362046922551631951e+02
-5.095152713362220993e+02
1.804588073432678641e+02
2.470569219034013599e+02
2.741261054734692379e+02
-2.915228326367984550e+02
-4.695683797689385983e+02
-4.607906337021389618e+02
-6.225052292703552439e+02
-3.785284294606698268e+02
5.743048782335688429e+01
-3.560573615801048959e+02
-4.103496773413315282e+02
1.686414022032190587e+02
3.366008207626169906e+02
3.608142783839605272e+02
-2.184920597525417065e+02
-2.327946736991937655e+02
9.480236719162273573e+01
5.425402266663074897e+02
1.652827002378953125e+01
1.506012084092546957e+02
3.706417074443602360e+02
7.372207972138312471e+02
-6.701833291901957068e+01
6.900641219459855620e+02
2.613012786097308435e+02
-5.191111066500434390e+02
-6.208410819238767999e+02
3.486552727623678152e+02
-7.530867464361170960e+02
-6.156069709370431156e+02
-3.135372092870995289e+02
-2.034447357867827293e+02
-3.513382263241221608e+02
1.255284597346547741e+02
-1.632608966552800922e+01
4.548975976355251305e+01
-2.298728109009180685e+02
4.721195141118768106e+02
5.466199057429779486e+02
5.284519063793027271e-01
-9.088337216432961441e+00
7.604014070858555669e+02
1.772164070796645490e+02
1.510377650503627933e+02
2.020733449790363920e+02
2.632993376813963948e+01
-2.262436840869536354e+02
-1.053245388380327796e+02
-9.489130137846881041e+01
-2.034032388850001212e+02
-4.208689047042306584e+02
-9.310177325381995672e+01
2.510221717496659721e+01
-1.155476721037274643e+02
-1.221071551407393656e+02
2.341296176407929863e+01
4.434286222307690650e-01
6.496152749461215592e+01
-7.869663549115418277e+01
-4.082286396864366651e+01
-1.075408355877898892e+01
-3.607006740343096851e+01
-5.043763613691985626e+01
-5.026520030732299915e+01
-1.476914042159641838e+00
3.849254714432795055e+01
-6.870664763469478942e+01
-3.281472689757079308e+01
5.503414281747325276e+01
-1.291368673929106414e+01
-8.179902124560210552e+01
2.869845608119359071e-01
1.730082833409709053e+01
-1.598563942401731985e+01
-3.682872232036829274e+01
2.998411753653135037e+01
1.320810239239784067e+01
-2.424707778765969834e+01
7.086898987134730099e+00
0.000000000000000000e+00
