2.044549357556165070e+00
7.940902878080632554e+00
8.008120796128304519e+00
8.556026525607844491e+00
-7.662281992810093811e-02
-1.739380792669390274e+01
-9.967611613770605672e+00
-8.900427447620344878e+00
-1.684708792936947575e+01
2.782423734472423504e+01
4.361211722882371333e+01
3.190289258485756108e+01
6.772418188347332091e+01
3.451390313286962552e+00
-2.432639836571140535e+01
1.185874781181487592e+01
-5.135211789602608690e+01
-8.988227500325874075e+01
6.196545675591874414e+00
-1.714256750456667788e+01
5.949047860483275940e+01
5.139422290296690932e+01
1.073519948418691854e+02
8.994503471965384733e+01
2.896749609987054441e+01
5.401091655102547406e+00
5.238512691118063458e+01
-9.023399238158049229e+01
-3.811320392626593900e+01
-2.862914271301335134e+00
-2.188696343592452820e+01
-8.879961964368021654e-02
7.256700622014184887e+01
1.155656540127771166e+02
1.119929752711869071e+02
8.858957580530177722e+01
5.316972787725565297e+01
9.494432926542137352e+01
-7.119841639835001956e+00
-1.528625585105774007e+02
5.172466562067722862e+01
4.111101478936888043e+01
-7.864889104042845247e+01
-7.653566127180555156e+01
2.016344144727724483e+02
3.477109713763996979e+01
1.114453900854388451e+02
5.526493483766461168e+01
1.831507134264520857e+02
-7.499757069463956327e+01
-1.357048615087157089e+02
-2.220235513639437386e+01
4.402452644133137483e+01
-3.654051221111159862e+02
4.898470614542100066e+01
3.068578525796201575e+02
3.163486263253551556e+01
-6.261271242432104600e+01
3.494092968820050373e+02
-5.963157407492096951e+01
-5.760881173208209560e+01
4.803194814111793676e+01
1.076044390703198985e+02
-1.982053640372572829e+02
-2.262959593482242440e+02
1.227191534835685331e+02
3.573830733790683780e+02
-1.073130230115634731e+02
3.253975330341012295e+01
1.749972819924722671e+02
-1.875610789941934513e+02
-8.356579830899082140e+01
1.404058453083413269e+02
-2.393972631265005546e+01
-2.279214311997305629e+02
-2.813325937736383509e+01
5.177007058070553285e+02
3.381100478593027674e+02
-3.215762453130351446e+02
1.670211852318126660e+02
-6.803797194509968449e+00
-2.837352186827965852e+02
2.033506375857476201e+01
-3.233981511729740532e+01
-4.776220365448296548e+02
4.248151736098890296e+01
7.769590194017948193e+01
6.218899950705526862e+02
1.986099521771741649e+02
-1.914334144294276143e+02
1.693137269480983491e+02
3.093306213094192572e+02
-3.803287141746603766e+02
2.661224807339208382e+02
-2.797986266630116461e+02
-5.053482190058448964e+02
-9.674443359657615815e+01
4.315419835687621344e+02
1.218004709600877788e+01
5.716007658198128638e+01
-1.631114593374105937e+02
3.975332358143252804e+02
7.388965734761995918e+00
1.981523879286077090e+02
3.650606658074894995e+01
-1.939367716312800098e+02
-3.334031102179141044e+02
2.902025637525752586e+02
-9.042865598648866410e+00
9.140691518536138460e+01
-3.995695290812637950e+02
5.499616683090764724e+01
2.870044844597612723e+02
9.950587474772826013e+00
7.242676475365246347e+01
4.127494753154828118e+02
-5.410005482790286351e+02
1.072057413881835828e+02
4.154627342047123193e+02
-2.216651655421298699e+02
-1.098666305279273843e+02
-7.380233497009145438e+00
-4.033556790860326942e+02
2.746345684241993581e+02
1.392907817393066239e+02
-4.225543331568873384e+01
3.371122069852236223e+02
-1.278710799478245690e+02
-5.817804138421792004e+01
5.112770310024813512e+02
-4.551235061664594639e+01
-3.832073427806258223e+02
6.460668538764520008e+01
-2.795733430473192698e+02
-6.221992066678208744e+01
2.479862348378965748e+02
1.023292023973600209e+02
-1.751174889367204912e+02
2.314801287303259301e+02
2.140383721602793798e+01
3.465929043417337994e+02
1.544321807526611394e+02
-2.776740149533993645e+02
-3.754965945311612359e+02
3.476889644714445922e+02
-2.109845394853057314e+02
2.196058600867282280e+02
1.963339625369081318e+02
-2.404126123120806824e+02
-1.701736572835014272e+02
6.477369373210029835e+02
-1.271548037573494980e+02
4.069687563994898483e+01
-3.197544499003176952e+02
-1.647014117090611762e+02
1.392303434346962092e+02
3.311088244591194893e+02
-1.182018525116586147e+02
3.349732637591878301e+02
-3.142247585363173243e+02
1.977282508678565023e+02
3.207669497885260625e+02
-1.091040642030255867e+02
-5.197967838833868655e+02
-6.693760581261960851e+01
-2.772425038786187201e+02
2.798282683670137203e+02
8.167805730330113079e+01
2.116555122937510589e+02
9.163590118710828847e+01
2.858022937622056929e+02
4.313268156483263169e+02
3.001822634209443095e+02
-4.227148790254163941e+02
-5.464004430850657457e+01
-3.477577562245174931e+02
-2.979293123012515707e+02
3.797196698186081676e+01
-1.771946932729271680e+02
-2.356196539611345599e+02
3.589488272950590044e+02
2.159539348109414050e+02
3.057997524671301335e+02
1.779225069101811130e+02
-2.624143549023347077e+01
1.431848995254516126e+02
-8.910060859407766998e+01
-1.963450800111753836e+02
-1.722747789874958357e+00
-2.258198385077415935e+02
-6.704558346869146135e+01
3.320389506034093756e+02
-1.004142914870291747e+01
-5.349262366707954186e+00
9.674385819879060477e+01
2.203031503855333995e+02
-4.302586700693358779e+01
-1.581885765167294835e+02
-6.932457232787081125e+01
-9.518431372916543864e+01
-2.027680685375591452e+02
4.288729473534590397e+02
-5.642138234369947725e+01
-1.509310745352275092e+02
2.898516058889558735e+02
1.991247273691234057e+02
-1.601923096327435303e+01
1.387436953655379170e+02
-4.538503677717404798e+02
-6.702290674024888517e+01
-2.310251347145573675e+01
-6.707351867232603126e+01
1.604817227822865107e+02
-3.741999555469494965e+01
-1.352273377223746706e+02
6.737536048144729648e+02
1.682607807003660128e+02
-8.910831617381717251e+00
4.002817649133346833e+01
-3.069592298987677736e+02
-2.453100058696968802e+02
1.461240595366991002e+01
-3.468008969103682944e+02
-1.527370577888273999e+02
-1.242509971599705523e+02
2.009468085408819320e+02
4.709138602653250700e+02
2.470849641268554535e+02
2.072678450745206646e+02
1.964085804044270560e+02
-1.212840736167386879e+01
1.481512033072909844e+02
-2.579114395866505447e+02
-3.760359331983450488e+02
-9.203584970806346632e+00
-2.931691286555970350e+02
-6.017194943140975738e+01
3.032483129616197175e+02
-1.309094531680798923e+02
3.757178889091437668e+01
3.223160655827367123e+02
-4.229258736281095565e+01
-1.201100161395405053e+01
-1.324718671820075997e+02
-2.540579309518967932e+00
2.099387930325585785e+02
-1.354163408334085830e+02
-1.867378379938054422e+01
3.983263820537995343e+02
-8.200313457249539795e+01
5.928710503335992144e+00
2.598134977999516764e+02
-2.231808081901671699e+02
-4.688225025781365503e+02
1.065869703921595288e+02
2.135845512242710811e+02
-1.844410900996393536e+02
-7.412530638769540303e+01
3.876222916581789946e+02
1.945416950230406314e+02
1.766018736036944006e+02
2.498123510418192836e+02
-1.639083862788841657e+02
-3.115458141850717766e+02
-2.406669584470538723e+02
-1.174041747634047397e+02
-3.191399974483887547e+01
-4.179272921113328607e+02
-1.988703327513212571e+02
5.594285004651733288e+02
2.170732409597875971e+02
2.393684368635414330e+02
4.086439396963272657e+02
-2.234416258633109109e+01
4.343091657880856360e+01
2.914626236805552821e+02
-2.548058456172443869e+02
-1.608407367410115398e+02
-3.252594541632521441e+02
-2.354920263544223360e+02
1.414443472151837682e+02
1.088960239784910868e+02
-2.530142763175675213e+02
1.349635566659236190e+02
1.461850204046991166e+02
2.799973905707432777e+02
-4.457442443456942271e+01
4.717772482927299649e+01
-7.612792388681803857e+00
-1.010575720741005767e+02
-1.421453172140752201e+02
2.000592542025248122e+02
-3.439954526613065582e+02
-1.191305622297644078e+02
9.273201262157974156e+01
3.031557808852467133e+02
-1.701286816498802068e+01
1.668947918823413090e+01
1.494493890400761700e+02
4.070146176063181542e+02
-2.300299500336284666e+02
7.717804158480868182e+01
-6.847042627621610222e+01
-2.659954074959091486e+02
-1.238194863167863673e+02
2.808962733367504825e+02
-2.182973055105974822e+02
-1.028119678255417284e+02
-6.287087782220107002e+00
4.264367639822415867e+02
8.408645493984607810e+00
-1.267580556378641745e+02
-1.397630311845933306e+02
-4.960011918913622253e+01
-1.280249456055364590e+02
2.347150271405005810e+02
-2.009579732806983827e+02
-8.138870053328417953e+00
6.095963571569549799e+01
3.007699589178628230e+02
4.108959925909833828e+02
1.227829904239193048e+01
-4.206225941312882810e+02
2.162882396060483075e+02
-1.095235641939019047e+02
-7.020606882021763795e+01
2.879791478455018705e+00
-3.566487990597975113e+02
-8.999116856574673307e+01
4.535561733175323980e+02
1.324262980160182224e+01
1.600280929909390579e+02
-1.681587529793937392e+02
-2.720013438639559240e+02
2.632211304440515391e+02
6.468792598313839903e+01
-3.144605125914196719e+02
5.121218868762457532e+01
-9.076888265823362190e+01
2.318180641889590561e+02
4.524249407668030472e+02
-5.376825882818351943e+00
-1.556334723993361990e+02
-4.681139269568799932e+01
-2.440363074523553166e+01
4.321207813136794584e+01
-2.802842002914487693e+02
-2.352494162011858805e+02
2.691430440873573815e+01
1.212385119316103328e+02
3.974143270126916718e+02
2.009412797374652939e+02
-1.088205222479906666e+02
8.733582017438273226e+01
8.492382692127516464e+01
-5.286219677870356293e+01
-2.248739113397833194e+02
-4.741269896189861015e+02
-9.294452129603666890e+01
5.638698807854484585e+01
4.023151179399700084e+01
2.303997014433415984e+02
4.838819612680822502e+01
6.734110485026937454e+01
4.740452631102032228e+02
1.245763821094367216e+02
-7.108851129044322192e+01
-1.204307344610437838e+02
-2.054258461352305858e+02
2.253357066738482217e+01
5.964328218488830657e+00
-2.766142245890529239e+02
-9.315101379187001385e+01
-3.915062663226589734e+01
1.580474210900993910e+02
2.107455282409324866e+02
-3.492220990595041030e+01
2.364009637920338491e+01
1.408378265768646997e+02
8.132341402606009240e+01
1.721206079842566794e+02
-1.305856418304008173e+02
-3.335190281591603707e+02
-7.114375730475886428e+01
2.029246528504592106e+01
-8.524380405762724422e+01
-1.377465331903498225e+02
8.160110577821470201e+00
1.695841030572955219e+02
2.719275538798705725e+02
3.252688529116219343e+02
1.036820282091993590e+02
-1.503004096638422027e+02
8.844638939081659146e+01
-6.775941507142253784e+01
-1.506227883330729753e+02
-2.114579242249523645e+02
-3.184136192290725376e+02
-1.241180331258865266e+01
2.885540616767816005e+02
-1.789300329895017683e+01
2.450055486315237374e+02
-3.701682190102877001e+01
-2.273721513320905530e+01
2.704548172103793036e+02
-1.523266346176529282e+02
-3.781476503077815323e+02
1.973989518087672081e+02
-3.081045774036713283e+02
1.304473619477351463e+02
4.108462223408150749e+02
-7.198669840956524979e+01
-3.716777583136894947e+01
3.687855471533886771e+02
-1.186061431272359243e+02
2.894346419959222771e+01
-3.059532993822154481e+02
-9.009100907812549508e+01
-1.124640790668993873e+01
-5.933016881436710577e+01
9.052629255649216589e+01
3.074404835090996926e+02
-2.247995245115800458e+02
3.034220328052452942e+02
6.539712759939871489e+01
-1.710835668129303144e+02
-2.522503083115213087e+02
-1.110827676456738402e+02
-7.214223220759740229e+01
7.715372410194422059e+01
-1.953028287395899838e+02
4.159966938831162793e+02
3.324239460157911452e+01
1.284004853393466874e+02
4.181837829488016496e+02
-1.892952412288209985e+02
-3.951129414990038526e+02
3.258685462083092261e+02
-3.570548865892153572e+02
-7.276267432123300694e+01
1.488191072895320417e+02
-2.014610022537243594e+02
1.214206272109708493e+02
4.034649491129775924e+02
-6.650722117629265995e+01
5.556673789737789093e+01
-2.870020684286275809e+02
-9.683155102032824857e+01
1.285708660639417076e+02
-2.580212821334653768e+02
-1.178838710588321135e+02
1.444657538900407587e+02
-6.681293970627828571e+01
2.843114139227733972e+02
2.974363758784916172e+02
-4.797742767171439482e+01
-9.456158107783490152e+01
-2.866727707403047987e+01
1.780491256294045002e+02
-1.650432497612506779e+02
-2.343555269486815575e+02
7.573553651418903598e+01
-1.339314505930028645e+02
-7.359530424933950599e+00
3.431832130002255781e+02
-3.357623573061655406e+02
6.136910736463696026e+01
2.881747584726445552e+02
-1.390817411167621742e+02
1.465263368832858646e+02
2.066395197922525142e+02
-3.453320537223607971e+02
1.847239151949721361e+02
-1.684603279104868534e+01
-2.476526590660338343e+02
-2.452287186884528865e+02
-2.042433544473534539e+02
8.863362251591617280e+01
2.171044284245789981e+02
-1.495286605499982784e+02
4.090652215166362566e+02
3.742719415311053694e+02
1.552491112770641450e+02
2.003360649437995278e+02
-3.015955494827809957e+01
-4.758849402159628994e+02
-4.957615713714433241e+02
-1.543877517752575272e+02
2.642173756413434660e+01
-5.057508821730189084e+02
-1.919106226783853231e+00
6.926833717416640184e+02
2.567537049600407499e+02
5.478450337099230865e+02
3.778506684597166441e+02
-4.304250008730190871e+02
-9.650552073573607004e+01
-7.819201038763461042e+01
-6.018955297401557800e+02
-9.324639092981718136e+01
-5.087026662057425028e+02
-1.372679577684369292e+02
6.575914397698140874e+02
4.635247596640897427e+02
1.015916853771825004e+02
2.820551273518163953e+02
-1.619387910837845936e+02
2.753885403013946416e+02
-2.644520891074503197e+02
-3.593539627461251484e+02
-2.104809999285360220e+02
-1.626417093492840991e+02
-1.445265308441522620e+02
5.565196282872302618e+02
-8.255963246444622428e+00
2.663184284552195891e+01
-1.977206398714154147e+02
3.525870385556953011e+02
-5.415473508492809174e+01
-4.264630446347680959e+02
3.724363804195782279e+01
4.756511640912346479e+02
-4.288314272735200348e+02
5.464042328272101940e+02
1.645584630644960384e+02
-3.068427666983432687e+02
1.345037152678661130e+02
-6.573702083939822671e+01
-6.560659273106203955e+02
2.763417023110827841e+01
-4.364646875859978081e+02
2.370222210761578481e+02
6.110675875458072142e+02
6.867894301344685459e+01
1.400994913566163405e+02
3.802937996097066389e+02
1.642261688945728224e+02
1.761584169908209105e+02
-6.897144795011098495e+02
-6.839878214568706198e+02
-1.366991743046012004e+02
-2.995640920228021287e+02
2.752983459481413888e+02
2.830814482423325558e+02
-2.062203760790639251e+01
1.524079142849433879e+02
6.386832935126268467e+02
7.027573786803426401e+02
-8.303191291977029209e+01
-1.194467382040234043e+03
3.321262652749632025e+02
-1.110959771984099405e+02
-5.055302222222680939e+02
3.236059816425792519e+02
-1.385783869783542741e+02
-9.230330048105699916e+02
1.017712015286929727e+03
2.195255267480653174e+02
1.490383410920773599e+02
-6.413849075050177362e+01
-1.276452949734540567e+02
2.775948036674509467e+02
8.236121912066405457e+02
-5.003916961308497093e+02
1.405248487385952672e+02
-6.448370911595200141e+02
-1.433307598306619752e+02
-2.427778742822010258e+02
-5.178581644862288158e+02
-4.561748132520376089e+02
4.359744419965923043e+02
-7.786989889494634554e+01
1.128018749132988887e+03
6.283563274013845330e+02
5.699338497297335380e+02
1.714887163348254830e+02
1.091980057879874693e+02
-9.839659539251186970e+01
-1.414766401655703021e+03
-1.925778795678717188e+03
7.305093250488007470e+02
-3.803069630919451356e+02
-8.586457933736445511e+02
1.537107625321841169e+03
6.624518615483076474e+02
7.194381869314280493e+02
2.163468434168997192e+03
1.654068242539887592e+02
-1.263383077169468606e+03
-8.844764231853210958e+02
-1.326929320653840250e+03
4.906331367651295068e+02
-8.286280618193047758e+02
-1.463118474781960458e+03
-4.118821361932948832e+01
1.844796558028796426e+03
1.638315808881816110e+03
1.832692782889964064e+03
-7.254123482409917187e+02
1.906648182773524809e+02
-6.381695332647044552e+02
1.089123153033072413e+03
1.731711103365088036e+02
-1.084533730104259121e+03
-2.614453508105833407e+03
4.572529922961550710e+02
1.035322285658766987e+03
2.704948236865160652e+03
-3.526594504722392685e+03
-9.903749023882789970e+02
1.691185487294584846e+03
-6.010192624335434175e+02
-4.295830443037171449e+02
4.736791302436076876e+03
-4.994624282757869878e+03
-1.019935089041771107e+03
4.060733134975424946e+03
1.273201810754540020e+03
-2.789063282388639891e+03
-1.175702177632754228e+03
-3.261462554667383301e+03
4.063421703553527550e+03
-5.062511020355644860e+02
3.004189975143177435e+03
6.909487595933718694e+03
2.421468100498850617e+03
4.667725300533753398e+03
1.788437881507836209e+04
4.668244617982256386e+03
2.645560751351823910e+03
7.185126655623173065e+03
3.599228936484270889e+03
-4.681266714265632345e+02
3.388461148488016988e+03
-3.527957494826256607e+03
-1.530100531633225955e+03
-3.586997860375365235e+03
9.728995943119715548e+02
3.431466223432402330e+03
-1.429432825415101661e+03
-4.668126797367921426e+03
5.228329947795405133e+03
4.793479505444622646e+00
-2.274681127270565923e+02
2.074362317002908185e+03
7.670298137705071895e+01
-3.165814240881208661e+03
2.795688253299995722e+03
1.380263334911523316e+03
3.446682410102316680e+02
-2.670837543021144484e+03
-8.358509908879323120e+02
-6.225260837403127425e+02
3.175387980866701696e+02
-1.024435599028271326e+03
-1.450653883023105664e+02
-1.084524610269684445e+03
1.292592371693691121e+03
1.231530556509527969e+03
1.974770178192433377e+03
5.347288651960191146e+02
-4.712542521027414750e+02
-6.237196697495091939e+02
3.737416004977077364e+02
-5.010430583578859682e+02
-5.018416937332685848e+02
-1.415040563616314103e+03
-1.091159710522752988e+02
1.300483768587789200e+03
1.002858810437555803e+02
8.555365695093255454e+02
1.632099554812130009e+03
-8.031157445753233333e+02
-9.863092900568898358e+02
1.116885595812058682e+03
-6.538899819267414841e+02
-1.217625894512616924e+03
-4.147963446105981120e+02
1.627935787162713837e+02
-8.622897839534041395e+02
5.470659239868188024e+02
9.873120223299292775e+02
5.588108505570271518e+02
-7.930018263126753482e+02
5.289822034074392150e+02
1.238504919553134300e+02
8.216331564341719513e+02
7.670630511984556676e+01
2.396672682451262517e+02
-2.147466132061284441e+02
5.428028611519712285e+02
-2.823669673257828094e+01
7.059673259307604667e+02
-1.119922823155325659e+03
-8.306784770975408492e+02
-8.709055285960487254e+02
-4.259303765520395473e+02
-2.898693413025143855e+02
1.384396548613213156e+02
-1.455513856081802487e+03
4.574192317509508143e+02
9.910402379782526623e+02
2.582509706531993743e+02
9.067301997862111307e+01
8.732708503038237495e+02
-3.669633106574598287e+02
1.078277380087757962e+02
1.019470543097798668e+03
9.285139992995037801e+02
-5.137923153469795352e+02
5.188099586687840059e+01
6.459107405711075671e+02
-1.235840645671804197e+02
-5.147769996278503868e+02
-3.796487264902972925e+02
-8.034024218452950663e+02
-6.713030729794767240e+02
-2.658225810478770654e+02
-1.444982041898354623e+02
2.854158156841741629e+02
-1.719832869434458757e+02
3.020968043502450655e+02
2.468558948601525742e+02
-1.413165852972340986e+02
-4.457320474995723316e+02
2.291034447264300695e+02
-3.256702907860955065e+02
5.451765755059400362e+02
-1.719653627121076340e+02
3.176669777963795127e+02
7.674269936717862493e+02
1.168241271830598407e+03
-4.331796020991780551e+02
5.471159468932461323e+02
4.298271874211047816e+01
-1.978161625194304634e+02
-7.273341471608922575e+02
9.352311138230538745e+01
-8.217175917031159997e+02
-6.818823411883647623e+02
-1.421086826105760537e+01
4.526551834652256048e+02
-7.014980985507720561e+02
-2.035949118753076732e+02
-1.843192690028282357e+02
1.571178818431373259e+01
1.507378394555819341e+02
5.466537955331841658e+02
5.011094307638614964e+01
1.635549320271179567e+02
-1.920882881967987288e+00
9.996104042583252749e+02
5.369712074255833159e+02
-2.944836217901467421e+02
8.390596724170514165e+00
2.547111763517877421e+02
-3.487825072036227425e+02
-4.698168001066868271e+01
-1.726667415793525038e+02
-4.110226644316459783e+02
-1.919538872443767730e+02
1.417390047955910575e+02
3.512062281132609343e+01
-8.801744615005532069e+01
-2.762464866924398734e+02
7.293642260043516501e+01
1.297285834340668487e+02
-7.387451710782830361e+00
-1.566422047660967394e+02
-1.390553015663707583e+02
-9.390858403953684785e+01
-7.413366102943825808e+01
-9.117878666313833946e+01
-6.934582561099635711e+01
-7.370162073074706655e+01
-2.614608451446774495e+01
-8.466141479602680420e+01
-5.376488180340329848e+01
5.301710965309875689e+01
-8.813891205457228040e+00
-1.379204500699984521e+02
1.414864533920454548e+01
4.415585535619018032e+01
-1.730453719702613213e+01
-8.211129567832836429e+00
1.914460983121385595e+01
1.599558542482441226e+00
-5.794776932240274903e+01
-2.518962258032476598e+01
0.000000000000000000e+00
