5.031323440064768351e-03
3.082174339203775509e-02
8.125592068755506381e-02
1.611206073750012790e-01
2.736905327983694125e-01
4.166980626865877113e-01
5.948340745799355345e-01
8.223758689117914855e-01
1.070631569250536153e+00
1.364989752387864019e+00
1.716480448651513502e+00
2.110598130089386792e+00
2.541163659737829761e+00
3.037867416807250365e+00
3.582425076350097548e+00
4.198586889654431609e+00
4.858737761626422902e+00
5.594043515061347449e+00
6.402699427841749724e+00
7.282820397662847611e+00
8.252789140543468349e+00
9.314028109023100299e+00
1.045467761450633759e+01
1.168151472722975726e+01
1.300511839909149714e+01
1.442246199320684141e+01
1.595250374988738429e+01
1.759369934165862759e+01
1.934876139843664689e+01
2.120557379777421758e+01
2.315192021415370860e+01
2.518387080361231511e+01
2.735843093336192666e+01
2.964968787436413322e+01
3.194544809547281261e+01
3.438195697080312385e+01
3.688679946345564531e+01
3.945018246603227396e+01
4.200486231503805357e+01
4.461117620728032307e+01
4.715702555697099285e+01
4.966233404439142163e+01
5.200646721080745749e+01
5.421779906105554403e+01
5.618256042459434241e+01
5.782165646829232486e+01
5.917064319195652899e+01
6.019269628075784340e+01
6.073459873206857651e+01
6.084431425528909188e+01
6.044721472608796375e+01
5.946153360772382257e+01
5.795369421170448732e+01
5.597908246681119238e+01
5.339449437112467933e+01
5.032405061793957657e+01
4.674685387080334920e+01
4.271966669096393332e+01
3.833194038609961751e+01
3.356475620609646171e+01
2.848995429661959378e+01
2.321834029341767902e+01
1.773732765011892809e+01
1.219244973635023044e+01
6.677495539256959489e+00
1.187233297286329758e+00
-4.110928578612274009e+00
-9.074290224945190886e+00
-1.368273118005566147e+01
-1.780890665392091776e+01
-2.140498090408097909e+01
-2.438768346031818268e+01
-2.666923634546611410e+01
-2.822895428264367013e+01
-2.903869621383813993e+01
-2.906624582724602490e+01
-2.832174582032578058e+01
-2.682088614949834948e+01
-2.458680054339056653e+01
-2.166438533941043687e+01
-1.810665054376143246e+01
-1.398534952865260195e+01
-9.373499907392307762e+00
-4.340379456874458697e+00
1.029965736439518054e+00
6.653194661871486559e+00
1.241995268288358467e+01
1.826181943537489261e+01
2.408390167732536824e+01
2.978597111287241006e+01
3.529649496278327803e+01
4.052665431894945414e+01
4.539274318091409555e+01
4.981734261885227255e+01
5.373040879259303892e+01
5.707025734057879873e+01
5.978442714637272104e+01
6.183041319436122762e+01
6.317625485487434389e+01
6.380097022238821580e+01
6.369483123990001161e+01
6.285947360212466606e+01
6.130783898858568648e+01
5.906395198193622775e+01
5.616253252073215663e+01
5.264845028803708260e+01
4.857602944278792023e+01
4.400821266225055695e+01
3.901559733482884695e+01
3.367535866405202682e+01
2.807007435578975674e+01
2.228646939966372287e+01
1.641409937231855309e+01
1.054399126476294768e+01
4.767262850521484907e+00
-8.262591050379910484e-01
-6.149401646423982015e+00
-1.111896819590227636e+01
-1.565700177207990862e+01
-1.969196992096352261e+01
-2.315985321146232678e+01
-2.600512133584338414e+01
-2.818158208718924840e+01
-2.965309021805234835e+01
-3.039410586442532036e+01
-3.039009378226315405e+01
-2.963775736136786421e+01
-2.814510400025921655e+01
-2.593134057139547366e+01
-2.302660044462906797e+01
-1.947150616449503602e+01
-1.531657411326271401e+01
-1.062146999162114369e+01
-5.454126179097418259e+00
1.102658788949604229e-01
5.990373325206324040e+00
1.209993287590923572e+01
1.834903706051106909e+01
2.464547656078746485e+01
3.089611853415989629e+01
3.700830032325472985e+01
4.289121772641686192e+01
4.845728693843580714e+01
5.362345981551140994e+01
5.831247271686010691e+01
6.245401006541752054e+01
6.598576520866112105e+01
6.885438255458569756e+01
7.101626669985502360e+01
7.243824636408699291e+01
7.309808298425383555e+01
7.298481618841290697e+01
7.209894083892359617e+01
7.045241276181940293e+01
6.806848291115608163e+01
6.498136228581182650e+01
6.123572240187547777e+01
5.688603863805523986e+01
5.199578611298394293e+01
4.663649996906503503e+01
4.088671398691231218e+01
3.483079328035340438e+01
2.855767843285793361e+01
2.215955977914589425e+01
1.573050160086517479e+01
9.365036772276710053e+00
3.156752862298707996e+00
-2.803109143118014401e+00
-8.427022510831907454e+00
-1.363248830725607519e+01
-1.834327508410421004e+01
-2.249056605844903700e+01
-2.601399649730836572e+01
-2.886256563483923543e+01
-3.099540931372669661e+01
-3.238242160424962890e+01
-3.300471589865561839e+01
-3.285491837044176577e+01
-3.193728918397465577e+01
-3.026766941127375787e+01
-2.787325421854595575e+01
-2.479219548402061335e+01
-2.107303956511146126e+01
-1.677400840732670062e+01
-1.196213454248405483e+01
-6.712262724640947198e+00
-1.105932965601894580e+00
4.769838472349722025e+00
1.082386201790256663e+01
1.696214227509625871e+01
2.308928966458475429e+01
2.910995514404598694e+01
3.493026655219281906e+01
4.045924506303965984e+01
4.561018050057953133e+01
5.030194484544730926e+01
5.446022415623810531e+01
5.801865031613267121e+01
6.091981548306731042e+01
6.311615384743222990e+01
6.457067725982949469e+01
6.525755345392991558e+01
6.516251792400720433e+01
6.428311298872198165e+01
6.262875014555036302e+01
6.022059445566064539e+01
5.709127235784782073e+01
5.328440695267970284e+01
4.885398738489120518e+01
4.386358144453586760e+01
3.838540286818928848e+01
3.249924701509661418e+01
2.629131058658795084e+01
1.985291282024358495e+01
1.327913709647555507e+01
6.667413121469914827e+00
1.160607780032081315e-01
-6.277182649863938479e+00
-1.241662988055519179e+01
-1.821008370567847123e+01
-2.357022813011038664e+01
-2.841594967095447899e+01
-3.267356890534720293e+01
-3.627796365665846423e+01
-3.917356678855215080e+01
-4.131522341360177819e+01
-4.266889439081552382e+01
-4.321219525416951512e+01
-4.293476214865387419e+01
-4.183843891545927107e+01
-3.993728212582606574e+01
-3.725738357427510294e+01
-3.383651246620311781e+01
-2.972358223152293633e+01
-2.497794952497500276e+01
-1.966855549556878557e+01
-1.387292178456014824e+01
-7.676015907695791896e+00
-1.169002660050225018e+00
5.552100079346985240e+00
1.238784129717774007e+01
1.923681152780312331e+01
2.599715038023020952e+01
3.256806448184184433e+01
3.885133320285842018e+01
4.475277965468352193e+01
5.018368492027747152e+01
5.506212426935721993e+01
5.931420522442965648e+01
6.287518875959460729e+01
6.569047661232229984e+01
6.771644964436633529e+01
6.892114437312105224e+01
6.928475717704507986e+01
6.879996822327916561e+01
6.747207983476360482e+01
6.531896676858531237e+01
6.237083867615756105e+01
5.866981781758612868e+01
5.426933786553577477e+01
4.923337231681460224e+01
4.363550359266518086e+01
3.755784631290204345e+01
3.108984043841104139e+01
2.432693195776136363e+01
1.736916051669935968e+01
1.031967482780430423e+01
3.283197829468752715e+00
-3.635535629041363848e+00
-1.033334532921721305e+01
-1.671015307893057766e+01
-2.267048781168261584e+01
-2.812492580680775234e+01
-3.299144435355242422e+01
-3.719666841281716785e+01
-4.067699136908875346e+01
-4.337955278964685846e+01
-4.526305819212686998e+01
-4.629842813470061458e+01
-4.646926645169640580e+01
-4.577214012471165461e+01
-4.421666606587410087e+01
-4.182540295487158488e+01
-3.863354917223993823e+01
-3.468845076520017301e+01
-3.004892622598772078e+01
-2.478441761373361629e+01
-1.897398016832783796e+01
-1.270512500907342002e+01
-6.072531745441189344e+00
8.233501819544954969e-01
7.877790895231086665e+00
1.498333825657781304e+01
2.203142178351215108e+01
2.891397850186885776e+01
3.552507653350835426e+01
4.176251217172107744e+01
4.752935651394245298e+01
5.273542839502904656e+01
5.729867138615710331e+01
6.114641398025297292e+01
6.421649375570423501e+01
6.645822827211954120e+01
6.783321767688097736e+01
6.831596645699711701e+01
6.789431442159194319e+01
6.656966980753644236e+01
6.435704032308328237e+01
6.128486093891012843e+01
5.739462025848573035e+01
5.274029030538727625e+01
4.738756750946696172e+01
4.141293551264765682e+01
3.490256310618639901e+01
2.795105311400328318e+01
2.066006031337721538e+01
1.313679850037851793e+01
5.492458532043531960e+00
-2.159439416129638190e+00
-9.704735072230946002e+00
-1.703033375492295320e+01
-2.402590317012674603e+01
-3.058553599678885604e+01
-3.660935335182922046e+01
-4.200502500643705872e+01
-4.668918336911342237e+01
-5.058870973961359852e+01
-5.364187315145144197e+01
-5.579930423323340705e+01
-5.702478890061989603e+01
-5.729586930689093549e+01
-5.660424229307567145e+01
-5.495594854747702129e+01
-5.237134876580653753e+01
-4.888488625188076497e+01
-4.454463856851917569e+01
-3.941166399213366134e+01
-3.355915159583565810e+01
-2.707138673899095238e+01
-2.004254653185916624e+01
-1.257534243029802568e+01
-4.779529458450831214e+00
3.229696378817639157e+00
1.133338917881922825e+01
1.941060798915421515e+01
2.734020963591020248e+01
3.500265306915469665e+01
4.228178847413362007e+01
4.906660450259080619e+01
5.525290747947920522e+01
6.074490733035122503e+01
6.545668624232325783e+01
6.931352769967017480e+01
7.225308550124515250e+01
7.422637464349747916e+01
7.519856850759735778e+01
7.514958958553440027e+01
7.407448397787031524e+01
7.198357305166965148e+01
6.890237891518458468e+01
6.487132369838394652e+01
5.994520597651712990e+01
5.419246098829393077e+01
4.769421453188210336e+01
4.054314352278215949e+01
3.284215912137917570e+01
2.470293104074279356e+01
1.624427408613711421e+01
7.590420119582795166e+00
-1.130799547287708151e+00
-9.789834879127685241e+00
-1.825733344208681075e+01
-2.640606414314180483e+01
-3.411281994504843595e+01
-4.126027128322968451e+01
-4.773874249343932519e+01
-5.344788455269785032e+01
-5.829821882816346346e+01
-6.221252830072016593e+01
-6.512707485793484352e+01
-6.699262370509826781e+01
-6.777525868885609839e+01
-6.745697532652468453e+01
-6.603604154276706595e+01
-6.352711948776473605e+01
-5.996114529865890574e+01
-5.538496721816180468e+01
-4.986074604905459040e+01
-4.346512544848474846e+01
-3.628818299960424554e+01
-2.843217628927997964e+01
-2.001010132032979172e+01
-1.114408344849316990e+01
-1.963623614947373142e+00
7.396275094740047962e+00
1.679707362957054073e+01
2.609872743471359513e+01
3.516175163033513940e+01
4.384929066002042930e+01
5.202916191918049549e+01
5.957584307799186263e+01
6.637237346319432163e+01
7.231214095134548359e+01
7.730052733940365783e+01
8.125638707698139740e+01
8.411333654243642854e+01
8.582083369068989498e+01
8.634503085747255113e+01
8.566938673120222347e+01
8.379502695416591962e+01
8.074084644003151823e+01
7.654335024293133927e+01
7.125623363043155223e+01
6.494970584324785534e+01
5.770956581277324204e+01
4.963604179778278080e+01
4.084241043965567997e+01
3.145341406860301348e+01
2.160349817186079235e+01
1.143489371222949913e+01
1.095571419388267742e+00
-9.262902770413738551e+00
-1.948758031063099949e+01
-2.942637866045382822e+01
-3.893033316349443140e+01
-4.785581916442408357e+01
-5.606671155132443829e+01
-6.343644960397172383e+01
-6.984997619360990484e+01
-7.520552200401870380e+01
-7.941620750612366919e+01
-8.241143789182748947e+01
-8.413806902384203568e+01
-8.456132564810215513e+01
-8.366545659968218729e+01
-8.145411546338011988e+01
-7.795045907373339844e+01
-7.319696030057195912e+01
-6.725493570728585269e+01
-6.020379283032514905e+01
-5.214000594988582549e+01
-4.317583324330742300e+01
-3.343779207553982502e+01
-2.306491282813337307e+01
-1.220679504535775806e+01
-1.021492732576938067e+00
1.032674166847334618e+01
2.166982282174507191e+01
3.283827391355483627e+01
4.366370893799954445e+01
5.398131997881390731e+01
6.363233326172672122e+01
7.246639791918278206e+01
8.034387209984966205e+01
8.713797226242668614e+01
9.273675320316583282e+01
9.704488855829070815e+01
9.998522416802023827e+01
1.015000797534740116e+02
1.015522778003341102e+02
1.001258823170569343e+02
9.722663418892686593e+01
9.288207412618312731e+01
8.714134864510762668e+01
8.007469906290324957e+01
7.177263806601175133e+01
6.234482296193379369e+01
5.191863918118896493e+01
4.063751189430476529e+01
2.865896768591220223e+01
1.615247202415327621e+01
3.297071722214759859e+00
-9.721125342128086544e+00
-2.271159835044340980e+01
-3.548215245733778289e+01
-4.784170979695323211e+01
-5.960311278153444903e+01
-7.058589934704350810e+01
-8.061900982829568818e+01
-8.954338574955600905e+01
-9.721442199211841739e+01
-1.035042355360527040e+02
-1.083037162489890761e+02
-1.115243279827087548e+02
-1.130996315031233195e+02
-1.129865044786811126e+02
-1.111660378375722615e+02
-1.076440922207829090e+02
-1.024515029464019875e+02
-9.564392679667386687e+01
-8.730132897579294138e+01
-7.752711369344140735e+01
-6.644690693526354153e+01
-5.420700501484451905e+01
-4.097250739088355687e+01
-2.692515690808938089e+01
-1.226091501330375877e+01
2.812696454681720581e+00
1.807945166203414544e+01
3.331743694331468930e+01
4.830218563975215318e+01
6.280988840025717934e+01
7.662063419832625755e+01
8.952163639562843400e+01
1.013103978914964500e+02
1.117977697465842368e+02
1.208108586595649001e+02
1.281957403000327531e+02
1.338199377419869620e+02
1.375746270749812368e+02
1.393765356603924772e+02
1.391695024065255097e+02
1.369256738091327747e+02
1.326463142873048753e+02
1.263622144763735378e+02
1.181336865519218691e+02
1.080501412803067467e+02
9.622924724585305967e+01
8.281567851525484514e+01
6.797946278643713924e+01
5.191394775264083705e+01
3.483340891395146599e+01
1.697032731090754254e+01
-1.427629435898172261e+00
-2.010088489032882109e+01
-3.878144844204015840e+01
-5.719658138795210789e+01
-7.507258608855234172e+01
-9.213866753119117448e+01
-1.081308149933249751e+02
-1.227956505513497234e+02
-1.358941909446801333e+02
-1.472054697901377835e+02
-1.565299683488803453e+02
-1.636928049677368335e+02
-1.685466359299905719e+02
-1.709742237289349589e+02
-1.708906326834353422e+02
-1.682450163019871638e+02
-1.630219658160721110e+02
-1.552423947830970121e+02
-1.449639405354310213e+02
-1.322808694506571214e+02
-1.173234794600000299e+02
-1.002569998139492782e+02
-8.127999480057690107e+01
-6.062228477556028139e+01
-3.854240442552431745e+01
-1.532462456074737034e+01
8.724430165858144903e+00
3.327952947180749277e+01
5.800090813818921021e+01
8.253861092842004155e+01
1.065370592506543943e+02
1.296397834895349206e+02
1.514942620281097447e+02
1.717568058070876020e+02
1.900974258606976548e+02
2.062046206511121227e+02
2.197900202114168167e+02
2.305928251049499806e+02
2.383839800104419453e+02
2.429700243314305226e+02
2.441965655781919224e+02
2.419513253443938083e+02
2.361667124526442478e+02
2.268218832180562288e+02
2.139442547134013353e+02
1.976104433425128093e+02
1.779466078626875856e+02
1.551281831587051272e+02
1.293789984728048807e+02
1.009697813451152513e+02
7.021605612381185324e+01
3.747545346868508886e+01
3.144454700867175490e+00
-3.234539794856522121e+01
-6.853178725882570177e+01
-1.049263587047662014e+02
-1.410198595233324852e+02
-1.762876233651592202e+02
-2.101953399622269103e+02
-2.422050451708856542e+02
-2.717812634337892064e+02
-2.983972321893329536e+02
-3.215411360783566010e+02
-3.407222779801171555e+02
-3.554771139672462823e+02
-3.653750802062068033e+02
-3.700241416383103115e+02
-3.690759949386819017e+02
-3.622308617379080147e+02
-3.492418123646777417e+02
-3.299185653788121044e+02
-3.041307138548634725e+02
-2.718103356806525426e+02
-2.329539519787597328e+02
-1.876238050614091435e+02
-1.359484350039685978e+02
-7.812254187835716834e+01
-1.440612883033965375e+01
5.487707058298082075e+01
1.293418691554107056e+02
2.085445871365718915e+02
2.919866700090326503e+02
3.791189276520250928e+02
4.693463523800308508e+02
5.620334665936767351e+02
6.565101445853875930e+02
7.520778474767067792e+02
8.480162053943665796e+02
9.435898768757044763e+02
1.038055612179562104e+03
1.130669444705179103e+03
1.220693933117363713e+03
1.307405376060222352e+03
1.390100921522347562e+03
1.468105493988667831e+03
1.540778464466538480e+03
1.607519991282211777e+03
1.667776963170471618e+03
1.721048480586812502e+03
1.766890816303841575e+03
1.804921802139059764e+03
1.834824595052770519e+03
1.856350782763271127e+03
1.869322796353932745e+03
1.873635605044748445e+03
1.869257676255175056e+03
1.856231192182212226e+03
1.834671522323369800e+03
1.804765959534108333e+03
1.766771735235808592e+03
1.721013337257845933e+03
1.667879161323105336e+03
1.607817534323356540e+03
1.541332154246761093e+03
1.468976997767991179e+03
1.391350752041042597e+03
1.309090832124297322e+03
1.222867049617688963e+03
1.133375001520704018e+03
1.041329250886436739e+03
9.474563726558390044e+02
8.524879389939305838e+02
7.571535185809667610e+02
6.621737635719006221e+02
5.682536563793560163e+02
4.760759861166347946e+02
3.862951214804713231e+02
2.995311429113218082e+02
2.163643925262521748e+02
1.373304951230589666e+02
6.291589787818590196e+01
-6.446029635595174057e+00
-7.037830017431822682e+01
-1.285629901748509667e+02
-1.807432765733334463e+02
-2.267248155358296628e+02
-2.663764565657468779e+02
-2.996302928536263721e+02
-3.264810562732316725e+02
-3.469848721707619461e+02
-3.612573959170738931e+02
-3.694713601318625251e+02
-3.718535670017401458e+02
-3.686813662226774113e+02
-3.602786640248711478e+02
-3.470115132080069884e+02
-3.292833382154693140e+02
-3.075298527719896811e+02
-2.822137292920033929e+02
-2.538190823575581021e+02
-2.228458290068510621e+02
-1.898039889660293511e+02
-1.552079880409558541e+02
-1.195710269213277286e+02
-8.339957514345719858e+01
-4.718804924048415472e+01
-1.141372957184810488e+01
2.346803265055145005e+01
5.702826994595841370e+01
8.886847205118530724e+01
1.186242408312481160e+02
1.459684922719234521e+02
1.706141798625238550e+02
1.923165173762165807e+02
2.108746851016515222e+02
2.261330109124550631e+02
2.379816228838766392e+02
2.463565746410146744e+02
2.512394546052197200e+02
2.526564909244700061e+02
2.506771725136624696e+02
2.454124122918461808e+02
2.370122807345430260e+02
2.256633428706946631e+02
2.115856401325164313e+02
1.950293540710818263e+02
1.762711982092807830e+02
1.556105849326754935e+02
1.333534059394150404e+02
1.097934925578923924e+02
8.526166988292746396e+01
6.009202715753743007e+01
3.462338881917732181e+01
9.205080882449717450e+00
-1.583677068411982702e+01
-4.021041804024487476e+01
-6.353594587398014681e+01
-8.557871597867642777e+01
-1.060933694515154002e+02
-1.247978430907654541e+02
-1.414548219257314656e+02
-1.559417631405426903e+02
-1.680538820227740473e+02
-1.777178829904873965e+02
-1.847717183579223956e+02
-1.892259110201940757e+02
-1.910486329810121902e+02
-1.902411966152094180e+02
-1.868868499946349289e+02
-1.810621390764340788e+02
-1.728424448807708700e+02
-1.623761210632315226e+02
-1.498489575460979779e+02
-1.354402955020830177e+02
-1.194052656948081932e+02
-1.019719330820978911e+02
-8.339604225161637885e+01
-6.391237229148360655e+01
-4.376558303671869510e+01
-2.322745759138141608e+01
-2.722603344912196022e+00
1.751574353185376154e+01
3.746731581721410720e+01
5.652684297909868860e+01
7.458424844378794205e+01
9.139545021367584354e+01
1.068683481216155400e+02
1.206236287080256773e+02
1.327085511646478153e+02
1.428821286908804211e+02
1.512615259633688254e+02
1.576389845789568085e+02
1.621706737403417549e+02
1.649668973925018065e+02
1.658947873793239864e+02
1.650181124472605916e+02
1.627135179695123384e+02
1.589152295316210655e+02
1.538750774869660916e+02
1.478976201475464336e+02
1.409639061846157517e+02
1.330981724782551510e+02
1.248229801564683896e+02
1.160529416921626762e+02
1.070597815888721414e+02
9.794864017906326126e+01
8.875540825776089093e+01
7.978251192830502703e+01
7.112725708040318295e+01
6.279358798832498678e+01
5.507830839579094118e+01
4.790109637145489785e+01
4.129080197447538580e+01
3.550367593391906951e+01
3.037409395251984279e+01
2.576854145309698652e+01
2.182302570274234910e+01
1.839826813495246682e+01
1.551643632407038176e+01
1.308974381693522382e+01
1.098860880323599432e+01
9.212520013836584809e+00
7.715762715287381113e+00
6.413128661965906474e+00
5.290767057319481381e+00
4.321360070562095146e+00
3.468959884378719494e+00
2.724578426401256692e+00
2.076166351752029460e+00
1.536183371292345834e+00
1.102736457832086403e+00
7.491686085105440096e-01
4.703794070636099223e-01
2.518125346290163158e-01
1.320169311656033406e-01
4.867636730846115756e-02
0.000000000000000000e+00
