-4.671219323522944222e+00
-1.585010332517232889e+01
-1.325940958752996446e+00
2.796087881790772656e+01
5.757281617156911580e+01
6.547760230746168020e+01
3.685546180385023973e+01
-2.687215661876291861e+01
-2.781909200400305338e+01
-5.356667116075284696e+01
-4.215735127173603303e+01
-1.883954386792687785e+01
1.779507389960262032e+01
-5.596515467240015695e+00
5.376019985869043438e+01
5.677200376795239123e+01
1.279622969987412517e+02
4.283854957118447260e+01
4.059249128026463893e+01
5.834806386932567257e+00
-2.999199306178380198e+01
-1.027490187847165828e+02
2.916255922646874055e+01
3.471798453696323605e+01
3.496921294826287863e+01
2.280130608964996952e+01
7.923205080447850435e+01
5.352224658771196175e+01
9.623644318824395327e+01
1.572305541477578004e+02
1.409797770616951595e+02
-2.267749201078754240e+01
-1.240144791961957083e+02
-6.417666015510793898e+01
1.055912809597204784e+02
1.887735383123357025e+01
8.882793347446963139e+01
4.398093520815452706e+01
6.939156156994755520e+01
-1.633316314724542906e+01
2.210288636913353741e+02
8.820277675387814043e+01
9.525057556965499828e+01
-2.157975393577476950e+02
1.149774991082036024e+01
-2.047618801172038872e+01
-1.635833863146412455e+02
-3.219797847911111148e+02
1.850471851189720951e+02
6.244934063851138717e+01
2.131409777626554956e+02
2.381258963328429843e+02
4.341824898754171613e+01
-4.218596515731761087e+02
6.469422539598024002e+01
2.761941005682813852e+02
3.008383089353671949e+02
-2.355168351085573875e+02
-1.959442522492345518e+02
-1.092943012797196332e+02
1.327864428497813520e+01
2.175971781735298407e+02
5.432064589135206916e+02
-2.448357168974137608e+02
-5.115410385086067890e+02
1.137329903094837675e+02
2.198070053639896457e+02
-1.202395227413533547e+02
1.184983660060478883e+02
2.301335444288158953e+02
1.446841177679038992e+01
8.415538149886356223e+01
1.896650798339427126e+02
-5.256273857336778121e+01
-4.543644935955529149e+02
1.614419309308818384e+01
3.267723731025392340e+02
2.466531198559691163e+01
-4.633880435014772274e+02
8.718540475935149914e+00
1.053240472350628067e+02
3.005963930878480710e+02
3.283078720865715923e+02
3.193940894478459995e+02
-5.700066665506388972e+02
-3.627352447381717298e+02
2.617889933381419354e+01
3.569959895135183956e+02
-8.606749794682096422e+01
1.063187610818708748e+02
-9.542844415378185374e+01
1.232781651958817264e+02
-1.375587767559190979e+02
4.039433491700210084e+02
1.656125142567011608e+02
6.764896129075971487e+00
-2.701541224687698559e+02
1.739171163206235065e+02
-3.543136973674740489e+02
-1.513344876356810857e+02
-6.254916723418973135e+01
4.094314497243790356e+02
-7.576504064445700237e+01
-1.878630179339146622e+01
-5.943347800594922603e+01
1.211328538883777810e+02
-2.354946477307001373e+02
4.456516062128948192e+02
3.427744462705196042e+02
4.929757657533981785e+01
-3.400538317209207548e+02
-3.751288420390881839e+01
-1.410004092130968161e+02
-5.862626811455498199e+01
1.537798494068768740e+01
3.586000139885553608e+02
-3.076402039458291711e+02
-2.673463126860622197e+02
3.114076335769643720e+02
2.466473672887593125e+02
1.532763812567715433e+02
3.903106719695210245e+02
-1.577032129710235040e+02
-2.772399296583034811e+02
-1.673335335588529915e+02
-2.924819605637572408e+02
1.181557199570234076e+02
-8.002708630778332122e+01
-3.489400703571534734e+01
4.917646911806652383e+02
1.195848040885513370e+02
-2.136029077049095974e+02
4.609213291908505994e+02
-1.045169495568412970e+02
1.415549044480123939e+02
2.226896833361674339e+02
-4.939745003450121885e+02
-5.701544132775751450e+02
1.385526741729809714e+02
-1.811370604462128426e+02
6.821409776047988771e+02
3.427848744800718350e+02
-2.764565877052050382e+02
-7.527272825889694730e+01
3.898018666986424137e+02
-1.734417416038980377e+02
3.360332892621569272e+02
-2.010941412925841121e+02
-3.042905699355093816e+02
-1.333256735677445306e+02
2.785454445184305996e+02
-9.112857285582384748e+01
1.577119460788767640e+02
-2.288319112413591938e+02
2.786982116087318673e+02
2.447649458577026849e+02
4.372254684221680066e+01
-3.245387895328793206e+02
1.722322138591115674e+02
-1.561749239212751377e+02
3.603940713296112790e+02
4.104955884996877558e+02
-1.957202781855801277e+02
-7.001685416980312766e+02
1.398404500106802573e+02
-7.881502250445531388e+01
1.119344432639589826e+00
1.130566750381468353e+02
-4.646419088128567410e+00
-1.854345321537313396e+02
4.903229277578271876e+02
4.895236697293080397e+02
3.156332068899297383e+02
-4.347408696259735450e+01
-2.516182034443880156e+01
-1.876078506980305747e+02
-3.308349343512600740e+02
-3.409866021607132325e+02
-2.240445291419022169e+02
-2.891435838034234962e+02
1.025561694823152976e+02
3.747967367150600921e+02
2.741588615551842736e+02
2.105363190985282813e+02
2.468623248715253453e+02
2.225190566670869146e+02
-5.338560997432314537e+01
-7.850155864680536411e+01
-8.546625750045624414e+00
-2.862000164373789630e+02
-3.031969653508822944e+02
2.061521519438083203e+02
-1.413287562301173921e+02
-7.290023249174930697e+01
3.870498490121991608e+02
1.254603704134191275e+02
-2.866665731061411293e+02
1.366289414679442871e+02
3.275555821020819280e+01
1.835114641323637219e+00
1.500947238795805276e+02
2.483273919495817097e+02
-1.478843281863179584e+02
-7.001989649890626310e+01
8.545635725668796567e+01
2.676789913773341567e+01
-3.031503690336677437e+02
-1.577192294873571825e+02
-1.496137750701856817e+02
1.215098229457951788e+02
1.445366747071990403e+02
1.774137552769797139e+02
2.148822755806492069e+02
1.293246990967634247e+02
1.161389493609665635e+02
4.385405497762705522e+02
-2.053822255596186324e+02
-4.826774726879207265e+02
-2.362174470833448652e+02
-3.840544780666310771e+02
-8.333074597379579984e+01
3.690890885427062926e+02
-1.006311461933995446e+02
1.078819260969449658e+02
3.371251831489475990e+02
1.861953877844522864e+01
2.890959015514482644e+02
2.798117658495956448e+02
-2.474136066614404683e+02
-1.596194365858783897e+02
-6.951385226844497822e+01
-1.651265276731868994e+02
-6.743715391570842144e+01
9.828021797217539302e+01
2.889320994695116269e+02
5.056447579592019181e+00
-6.671499273017948894e+01
1.632093830703430228e+02
-1.690208552166357379e+02
-2.725782481562991961e+02
1.127095201787146124e+02
-8.749511418713517230e+01
-1.097460488667715026e+02
2.139318037400453676e+01
8.041676210297707428e+01
1.636781603107767182e+02
-8.669838319921163716e+00
2.201789119572244999e+02
5.659692241554458860e+02
-1.661905447726744853e+02
-2.819210658585864735e+02
1.139305058858419386e+02
-3.701270256515900883e+02
-1.602443951270120408e+02
4.343892090493756655e+02
-9.328625251656750095e+01
-3.485031445107978243e+02
3.666675337932689160e+01
1.321466492634632743e+02
3.724645203816419325e+02
3.510884639545630534e+02
4.865569843214143475e+01
-9.451880301074189106e+01
-1.413023183591847101e+02
-3.012504741970781197e+02
-2.986146250240350497e+01
-8.413041981499887356e+01
-3.624933169862962927e+02
-1.899040457358794924e+02
3.426963061049236217e+02
4.513261941895570573e+01
1.505501067637896426e+02
4.163456003619799048e+02
3.204963812340409959e+02
1.733362379573246983e+02
2.594202503208508119e+02
-2.900314464154840834e+02
-2.050887731350825050e+02
-3.200338791650855796e+02
-2.392349695079380467e+02
1.709151039908998655e+02
1.272845580034373398e+02
-4.431620297395361376e+02
2.036450725164482947e+02
1.304352954770468216e+02
-3.369783339971048264e+01
2.134826406043814586e+02
2.907204727231471679e+02
-2.676554543691445929e+02
-6.104903807877739297e+01
-1.261471552129694658e+02
9.856908037146536117e+01
8.996338628901555978e+01
1.384271724388801204e+02
-6.634291658566321814e+01
3.429714191981054228e+01
-3.018439073729908841e+02
-9.575762455332777279e+01
1.332817489998003566e+02
2.979364244531428199e+02
-1.545372245189521720e+02
1.317604917395748316e+02
2.323110451050067695e+02
1.431648710613513913e+02
-1.192192574541228467e+01
2.443912388681620484e+02
-2.424396289663190487e+02
-3.511640029601533683e+02
-2.947879010601631649e+02
-1.545740486894234067e+01
-2.282908437121772920e+02
-1.529874695175656143e+02
9.336225556596613728e+01
5.618456238906818498e+02
2.054807187166796609e+02
1.552481807518723258e+02
1.526041719403765171e+02
-1.926285569108324580e+01
-3.293570955313692821e+02
1.986165689894795037e+02
1.212252804166377196e+01
-5.125672664477311855e+02
-3.222517946373184259e+02
3.303522379759835985e+02
5.431444975677339926e+01
3.129157128648726598e+02
3.518394277756451629e+02
-1.296539138896023928e+02
-1.480285236651687342e+02
2.449041307344068059e+02
-1.537528723357584681e+02
-9.516423182393475599e+01
-2.408081271444488607e+02
-3.486312916748162820e+02
-1.216755470270075001e+01
1.546507873555694061e+02
-2.563385497253804957e+01
2.835821911110058977e+02
6.600322889580361618e+01
1.855310210558256188e+02
4.008052913082124178e+02
-1.157643891719722795e+01
-1.840853345844691091e+02
1.047038007465240810e+02
-3.272127115567319606e+02
-2.252793314594751450e+02
1.182463014981852467e+01
-2.830626429419023680e+02
-1.933468294058302490e+02
3.477262798742818859e+02
2.502108162072509003e+02
2.147154082065926275e+02
2.867145216158887138e+02
1.394492266883279399e+02
-6.343422338913708813e+01
-2.373884832849790172e+01
-2.103314892390718285e+02
-4.274974624280165472e+02
-2.935272553739744126e+02
-1.137452512733599832e+02
-1.308170878486185700e+02
1.535964153183339249e+02
3.388046308619991009e+02
2.720065557116132595e+02
4.011574265831463322e+02
3.166857970208948814e+02
-3.972620305768865023e+01
-1.789725746880138786e+02
-2.213752664870582976e+02
-1.279450228593388630e+02
-8.752200329454474570e+01
-3.617136234612405588e+02
-1.264580260775110503e+02
1.434643849121162589e+02
2.122812548435844349e+01
3.265894226498964485e+02
4.016540585636448668e+02
-2.432715816760262442e+02
-1.016495104215905059e+02
1.835581026392143826e+02
-7.352363201848638141e+01
-5.467482646017098347e+01
9.616373593308281897e+00
-1.688124401928849636e+02
1.744052388490713534e+00
4.588433976587865004e+01
-1.606545965387261887e+01
-6.596603002785850833e+01
-1.208946359898265115e+02
9.194310348218250795e+01
1.852873833995253108e+02
4.634284204945869590e+01
1.732480395539833467e+02
8.847776564295901380e+01
1.643054556154725176e+01
3.189733253892686093e+02
-1.145571975443757040e+01
-3.779377323074807009e+02
-2.183961378470424108e+02
-2.460702052548026870e+02
-2.706584363741665129e+02
9.333846243165879741e+01
5.020808105440596592e+01
1.324696642589290718e+02
1.692398715359184678e+02
2.342820811965806627e+02
2.709300773723079487e+02
1.320128226767081969e+02
-1.793478030113615773e+02
8.979721151739117602e+01
-2.013470169454685958e+02
-3.236702669544932860e+02
-1.471129569340375838e+02
2.790680152920855406e+01
-7.124495394347202648e+01
2.942285426029908422e+02
7.517167975861666207e+01
1.336674008514636682e+02
1.051976922177104683e+02
1.460821874984148394e+02
-3.264360972908980330e+01
1.570299453803403651e+02
-2.626848276666811444e+02
-1.960679984916797594e+02
-1.243401872013413936e+02
1.678188770644886674e+01
-3.666479346805051023e+02
-6.653760800022560318e+00
8.713171190822011170e+01
1.676455158710829210e+02
7.640634431300873075e+01
4.823633611726249910e+02
3.887123998009508341e+01
3.482008243103680911e+01
8.816383033246441414e+01
1.085254891772405870e+02
-3.512414871405946997e+02
-1.887966175005155378e+02
-3.704071546126100429e+02
-9.099048642884311278e+01
-2.363823291125804005e+01
2.218446996940597558e+02
2.512639041407960576e+02
3.304196115605867021e+02
7.480071961291275784e+01
2.991807214662262595e+02
-1.463208624085818883e+02
-3.155000113890457101e+02
-1.892694936571722906e+02
-3.465264833694577646e+02
-4.439691952317292021e+02
2.392763774061626236e+02
4.215691090853498224e+01
1.637114738597025010e+01
5.725751747272886405e+02
4.215014078093429362e+02
-2.004937519478879437e+01
2.251457812106456231e+02
3.289241244700612299e+01
-4.894196987077777976e+02
-4.134297306410331316e+02
-1.586858313670144867e+02
-1.131685148424784444e+02
-6.230125973954073970e+01
2.687933417768515483e+02
1.871584821727630583e+02
8.783239389370804417e+01
1.289571471227879442e+02
2.548923555020851381e+02
5.294172401092548341e+01
-1.984740573298276445e+01
-2.939090201138961902e+02
-1.420963910855394658e+02
-2.195497164968209347e+02
-8.183263779508607172e+01
3.416771923443601366e+01
5.814157308501891208e+01
-4.702629156284912426e+01
2.777489408024057411e+02
-1.534214622486065309e+02
5.543492909996609797e+01
3.841023794833990337e+02
3.694060880703542438e+01
-7.940522569383173845e+01
4.847656290352451265e+02
-2.619205024979939935e+02
-5.616579012064012204e+02
-1.056701315279048004e+01
-1.781856729429403430e+01
-4.487215286044410050e+02
8.507093538293204915e+01
3.251575404985320006e+02
-4.704245108820935428e+01
1.201515584966392680e+01
4.475423898106392926e+02
3.024313487454432448e+02
6.802328986340792483e+01
7.194556915899390503e+01
-2.276347120209260311e+02
-4.321700851556651628e+02
-5.610483827471668974e+02
-9.722298002837348463e+01
3.018176789207458341e+02
2.147653442723168951e+02
-2.796351610353353223e+01
2.772817070256376155e+02
-1.180183625632196254e+02
2.173843219803295028e+02
2.624393904439298240e+02
-1.191941483722595407e+01
-1.596266127300047515e+02
7.711362172130500880e+01
-6.009220948943294616e+02
5.142256612839623386e+01
1.632904266756909806e+02
-1.270352374173339456e+02
-2.108171599188124219e+02
5.374678839413674041e+02
-2.658391397294490162e+02
-4.155736073446474279e+02
4.744988716363863546e+01
6.256723992936491641e+02
-4.161429491116891910e+01
5.838041027020123011e+02
3.706492594043236863e+02
-3.070502865917338795e+02
-6.556338361276248179e+02
-8.303004490086661349e+01
-3.956148468122427744e+02
-7.030729631989009931e+01
-3.221726681254294817e+02
3.099151911343416188e+01
1.422323455740948930e+02
2.097645139934409713e+02
5.514157650880074470e+02
1.070495742327150992e+03
3.222428510038151330e+02
-1.554217466845597961e+01
-7.312257922513937274e+02
-1.163378597700392447e+03
-5.296178273420104006e+02
-1.649194441312036759e+02
-8.664632652918677991e+01
4.327104256018442925e+02
3.622884624836868852e+02
-3.032538976378362960e+01
7.419660971859169649e+02
1.032365420575681810e+03
1.781441754936357711e+02
-6.993268947660191088e+02
1.668579984000425611e+02
-6.296923262097734550e+02
-1.252258235334636083e+03
-3.138975681255315067e+02
3.406047562870678576e+02
-3.931749599395038786e+02
1.098379329245136205e+03
6.889705744651901114e+02
-3.722046138031374962e+00
-4.382648818705296776e+02
1.600963032661766761e+02
3.875698188504976542e+02
8.745452443761763561e+02
-5.964262902509550486e+02
-2.866372623184272470e+02
-9.731714368952394807e+02
-4.590546782507566945e+02
1.159559548167727883e+02
4.135674427509039788e+02
-3.321758250229638634e+02
4.295452301650917093e+02
-4.513683661652437991e+02
3.149772881200309484e+02
7.271676335153423452e+02
9.914988673780217141e+02
2.348633563869016143e+02
4.707736349727202310e+02
-2.625758184501469827e+02
-1.657933359122827596e+03
-1.977693080041188750e+03
7.150669587512409180e+02
-2.933614940830307560e+01
-7.142770747425757918e+02
1.291774617682921644e+03
6.088602731085120467e+02
-1.094637333829059003e+02
1.863260353896151400e+03
1.049055306795907427e+03
-5.937993927864729358e+02
-4.695559047806590911e+02
-1.308902796160293519e+03
-4.430109352462982315e+02
-1.376659764076216561e+03
-1.451203637426616524e+03
4.775814201965572465e+02
2.262741029904870175e+03
1.246423547614899235e+03
1.515063120315831384e+03
-8.949343888238402087e+02
1.528337757207320990e+01
1.668386429280837433e+02
1.662900267171058431e+03
1.328772659666091442e+02
-1.066233889622807965e+03
-3.344677221389425540e+03
-2.279870323341732785e+02
1.193357829092138900e+03
3.036310775334189202e+03
-2.959811256701628736e+03
-8.464684564524312691e+02
1.149068491617694008e+03
-9.794439887283921280e+02
-8.147198495070683748e+02
5.252522429546656895e+03
-4.000161624425950322e+03
-9.723562241758577329e+02
3.940926961818609470e+03
1.006935708549458923e+03
-3.703348081563790856e+03
-1.167789419557381279e+03
-2.820878473247360489e+03
4.366024666460230947e+03
-3.979322796853733735e+02
2.539338628978410270e+03
6.361809034813616563e+03
2.286695696456652513e+03
5.032425709420794192e+03
1.927631395121503010e+04
5.267889000856691382e+03
2.185687096979883790e+03
6.450808365569937450e+03
2.493093263901118007e+03
-8.058095487324535497e+02
4.182491077810132083e+03
-3.261526394144402730e+03
-1.401855054280675404e+03
-3.795013733402305206e+03
5.959215847438653100e+02
3.753634246697453818e+03
-8.665480954408427579e+02
-4.067781937023279625e+03
5.573343406224826140e+03
-7.167325031616205706e+02
-9.164167385765615563e+02
1.274865273833412857e+03
-6.382146770014373942e+02
-2.361953668891956113e+03
3.845664447283285426e+03
1.730663238097471094e+03
5.017032807142015258e+02
-3.230079332745743159e+03
-1.355855342663646070e+03
-3.565412403165553314e+02
8.143227912159080688e+02
-5.541421295350859282e+02
-6.811401270230428509e+02
-2.017086830412165455e+03
9.253776399811347346e+02
1.099740991687796395e+03
2.689495173213675571e+03
1.733357774277659928e+03
-4.198601637510362252e+02
-8.698327189564836317e+02
-2.950311997737725278e+02
-1.283220883783446652e+03
-2.459792727399681667e+02
-7.386313698752071559e+02
3.038827117637470678e+02
1.431615234057211637e+03
-7.040149267996396247e+02
4.000086416949221757e+02
1.626408770710487488e+03
-3.921901527138197707e+02
-8.815113970733139581e+01
1.109116382572325620e+03
-1.464851561791819677e+03
-1.399348101835416173e+03
-7.962325486998239512e+02
2.934052014388088310e+02
-4.905175561924035321e+01
9.538551405135269761e+02
9.935598874920611934e+02
1.813032508714282187e+02
-1.464164135066111612e+03
2.950790531779103958e+02
9.172277504163953665e+01
1.531961493035721787e+03
7.128390681457257188e+02
-2.588440062768253256e+02
-7.016273171391668484e+02
2.452143580858846406e+02
-4.214716075564686548e+01
1.711639157960581770e+03
-5.927791521349664663e+02
-1.202505951196414344e+03
-1.374107055193714814e+03
-1.243840804943152534e+03
-3.276968896191165186e+02
7.708975856684091923e+02
-9.873123396601021113e+02
7.750029431464286063e+02
5.971892027360503334e+02
-3.813584771272188618e+02
1.264328513294229879e+02
6.925788067394762493e+02
7.055008632724197071e+01
8.870883793476731398e+02
8.637173052365164949e+02
5.583412472162223139e+02
-7.194926623073992005e+02
-2.885015787465724770e+02
9.539551746080583143e+02
1.720997516344178280e+02
-3.736251591543850736e+02
-7.674972188180279318e+02
-1.513944662539437104e+03
-6.517188731472721201e+02
1.093820083315075493e+02
2.027074557988136689e+02
1.215831806727520870e+03
-3.825024739276662444e+01
-5.369872255929230676e+01
-2.058502359703001900e+02
-9.787220220921431064e+02
-7.847526393620062208e+02
6.752898870982338622e+02
-1.838569611911205186e+02
8.547146582359119975e+02
-2.718124753608694846e+02
2.453843744555100272e+02
1.192969764002305055e+03
1.605883431012408209e+03
-1.166126519910874322e+02
4.098121801854353521e+02
-9.132402474087440396e+02
-8.026943647184531301e+02
-7.418638392297559676e+02
-3.892513306310371490e+01
-2.770707748624217288e+02
-2.924305372923996629e+02
1.741632092769179394e+02
6.668759899766293984e+02
-6.432742547166138820e+02
-3.189060979377562717e+02
-5.163777917100305785e+02
-3.135651326965199246e+02
3.532424753967936795e+02
4.111117185492630028e+02
-1.920471601384442693e+02
3.803713293799171424e+02
7.706309778395521448e-01
1.200854198048634771e+03
1.048245515785601583e+03
-4.999459209813216489e+02
-1.011139428699516429e+02
4.160940747166717912e+00
-5.587404868112375880e+02
1.981058860119547660e+02
-2.537239263457943252e+02
-5.281111677484752818e+02
9.552842856505661473e+01
9.638520709000859199e+01
9.686297402284348834e+01
1.245279831603384082e+02
-4.628333228001800990e+02
-1.474706498526736098e+01
9.518969808674728483e+01
-2.116882238602992743e+02
-1.233594048085140997e+02
-1.430704663952466547e+02
-6.686813923616269051e+01
3.880275201045924405e+01
-4.929844864737422938e+01
-9.739188944947271054e+00
-9.278467162736610874e+00
-1.175794490416978277e+01
-6.491726902336091598e+01
-7.935290111154679948e+01
-2.581201372351796408e+01
-9.203979591968169416e+01
-1.965313814108460804e+02
1.244936982168293405e+01
5.347275294572737891e+01
2.870250854686447894e+01
6.920402889243105449e+01
4.350779492564347262e-01
1.623808554816126559e+01
-5.505172424649388319e+01
-6.090576889952799888e+01
0.000000000000000000e+00
