-9.895142173478890107e-03
-5.991124134038779137e-02
-1.547474107588581449e-01
-3.002234991197937353e-01
-4.984059920411000877e-01
-7.398955902191137746e-01
-1.029208753821897915e+00
-1.389024258536129430e+00
-1.755493664547078225e+00
-2.175112205727595338e+00
-2.662751964975556440e+00
-3.181596165729314141e+00
-3.713323211274420110e+00
-4.311260535019602713e+00
-4.930547083365533823e+00
-5.611778588750905072e+00
-6.291592900743468775e+00
-7.026430141921805372e+00
-7.804059669900992091e+00
-8.612763040554757055e+00
-9.481438549418887973e+00
-1.040360677608958717e+01
-1.134696889637448791e+01
-1.231809735484591073e+01
-1.333075859909313010e+01
-1.437113758508182393e+01
-1.546971443633428578e+01
-1.661466275720155750e+01
-1.780333292491771857e+01
-1.900415371955060095e+01
-2.018767929925263616e+01
-2.134317437271760554e+01
-2.258105239999654046e+01
-2.384139503103642355e+01
-2.489861827892281809e+01
-2.603201838378168986e+01
-2.709250479758367192e+01
-2.806452765119739468e+01
-2.882150809452333817e+01
-2.949774976897943191e+01
-2.988073698438520864e+01
-3.003359076417507367e+01
-2.974091200626629217e+01
-2.909762932068481689e+01
-2.791587112201106891e+01
-2.609211722930987776e+01
-2.375986389961119016e+01
-2.090562107649709844e+01
-1.729171123695321910e+01
-1.309680159091590212e+01
-8.251102791008968040e+00
-2.679598024552937829e+00
3.391795658598923069e+00
9.770535959716468710e+00
1.666599336317719704e+01
2.374632958979309194e+01
3.098686901601987742e+01
3.821321726654837647e+01
4.520104226586443019e+01
5.195887125741218426e+01
5.832204699787469337e+01
6.406731913133239686e+01
6.923799672620104673e+01
7.357332295119826426e+01
7.694283688061582893e+01
7.943222434416216515e+01
8.079467760873554028e+01
8.086200881111952299e+01
7.973321494157843858e+01
7.730440953693394590e+01
7.364930310800137647e+01
6.878060208905631612e+01
6.271378237991073235e+01
5.560662411840226582e+01
4.760118062386420945e+01
3.882904053671132516e+01
2.950089224632467122e+01
1.982592961009913779e+01
1.001246242789668983e+01
2.928816408171233121e-01
-9.108181713275424585e+00
-1.795582072687628994e+01
-2.604324568475029622e+01
-3.320288589390702327e+01
-3.927006185265854299e+01
-4.411360612464412156e+01
-4.758695497097048843e+01
-4.966048942580930259e+01
-5.028197211534913436e+01
-4.941984565437579136e+01
-4.712859310745452035e+01
-4.345155818882538767e+01
-3.846414617230128385e+01
-3.227191059039635235e+01
-2.500802069433800057e+01
-1.683015452297989611e+01
-7.916868436871929759e+00
1.536458816457809462e+00
1.132203836562857902e+01
2.122434662512161907e+01
3.102495174847415882e+01
4.050739800922991662e+01
4.946204522371861856e+01
5.769074475601712493e+01
6.501126579512066428e+01
7.126136833779310109e+01
7.630242985995916172e+01
8.002255442935214091e+01
8.233909147879414547e+01
8.320050460905966361e+01
8.258755788588796065e+01
8.051378503348948357e+01
7.702523223469100344e+01
7.219948371170410439e+01
6.614398526405115319e+01
5.899370417448189130e+01
5.090817978762616036e+01
4.206802278214689039e+01
3.267094462228774887e+01
2.292740399632816661e+01
1.305596305549763692e+01
3.278458307880197431e+00
-6.184907963905791561e+00
-1.512044907446652431e+01
-2.332573758452466350e+01
-3.061410852201905186e+01
-3.681882208895211761e+01
-4.179679207738246305e+01
-4.543179837085087769e+01
-4.763711170313248289e+01
-4.835747095853115951e+01
-4.757036912686106689e+01
-4.528661824664068547e+01
-4.155017960113919173e+01
-3.643726155782559317e+01
-3.005470427912418074e+01
-2.253768542180188916e+01
-1.404679630809636137e+01
-4.764552436532127899e+00
5.108585964368351995e+00
1.535859619276149601e+01
2.576258183548874925e+01
3.609366574511439296e+01
4.612597905360846084e+01
5.563963636696833959e+01
6.442558802412840180e+01
7.229024154468844188e+01
7.905975023884492714e+01
8.458387425673882376e+01
8.873932776623567520e+01
9.143253802103079408e+01
9.260175455385150656e+01
9.221846069453857808e+01
9.028805555720805387e+01
8.684979015028780225e+01
8.197595767765291441e+01
7.577035489726554829e+01
6.836604714766036750e+01
5.992248518698455229e+01
5.062203636511200955e+01
4.066600560711078316e+01
3.027023312725889070e+01
1.966036520187284253e+01
9.066901705067161643e+00
-1.279870790041573336e+00
-1.115494880832881996e+01
-2.034357292064167311e+01
-2.864597035106312006e+01
-3.588177429604349555e+01
-4.189402200727091952e+01
-4.655264287161066505e+01
-4.975735873217866612e+01
-5.143993157149260753e+01
-5.156570798347863160e+01
-5.013442523804995687e+01
-4.718025999577319851e+01
-4.277111739817834746e+01
-3.700717498480823053e+01
-3.001871236295270506e+01
-2.196327335242204981e+01
-1.302222211790103046e+01
-3.396768274364760032e+00
6.696452215537703978e+00
1.703014359245526776e+01
2.737135971372814680e+01
3.748664620954655646e+01
4.714720214697436518e+01
5.613394734300079136e+01
6.424238335326813853e+01
7.128714052081905095e+01
7.710611020746277688e+01
8.156407030480103515e+01
8.455572313876160706e+01
8.600807770147523001e+01
8.588212248809753646e+01
8.417375077033963748e+01
8.091391656231951401e+01
7.616801646743519427e+01
7.003450966494918362e+01
6.264280512583303562e+01
5.415046136767863061e+01
4.473975930942817314e+01
3.461372273034424296e+01
2.399167316413726780e+01
1.310441649375782447e+01
2.189166821398593754e+00
-8.515680815467172593e+00
-1.877581376430350346e+01
-2.836618498165848834e+01
-3.707600157389359907e+01
-4.471340814255513152e+01
-5.110976094347148546e+01
-5.612339769627449471e+01
-5.964281882522029576e+01
-6.158920873584111177e+01
-6.191824015611274490e+01
-6.062112028068928282e+01
-5.772485410855268384e+01
-5.329171759293519983e+01
-4.741795064892135514e+01
-4.023169730488812945e+01
-3.189023695838243100e+01
-2.257656643635037597e+01
-1.249540701477700111e+01
-1.868723402389598220e+00
9.069147349643458256e+00
2.007665023076443589e+01
3.091033668324647010e+01
4.133024178267120163e+01
5.110519550696086810e+01
6.001795061092184369e+01
6.787001341476968719e+01
7.448607012357636847e+01
7.971790998656733507e+01
8.344775749433119927e+01
8.559093866318876564e+01
8.609782099024789659e+01
8.495498256343293519e+01
8.218558273052731522e+01
7.784892429929735158e+01
7.203921507117621559e+01
6.488355421126711065e+01
5.653918613691730854e+01
4.719008088581918514e+01
3.704291494137478935e+01
2.632253991378106406e+01
1.526703800013253698e+01
4.122472517095861377e+00
-6.862551196552958643e+00
-1.744239473326915046e+01
-2.737984380649720961e+01
-3.645139289122590753e+01
-4.445224003094789111e+01
-5.120088062482393099e+01
-5.654319757616135433e+01
-6.035595603718954294e+01
-6.254962389216890983e+01
-6.307045380184852945e+01
-6.190177876818957259e+01
-5.906449041715669068e+01
-5.461668716215456243e+01
-4.865249770719893263e+01
-4.130010357474431260e+01
-3.271900209624749323e+01
-2.309656819139134853e+01
-1.264398890981777868e+01
-1.591658768866693663e+00
9.815863922098934324e+00
2.132522957892284410e+01
3.267988095021070905e+01
4.362572506031759900e+01
5.391676842246732804e+01
6.332059089817593645e+01
7.162353677059066115e+01
7.863550747839862254e+01
8.419424890178525800e+01
8.816903692391605318e+01
9.046367797888213147e+01
9.101875616012210912e+01
8.981307488010878615e+01
8.686425868540078454e+01
8.222849925660241865e+01
7.599944845675130978e+01
6.830628012053188058e+01
5.931096068562084866e+01
4.920478634961505549e+01
3.820426080147777981e+01
2.654640236106713758e+01
1.448358223343261386e+01
2.278006256732822976e+00
-9.804039248160282938e+00
-2.149805132099585592e+01
-3.254715485923289719e+01
-4.270779873062441112e+01
-5.175517730774433289e+01
-5.948825686587699124e+01
-6.573429459592016144e+01
-7.035274879507257140e+01
-7.323849188028975732e+01
-7.432425294213085465e+01
-7.358223329445564787e+01
-7.102485651545724465e+01
-6.670463342489927072e+01
-6.071314188708941373e+01
-5.317914084264773322e+01
-4.426585712523268512e+01
-3.416750198923791970e+01
-2.310509145406908260e+01
-1.132166017773514710e+01
9.230277417569752174e-01
1.335815618219997702e+01
2.570779880778284721e+01
3.769699517985085180e+01
4.905782764362404436e+01
5.953536496524947097e+01
6.889334114173534829e+01
7.691944316071050025e+01
8.343008964019588802e+01
8.827459306133637540e+01
9.133861149164850701e+01
9.254681100142818195e+01
9.186467707263363991e+01
8.929943181829131049e+01
8.490003336914983834e+01
7.875625391699766453e+01
7.099685319011142326e+01
6.178688413016803338e+01
5.132418680080866125e+01
3.983514465953869177e+01
2.756979386431482482e+01
1.479639089436540900e+01
1.795556112875750898e+00
-1.114587929307077729e+01
-2.374118851792511720e+01
-3.571008790054089133e+01
-4.678495957916844361e+01
-5.671682036474832955e+01
-6.528090418732992362e+01
-7.228173343779863558e+01
-7.755756526977941689e+01
-8.098411221957677242e+01
-8.247745206348999147e+01
-8.199605932895522642e+01
-7.954190993214939454e+01
-7.516063061751239616e+01
-6.894068578496764133e+01
-6.101161545188180213e+01
-5.154135904516380151e+01
-4.073271999321905668e+01
-2.881904523958047548e+01
-1.605921140442907102e+01
-2.732024983745574787e+00
1.086984265388765891e+01
2.444625393917796430e+01
3.769619797984204723e+01
5.032443328294286999e+01
6.204803421380863426e+01
7.260269654039021248e+01
8.174866205448429923e+01
8.927613000169436930e+01
9.501003373406751962e+01
9.881407440164826994e+01
1.005939193397396565e+02
1.002994907507037396e+02
9.792628993843845819e+01
9.351572330655400833e+01
8.715441812390848497e+01
7.897253821917695404e+01
6.914113180508564938e+01
5.786856506876196704e+01
4.539611552429494878e+01
3.199281795542982820e+01
1.794967266012663742e+01
3.573340264956627266e+00
-1.082054072421711766e+01
-2.491426850177512264e+01
-3.839507371358251930e+01
-5.096204288132565807e+01
-6.233281681771631355e+01
-7.224991552163353958e+01
-8.048654849343981255e+01
-8.685177999454472797e+01
-9.119493227529521562e+01
-9.340912593006764553e+01
-9.343387496760905719e+01
-9.125667451592724433e+01
-8.691354087849396137e+01
-8.048848645213730890e+01
-7.211193531252429523e+01
-6.195810856290206914e+01
-5.024143131570539822e+01
-3.721203493335787016e+01
-2.315044841242674067e+01
-8.361591102908676021e+00
6.831805099215202404e+00
2.209620272437388167e+01
3.709454330790757126e+01
5.149365108462617968e+01
6.497159381311786319e+01
7.722483877719567147e+01
8.797504559378056399e+01
9.697534452758520729e+01
1.040159594374881351e+02
1.089290480478794336e+02
1.115926486710728938e+02
1.119336414606358687e+02
1.099296533497988122e+02
1.056098585750635266e+02
9.905465061494417967e+01
9.039418597103140485e+01
7.980582494953374351e+01
6.751051892639682706e+01
5.376821696424399022e+01
3.887238657835092681e+01
2.314376343421051274e+01
6.923462353101022870e+00
-9.434403193837354706e+00
-2.557043424784652075e+01
-4.112782505420157975e+01
-5.576023548832670684e+01
-6.913948448062106422e+01
-8.096289453359440813e+01
-9.096012398549025590e+01
-9.889933384596500332e+01
-1.045925496117156115e+02
-1.079000951879764045e+02
-1.087339955502467035e+02
-1.070602666714302131e+02
-1.029000350503525141e+02
-9.632945440135068793e+01
-8.747841316045500548e+01
-7.652805286842131238e+01
-6.370714363114279877e+01
-4.928738816260420919e+01
-3.357774982791411844e+01
-1.691792209426837701e+01
3.289236254474445786e-01
1.778395803035300560e+01
3.506091470148959388e+01
5.177453446512200941e+01
6.754905009387445602e+01
8.202652590543141287e+01
9.487486865998947394e+01
1.057953320125554626e+02
1.145293465446177947e+02
1.208645208961669226e+02
1.246396764758856079e+02
1.257487983001100105e+02
1.241438072855116417e+02
1.198360843206604613e+02
1.128967031404687020e+02
1.034553568573940083e+02
9.169799136815079521e+01
7.786318714282009523e+01
6.223735850037633099e+01
4.514886577706507609e+01
2.696116022199571205e+01
8.065103464311590642e+00
-1.112937750652527313e+01
-3.020212315689609284e+01
-4.873187329678984270e+01
-6.630550128290406064e+01
-8.252714995652580399e+01
-9.702706923320427279e+01
-1.094699601028431601e+02
-1.195626389131538474e+02
-1.270608490322200197e+02
-1.317750640632608281e+02
-1.335751473774389524e+02
-1.323937564213792371e+02
-1.282284065575575198e+02
-1.211421375606318520e+02
-1.112627557251623216e+02
-9.878065520793228416e+01
-8.394525307630760835e+01
-6.706010289881209019e+01
-4.847678093676107380e+01
-2.858766643704754529e+01
-7.817762580107626036e+00
1.338427325583302263e+01
3.455570259349400430e+01
5.522968021590003929e+01
7.494541713125599358e+01
9.325831342718440453e+01
1.097498408975803841e+02
1.240369586553271404e+02
1.357808529740827908e+02
1.446948052006979992e+02
1.505510085161258758e+02
1.531861752717406375e+02
1.525058011759772967e+02
1.484869802590568781e+02
1.411796947364582593e+02
1.307065360010991810e+02
1.172608463298635115e+02
1.011033047898925190e+02
8.255701455400777888e+01
6.200118166034533829e+01
3.986350646922992524e+01
1.661143799902912122e+01
-7.257532676533074323e+00
-3.122634129637643241e+01
-5.476936440401237860e+01
-7.736374730815290945e+01
-9.850080563793250121e+01
-1.176972559372769922e+02
-1.345060317364210505e+02
-1.485264477360227033e+02
-1.594134860598484522e+02
-1.668859947855574717e+02
-1.707336098535099325e+02
-1.708222365838362293e+02
-1.670979559120891054e+02
-1.595892525097796977e+02
-1.484074965417847238e+02
-1.337456472224443473e+02
-1.158751838155474871e+02
-9.514130750010544091e+01
-7.195649480003831400e+01
-4.679251926091480129e+01
-2.017109197951153021e+01
7.346697283001432766e+00
3.517192902959442335e+01
6.270016007750902531e+01
8.932423490015949596e+01
1.144473366025740120e+02
1.374960034688231474e+02
1.579328342753610173e+02
1.752686085965944187e+02
1.890735571370660750e+02
1.989875315869719543e+02
2.047288433741421159e+02
2.061015656210445854e+02
2.030011221463003608e+02
1.954180209132947539e+02
1.834396262713104306e+02
1.672499039284665514e+02
1.471271140498936347e+02
1.234394703521424219e+02
9.663882569950553147e+01
6.725248662178017867e+01
3.587329949409451757e+01
3.148189000141115912e+00
-3.023463586547156012e+01
-6.355956235933519594e+01
-9.609826924519069280e+01
-1.271249441494375105e+02
-1.559317154313073672e+02
-1.818439820954921515e+02
-2.042353227405324390e+02
-2.225416684773126121e+02
-2.362744351608430406e+02
-2.450323270162134577e+02
-2.485115465374674102e+02
-2.465141740024793080e+02
-2.389545135656086359e+02
-2.258632410420647147e+02
-2.073892304654323198e+02
-1.837989814810878784e+02
-1.554736167636701225e+02
-1.229034669957096781e+02
-8.668030956339865156e+01
-4.748737504660791586e+01
-6.087281841273110672e+00
3.669189708480995193e+01
7.997219113124768342e+01
1.228426326826942443e+02
1.643771906224498309e+02
2.036534009331594461e+02
2.397713398404730754e+02
2.718725729435099083e+02
2.991587087901967266e+02
3.209091875630261939e+02
3.364979449683671078e+02
3.454086079553687796e+02
3.472479022737882133e+02
3.417569817226804503e+02
3.288204247236471929e+02
3.084726849333281962e+02
2.809018282423027699e+02
2.464504378501209771e+02
2.056136212394475820e+02
1.590341068169206551e+02
1.074944727232913237e+02
5.190660479832390450e+01
-6.701466127313238985e+00
-6.720114657543766157e+01
-1.283810338033375444e+02
-1.889665483084227731e+02
-2.476411153017050140e+02
-3.030685326083279278e+02
-3.539161365606022400e+02
-3.988783585816521509e+02
-4.367002537132436260e+02
-4.662005785772235527e+02
-4.862940002887229411e+02
-4.960120296255611265e+02
-4.945222911194684912e+02
-4.811457693439573973e+02
-4.553717040658308974e+02
-4.168698465077712854e+02
-3.654998340252458320e+02
-3.013174902141907410e+02
-2.245779109294183513e+02
-1.357352529280296380e+02
-3.543919982457664730e+01
7.547186131145788579e+01
1.959808611501111386e+02
3.249051187683207331e+02
4.609122592454657479e+02
6.025387249425853042e+02
7.482105809793200706e+02
8.962662744879759202e+02
1.044980972344945712e+03
1.192592073890732081e+03
1.337325474161096054e+03
1.477422139738946953e+03
1.611164553730375474e+03
1.736902588658462491e+03
1.853078376196280487e+03
1.958249760416849313e+03
2.051111946283755060e+03
2.130516986961918519e+03
2.195490791576983156e+03
2.245247378603609832e+03
2.279200148290522520e+03
2.296969999517230917e+03
2.298390171306001321e+03
2.283507745850768060e+03
2.252581807311084503e+03
2.206078307780252089e+03
2.144661747676984760e+03
2.069183831332095451e+03
1.980669308875053957e+03
1.880299261683851000e+03
1.769392129883222651e+03
1.649382816017841833e+03
1.521800228418557026e+03
1.388243650463247604e+03
1.250358337611472962e+03
1.109810752501608931e+03
9.682638495371363661e+02
8.273528141941779950e+02
6.886616490943204099e+02
5.537009789211183488e+02
4.238874200375814212e+02
3.005248286620582689e+02
1.847877043740346608e+02
7.770698433218517209e+01
-1.984158129927437386e+01
-1.071463299658502137e+02
-1.836657698329627237e+02
-2.490318021490717513e+02
-3.030500897740590176e+02
-3.456976277505646635e+02
-3.771176192093278132e+02
-3.976118044054009601e+02
-4.076304315691033366e+02
-4.077600955538573544e+02
-3.987097020601371469e+02
-3.812948421553994081e+02
-3.564208833968487511e+02
-3.250650988147360181e+02
-2.882581641952357359e+02
-2.470653576867080119e+02
-2.025677920904372513e+02
-1.558440018059083627e+02
-1.079521916988170744e+02
-5.991343533456291937e+01
-1.269608574604656326e+01
3.279836644436967674e+01
7.574778597954981763e+01
1.154200691516576569e+02
1.511818733435808895e+02
1.825053087859095626e+02
2.089725402730801989e+02
2.302782857083403485e+02
2.462302377052002953e+02
2.567474694737920231e+02
2.618569226168040700e+02
2.616881058154394850e+02
2.564661610751338685e+02
2.465034800500891379e+02
2.321900740888461314e+02
2.139829153924028162e+02
1.923944817910409029e+02
1.679807424116049219e+02
1.413288237921723862e+02
1.130445952156485276e+02
8.374040464322065702e+01
5.402318392261913971e+01
2.448313204154089817e+01
-4.316838503756628143e+00
-3.185072479980318150e+01
-5.763798126726807425e+01
-8.125087575560235109e+01
-1.023205639816580970e+02
-1.205418146452649637e+02
-1.356763541735747367e+02
-1.475548206740744774e+02
-1.560773449116901190e+02
-1.612050471636715372e+02
-1.629489517799850944e+02
-1.614008186045160187e+02
-1.567100423167648842e+02
-1.490821007318390912e+02
-1.387788524954120817e+02
-1.260929663375269740e+02
-1.113362127859666089e+02
-9.491230213802255378e+01
-7.716247394412103233e+01
-5.845956164305800939e+01
-3.921855748314857237e+01
-1.983874309851144346e+01
-6.536329653250447791e-01
1.794873623413069197e+01
3.566723745318586225e+01
5.215179710573715965e+01
6.717421918419925930e+01
8.049446656992338944e+01
9.191201897004992816e+01
1.012993018404140884e+02
1.085468987442336015e+02
1.135684790372094142e+02
1.163487204708688978e+02
1.169205861726920830e+02
1.153369371461597837e+02
1.117220499414356709e+02
1.062046575286525467e+02
9.895131592142911359e+01
9.013349212646924968e+01
7.994520533319189326e+01
6.861168669175788182e+01
5.646673287054682078e+01
4.373069423400582423e+01
3.049531668877439472e+01
1.722969209664496049e+01
4.088472015725521658e+00
-8.687903505805309123e+00
-2.095749200983730276e+01
-3.239863877380021506e+01
-4.296658958018461050e+01
-5.243826582604525299e+01
-6.082548598375831261e+01
-6.793976325595994581e+01
-7.383224883614872169e+01
-7.853171045874643141e+01
-8.191940449431118054e+01
-8.400981540921000601e+01
-8.502331947020056191e+01
-8.490409853556352004e+01
-8.380490342769122947e+01
-8.191653438310636659e+01
-7.922775856749396439e+01
-7.575941105387711616e+01
-7.185284155897620906e+01
-6.746353844320653081e+01
-6.277687159207037837e+01
-5.787288499709357836e+01
-5.278842420463466567e+01
-4.773040908720830089e+01
-4.277421522553649424e+01
-3.793530607160776214e+01
-3.341486284115836014e+01
-2.917219252016637654e+01
-2.523551181510865149e+01
-2.177643203102907421e+01
-1.869601216792135290e+01
-1.591543424756967084e+01
-1.352684682872899913e+01
-1.144576766591364958e+01
-9.690084821217308075e+00
-8.206843585158573262e+00
-6.916215205795642973e+00
-5.820431494558514274e+00
-4.892449500595194678e+00
-4.079865791068159275e+00
-3.375646512729205462e+00
-2.763909752675871800e+00
-2.223101501377481526e+00
-1.748696763869430182e+00
-1.334010394391734966e+00
-9.877511110048917686e-01
-7.092087441160435102e-01
-4.817259640274096366e-01
-3.022948765943335170e-01
-1.617682435227521531e-01
-8.468565047017909131e-02
-3.116145946831920532e-02
0.000000000000000000e+00
