1.897335155557725361e+00
1.052034711741710105e+01
1.427080071109994464e+01
1.668539096003476274e+00
1.659447376131991447e+01
3.528858553174557500e+01
2.288371518708849806e+01
-2.911831540909318505e+00
-4.112722024310980373e+01
-5.562024894084046167e+01
6.008330878638868455e+01
4.743694561969405044e+01
-5.215968728109000807e+01
-2.860634082322862781e+01
5.286221001286965304e+01
3.627947585646673900e+01
7.125634157171481320e+01
2.124531945565678370e+00
6.241302229152389458e+01
8.919287391165927659e+01
1.045113212905315336e+01
-1.146863591970719369e+02
-6.586565291122290944e+01
2.320069752129958118e+01
8.791563735959054782e+01
2.647555167129262799e+01
5.345640449296929120e+01
8.868270991062696851e+01
1.470827942995150011e+02
1.642635737289506608e+02
-1.645823419036982926e+01
-1.351119945748926909e+02
3.182602718082959470e+00
5.241116146941775611e+01
-1.422270498072424516e+02
-8.506134375363266997e+00
4.249504657754173422e+02
1.390741415879459169e+02
-2.255354814206826291e+02
-7.075778923338526738e+01
2.863659215628523498e+02
1.528109296290812722e+02
-1.311985827818011074e+01
-3.449815580465316884e+02
-4.920693273239835719e+01
1.613453935476952665e+02
8.723089758933151927e+01
-1.606779946261217162e+02
-1.175762874336805339e+02
-2.326741763784300687e+01
4.272430005121588010e+02
1.905617591985461843e+02
-2.922100102821834753e+02
-2.753818272837408472e+02
2.156285448600353334e+02
3.366133662838643659e+02
1.744687987816227519e+02
-2.981636989298692129e+02
-3.004078662817541812e+01
-1.054881486799800427e+01
-4.794423735957534518e+02
1.083705037855524438e+02
9.309798237600639368e+02
7.231403220005326205e+00
-6.147964773870960471e+02
9.213350898471435357e+01
3.051973605472520603e+02
-3.026044774184200037e+01
-1.186932337310119010e+02
-1.042940339265378498e+02
-2.210322381625433650e+02
3.853499869717358592e+02
6.209571856390163020e+02
-1.327857801001247253e+02
-7.322458615349822821e+02
1.166262201109098129e+02
6.227611996436088475e+02
1.031209881449024692e+02
-8.997718455424878812e+02
-2.770211492993027491e+02
6.233084911532884007e+02
5.122068593779048342e+02
-1.479900226185077372e+02
1.573274147426093350e+01
-1.783213148866260269e+02
2.191169367573099009e+02
-8.952545507428445148e+01
-3.921290802969941183e+02
-1.765821813711598622e+02
3.598603963957228871e+02
3.178765775164599461e+01
2.010725887037641542e+02
6.356018538409742291e+01
5.184440185300602479e+02
3.237096563132499796e+02
-4.266507627577748281e+02
-8.202406647588736632e+02
2.483592173840480655e+01
1.134831176569726949e+02
-3.626333591703076564e+01
-1.455593503459687099e+02
6.437703069422500448e+02
3.291318449960188559e+02
-2.364226040080781104e+02
-3.254855541290605743e+02
-9.549793649346155178e+01
-2.338178472776288785e+01
6.843771923767590124e+02
-2.154815045708909338e+01
-4.847748936083272611e+02
8.973378613481690991e+01
3.919663084283289436e+02
-1.526968565108923599e+02
-2.230166780603448728e+02
7.073951272712513116e+01
4.357687400989909747e+02
-4.235200287004892061e+02
-5.841521436814224444e+02
1.667498174732307632e+02
4.876468654401830918e+02
7.006047475738486128e+02
4.980801849550550173e+02
-8.181103028294899104e+02
-5.229233067294624107e+02
2.720297731523247080e+02
-1.352375490451113649e+02
-4.258972713792743434e+02
-1.946933957419076364e+02
6.228373721098837450e+02
1.021643242741939048e+03
-2.874764924163983437e+02
-5.904249876372641666e+02
3.592336900033033658e+02
1.303298634756104661e+02
2.437883993169029040e+00
-1.070506948711129382e+02
-4.282532402053506644e+02
5.169901202339630686e+00
-1.187913107020851555e+02
-2.989169435927468612e+02
1.027199748757235284e+03
5.349907186325008297e+02
-6.305781908114289536e+02
-1.065996363976006194e+02
2.548482987958707895e+02
-2.667465739873887856e+02
3.793799061154745687e+02
8.488383962716375208e+01
-5.115506152203587931e+02
-1.848520184054484616e+02
5.569399019403208513e+02
5.269740361194197220e+01
-2.007778966194002805e+02
-3.334053056744038486e+02
4.343922749914556221e+02
5.300791547443647005e+02
-6.048286786332020171e+01
-6.630509492992881633e+02
2.400178760791638126e+02
1.637789955497180472e+02
2.917361726284182737e+02
-9.942976174435045777e+00
-2.637630636535737381e+02
-3.004924554357595525e+02
3.328531815479612419e+02
-5.139081714337310132e+02
6.248701678329966569e+01
4.721796164542469683e+02
1.138496998659257429e+02
-3.959304580548289323e+02
3.200157652644301720e+02
1.209866275226984840e+02
5.684011181758138491e+02
3.108909339859286547e+02
-6.537699407218603653e+00
-5.579566056956213060e+02
-1.349388739135077628e+02
-4.617136685802950069e+02
-5.007530292102361500e+02
-1.759159579247896943e+02
7.415780419274310589e+02
2.741662956439761842e+02
1.590872419906129096e+02
7.959706487206366887e+01
2.017934821963435468e+02
6.519757095891520748e+01
-9.905314944491132678e+01
-2.133389510730620202e+02
3.251997890270162088e+02
-1.796805430620473771e+02
-4.616399193624945383e+02
8.999834954788912000e+01
1.166439090658367945e+02
4.754510796598989941e+01
3.889965664337575504e+02
1.708191453846914385e+02
-3.376577585286505609e+02
-3.260495246886806626e+02
-2.083646064827325119e+02
3.293068362334007020e+02
2.393927059530334418e+02
2.108959896926581337e+02
2.015217267462415407e+02
3.141575398283402478e+02
-5.223268775126460923e+02
-5.506009249401228089e+02
-2.580625852609891524e+01
4.259610472692299368e+02
-3.326319260318335864e+02
1.249416887302513430e+02
1.827116331027547176e+02
2.319287883968242738e+02
-7.556592873242482256e+01
-1.204450596932549047e+02
-2.314900419951716515e+01
9.256414939439252976e+02
-2.700717744160479583e+02
-5.119957153419063616e+02
6.869030826418402569e+01
-7.569064052562353595e+01
-6.119404947896330214e+02
2.920263929889410406e+02
1.584684207188816742e+02
1.880952180273370118e+02
-1.359784966223787137e+02
-1.176040146574462000e+02
1.195373271516483555e+02
3.199432778182546713e+02
1.250710144813139522e+02
4.036408068936000859e+02
1.505862900132463977e+01
-2.890724110987470112e+02
-3.048958360336114310e+02
-1.599844626411183413e+02
-5.912768954667033228e+01
-7.439647963468392788e+01
3.493121852400250873e+02
4.629201032244434941e+02
-2.172827413871749513e+02
-4.710642997385270405e+02
9.944884602400705376e-01
-1.071721491685813987e+02
1.646193243739275545e+02
-4.681576319536249287e+01
1.155723450036846316e+02
2.760073978340642498e+02
2.016442121582508662e+01
-1.598110100012338819e+02
5.357377486556321173e+02
-2.056918330505387189e+02
3.189344573181258369e+01
3.426489159822165789e+02
-4.988351152104771131e+02
-9.211546861272594242e+02
5.310335524252742516e+02
3.479835150748986621e+02
-1.300024458937984377e+02
7.183065226983288198e+01
6.342008377513570849e+02
9.236868353668828036e+01
-3.331214603794945219e+02
-3.637827692150145822e+02
2.746672933566720758e+02
1.518568312872480988e+02
-2.670790357261345775e+02
-1.652790980034653217e+02
1.757079098493850609e+02
-3.911587289863348360e+02
-4.718590876427910530e+02
3.559460949972489061e+02
3.980101340310695832e+02
2.163079977770272535e+02
2.865282782972976179e+02
2.164700933885946483e+02
-1.571478976879850364e+01
2.419069133100067859e+01
-3.337874728128408606e+02
2.513536246344021095e+02
-1.675194563330208908e+01
-4.374083345014709039e+02
-1.355473516741715514e+02
4.058226633953644864e+02
-5.816118682776084370e+02
-1.616494090172331539e+02
4.231782773172427596e+02
8.214208685203375353e+02
-7.110441246122223902e+01
-4.057050397868285927e+02
-5.880783316224334385e+02
2.159489696395706630e+02
-8.938292732289099263e-01
2.653632919476634129e+02
7.352117007687169803e+01
4.084582165679543095e+02
-1.732746335431370994e+02
-2.061461459086986281e+02
-4.279455970585161140e+02
9.606129679160247292e+01
1.084997474165881073e+02
5.878646217327990371e+02
-6.581175606437672343e+01
-1.673279405302255327e+02
-1.883282762973991566e+02
1.272433184995160929e+02
2.325908166229217500e+01
4.617586332679854877e+02
6.636415181167991761e+01
-1.001791113072629855e+02
-4.107816522333852163e+02
-4.327549801387576736e+02
-4.429322545943904856e+02
2.131011545317719253e+02
4.538974844714312553e+02
3.291913749643397864e+02
-1.352215880729763597e+01
6.070447172317429363e+00
-1.465907132945812350e+02
-8.694423178648392536e+01
1.627264193843466273e+02
4.549381022385923643e+02
2.634727263332724760e+02
-4.334432365459354628e+02
-6.093006092922748849e+02
-1.360140820119711691e+02
1.085231720323178592e+02
4.629734196773396206e+02
4.559375706393894347e+02
-4.477464670479885172e+02
-1.414315543160062703e+02
5.689680210547998058e+02
-1.576257652309457740e+02
-6.477830781094920667e+02
-1.855305795537918101e+01
3.277959654855445706e+02
2.150782423775015104e+02
-3.064440600928450635e+02
-2.942860952232452405e+02
1.918323554660421451e+02
9.386926439822080681e+01
1.613730671782868740e+02
4.803493828208754621e+02
1.005706577156313131e+02
-2.727686729254436955e+02
-2.236510436279252190e+02
-5.060083501963468677e+01
1.764474953979157874e+02
-2.063418471834160641e+02
-2.070492771420439908e+02
1.782916706189012075e+02
-6.145326062830854141e+01
-1.945541703097393906e+02
4.920161066125717753e+02
3.768180967615706436e+02
-1.790408807477185462e+02
-2.134626358437062663e+02
3.464037202197710599e+02
7.873543448261851552e+01
-6.059326264578432983e+02
-4.770721541440865963e+02
2.198189010949487283e+02
5.830816746703798259e+01
-9.900046330521240634e+01
1.219342156323311315e+02
5.294823924775472506e+02
3.173616222802195352e+02
-1.914198892750000027e+02
-1.755133149796170926e+02
2.214204413360192802e+02
7.143482605030925470e+01
-1.717276201970178704e+02
-2.999485751857417881e+02
-1.075482233429307541e+02
8.900023033374978354e+01
-2.275063371670836432e+01
1.337708378417290476e+02
2.041820192927569053e+02
-2.970581750757531267e+02
-1.424204427667899608e+02
3.648990582135969589e+02
-4.706016210447428705e+01
-1.501837328998366843e+02
3.417015040094449319e+02
1.302017660784411532e+02
-2.627786784824075426e+02
1.212708017240463221e+01
-3.318677559342970085e+01
-2.196287446402704973e+02
-4.990689352453615157e+01
-7.793716506997239435e+01
7.047837844963831344e+01
3.631431786588265140e+02
-1.394124966608147531e+01
-8.863655808375700929e+01
2.858702820187708653e+02
5.404217295964365775e+01
1.879993068153228819e+02
1.244535122668369524e+02
-3.946272115119595014e+02
-3.377397209497146378e+02
-6.239028230245122586e+01
-1.335911552797136324e+02
2.410651471881955672e+02
-1.473952904884149007e+02
-7.344923083658351004e+01
1.378275928300635087e+02
-1.682860146102375722e+02
8.812699710720590929e+01
9.509109339625754274e+02
-3.037344810669732453e+01
-4.586695795380172171e+02
4.575042707120669405e+00
4.180478676174328143e+02
-3.402473056573967938e+02
-5.703566849605613243e+02
-1.463522081407443522e+02
2.936779154320308294e+02
-1.481411169385528694e+02
3.673562470473701183e+02
2.062751996278691422e+02
1.592092175463772605e+02
1.394944369938581872e+02
-1.214145253576016614e+02
-1.394853678400786805e+02
4.101524516560234588e+02
-5.591404546475225743e+02
-4.864767451221431429e+02
1.362199816921367130e+02
2.266713718907099917e+01
-3.206985228760943869e+02
1.391403756893894297e+02
4.979551313932620360e+02
3.938105304628647332e+02
-3.385498933506631261e+02
1.958368738667758748e+02
4.991648055735402636e+02
-4.033533774163110479e+02
-3.922093679850402737e+02
3.462313673416763891e+02
-3.858122972057230982e+01
-4.977359235644444198e+02
-1.539423819857532862e+02
2.861160425072208113e+02
6.322843842209444176e+01
-2.130491037188221526e+02
3.162252272042359209e+02
5.131324815955824761e+02
2.777257359451096477e+02
-3.422183861894009738e+02
-8.029410638541153276e+02
-1.189059732639821192e+02
5.105612834646674401e+02
-1.851991376922531174e+02
-1.760716192775707327e+02
1.048728329097083218e+02
-2.516053201604524148e+01
1.412628945972198267e+02
4.132625402121115599e+02
2.022056456071830439e+02
-1.121928434453896273e+02
-1.383799984342401217e+02
-1.562186682171055452e+01
-2.263270761203216068e+02
-1.098743864053187167e+02
1.687661080226199033e+02
-3.148011843630686712e+02
-2.921272578863022318e+01
3.339242967211997666e+02
-4.589859904460311668e-01
-1.622740669551705537e+02
1.775970745316854789e+02
1.875761926000290316e+02
2.464417475126035697e+02
-3.167620369307874739e+02
1.912498915094341356e+01
6.000697557460149767e+00
-3.721051867929043055e+02
-2.564218589537999264e+02
2.211944836429746601e+02
-7.814138726604224416e+01
2.449367668270197669e+02
-6.708892156093067172e+01
2.342619373271656684e+02
3.423289817739610044e+02
-4.665240529886261811e+00
-1.520706622452605075e+02
3.277226808948763619e+02
-2.526006998347803005e+02
-6.291827791263889367e+02
-4.446316992207497378e+02
7.056795477769497893e+02
3.343671702523212161e+02
-6.690155854687905048e+02
-5.931948294704223912e+01
4.869355254424237387e+02
-1.361480829017006613e+02
2.031626689051178118e+02
2.210228469487496454e+02
1.306764642412290556e+01
1.193856706597796205e+02
-3.977263432732245292e+02
-6.821344029908361506e+01
3.622098064193664300e+02
-3.819123721638680422e+02
-7.073597595599087526e+02
2.430829718279684073e+02
5.527839489903420827e+02
5.300616317874926153e+00
-5.938125607350782502e+02
5.871492199467500086e+02
7.009249649027660780e+02
-2.008263145184905625e+02
-3.177953434301026050e+02
2.399230479178372377e+02
-8.471787818483173282e+01
-3.212450967376080371e+02
-6.950758135727686522e+02
1.410234258101005480e+02
1.723346669450074273e+02
-7.071415023621071327e+01
2.103222433165564382e+02
8.149107497026943747e+01
-6.569714180536286108e+01
6.535302489560617687e+02
1.698463874169322594e+02
1.525976986852310233e+02
1.854194498201610486e+02
-7.773803738524869686e+02
-4.095546600022091184e+02
1.380713805103625873e+02
-4.547199801257855825e+02
-5.123483170504046029e+02
3.377196259759120380e+02
3.759382753684056411e+02
2.175548275801097873e+02
2.983589457235996747e+02
9.601199415085449118e+02
-1.103293781629467389e+02
-2.342291212164258809e+02
-1.800039752851681669e+02
-4.618273902612075972e+02
-4.679024992255610300e+02
3.285785914125938234e+00
-1.019787758765207968e+03
3.329243654081108161e+02
8.480235210765503098e+02
4.141004638915440523e+02
-2.949720196219586796e+02
1.083253731746781767e+02
5.486819998786232873e+02
8.349024688225553064e+02
-7.250347052842525954e+02
-2.239074291092362898e+02
9.826664419064530875e+01
-2.676247011318487239e+02
-1.038250829591705724e+03
-9.809887313958321329e+02
2.243720563346133758e+02
1.381099810208543886e+03
2.058395915567277257e+02
-3.103128322631990272e+02
5.403931394103159391e+02
1.239136603993482140e+03
5.458996262447528807e+02
-9.771583136748967036e+02
-2.364952258129785321e+02
-7.798041795737448183e+02
-1.480939551346493317e+03
1.354168397682343254e+02
6.213549882524172290e+02
-1.084765066002945332e+03
1.109558569755876533e+03
1.203135695068149289e+03
6.370000996000219402e+02
2.305152097031676561e+00
3.953570203534465577e+01
-6.017969816063143753e+02
2.552331843706167547e+01
-9.653441893706157089e+02
2.353413296947725541e+02
9.568047317573928012e+01
9.067237069535184446e+02
-1.117873475939549280e+03
-1.377785749877237777e+03
3.944273641114329507e+02
8.086927440689059949e+02
-1.362873058008806538e+03
1.684658626214708420e+03
2.308044277452030201e+03
1.118709513566390569e+03
-1.015833757147554138e+03
-1.527263988034405429e+03
1.333761590221303095e+02
-3.195263758541887569e+02
-2.619794705370539305e+03
-4.190309039792843464e+02
3.029677093284537932e+02
3.058826545103146373e+02
2.595214237311316083e+03
6.028831157239030745e+02
9.369348077752067638e+02
2.870989347143876330e+03
1.990807244034940140e+03
-2.079199294703058513e+03
-3.801247167921577329e+03
-4.911498000180198687e+03
1.284450106484545131e+02
2.740274946322338565e+03
4.538058814594448449e+03
-1.680985159321529409e+03
-9.785141570887151374e+02
2.580873568598087786e+02
-1.435337750634128270e+03
-1.831995429500753289e+03
5.359147589763636461e+03
-3.597638513980246898e+03
-8.949159197340771925e+02
3.052398648396532735e+03
8.773807980633494026e+02
-2.789704281272702246e+03
8.281091607488543787e+02
-2.527134360125458443e+03
4.553595276537589598e+03
-2.131003640160779923e+03
1.035163687883468583e+03
4.463333412551134643e+03
9.168759600842946611e+02
6.796956426427039332e+03
2.496412130999461442e+04
6.391316433157104257e+03
6.608958521152345611e+02
4.549312738637690018e+03
1.111113014337791810e+03
-2.540031398594820530e+03
3.937412353732336669e+03
-2.674119482491930285e+03
7.714739859806072673e+02
-2.986243700902228738e+03
6.753650124545696372e+02
2.842060540356670117e+03
-8.153939526858653153e+02
-3.248499561484946753e+03
5.605362395742346052e+03
-1.772652801051866390e+03
-1.921272039994280703e+03
-3.848634088254104313e+01
-4.097628096197030914e+02
-8.618651384276764702e+02
5.035629813508236111e+03
3.380572162265457791e+03
8.270361779833513083e+02
-4.090630006329997741e+03
-3.843794263069823046e+03
-2.943113345084096181e+03
1.001921740544657837e+03
2.134128149651286094e+03
-1.201588888354873887e+02
-4.038182813206405513e+02
1.709840835530837012e+03
1.612841398654939553e+02
7.051726496771931352e+02
1.103066668631693346e+03
-1.030109965135432049e+03
2.876969850428380369e+02
-2.107488681481723063e+02
-1.315231888680530346e+03
-8.949983963151814805e+02
1.010952729092692152e+03
1.256162589143579453e+03
8.259764512963967036e+02
-1.484679049920716579e+03
1.081673545650332017e+03
4.809672641883976780e+02
-1.094188699947425448e+03
-1.427742503347562206e+03
1.244669157158625467e+03
8.459824976127291620e+02
3.428087130901187720e+02
-1.327176111444312937e+03
-9.904860801734237441e+01
-9.492786056695044863e+02
5.444137165854594969e+02
2.663758501412081046e+02
-1.909761212594616495e+02
8.600524752237404869e+00
8.372184145000401259e+02
-3.448372077670886711e+02
1.553726414843954217e+03
5.268903944888113529e+02
-7.720965866778539066e+02
2.663922281451852996e+02
2.377208033765494690e+02
-6.168315046041573169e+02
5.605938445006486290e+02
4.743163377367359885e+02
-8.263175995916445800e+02
-1.459560069874426290e+03
-8.108718552152414532e+02
3.854797475573873271e+02
-5.797846696676539295e+02
-9.277883109544077342e+02
-4.487582805662161149e+02
9.670937008998957936e+02
8.127833691933111595e+02
5.833529983656060125e+00
-3.760572751424173248e+02
1.747591162444340853e+03
8.210486908122571776e+02
4.648662834520804381e+02
-1.358257971021481012e+02
3.096820309293144646e+02
-1.031561562829305956e+01
-1.212946405174226783e+02
-1.322183292764491171e+03
-2.290573596227256417e+02
-3.839549006352160632e+02
3.305880368035749370e+02
1.133463982427773402e+02
-2.590854837286744328e+02
-6.347561716683235318e+02
6.865029377944084672e+02
-4.718277745597091410e+01
-2.795411651590594033e+02
-3.335562107808037240e+02
-1.614073120255569620e+02
-6.115511342507601285e+02
-4.153924798524516859e+02
2.297069423025292281e+02
3.461417302633158215e+02
1.125296019333927234e+03
9.857614525043504727e+02
6.493513753525210177e+02
1.091874220897067715e+02
6.399776191988023584e+02
-8.846907738110581931e+02
-3.620000044180683858e+02
-9.519702192813176111e+01
5.251604750121752829e+01
-1.857855652738160188e+02
-4.025902246091237657e+02
-1.031225521358051310e+03
-2.128070633345855072e+02
2.644629958983276765e+02
3.387872363466715910e+02
-4.231946263061116724e+02
-1.526873766351602626e+02
7.759568459540997054e+00
-5.179290822274194994e+01
-3.335310803147856404e+02
5.139226630374292881e+02
5.613476844498237597e+02
7.432929480129805597e+02
-1.512176663765533249e+02
1.250849158958289280e+02
5.342725185300166686e+02
-1.373798708473660213e+02
-1.999300752411610205e+01
2.998147860014279331e+02
-4.744026267919181237e+02
-1.258700043139172209e+02
2.913643498075727933e+01
-3.671852443452673356e+02
-2.457989929602736652e+02
-9.655777369357161888e+01
-4.765088956933223585e+01
2.920779264222491065e+02
-3.535283666095280068e+02
-3.532745904821908312e+02
3.700564840838252678e+01
-6.199457850222545829e+01
-9.986779609598794138e+01
-3.377561063092186799e+01
3.814953676678192807e+01
1.937299288001914874e+02
1.813729820624630520e+02
1.577252364923538437e+02
1.162850220286469352e+02
7.581435575205060218e+01
-6.542887488908404237e+01
-9.599022425634821332e+01
3.041334273610408445e+01
9.936797242638378691e+01
-1.193753982454062026e+02
-7.424276735252054493e+01
-1.934638309489958985e+01
-4.678508956551130638e+01
1.392840223900899765e+01
2.614830024913566930e+01
8.097936788385112550e+01
4.700416867923574671e+01
0.000000000000000000e+00
