-1.525844210778011023e+00
-2.618310363926843465e+00
9.307055639971952843e+00
1.691067173123340339e+01
2.757685860837412051e+01
4.396121873701142846e+01
3.521559769514114180e+01
-1.606553420735442828e+01
-3.658960819583825241e+01
-3.621751335165534158e+01
1.421701244626633454e+01
2.840496472772161241e+01
-2.305427538134717125e+01
-7.617717719060928516e+01
3.066997588275711095e+01
1.157137614861328814e+02
6.475242722555215380e+01
-2.667159002835874304e+01
1.208390450251484651e+02
1.466291607638862047e+02
-4.733825121907350564e+01
-1.387465272569617980e+02
-4.534895446236392758e+01
4.305089117510270569e+00
1.076363366822207013e+01
2.125589579054570066e+01
5.484740528726249664e+01
1.319033562659408290e+02
2.224080966593007247e+02
1.693870837713899107e+02
-2.524652492951367222e+01
-1.003627142207200080e+02
-4.501332773949671662e+01
1.554513515247002431e-01
-1.223449595529307743e+01
-7.049491477905928605e+01
2.256003323188304535e+02
2.622252055436788964e+02
-9.539589841273757997e+01
-2.775717495918217992e+02
3.410025823318362086e+02
4.232626678716267747e+02
-1.917210921811386299e+02
-4.515578744345755808e+02
1.874211829529743625e+02
2.708607053424793207e+02
-2.307820147823610455e+02
-3.213256025236984215e+02
-1.245694247327008242e+01
7.905314404346665924e+01
3.334003614464294856e+02
2.687534152880294869e+02
-2.981482979002041702e+02
-3.531385675443981995e+02
4.450631568014439949e+02
4.688227900689995522e+02
-1.063037131016637034e+02
-2.499331534190279172e+02
2.733153426879661652e+01
-2.224377775478010619e+02
-4.052778120825677206e+02
2.517556740576091556e+02
6.401003558764055015e+02
5.855423314075503072e+01
-3.206912079276544887e+02
-4.625324489657351990e+00
2.361366728715453860e+02
1.522297845770386289e+02
-2.667478138947552679e+02
-3.948000929623300976e+02
7.232880186862666960e+01
5.912403487962639019e+02
4.326998245427284928e+02
-1.794859605217092735e+02
-6.537674818064109559e+02
-3.544940979258818459e+00
6.763811781706243664e+02
7.906058308192368145e+01
-1.003463715569127999e+03
-1.927544403453693178e+02
7.589455629958526970e+02
4.282693905578945532e+02
-2.287880620591910770e+02
5.337529948671421209e+01
8.100778993444302500e+01
1.058628337279954508e+02
-3.001262936151742338e+02
-3.493206219901790632e+02
-1.072448166451769964e+02
3.268917755821477726e+02
1.226712638034285590e+02
-3.156562177509670164e+00
-3.726600328356268221e+01
9.008999091982158234e+02
4.385357092178674066e+02
-7.691536718289899000e+02
-8.447992272338033217e+02
2.460046733932310872e+02
-6.086489584794279040e+00
-1.866342521432432022e+01
4.202806896001149539e+01
3.584549501488866667e+02
2.008087364297296062e+02
1.202525714854718757e+02
-4.735295555411103123e+02
-3.339365204836572047e+02
1.982358832323522222e+02
7.372113945802894932e+02
-1.166103587800431001e+02
-2.533722585310960653e+02
7.543400043505053532e+01
3.140266984566948167e+02
-1.816453617492863373e+02
-3.138368762410043473e+02
-8.167951477572992758e+01
6.026710646370788709e+02
-3.403257741651550532e+02
-7.499031778372545887e+02
1.442745250430274382e+02
7.683766881450973187e+02
6.392241251690860508e+02
3.262665815889025680e+02
-6.368019429596198506e+02
-3.163635911744750047e+02
2.180916166949070600e+01
-3.929881165405284378e+02
-3.111165014088999214e+02
-4.759657180619977623e+01
4.295246488193184859e+02
1.039224240134455385e+03
-1.742122893038630878e+02
-7.048336213584045709e+02
5.332305356547894917e+02
3.405236572058618663e+02
-1.577567209221573989e+02
-1.641492080686606982e+02
-4.012687330453587151e+02
-2.016383646112048211e+02
7.317878823434264746e+01
-2.092742229934606257e+02
6.025581427971173980e+02
4.371345912999999541e+02
-1.192813642844286619e+02
-1.100086767426150232e+02
-1.408049047864619041e+00
-5.295544370945128776e+01
5.620348050151396819e+02
-1.607949915183129974e+02
-4.377183408187004261e+02
-2.184692639465008313e+02
3.067756074064360519e+02
7.884741152721436208e+01
-6.009098820789179740e+01
-4.542416324740531763e+02
5.453404812147743996e+02
5.879409866323553615e+02
-9.632722529289736713e+01
-6.042273680044324919e+02
3.149510756724328644e+02
9.194676710536133157e+01
2.304213508889497461e+02
1.246469167463856564e+02
-1.908988003618916309e+02
-6.327944450165099397e+02
1.109430495119401883e+02
-2.381824190490088995e+02
2.040836187562684358e+02
3.563033589158674772e+02
1.051655621467822073e+02
-2.973948066624444664e+02
3.410025244270786970e+02
2.480296391796420608e+02
5.617531096689563128e+02
9.360687525223897865e+01
-4.655239536631736286e+01
-3.994960815141034800e+02
-4.607456988262194955e+02
-4.249037549932950810e+02
-9.863664188742515648e+01
-3.928092224806343324e+02
4.186254979162996506e+02
7.640795255040773100e+02
3.194219150942460601e+02
-1.569225775920151307e+02
1.488842620024256576e+02
7.080776458307981613e+01
-1.748654975555126612e+02
-1.345023102260607288e+02
2.293313360822732818e+02
-2.893926608743848874e+02
-2.896646858349327545e+02
2.346247305005171313e+02
-1.103107138200583108e+02
7.441974772310737762e+01
5.881606432982629258e+02
7.946416431373648948e+00
-3.690710356583410885e+02
-6.039379662868670806e+01
-3.131129653832045960e+02
4.314134900964950248e+01
3.851606370306632243e+02
4.159659936877154678e+02
1.709296306459580705e+01
-5.642882327765187256e+01
-2.204319339106193070e+02
-1.346773750341748439e+02
-2.171341433051688341e+02
1.255883221828614609e+02
-2.180358426679744355e+02
2.156680890217180036e+02
3.202739727063445230e+02
9.035400460098371411e+01
-2.965340450894129845e+02
1.670307382317767519e+01
1.717994910386636036e+02
6.361579366734684982e+02
-2.341732859281470382e+02
-2.064706900039485049e+02
-9.997890787827333270e+01
-4.219037649825223752e+02
-2.200330440356108284e+02
4.650449474298146129e+02
-1.914611697355182116e+02
2.201162516295873672e+02
3.052326830026384386e+01
-2.799211601940326659e+02
2.222279474221787439e+02
3.694572457641417600e+02
-6.691009163787205694e+01
5.188892061825125666e+02
4.995664095779032721e+01
-5.086542349526024509e+02
-2.598400276125946675e+02
8.534164605271983817e+01
-1.019851590288542980e+02
-1.629771064748634046e+02
4.338428641531103267e+02
5.128774599784263728e+02
-4.486708175124866784e+02
-4.171068153796048819e+02
1.573189423530317583e+02
-1.755306098126999359e+02
-3.977180069374092852e+01
4.112353325774357415e+01
2.446310253107278072e+02
3.212952191650047666e+02
-1.539408813437742651e+02
-1.883058571062558997e+02
5.948313319029765580e+02
7.621329327553056032e+01
1.018360790900316886e+02
-4.914592290667783914e+01
-6.151040720784973246e+02
-5.249979123591230064e+02
3.176957820795945509e+02
1.106749597209447415e+02
1.631471991377358108e+02
4.262476681858433381e+01
3.953553646804990080e+02
3.968772376633205567e+02
-1.212892338442087805e+02
-5.782988745577015379e+02
1.911332180493501767e+02
2.295608522409813759e+02
-2.670791249998443959e+02
-1.791176991647991485e+02
8.414691164351999930e+01
-6.477665975685060857e+02
-2.288356004442927087e+02
5.739615169106155008e+02
4.985830166054925883e+01
1.889449126244224146e+02
8.598738588180385705e+02
1.419587072973948239e+02
-3.546521298909920574e+02
7.686865736355727563e+00
-1.632607850057556789e+02
1.831368029673781734e+02
-1.054198228029138420e+02
-4.371975887913156953e+02
-9.628769696147813306e+01
2.147222434271645568e+02
-4.790312647739118006e+02
1.452058168038782071e+00
4.446108252829583307e+02
8.243088207252230859e+02
-3.342775375119457237e+01
-4.659310198121003168e+02
-4.771259433837161623e+02
1.873093718837606332e+02
-2.833303107670726604e+02
1.406576766591681462e+02
2.686479400593753439e+02
4.180741812104378141e+02
-2.463092515634575932e+02
6.534185713546703766e+01
-4.623560654630624640e+02
-1.505434269083597485e+02
4.475987721504678802e+02
7.693163754285330924e+02
-5.415479330039086108e+02
-1.609400274251661642e+02
-4.222249898086521114e+01
-8.897213056178024715e+00
8.503929881230021692e+00
5.199360328995164764e+02
-1.165429265272375119e+02
9.052858931641851825e+01
-1.778542493387676586e+02
-5.330363169249377506e+02
-6.378966372888869500e+02
4.820693020758861849e+02
5.136604650373095637e+02
8.856118310366450430e+01
-1.521082258154647775e+02
6.015667781569740669e+01
-1.287501732932449556e+02
8.240698831404205293e+01
2.923911631770847919e+01
2.514713941215785553e+02
3.795802642549449502e+02
-1.381026459354947065e+02
-5.410108200872597308e+02
-2.886590751676510536e+02
4.056505998635665833e+01
5.645570966856657833e+02
2.879650923905332434e+02
-5.318996256821651514e+02
4.485978192957358601e+01
3.824615779412886809e+02
-2.495829431961973626e+02
-3.553430592121333120e+02
2.409397499145534738e+01
1.849218456119838265e+02
3.887287667661170758e+02
-3.743524405701194837e+02
-4.613720221134943245e+02
3.230862755003637403e+02
2.684765799658092646e+02
-1.584127989231956235e+02
4.601380001958870594e+02
2.916861879474683974e+02
-3.868810195443243174e+02
-3.069576291083852766e+02
1.671987061766425313e+02
5.475084780261731510e+00
-1.047276470618450759e+02
-4.839704571061247407e-01
-3.948229923791209472e+01
-1.831592816887160780e+02
8.691437301502705282e+01
3.909917580958706367e+02
2.037085762660769319e+02
-1.209652629735196285e+02
-1.189895366870242412e+02
2.268854836852371477e+02
9.569698224909228657e+01
-4.234275393295583285e+02
-6.016539587951519934e+02
2.065405467411922302e+01
3.173904211493908178e+02
1.567496780020738640e+02
-1.018650741587264008e+02
2.518898588641172864e+02
3.406123058450431813e+02
7.315409507925716071e+01
-1.604546376962857437e+02
1.316774185985298118e+02
-4.782781712524044337e+01
-1.358826922794716552e+02
-1.645415326205697113e+02
-1.686139855772665328e+02
-1.248750259059909808e+02
3.070961865310232497e+02
8.813694330753587280e+01
-7.944552935711070063e+01
2.007699212392627430e+01
1.056985479072743601e+02
-1.601868486335976058e+02
-7.846497485383640935e+01
1.788749665320108306e+02
2.718074072577754237e+02
-1.788144319035481828e+02
-1.286647948847201235e+02
2.002786847682529299e+02
-9.011055783474937186e-01
-3.114368445368575067e+02
-2.014472704067152335e+02
-5.560336502256475022e+00
4.526120012687818530e+02
1.727350512354992702e+02
-3.966684277812083224e+02
1.810267581339700200e+02
4.216137123121313834e+02
-2.468950471213268827e+02
1.356499795447857935e+02
3.515021923834935365e+02
-3.741691098816419867e+02
-4.842000263521476313e+02
-5.316139730139384767e+01
2.032014792617787293e+02
1.687068832855285905e+02
-3.819874309818561073e+02
-1.001688761989929759e+02
2.852399855678588665e+02
-9.352116992136215856e+01
2.493943533922262645e+01
5.498026237829968750e+02
2.169129873396748565e+01
-1.196958373602197554e+02
5.204904394131825995e+01
1.817100140363889125e+02
-1.030687675901899780e+02
-4.040838403084208039e+02
-4.230528638985811085e+02
2.342035389488638657e+02
1.674138390900150171e+02
3.261933222609934546e+01
-3.063786080778373133e+01
4.432936296233920643e+02
1.927909420883074745e+02
-2.312975785237543960e+02
-1.197365935370935404e+02
3.783077872874688410e+02
-2.829008629135339561e+02
-3.479031885682369989e+02
-3.233773098844463902e+02
-1.705955638795070683e+01
2.265821239534302265e+02
1.252911265178135523e+02
-2.309324005727993097e+02
3.475349103689962931e+02
1.993760391957577838e+02
1.893363979493268801e+02
1.190044550415730953e+02
-1.932091621194725519e+02
-1.430035069271039845e+02
3.443285614640812469e+02
-2.440381891678731279e+02
-3.988395051971552334e+02
1.779105931654925143e-01
1.055242669767664410e+02
-2.787917217282412139e+02
-3.834658626760646882e+01
4.852281636048574001e+02
4.735459511032975684e+02
-5.259848812305082788e+01
-2.525954191259245363e+02
-2.428400058030932485e+02
-1.095582531866136549e+02
-2.493732678295517147e+00
5.458742867366768792e+01
4.814749978550231901e+01
-2.846820101294606502e+02
-1.665085656325774153e+02
4.342750307330140345e+02
3.725984487940563668e+02
-2.273365853845441364e+01
1.183841335896293145e+00
-3.297787432748258141e-01
-2.348532402680352504e+01
-1.904685282952813168e+02
-1.680716638803407932e+02
1.731864646892832695e+02
8.239910714527297841e+00
-3.307700918486871728e+02
-1.166976574122911359e+01
3.654622853630486929e+02
3.597802897487369478e+00
-3.364537604540291795e+02
1.354211215086097297e+02
5.658675099595653819e+02
-3.298734015550132881e+01
-1.175220446290875742e+02
-1.326647001750298500e+02
-3.671734165316263443e+02
-1.472655569162421614e+02
1.961884881394931028e+02
-1.076185837924412851e+02
1.009913439452346893e+02
2.604929861903244159e+00
1.719621641615706551e+02
2.710401702765225309e+02
1.671836152687547496e+02
1.348075250561532812e+01
9.243859185197146644e+01
-3.639454647418600644e+02
-2.848161120315400012e+02
-2.471141883027437416e+02
2.053649196328205448e+02
1.678463113919329714e+02
-1.887907822073464104e+02
-1.185493735895774421e+02
2.060287706272617640e+02
-6.319598867031807288e+01
2.701980570205888057e+02
2.842143426755880569e+02
4.091511363946706581e+01
-1.780337480365049032e+02
-2.085933308133999731e+02
2.561126779416788395e+02
1.676427584285482055e+02
-6.746135485704555776e+02
-4.036606412557010799e+02
2.837657619637149651e+02
2.252631757668637249e+02
1.786941068655670861e+01
-2.222830250355798967e+02
3.378335779965004235e+02
5.725453485336774975e+02
5.205964861415850464e-01
-2.177805457174510764e+02
1.712475359303911375e+02
-1.510218944165294772e+02
-4.820615549540564189e+02
-5.188172491886700755e+02
2.778543258641207672e+02
1.568506747916960080e+02
-1.871306926844738427e+02
8.391333507183861684e+01
1.133981122531600931e+02
1.090346935865349565e+01
6.405918983574905496e+02
2.466228748618798363e+02
2.619579656685786517e+01
6.489607778717252984e+01
-4.477880183513040038e+02
-3.392700607711197449e+02
-1.251025090913180406e+02
-4.864797480079618026e+02
-2.738466001194468049e+02
2.576863451211791016e+02
2.472323026404417021e+02
2.032812902830654025e+02
2.511161773576490361e+02
8.972921727141258543e+02
2.414714898500095330e+02
-3.923830425345761341e+02
-4.440883212028511480e+02
-9.303092175967549338e+01
-2.340517549056287692e+02
-3.958840253754335663e+02
-1.039458496637769258e+03
3.691629562492223045e+02
9.171790377577297022e+02
4.688882797254678394e+02
-4.350076050867034496e+02
-9.457112451252896790e+01
7.334372832397280035e+02
9.519723455777655090e+02
-8.297566569586588230e+02
-2.504893532216537153e+02
3.707196282718502403e+02
-3.147980869397399601e+02
-1.255733884371617023e+03
-7.652723869519293203e+02
3.143514332388606363e+02
1.032019271611478189e+03
-1.796691748361312335e+01
-1.381218556034175720e+02
7.727495431918492841e+02
1.215863779398056977e+03
3.735370810648637985e+02
-8.281815546107919772e+02
-1.873050898250073999e+02
-7.039082014552897135e+02
-1.454338182619062763e+03
-2.869979882930282145e+01
5.945140584519519962e+02
-9.279213560540010803e+02
7.586098034566531396e+02
1.212831211198559004e+03
8.667846167549533902e+02
-1.003228409297063592e+02
-9.278533393094244275e+01
-2.522334475671895575e+02
8.665016182127969557e+01
-1.172396061851819468e+03
2.287933637132881870e+02
3.397260659247061767e+02
7.751757900010469484e+02
-1.258009245366738469e+03
-1.490254219409514917e+03
3.185236411872140252e+02
1.104743156425684901e+03
-1.283615648773924704e+03
1.149043834568327611e+03
2.444317467625161498e+03
1.707037082265655954e+03
-1.082256594207446597e+03
-1.803813730770251823e+03
1.719862208987202905e+02
-1.654159334225074929e+02
-2.782904208020310762e+03
-6.377447537740870303e+02
3.942271736986817245e+02
4.243048987981001119e+02
2.344220375298915314e+03
6.752440738262951072e+02
1.205747707252368400e+03
3.054612617930392844e+03
1.728647432647734149e+03
-2.299593133937993116e+03
-3.552453628376076722e+03
-4.554026402063537716e+03
-2.360407213325994178e+02
2.367885178815187828e+03
4.736382063966354508e+03
-1.260800286298180026e+03
-1.432889549234724427e+03
-9.535571624958978987e+01
-8.161510989243109861e+02
-1.505288120853170312e+03
4.771044710277324157e+03
-3.555138453538093472e+03
-5.556330570880813866e+02
3.022732045290857513e+03
6.740624236371006646e+02
-2.932514716029186275e+03
9.561708983212565727e+02
-2.369551207294037795e+03
4.240824397797035090e+03
-2.328052251011099543e+03
1.510279840947244566e+03
4.716514036934537216e+03
4.311706927110784591e+02
6.583084425228343207e+03
2.563113701814350861e+04
6.498387771851109392e+03
1.113512472293930813e+02
4.433478475204879032e+03
1.364371517209234753e+03
-2.550412386527983926e+03
3.892619098324540118e+03
-2.763899163224174572e+03
9.752070613344247931e+02
-3.025670061829437145e+03
5.289781389374337550e+02
2.929837011868259196e+03
-5.981951946608036224e+02
-3.399539535689350032e+03
5.455572530496624495e+03
-1.795379082459012352e+03
-1.503127444940963187e+03
-7.676662147700396588e+01
-1.020305655892151663e+03
-8.283113225105373658e+02
5.669689420359531141e+03
3.235093882822777687e+03
3.191703930942761644e+02
-3.919721198826305226e+03
-3.314132473492379177e+03
-3.109361030645510255e+03
5.895124951841845586e+02
2.217957193828234267e+03
1.584465551051377190e+02
-2.888656333637423472e+02
1.419961799963004751e+03
-1.255266439015874198e+02
1.096005864957228596e+03
1.319937040457065450e+03
-1.647881510903727303e+03
4.487609704172612055e+02
3.040269885524120355e+02
-1.587282972617706264e+03
-1.352680655354804912e+03
1.386639256147934475e+03
1.666194252121606496e+03
5.861246619050479012e+02
-1.986335161321201667e+03
1.326691142268892008e+03
8.460985702979124881e+02
-1.201688638296454883e+03
-1.806018764254744383e+03
1.254129843735288887e+03
1.105444826503551440e+03
3.541923702272165428e+02
-1.645596529714747021e+03
2.033137317307409262e+02
-6.890771466134601724e+02
3.234806206746305293e+02
1.601354453235096287e+00
5.087816928120592763e+01
2.561710259268365348e+02
4.230879931629818316e+02
-7.032289443455722449e+02
2.113371522509993611e+03
7.444321002307052595e+02
-1.355379140339863625e+03
2.848538578496077207e+02
6.016922182960641976e+02
-5.226077543814361661e+02
4.078554420087245944e+02
3.033437465652505125e+02
-6.925069569156997886e+02
-1.155320638674558722e+03
-1.011083447831473109e+03
-3.338715392018798411e-02
-5.578705325564205850e+02
-5.749648959316712080e+02
-6.636078400498431620e+02
8.630719648993475630e+02
1.137249843538429559e+03
3.386309471957912365e+01
-6.972377868834546462e+02
2.078336570389744793e+03
9.338262905343369766e+02
3.295908256954067497e+02
-3.727654076919897648e+02
2.103973383726791724e+02
1.930874217143517342e+02
3.052596229871834055e+01
-1.658034930169344534e+03
-3.697030372079380527e+02
-1.449141111636577648e+02
6.935017764749179605e+02
1.032988392678462830e+01
-5.091175601374021653e+02
-4.846508528340359021e+02
8.843564484911954651e+02
-3.605012304738376656e+02
-4.572353688265503138e+02
-1.111389818184617582e+02
-9.065999631748377396e+01
-7.707029062045849059e+02
-5.552993418061516877e+02
4.956584591254533052e+02
2.835756702074399414e+02
1.138276232925676368e+03
1.005285215744558855e+03
8.112432856712100602e+02
1.209410322133917504e+02
5.867655376433640413e+02
-1.239549289444474653e+03
-1.689329774256103178e+02
1.282643294931667981e+02
-3.592923484662152305e+02
-2.398207614052488452e+02
-8.768251712818486965e+01
-1.004217954841391133e+03
-2.534889760649248842e+02
2.555929488933884386e+02
3.496671896797459453e+02
-4.381407795385718487e+02
-4.922914596701343726e+01
6.674268241070910790e+01
-2.145880944477224830e+02
-5.928448160113701988e+02
6.386826533218550139e+02
6.962693813177362472e+02
8.323776984615416268e+02
-2.343818065102040009e+02
-5.632524355629183788e+01
7.337724531913410146e+02
-7.124153229412442556e+01
-4.934980415922125019e+01
2.809602752747273939e+02
-7.140356151144115984e+02
4.565864656733291227e+00
2.790145171170408389e+02
-5.908063478358525344e+02
-3.400621367477120884e+02
2.540632350056009869e+01
-1.150082785189652981e+02
3.344550550668011510e+02
-3.909318011927366001e+02
-4.317243634350380148e+02
1.422020006597968802e+02
-1.074949495425848482e+02
-1.043067458375993226e+02
8.366288919317351258e+01
6.349117065574179009e+01
2.163997875894774552e+02
2.368386021682865703e+02
2.047579551572018204e+02
1.660369990284122821e+02
1.012077022317257047e+02
-9.967115591436517263e+01
-1.118652679766935165e+02
4.338099580827915958e+01
9.716650534607713041e+01
-1.624009959140576314e+02
-5.921691260242899091e+01
1.863369829079492490e+01
-8.110661264263791281e+01
3.200514964460158041e+01
4.773461003717349627e+01
8.336134485229271718e+01
5.940708919478029770e+01
0.000000000000000000e+00
