-5.179032511612068568e+00
-1.881311974079034854e+01
-9.505008962954221374e+00
1.136415108345488534e+01
3.939293783087569523e+01
5.934315601551421082e+01
4.678573887376224860e+01
-1.184531556212361991e+01
-1.232088708184286929e+01
-2.929215435243227716e+01
-2.597549962688404790e+01
-3.293166664771733565e+01
-2.350415450992023381e+01
-5.681594356619649488e+01
2.531072171567803863e+01
7.838391325905209328e+01
1.005316321481700470e+02
2.893783149639939722e+01
1.355265232549923269e+02
9.048898407137596678e+01
-8.486205914461388033e+01
-1.439303150305855183e+02
-4.594107571447206340e+01
-2.923663096308076348e+01
-8.892971396536928808e+00
4.237007355585737400e+01
7.771219423205880616e+01
1.237824285239959607e+02
1.788182302088310962e+02
1.526097575016307530e+02
-2.228298445380321624e+00
-4.918972546209741381e+01
-7.307706234688183144e+01
-7.366041066173073659e+01
1.978214589813531177e+01
-1.728366967124480169e+01
1.646711399637782449e+02
1.317266299228462287e+02
-1.851108208323510951e+01
-1.654583119518771639e+02
3.331575884411425363e+02
2.834665165419769437e+02
-9.037638797721835715e+01
-2.653282549291968735e+02
2.512127262781326635e+02
9.947207765852601824e+01
-3.632706897448250629e+02
-3.358190625898566850e+02
7.815374320355638815e+01
7.265288780558653059e+01
2.927526842952092352e+02
3.008351659445257837e+02
-1.789162166119091353e+02
-3.354579452392588337e+02
4.140616091647589769e+02
3.941176945789569572e+02
-1.419513466020778480e+02
-2.728148431197415107e+02
2.873905278433100463e+01
-2.254053929229699236e+02
-3.761822406720893355e+02
3.271819425900404212e+02
6.525694505245141954e+02
4.026717367642176271e+01
-3.190725292870765202e+02
4.819558800746310823e+01
1.143803736159049151e+02
-1.425141983550867053e+01
-3.093252518744741337e+02
-1.690351958051659835e+02
2.545850177635880698e+02
5.377688076708425342e+02
2.328225913808561245e+02
-1.533541118983649767e+02
-5.059013876372206369e+02
1.917212859303730710e+01
4.326924365157489092e+02
1.548215021820154647e+01
-8.093522888902065233e+02
-2.372594031218906707e+01
5.921101638129987350e+02
3.146589896241397355e+02
-1.189981214250792618e+02
2.469498839299730548e+02
-3.051064687773254036e+01
-1.554854362440035516e+02
-3.257254754002088362e+02
-1.058715939134199857e+02
1.992672372984537787e+01
1.866343950674199732e+02
6.142279278737476034e+00
4.901521242168269055e+01
3.564881329082726324e+01
8.675727902681985597e+02
3.792481148476957742e+02
-8.278326037746617203e+02
-7.956229244842319304e+02
3.775219539619591842e+02
7.897423797029441062e+01
-9.951073778225730848e+01
-4.103847069347712306e+01
3.398170071817936559e+02
2.717327092213172364e+02
5.425901485562678772e+01
-5.501408241919480133e+02
-3.453388630083751423e+02
3.380219921176236539e+02
7.841858716725053000e+02
-1.137973849867074279e+02
-2.799200627345363159e+02
8.451316721268115373e+01
2.066922000027961417e+02
-2.372112829771984082e+02
-2.416193591565352961e+02
1.260430611100986198e+01
5.195587462320228269e+02
-4.244896159734075809e+02
-6.990933211512956404e+02
2.512874431440077956e+02
7.317526986991939566e+02
5.922909760401273616e+02
3.711902244745843973e+02
-5.594335446351519749e+02
-3.283979746319463402e+02
-6.699121242993260239e+01
-4.218552369503105410e+02
-2.522664509787839506e+02
-1.387680367374223067e+01
3.202160728728762251e+02
9.651677676020772196e+02
-1.825469936356175538e+02
-5.767268529411710460e+02
6.634607052810392815e+02
3.993822048508333182e+02
-3.041764854014704724e+02
-2.716097587840438337e+02
-3.629477725269433108e+02
-8.303141510496890021e+01
-1.402176504343599106e+01
-3.607383117471057403e+02
5.560640474015126529e+02
6.368865963551845653e+02
3.712963607154497936e+01
-1.593598035350898101e+02
-1.810697520954145432e+02
7.928900748475591342e+00
7.049204683196167025e+02
-1.733222294177326432e+02
-6.567771098120090301e+02
-2.759673917264689180e+02
4.755799293789823423e+02
2.144707954886746961e+02
-1.618508871386806618e+02
-6.056742122616506094e+02
5.549988992456105734e+02
6.981076246754903423e+02
-6.786428178221672169e+01
-6.928157862768480300e+02
3.297993280134342058e+02
2.070175049194608334e+02
2.954238580923915833e+02
1.647706937362870860e+01
-3.014156917761984005e+02
-6.627544210919504621e+02
1.802457155565877542e+02
-2.292625668631775113e+02
1.863758264853823903e+02
3.134845477155315621e+02
2.164503979774842151e+02
-2.035797629689608641e+02
3.522737361902116504e+02
1.726230605526695570e+02
5.621230430164539484e+02
-9.149017176487731717e+00
-1.442583446304595043e+02
-4.016044102822454533e+02
-2.917968915536034160e+02
-3.486434432472790377e+02
-1.838021240292462721e+02
-5.120304393677395183e+02
5.158385987339462417e+02
9.223549860501698276e+02
2.875429715222402933e+02
-3.822838972166397298e+02
8.692968480771895656e+01
2.394060951652277254e+02
-5.421145095180338558e+01
-2.200989926531704555e+02
1.071977449967820633e+02
-2.430931132157631964e+02
-1.596978813611119108e+02
2.266084068365113922e+02
-3.093351803281872208e+02
2.937615267427472077e+01
7.792543313409101984e+02
2.155911008120482961e+02
-5.069858207120868201e+02
-2.731959584658284257e+02
-3.013500987932166595e+02
2.380702469854806509e+02
3.371400283829390787e+02
2.517165098285752549e+02
-2.852236942625803096e+01
1.457651228963873962e+02
-1.092351627612785165e+02
-2.023961143214841627e+02
-3.573138978056986161e+02
1.589275367933464622e+02
-1.664243428823119757e+02
2.167449282810702869e+02
2.466509669927278310e+02
8.114142509050064689e+01
-3.061754394516888169e+02
8.851491252849977798e+01
2.840509975897118693e+02
6.483893814514207179e+02
-3.760510085526041166e+02
-2.901796759221996354e+02
-6.327627262535094843e+01
-3.664714882758449903e+02
-1.993280540511214554e+02
4.427786040167734427e+02
-1.834295875690952755e+02
2.222852977926683309e+02
4.842580097773397796e+01
-2.779181082901877176e+02
2.399406863938532126e+02
3.115952657974782483e+02
-1.170328938964086518e+02
5.094191910374481154e+02
1.511595690733475976e+02
-5.011277783812641360e+02
-2.851380938309699786e+02
7.530902284255631685e+01
-3.577520450111875050e+01
-2.253999727921217016e+02
3.475492317266069335e+02
4.875338047228782443e+02
-2.894541206754270775e+02
-3.319791177618835718e+02
1.126313578539311777e+02
-3.164302939292120982e+02
-5.791448984886023510e+01
1.125204709302972077e+02
2.843537715441025853e+02
2.062248455332470485e+02
-2.147237645485171811e+02
-1.063799220859479817e+02
7.379477671345224508e+02
1.414131264206620529e+02
3.425826540306441359e+01
-1.836383060979894992e+02
-6.422954203050892374e+02
-4.091112228256084222e+02
3.268172128942026688e+02
-6.174045835555546091e+01
5.136024354981152840e+01
2.491951109543140319e+02
6.225672603016442963e+02
3.725093705889803459e+02
-3.754477099975895271e+02
-6.129650064545588748e+02
3.740413197555768647e+02
3.126218951591502559e+02
-4.949018189164527257e+02
-2.549250571110499664e+02
2.303636034628610787e+02
-5.284298132972290887e+02
-3.761985253716642319e+02
4.932949548558117385e+02
1.397703123258905009e+02
3.106169826387952639e+02
7.754071516970952871e+02
6.324299644868546011e+01
-3.350884808832140607e+02
1.273146144098167269e+02
-1.277178061843130905e+02
1.414437075233939822e+02
-1.958157071980819524e+02
-5.002674618868492757e+02
-1.401896728021376930e+02
2.402810955462235825e+02
-3.996019698489045595e+02
7.941040352066693231e+01
4.785382155038272458e+02
7.965213818961134393e+02
-5.150135843997774998e+01
-4.765557574164382117e+02
-4.385262431782695103e+02
1.368571769664585531e+02
-4.366327261111432563e+02
4.914145682183099950e+01
4.670492258406879955e+02
5.736571535199371965e+02
-3.104832924956598390e+02
-9.731949523520152923e+01
-3.795159793886635953e+02
4.357294178049784250e+00
4.460313351611237636e+02
5.296421946861231618e+02
-6.067752512141080388e+02
8.649012594079749761e+00
1.374299378685697093e+02
-1.624437561087172242e+02
-1.796053975001856884e+02
5.540406016772957400e+02
7.655632801894284967e+01
9.892824344148760929e+01
-2.970273732678818988e+02
-5.871444194050637861e+02
-4.872425041475524381e+02
5.982328396719046850e+02
4.218532513997173510e+02
-7.056538449726569695e+01
-1.486350242576842220e+02
1.654552696242768945e+02
-1.480630521368499615e+02
-4.794916604581555930e+01
-9.873715938706531858e+00
3.976371740126529630e+02
5.203210875407842195e+02
-8.217986762266725975e+01
-6.412811581866957340e+02
-4.054912713472978112e+02
-2.205695302534206803e+01
6.330308887114670142e+02
3.118915808154653178e+02
-5.370309917255065102e+02
-1.213242937214553052e+01
4.186124223350549869e+02
-2.081114171215620559e+02
-2.783038098110430383e+02
-9.070851389612919036e+00
1.283118335906959260e+02
3.361852814138469512e+02
-3.432381101110637474e+02
-4.563729936903726525e+02
3.757199107242720970e+02
2.631118645478951521e+02
-1.813566324765363333e+02
4.434054324966293166e+02
3.076812709304028886e+02
-4.310608003122076184e+02
-3.354711980529855282e+02
1.903811675491033952e+02
7.536818940660617727e+01
-5.476679860179838499e+01
-2.706555700650946417e+00
-9.725890194106371212e+01
-2.502005002122624262e+02
1.289970572196680791e+02
4.327937390828556659e+02
1.499708682681353764e+02
-2.291665433039153186e+02
-5.876632072805396234e+01
3.711513756534716322e+02
1.700670084101128054e+02
-5.664049289064992081e+02
-6.768695857892540744e+02
8.659930352864203940e+01
4.236685373500656056e+02
3.690011943742022993e+01
-2.544469502531095486e+02
2.658347366734334400e+02
5.905428047478092139e+02
1.752337354724056695e+02
-2.547721506609236144e+02
-6.321774693957306113e+01
-7.665560836490166707e+01
-2.465115579396001522e+01
-4.561019896127703532e+01
-2.872252911195611773e+02
-2.687435839773120847e+02
3.801331610198421913e+02
3.145650059621539754e+02
-8.131993687023118866e+01
-1.682476668252463128e+02
5.670527425974960778e+01
-2.910055490654536925e+01
-4.472282316068930896e+01
2.604925095499783083e+01
2.099417890807043818e+02
-4.634544770892745191e+00
2.757806207892440398e+01
4.393157660325229585e+01
-1.622102826439880232e+02
-2.607144755383692427e+02
-6.846250246038223963e+01
-5.289108828153080566e+01
4.150248031682896226e+02
2.191067441248288503e+02
-3.137796922019302315e+02
1.030622387328203331e+02
3.747280199940918237e+02
-2.388377660808781116e+02
1.909623035008486625e+02
2.642389735063880494e+02
-4.555315831545304945e+02
-4.558889574588115465e+02
1.320939670063282847e+02
2.540372745385053008e+02
9.528005130728733718e+01
-4.679161129834303665e+02
-3.271243605243662955e+01
3.313004249436114605e+02
-1.832931099543081359e+02
-1.453220562611303706e+02
5.376434104933149456e+02
1.928089958878309176e+02
6.066374109763948752e+01
-4.573143363818616081e+00
-1.219695175027266032e+01
-1.012334644637414129e+02
-2.311003158933675934e+02
-3.625625283597302655e+02
6.205093203933864743e+01
3.920797900561410643e+01
1.122231707673915651e+02
1.585066599955352160e+02
3.969491903736191603e+02
2.458534670034748615e+01
-2.666298356349184360e+02
7.467176920405913165e+01
3.900429600040269520e+02
-4.327387240093831906e+02
-3.901209389810976518e+02
-1.043758219762118244e+02
8.352418526675697308e+01
1.341537455350255641e+02
-7.635424858701438211e+01
-2.639605037041649780e+02
3.931089472459116223e+02
2.547046613681792167e+02
1.786775540547911305e+02
1.400445400060432348e+02
-2.045404937371329765e+02
-9.701929329738928232e+01
4.289621823526842945e+02
-1.837664609379081071e+02
-5.093312724181714088e+02
-1.529999591877872263e+02
9.824936361640392590e+01
-1.960082276364857421e+02
-4.697908527034714155e+01
4.362636708380177879e+02
5.318255560697645024e+02
2.616907053727877042e+01
-2.361911090751850963e+02
-2.927864253982108949e+02
-1.127247681984103167e+02
-4.168758459933178528e+01
4.440960937104688355e+01
6.724535503042470452e+01
-2.167319282460387626e+02
-1.949692506206978067e+02
3.769645821816275770e+02
2.986013200932222844e+02
5.447877093524152059e+01
4.882950883416181398e+01
-3.088948780109762282e+01
-9.572938411146409976e+01
-1.029029030980534429e+02
-8.209010247084985679e+01
2.099260119033834258e+02
-8.365557064211043325e+01
-4.017607447048193308e+02
-4.176646289396887823e+01
4.122976651328148137e+02
-4.183749873544520170e+01
-4.257697240765387505e+02
1.811841056211218586e+02
7.978082415776945027e+02
6.552753638528987778e+01
-2.765039220313215651e+02
-3.261096646100040175e+02
-3.325120870899016268e+02
4.577563521017881953e+01
2.080763060625310743e+02
-3.092625211257947058e+02
-2.776279601925932639e+01
1.664283476901052268e+02
3.715018991860151800e+02
2.629808676139684280e+02
-3.226760734178526491e+01
-1.533117894431394390e+01
1.946857722121834513e+02
-2.868861026183629974e+02
-3.982458733789983398e+02
-3.124735241400958898e+02
2.767960878397817055e+02
3.297369013931858035e+02
-2.631153714816395564e+02
-2.791543253960791162e+02
1.634976010687266239e+02
9.183132916012571911e+01
2.918344218036550046e+02
2.050287752670463419e+02
2.179361988908752323e+01
-5.429344670268991990e+01
-1.763641198521433182e+02
1.975030232727123405e+02
7.499410247056344758e+01
-6.608877540266084907e+02
-3.730405749240013620e+02
2.334959408902946052e+02
1.801079656690408513e+02
1.258866595496170362e+02
-1.057357566960665309e+02
2.878305099600661379e+02
4.766388603461977027e+02
6.631328712114791024e+00
-1.472455437803475320e+02
9.045198887108647057e+01
-2.719507456275455297e+02
-4.640959505128879528e+02
-2.854560806992612925e+02
3.773589905563148932e+02
3.405590453070601598e-01
-3.973880472835986666e+02
1.929568765108019761e+02
2.838382398853325412e+02
-4.580837658960575709e+00
4.214599978618621776e+02
2.009823196727190862e+02
1.556255722487405819e+02
2.289152448324759348e+02
-4.805905174783291613e+02
-4.284213321914172070e+02
-2.017862451145964542e+02
-4.112687549464515655e+02
-2.308597308789819351e+02
1.930514142886767672e+02
1.517567114871528702e+02
2.890175480113139770e+02
3.881852178537184272e+02
8.940117496255688820e+02
6.383683496666262158e+01
-4.745964084105434608e+02
-3.023316801273957708e+02
3.190285783991055268e+01
-3.288505055375858319e+02
-5.321967241920028755e+02
-9.395348766061403012e+02
5.188863691614337768e+02
8.959236170910987767e+02
3.401220767150527990e+02
-4.706693107905665556e+02
-1.348613578355884215e+02
7.418522763295136428e+02
9.824238136687818042e+02
-7.494136717796959601e+02
-2.513153507690696244e+02
3.871985332613751893e+02
-2.884874490352600560e+02
-1.184731279861704934e+03
-8.698475875927945253e+02
1.728506363307576237e+02
9.839227743840974654e+02
1.217648229094859857e+02
-8.475473172176926084e+01
7.291741935003867638e+02
1.172288062482297619e+03
4.405753635068850826e+02
-8.169732700989278555e+02
-1.836618854549579112e+02
-6.912916853662269432e+02
-1.452253579972387115e+03
-1.151553164776970561e+02
5.523018819274693669e+02
-8.472371611119151567e+02
8.454043457648432423e+02
1.149462903336367390e+03
7.467724428533479113e+02
-9.660995244852740882e+01
-1.164421020383471728e+00
-2.077868672394704390e+02
-5.543949720187342223e+00
-1.142593188485395558e+03
3.886504265248587444e+02
4.000323825315372233e+02
5.589287307787956252e+02
-1.400180953176550020e+03
-1.427991088554768112e+03
4.810789225624865253e+02
1.041095377104550380e+03
-1.435556086617662459e+03
1.121580694739141791e+03
2.694429544905263811e+03
1.883062142158070856e+03
-1.159142006392901294e+03
-2.042882019905883226e+03
1.407758199358857496e+02
-8.294646159636636185e+01
-2.717596731704619742e+03
-7.435302675768300560e+02
3.020646275805636947e+02
4.960836419653600728e+02
2.551847006315984345e+03
6.781820493529560281e+02
1.018829186538812337e+03
2.970200107159901108e+03
1.885512684586435171e+03
-2.180169647399925452e+03
-3.667135777675948702e+03
-4.660009924923814651e+03
-1.627903535993941091e+02
2.464660694954503469e+03
4.646828537386107200e+03
-1.371054341780401728e+03
-1.405175512634852339e+03
2.128667723192144479e+01
-8.600952850967737504e+02
-1.560837999628220359e+03
4.839762909991500237e+03
-3.393053538392327027e+03
-5.997834587005128242e+02
2.899966832638867345e+03
6.133354417133226661e+02
-2.880308699160524611e+03
8.783282990305906424e+02
-2.406976074326579692e+03
4.287294248457559661e+03
-2.175348387056196771e+03
1.556657414854605349e+03
4.646644224876920816e+03
3.143795550117213224e+02
6.663194538750187348e+03
2.574829038509279053e+04
6.439531561438911012e+03
-1.182816085530796073e+02
4.375106014874803805e+03
1.558827539885494389e+03
-2.349108665480577201e+03
3.830040643515145348e+03
-2.959112890778344536e+03
9.404036017625599015e+02
-2.871846034145277372e+03
5.846152273135447786e+02
2.787283026875727955e+03
-6.496445417383866925e+02
-3.295524424903547697e+03
5.574762892631186332e+03
-1.858881633530590534e+03
-1.615554865931707582e+03
-1.423215166194792118e+02
-9.253885749900640576e+02
-7.684165749332299811e+02
5.663185710946358085e+03
3.126860825749195101e+03
3.538812078381484980e+02
-3.801016342206460649e+03
-3.253481744487320611e+03
-3.245211107928976617e+03
4.988824768125134597e+02
2.226913946920506078e+03
2.586698723508853845e+02
-3.034790739678673503e+02
1.373259404786389268e+03
-1.306407155424789721e+02
1.212903184199972429e+03
1.356484080030149016e+03
-1.716828373478600724e+03
3.380592086419665634e+02
2.890564999253032283e+02
-1.555439061354652040e+03
-1.282813375323840546e+03
1.437690102843649811e+03
1.609377453130224922e+03
5.359797857804475143e+02
-1.948775728355066121e+03
1.402401714413644413e+03
8.313116571529355951e+02
-1.267678632140460195e+03
-1.899392355159199951e+03
1.262493525074359923e+03
1.177532459015714494e+03
4.491517305558888893e+02
-1.647602047447135874e+03
1.704108904996740534e+02
-7.631476104652291497e+02
3.110477197432160779e+02
1.237002413850985505e+01
1.253181722914638812e+02
2.144940779013720089e+02
4.138077963195941607e+02
-6.726344012452819925e+02
2.197350969432696729e+03
6.585284150197015833e+02
-1.482566892847959934e+03
2.634429173921264464e+02
7.714651271290650811e+02
-4.764172152057130916e+02
2.812627695158457755e+02
2.378224727042030793e+02
-4.914124979468280685e+02
-9.756143662658453195e+02
-1.185455960005813495e+03
-3.194685105045689397e+02
-5.353668592212247859e+02
-3.333297657079626788e+02
-6.379760274317231961e+02
6.835327772944719982e+02
1.117555181984039109e+03
2.590977552270645674e+02
-5.577553452410924137e+02
1.982198114344399301e+03
7.190331757895456803e+02
2.925453474879162741e+02
-2.923470206464920125e+02
2.889138980307296265e+02
9.837272452466361017e+01
-1.503362660401781170e+01
-1.639428573664231635e+03
-2.147937515728024493e+02
-8.036718121351783850e+01
6.180185927461492383e+02
-1.395786739880845460e+02
-4.634387298268197242e+02
-4.325282852980952839e+02
8.610397218580951630e+02
-4.174074618858077770e+02
-3.326346127066343001e+02
-5.178818984323908126e+01
-1.935073385516303688e+02
-9.319053581924484888e+02
-4.900252923133446075e+02
5.949386045234448375e+02
2.754212219707179656e+02
1.080242870051711407e+03
1.079921027355471324e+03
9.247668697239732865e+02
4.490751191095769457e+01
4.806866911501949744e+02
-1.226564429314408017e+03
-4.323983764665803164e+01
1.348268464655268417e+01
-5.469631813644127760e+02
-2.588938097260778477e+02
1.892028781765635586e+02
-8.675518716157243944e+02
-3.401463569274867496e+02
1.253783602942192488e+02
4.022941492612925458e+02
-3.451048865096511236e+02
-9.875004183162886306e+01
-1.545166686484801346e+02
-2.795903206070397005e+02
-4.435921597705240629e+02
8.119278991653479807e+02
6.519867636778719771e+02
7.385531842149025579e+02
-2.491929583675154163e+02
6.633633769249151158e+01
7.918836561609966793e+02
-1.323995474905917149e+02
-2.188261671836204982e+02
2.323061847163424432e+02
-5.996185414720753215e+02
9.769293803471295234e+01
2.299618354024814835e+02
-6.500046617604912171e+02
-2.897320309393363686e+02
1.164936264435011992e+02
-1.528579104921809915e+02
2.699488233804740389e+02
-3.686146875522629784e+02
-3.939502021133618541e+02
1.082366010400372147e+02
-1.324254629126178031e+02
-1.036501781240515498e+02
9.856535886056369122e+01
4.456948109833869864e+01
1.899216279203299678e+02
2.483895347111987633e+02
2.084827751151150323e+02
1.263791906280349906e+02
6.444205347956648211e+01
-1.077330506411046684e+02
-1.115817114148526343e+02
2.263185900029887421e+01
8.003572856004694813e+01
-1.513246415881035603e+02
-3.041185549045846059e+01
2.520608063002935140e+01
-8.318706812913229953e+01
3.392896901650674124e+01
4.875631004038492478e+01
6.834296817096350196e+01
4.452340575916301191e+01
0.000000000000000000e+00
