-5.008407756231964214e+00
-1.916071210621596776e+01
-1.130847494154323485e+01
1.361297282412560605e+01
4.114846914165932645e+01
6.098657658587310948e+01
4.084934678258647267e+01
-1.535926184021793439e+01
-1.580203631735636272e+01
-1.706708946077333877e+01
-2.976059322858245793e+01
-2.933826171491449841e+01
-2.918157988003830638e+01
-3.312984399448617978e+01
7.614228545522971459e+00
7.073703787139528743e+01
8.147239582489325471e+01
5.839861281093907763e+01
1.183665787226748591e+02
1.064879802026012641e+02
-1.198176915389473436e+02
-9.918734575770116635e+01
-3.481694350267136429e+01
-3.842845209226310033e+01
-5.452323006171996411e+01
6.299518091489945704e+01
9.585138683857714170e+01
1.158590908553920116e+02
1.473560917626687967e+02
1.693738473555911810e+02
3.754995127601481641e+01
-7.059036222426948370e+01
-9.401104154240481137e+01
-1.048311687926512690e+02
7.840272933167891267e+01
1.190650438260867183e+01
1.188717140847501241e+02
1.005151741916858867e+02
-1.104313375017710097e+00
-8.617405259126431361e+01
2.531228636231115843e+02
2.817649783594473547e+02
-1.390931059141464914e+02
-1.498089469646144494e+02
2.020788974420979969e+02
1.301522589626836179e+02
-4.854770505578514417e+02
-1.925375231128845712e+02
8.199837515449523551e+01
5.485575271956879817e+01
1.639368250720457638e+02
4.089235352014369482e+02
-1.613115570942304657e+02
-3.578867876836384312e+02
2.815422026598414504e+02
5.021206853968623136e+02
-5.764738152216749256e+01
-2.709811768676282213e+02
-9.388910714973565064e+01
-2.069331388283302147e+02
-3.185350894589322479e+02
3.641739174180976875e+02
5.544584853646550755e+02
-3.778533830940053662e+01
-1.854585194877190020e+02
1.102513156986093321e+02
3.272300852794543857e+01
-7.921023821880064020e+01
-2.057127645213311382e+02
-1.936253475481942701e+02
2.544648609890561488e+02
4.403731680490680560e+02
3.163846287571626590e+02
-1.576194680177755174e+02
-4.172901478278473064e+02
-1.137366634821409548e+02
4.706515425293558792e+02
-1.028910919265415025e+01
-6.828946077203352161e+02
-1.386202383361867589e+02
6.220870267696172959e+02
2.353580587630584375e+02
-5.533799960861382061e+01
2.923980204913618763e+02
-1.880517993243885400e+01
-2.745822496608299730e+02
-2.681996218984026541e+02
-4.240574942453677920e+01
5.554167339982535623e+01
2.620867446830860104e+01
-1.437063025330911614e+01
1.689859007031337228e+02
1.205560923709425225e+02
7.182623341711938565e+02
3.437450377718650998e+02
-7.295492086141847494e+02
-7.341072131643081775e+02
3.195033098675015708e+02
-1.140828110528387924e+02
6.239490908489615606e+01
4.142871713345888196e+01
3.525970903926308324e+02
5.123285438609580211e+01
1.856751177804327995e+02
-4.630272111115405096e+02
-3.846629754138051567e+02
1.657348616176203109e+02
8.891994470793406435e+02
-5.936056640228824222e+01
-2.988897053522274518e+02
1.245700361781818089e+01
2.629561998278138049e+02
-2.048135223596843559e+02
-1.867242344249779933e+02
-1.955695085017313772e+02
6.457237606654833826e+02
-4.091685326875718829e+02
-6.489821217450053155e+02
8.225035765912379304e+01
8.323948764349803469e+02
6.146429150803015773e+02
3.367825163949453895e+02
-5.944662694305707191e+02
-2.848286396580875817e+02
1.210352531336927484e+01
-5.456047485500401990e+02
-2.201477617225368135e+02
-1.581981645675319825e+01
4.077268792730075688e+02
8.896733312204909225e+02
-2.408738279087484102e+02
-5.099468451994430893e+02
6.875397359309502008e+02
3.581896115421610602e+02
-3.570680977921524573e+02
-2.379633516934748627e+02
-2.493518099894594116e+02
-1.721474063470983822e+02
-4.870179846023546588e+00
-4.032556285679395387e+02
7.265149300095506533e+02
4.155874132129908389e+02
1.399943638857255621e+02
-2.426012336350537453e+02
-8.100130347589856683e+01
-5.755822175728107482e+01
7.601036649424255529e+02
-1.629982633062907098e+02
-6.930021784163376424e+02
-2.647275771692128501e+02
4.502071121267707099e+02
2.718770224248919476e+02
-1.770746349830682220e+02
-6.950554528936451106e+02
5.901802266782154902e+02
7.891500858485464960e+02
-2.357539962554672286e+01
-9.397341402715267122e+02
4.333892194259980783e+02
2.814847469724077769e+02
3.293380414527508151e+02
-8.068420631979726920e+01
-3.716577345088059019e+02
-4.574229271230811378e+02
1.130822978170490813e+02
-2.301885095611979750e+02
-2.295139356986410206e+01
5.599007018615818652e+02
1.857697519693281265e+02
-2.215148614375887064e+02
1.679496563983573765e+02
3.093121886200552808e+02
7.026996526683037700e+02
-1.023069274958627233e+02
-2.178162287011565468e+02
-3.891425268131400799e+02
-1.760791781812409056e+02
-3.704669377992975683e+02
-3.525268229070046573e+02
-4.135881198453336651e+02
4.799404135793095634e+02
1.080873085429482444e+03
1.023523339309502518e+02
-3.105080929385263744e+02
5.554124487629268003e+01
3.963090947924915213e+02
-1.857368617943218680e+02
-3.122814168921254350e+02
2.322406449519901059e+02
-2.882139253731700705e+02
-4.147235764922538692e+01
6.623152205414707794e+01
-2.318741865856322306e+02
-3.861257766798046731e+01
8.867395324705923940e+02
1.767969580371291443e+02
-5.981360639025771206e+02
-2.114325801862585195e+02
-2.737230629734521017e+02
2.962521953176194529e+02
2.644989543263627638e+02
2.319447206543957805e+02
-2.556687550882914906e+01
1.374894051798818282e+02
2.411393443409694726e+01
-4.480547291100264147e+02
-1.807537952722475438e+02
6.409623389841974017e+01
3.168579723835573958e+01
-2.894527761371520569e+00
2.899780419792645034e+02
1.229630504351955409e+02
-2.390851548029001492e+02
4.247983327349730587e+01
1.312539803669656067e+02
7.892267078433172856e+02
-3.821157927082491028e+02
-2.276525841405737651e+02
-2.031884582185043371e+02
-3.416753837625929009e+02
-6.332223454802816320e+01
3.368701105588301630e+02
-1.826320429699968315e+02
1.300097883460522326e+02
2.645917497015731215e+02
-3.908708188868630486e+02
1.631539180475007811e+02
4.040353840038288809e+02
-1.004603812525893858e+02
5.741384834800880981e+02
-7.895069159302263984e+01
-3.161526565668921194e+02
-4.241001794100813527e+02
2.859067233498606129e+02
-2.584349146874834560e+02
-1.247066057267157362e+02
4.076374539983547720e+02
4.531660889519281454e+02
-3.543101347603108024e+02
-3.772101028377294369e+02
2.967752200499734272e+02
-4.274751789508621300e+02
-1.125442748123213761e+02
1.849051252654664665e+02
3.207056021454561119e+02
2.519550946565220215e+02
-4.416973420945076896e+02
6.166895824587162167e+01
6.602205571524121979e+02
3.088146961689147361e+02
-1.982565393778768623e+02
-1.085273865650140266e+02
-5.259655864460983139e+02
-4.693293611288422085e+02
3.425975009473461341e+02
-2.385196948648787725e+02
3.221395881049188574e+02
1.029930229965823827e+02
6.594832654584740794e+02
2.351146920896524080e+02
-2.282625151568375088e+02
-6.160361578004230978e+02
3.207715649988608106e+02
3.968890125934362914e+02
-5.983869412126948646e+02
-1.778352017768029896e+02
1.818352509380753190e+02
-4.791651133636715940e+02
-3.742314729808904872e+02
3.470512956854200866e+02
3.031601980028688104e+02
1.850546692782070011e+02
1.021798443614443613e+03
-2.354092619945299703e+02
-2.135816487364749605e+02
1.136364337559546982e+02
1.279970130609353873e+01
-5.647636435330613836e+01
-2.452926957893494091e+02
-2.267765604628651772e+02
-2.406105286052224415e+02
2.351179567953078902e+02
-6.236110647638458886e+02
3.035370413720773399e+02
5.158052990996625340e+02
6.841491592895268923e+02
-1.107048881220253662e+02
-4.563267257417912219e+02
-1.587408576686384833e+02
-8.042067770220045020e+01
-4.859155786703499302e+02
4.862270406851311577e+01
6.383315084344886827e+02
5.253639316514149868e+02
-5.502144894451627124e+02
1.116781783230980523e+02
-4.588717314021774882e+02
2.274342876045362232e+02
9.131493140076865700e+01
7.389157314254657649e+02
-6.483314609922664431e+02
1.135713892765692776e+02
5.124196906658823991e+01
-2.628271573412467887e+02
-5.938031857843759553e+01
5.248274195246916634e+02
1.512404233329364445e+02
-6.071314652292767278e+01
-2.077412413813281091e+02
-5.783863296281760995e+02
-5.467996180017272536e+02
7.332619584879295189e+02
2.434880766449893201e+02
7.755833094529410232e+01
-2.996678755092669917e+02
3.898562935134411873e+02
-2.953450596605596843e+02
-5.746264577078819258e+01
5.366683611682329058e+01
3.083474092541347318e+02
6.454282686739563815e+02
-3.032473912880764146e+02
-4.446876607285751106e+02
-5.330445224843805363e+02
2.257683417846693033e+02
4.174677222860880761e+02
3.190670698372518927e+02
-4.588812808621064505e+02
-4.606493775745965991e+01
4.548569360652830937e+02
-3.685153619191064536e+02
-1.158877986801189479e+02
-3.896655317942118302e+01
1.039305665683499171e+02
3.578002074805866073e+02
-4.204993519477889095e+02
-2.658731513000584528e+02
1.424631156528070619e+02
4.498984444108673415e+02
-3.720827820723727086e+02
6.939133851634792336e+02
1.321467572816229961e+02
-4.174759407082094640e+02
-3.075217847963712643e+02
1.694009825309478003e+02
1.905424613694047764e+02
-3.055202590850083766e+02
2.231363166312557382e+02
-1.960982785117240326e+02
-1.867946314956741674e+02
4.554967486164363066e+01
4.858424649387781642e+02
2.195496605809657069e+02
-3.495814665883547150e+02
2.478639403579259692e+01
2.260312917302915707e+02
3.708492467251958260e+02
-6.594661176881064648e+02
-7.741776983666316028e+02
1.775265421245122184e+02
4.303607470556887620e+02
2.235019153875105076e+02
-6.321560285578739240e+02
5.319218309104630862e+02
4.567492721847954158e+02
3.477713150192455487e+02
-4.829863140992993067e+02
-2.834533826654592303e+00
2.949312023018100604e+01
-1.197673282488136692e+01
-5.642814383356500230e+01
-5.299798818469412254e+02
-1.275967428381838431e+01
3.502196607033076248e+02
2.948040910785648521e+02
-1.719650028805408510e+02
-1.725020121580622288e+02
2.815300419943851011e+02
-2.350811261408484256e+02
7.252709744478460152e+01
-1.322725111641644844e+02
3.716479833814079825e+02
-9.663712599783261226e+01
4.851305544729982699e+01
8.964603443029633922e+01
-2.969017406016814675e+02
-5.630761190931224291e+01
-2.715498943923306570e+02
1.721500707274529418e+02
1.474022116823798001e+02
4.107167831648575884e+02
-3.886808896123081354e+02
1.689118006841297870e+02
3.440841758753726367e+02
-3.867309812549918888e+02
4.039488055194420895e+02
2.442610078869849985e+02
-4.906861152342554533e+02
-6.223325679072021330e+02
2.900391032448075634e+02
3.782358189975813048e+02
-1.443465429865288456e+02
-3.861069583545892101e+02
-1.534786561799767242e+02
7.026806154616098183e+02
-4.560780888197785998e+02
-1.137376238553083567e+02
4.573176283578748098e+02
3.790205912074811181e+02
6.090182421464213292e+01
-3.170485226869897133e+02
1.960475010372404938e+02
-8.089759508036325997e+01
-5.854196459781671535e+01
-7.013060057813909225e+02
1.862527508233592073e+02
1.011871909865323573e+02
1.519452781358702396e+02
9.558482165152963717e+01
2.395748831358679922e+02
2.628185334851816606e+02
-3.675281271771112301e+02
1.219400930850090816e+02
3.038628836011401404e+02
-4.152464854064661495e+02
-2.727922779146537096e+02
-3.101824368411643036e+02
2.730812247180622307e+02
-2.848446620151702291e+01
1.750323269588368476e+02
-5.539791151992822051e+02
6.081600665680671227e+02
1.766307517328361598e+02
1.699068871695118332e+02
1.105830022266605113e+02
-2.269481885540659789e+02
7.402165232233110714e+01
1.948169142801713463e+02
-4.988586375182167387e+01
-5.660101448199704919e+02
-5.396109819745325353e+01
9.998392319093649405e+01
-3.267052487340085918e+02
7.166516721247987221e+01
3.646372289596280325e+02
6.456225713449675823e+02
-2.203038034143053210e+02
-5.263778947210975900e+01
-2.961039345961468143e+02
-1.684099297173768264e+02
2.066272445885483933e+01
-5.204987139720924461e+01
2.937640767129121855e+02
-5.270455739459529241e+02
2.928071509533850758e+01
2.176981014419053224e+02
4.872935933970953215e+02
-7.449885510336585526e+01
4.441958192399471272e+01
2.279534291601065377e+01
-1.403544818274635304e+02
-4.855611132827672805e+01
-2.316554018938724084e+02
3.776703819501555586e+02
-1.160475926264288802e+02
-4.407581471250275058e+02
-1.585506089443906319e+01
3.695542967014730493e+02
1.864981181986026684e+02
-7.567733906604657932e+02
3.223532985762934686e+02
7.144578270419951878e+02
2.519880265156631367e+02
-4.128735645644596275e+02
-3.738600334955371522e+02
-2.243600401431522755e+02
1.264230890170739485e+01
3.614524452848071405e+02
-6.307111785262790136e+02
1.837290206987240424e+02
1.368024125653507213e+02
4.856513525102086533e+02
2.559116458057126664e+01
-3.818778545279009506e+01
2.063638765439288250e+02
1.115132284468276964e+02
-2.683720536261532175e+02
-5.541009049523652266e+02
-1.845130823838218816e+02
3.468124324566613836e+02
2.513505521768240953e+02
-2.913363498632402298e+02
-3.840414071490449714e+02
4.810219510848560276e+02
-1.623277318019378868e+02
4.345173839266154232e+02
-6.655894869870365937e+00
2.362379472186190981e+02
-1.488221375622578933e+02
-1.979155528496751799e+02
2.491048864024226646e+02
1.189421292466363411e+00
-4.874640229225761914e+02
-5.187711504408737255e+02
3.166921383522662268e+02
5.569675983098900218e+01
2.117013063124284145e+02
-8.620596247606252405e+01
2.110213498775779044e+02
5.336734464147410790e+02
-9.232106236844313685e+01
5.381731131469766183e+01
-3.367331491904647578e+01
-2.341077787535743937e+02
-5.519290371836092390e+02
-2.878010313685464325e+02
5.892457889961277715e+02
-2.362411105527446580e+02
-2.952121405537551482e+02
6.913382063316771564e+01
5.891840374012338089e+02
-2.788213046209158392e+02
4.747663867427590958e+02
1.654007357023224642e+02
2.941179849354369935e+02
2.362024827239668525e+02
-6.920887992151888284e+02
-3.497974420974678651e+02
-1.537578635026679876e+02
-2.544911935379445822e+02
-4.404134471167105289e+02
1.202305824986693779e+02
3.789809076562111159e+02
2.057462681680745789e+02
3.992024679892552399e+02
6.994628266021245508e+02
3.194592157098479674e+02
-5.656717709274864774e+02
-2.703637355155215118e+02
-5.875349269448993539e+01
-2.725024852156998918e+02
-4.215964556656654736e+02
-1.162667788056788595e+03
6.661675630024766406e+02
7.774662926778601104e+02
5.665476065148284306e+02
-6.879499565233759313e+02
-5.869329163604181332e+01
7.810758098346022962e+02
9.850770725490348241e+02
-8.258780708601461811e+02
-3.259332576127669086e+02
5.751499557431508265e+02
-3.582168867160022501e+02
-1.235514418260584989e+03
-8.530763255303651249e+02
2.391949085910912629e+02
1.057384674446871031e+03
-1.127097635629442749e+02
9.012089537661370287e+01
5.740640822036913278e+02
1.403811738481158727e+03
2.319523045077917516e+02
-7.602715507429738864e+02
-1.596417542622443762e+02
-6.639644984772220369e+02
-1.488952460676758164e+03
-1.895503050744621873e+02
7.557859998795809133e+02
-1.008741910403274687e+03
8.970348499532601636e+02
1.083330375161096981e+03
8.440128021322125278e+02
-1.355030786701240118e+02
-5.192952319712220799e+01
-1.069325914319963147e+02
-1.063747881646351061e+02
-1.073339514056465077e+03
3.006405391371126825e+02
4.695851270719791160e+02
6.257728303383910315e+02
-1.522614038475562666e+03
-1.369876683289452558e+03
4.310269104091252075e+02
1.273727233156072771e+03
-1.735355486660413135e+03
1.209333988043679255e+03
2.620234389536195522e+03
2.112829728515814168e+03
-1.331579636367257763e+03
-2.129170666788641938e+03
3.053308598507109650e+02
-1.884336798279382208e+01
-2.740872538933981104e+03
-9.571673301211278613e+02
3.949263825903275347e+02
6.183487219746629080e+02
2.524038049505968957e+03
5.628321429817035551e+02
9.273626984322402222e+02
3.251089425329999358e+03
1.815303576118586989e+03
-2.247291417378102778e+03
-3.815084543844752716e+03
-4.442636568862542845e+03
-1.294058125746196879e+02
2.322273776351348715e+03
4.715717261472338578e+03
-1.469956118196858370e+03
-1.208193820438683815e+03
-1.441753916991370943e+02
-7.985433754459636475e+02
-1.673110470273541523e+03
5.009957601238088500e+03
-3.467183079399367671e+03
-6.393344957027792361e+02
2.923282305899407220e+03
6.356033701317292071e+02
-2.821269268190471394e+03
8.270778651809408757e+02
-2.415353275864131319e+03
4.268454968125701271e+03
-2.211008070059401689e+03
1.690598885834750490e+03
4.477475602930275272e+03
4.098473021130289453e+02
6.571267596173955098e+03
2.593347153814238118e+04
6.335834225880355007e+03
-1.037005685186056212e+02
4.333002335678810596e+03
1.602763607812254349e+03
-2.313791498711826989e+03
3.702132318405946535e+03
-2.883785683704675193e+03
8.853258676296314889e+02
-2.690748017307867940e+03
4.572205366966381348e+02
2.712653237614787031e+03
-6.078796299074666649e+02
-3.198698801314894808e+03
5.557162123806466298e+03
-1.975390325438615264e+03
-1.562388814584937109e+03
-7.511943511791830019e+01
-9.233449121991402535e+02
-8.067383682897059316e+02
5.544243949014115060e+03
3.275292047853040003e+03
3.047128798971180004e+02
-3.727300029005159558e+03
-3.466442776567127112e+03
-3.005931608657043398e+03
4.216497367840829611e+02
2.211760059457624720e+03
2.138848789051190238e+02
-2.167731310901599784e+02
1.372189546573981488e+03
-2.108077770102414661e+02
1.223460673420562898e+03
1.374902642775785580e+03
-1.654942162481438800e+03
2.638283842111139279e+02
2.690728988076695032e+02
-1.465439804544181698e+03
-1.294326442683222922e+03
1.403420596009452765e+03
1.501648294572647956e+03
6.933032354174805505e+02
-1.932089113151875154e+03
1.292580084428876262e+03
8.141947551790842681e+02
-1.208269199252001727e+03
-1.761593186233218603e+03
1.071502955098990469e+03
1.198663027500097996e+03
4.199867677748060260e+02
-1.490534283529373170e+03
1.744253404409050745e+01
-7.063986204360619467e+02
2.894649033485808332e+02
1.169460917000221514e+02
7.100258212390843937e+01
1.107801710379473263e+02
4.427819127622220776e+02
-5.506538561915667742e+02
2.116934410831921923e+03
6.323482172546647462e+02
-1.479360696433875546e+03
3.739244623150629536e+02
6.637174024948242277e+02
-4.305053898334899714e+02
2.161993084231012574e+02
2.843781642015312627e+02
-5.334104113536668592e+02
-8.943046429463365712e+02
-1.214757382549016938e+03
-3.458305042978920483e+02
-5.060561862437091349e+02
-3.685507764673438942e+02
-5.336499053865896940e+02
5.746867014725764875e+02
1.070632106544108638e+03
2.849140164937456916e+02
-4.061416341399009866e+02
1.863819987663125630e+03
6.400830985223024072e+02
3.482302738711746883e+02
-9.687823241569407173e+01
1.824703593839533369e+02
-5.298964673900377420e+01
-1.197124961239838825e+01
-1.409618799384297745e+03
-3.199556686142886406e+02
-1.763673308604288650e+02
5.155770744776463061e+02
1.557857810655427215e+02
-5.051509332995487398e+02
-5.040348946371921102e+02
7.014180417860388843e+02
-2.116132477609962734e+02
-3.206750511137136641e+02
-1.396550296205991515e+02
-2.983710903595192008e+02
-7.591559101781136860e+02
-4.264909396406450810e+02
4.482328693530612895e+02
2.397495541242658987e+02
1.120502329779027150e+03
1.158968432413245637e+03
8.647754409158710587e+02
3.542806866680644617e+01
4.408372168304388197e+02
-1.086094267306703614e+03
-1.222994397601271146e+02
2.634329179351388106e+01
-5.942205474093592557e+02
-1.847458295055396604e+02
1.214421461770212574e+02
-8.405312308030015629e+02
-3.786421926856430673e+02
1.541064396177316667e+02
3.486148056096496362e+02
-2.382533613452564225e+02
-1.193618824072740097e+02
-1.608570512333942588e+02
-3.139710054219390827e+02
-3.854062878210716008e+02
7.869712943013705626e+02
6.338881116660572843e+02
6.336843704644161335e+02
-1.263802773231477659e+02
9.382948277556367600e+01
7.482908893870798011e+02
-1.911235152784517197e+02
-1.708572614513836925e+02
2.921263346400270962e+02
-5.852613564052543325e+02
-2.000793870815283171e+01
2.380037597241097842e+02
-5.768574421995466537e+02
-2.815205871248043081e+02
4.250645873715821921e+01
-1.593589170200056628e+02
3.042176335483994194e+02
-3.359292989798100848e+02
-4.457545928596895806e+02
1.120792407667895958e+02
-1.068682259202960125e+02
-9.377006234591702594e+01
7.776401437936050343e+01
4.425252924799527676e+01
2.182127257402488283e+02
2.609164632756326796e+02
1.889430481081691369e+02
1.418370120547081967e+02
8.447920390284856751e+01
-9.783291447408457486e+01
-1.191299238506991571e+02
1.964835365044348592e+01
8.052203126873665440e+01
-1.398308733833702320e+02
-4.620075967394154048e+01
2.298576295500057398e+01
-7.949718350304195269e+01
3.737105024964953515e+01
4.739181664136565786e+01
6.675311987953568860e+01
5.411304068590992244e+01
0.000000000000000000e+00
