-3.578583842245500080e+00
-9.623684766502856647e+00
1.189391455786883434e+01
4.436483571392300007e+01
7.215137902811518700e+01
7.345744238974370433e+01
1.588178252562202530e+01
-6.697914836996918098e+01
-6.910249200979623652e+01
-4.969008506724782137e+01
-3.776467824922208116e+00
3.080071862366606439e+01
3.382711658807436805e+01
2.888957609301598950e+01
4.964607258337965590e+01
4.676124914803339294e+01
2.395746312508669007e+01
9.077323805669035295e-02
1.147164755629704018e+02
1.207728788602958048e+02
-6.915495813864833963e+01
-9.796100256349701496e+00
6.889076039954014163e+01
-2.583236667100817030e+01
-1.125003495486171374e+02
-1.287064920654514033e+01
9.844689097601842320e+01
1.358185143984065064e+02
2.208283841900556013e+02
2.632628633453495581e+02
1.229288747180536916e+02
-9.724095835081327266e+01
-1.694305548606781997e+02
-1.427869902316929256e+02
7.649648440818072004e+01
5.352137468650677476e+01
1.948201567015962041e+02
1.382896957305059686e+02
-2.290820141647863295e+01
-3.458795269360540203e+01
2.853806582053348393e+02
1.954174896336776897e+02
-3.192804525449622020e+02
-2.271208852564147946e+02
2.682393632838110875e+02
1.155156632258184004e+02
-5.498479094102549425e+02
-1.618651348295063030e+02
2.836769943552528730e+02
3.218580049029259271e+01
1.648317867721109451e+02
3.312108532039174520e+02
-1.587079858226645399e+02
-5.728558162174064137e+02
1.783582238884182800e+02
5.809995889752060521e+02
2.771248107827015588e+02
-7.942565953967199732e+01
-1.434926890277465361e+02
-2.587963205720488986e+02
-4.584164916878797840e+02
2.645465640312753521e+02
3.586520635588698838e+02
-1.674614625972448607e+02
-1.222782703761069882e+02
3.691794857132841798e+02
3.684089310474393528e+02
-4.450185414192510791e+01
-2.462221914985090336e+02
-3.965901169424373052e+02
1.737811275148777099e+02
3.468558328726875288e+02
2.761370839195280951e+02
-5.888517082744294129e+01
-3.780825710369422268e+02
-1.529316597333066241e+01
2.535558983297274551e+02
1.508150149836435787e+02
-6.436279558853078697e+02
-7.914446089120551164e+01
4.269511845910274701e+02
1.128730428896099056e+02
-2.005722014932744912e+01
3.420088222279997581e+02
1.214693087200676729e+02
-2.934703628563237885e+02
-1.041130984177895726e+02
-6.539498207084565706e+01
-4.063140574159313445e+01
-1.156859947404619078e+02
-2.080084505442644058e+02
3.129443266185541574e+02
1.288814621644736462e+02
9.662381679450908223e+02
3.256994224491782575e+02
-5.339401514477431192e+02
-7.821862676230713305e+02
6.058215702263408531e+01
-3.302321473217805874e+02
-1.181086127733347837e+02
3.442830514343962705e+02
3.932822351296786110e+02
2.390743802271701099e+02
4.018918440939178538e+01
-3.027582834183568821e+02
-3.958789364393452956e+02
-3.362037433092676508e+01
7.994582453241212079e+02
-2.105926272874164056e+02
-2.462306448233428924e+01
8.363922164247075841e+01
4.223363320700460690e+02
-3.197952075621551558e+02
-2.469668885404642253e+02
-1.757553693596597952e+02
4.334952062500336751e+02
-2.318329768224294298e+02
-7.123583034569725214e+02
3.615266997900442902e+02
5.856999874246888567e+02
6.140797179106243675e+02
2.876487884893859359e+02
-5.301657651622534786e+02
-2.109433560745832779e+02
-2.416875635438969994e+02
-3.648000320956209634e+02
-3.670992705303373214e+02
1.116447776455255365e+02
3.283838597673430399e+02
1.114524793944369094e+03
-1.538810440255497554e+02
-7.179808777429750535e+02
6.848994005710505917e+02
2.060321511468393680e+02
-1.158140054430340911e+02
-5.226021769148698013e+02
-1.838494267255530303e+02
-3.462880028394013721e+01
1.581955132926117926e+02
-2.921103765027257850e+02
4.875530963022283686e+02
5.761651496996987589e+02
-2.901748385176722422e+02
-2.037502678615024365e+02
-2.356207455962347126e+02
2.857280888146596567e+02
8.965971138265698528e+02
-2.008112516576735231e+02
-6.141069289010238208e+02
-4.375944104540523085e+02
5.563784668310565849e+02
-1.574383858065639004e+02
-5.705796690135669991e+01
-6.476362014028794647e+02
7.649126219573531671e+02
9.817638604694271862e+02
-1.139912937197192804e+02
-8.262042406290629515e+02
1.892864947509673712e+01
4.226660517256096341e+02
1.731189078221980822e+02
1.278955054246997776e+02
-3.889850688119947790e+02
-4.634547147520876820e+02
3.158926464591840499e+02
-4.662676834881679611e+02
1.289756014811198668e+02
2.712436020433048611e+02
5.074853615087658909e+02
-4.672126054047114394e+02
8.004048266692859670e+01
2.608670367588323984e+02
8.235639308105334067e+02
3.089382898123808445e+02
-4.350556014620562451e+02
-3.208182443072965953e+02
-3.973913304190915596e+02
-1.492315246684873387e+02
-5.352026587604142378e+02
-6.233473921225994445e+02
5.495299489275696487e+02
1.031516512907031483e+03
5.546956523706925282e+02
-5.267236525864614123e+02
3.525503570505297262e+02
2.264592133189505887e+02
-1.783979490913214647e+02
-6.502782712647185690e+02
2.861851665300271463e+01
6.180918729212744012e+01
-7.004874070393533714e+01
3.781960404001920324e+02
-5.020407105037194810e+02
1.838200412717910694e+02
6.732931880437414520e+02
1.035334466890061407e+02
-6.824169774147383123e+02
-2.841408310139804030e+02
1.268339279298191258e+02
1.651343302713922583e+02
5.435183850508899468e+02
-2.110348539810217616e+01
-8.376527878089440549e+00
-1.946448580628746328e+01
-9.242265295130096092e+01
-2.911093295591147125e+02
-3.378058879109239570e+02
4.936638011624816045e+02
-1.962513985278083339e+02
2.102152099947770125e+02
1.329154411111626111e+01
2.993604248973286985e+02
-1.936548647129958738e+02
-1.796062479732556199e+02
1.011630527278089744e+02
5.251564528542731978e+02
4.578419513874567315e+01
-3.657055777830402690e+02
7.534513482959870778e+00
-4.275207019398866919e+02
-5.536571404331765933e+01
4.305044862770026270e+02
-3.840395105406730636e+02
2.762610348036634491e+02
-9.319647601961558792e+01
-1.509657424561704602e+02
2.158766974287187423e+01
6.745290526906904915e+02
-1.750399999180669042e+01
4.616294776057920330e+02
1.883748023314230480e+01
-7.175860222747055559e+02
-2.865375974052933543e+02
2.295490524441876445e+01
2.304872809443667450e+02
-1.242420608005887317e+02
4.866752454760791124e+02
4.183511553071523394e+02
-5.728706315051859974e+02
-3.724385673243380097e+02
-5.580044873085735446e+01
-1.314068967133870842e+02
-1.857866839415376319e+02
4.437966535885799999e+02
3.384098399058267432e+02
3.212760046499314512e+02
-2.842647370515605871e+02
-3.902649963622782820e+02
7.007272562012796016e+02
6.931879221311800165e+01
1.855693667824425006e+02
-2.767549035030621667e+02
-4.586846770006173415e+02
-3.883592706178637854e+02
3.503606785144858122e+02
-9.869255769989266014e+01
-1.447687289178778158e+01
3.981369841311985738e+02
4.034335561517277711e+02
3.036106824546776579e+02
-4.254254411610705802e+02
-4.212437563516372165e+02
5.242616432989792656e+02
2.062690508915569012e+02
-4.916444814370345853e+02
-3.913016523735192322e+02
4.791810375247049478e+02
-6.745916029367218698e+02
-4.549895363407020454e+02
2.647444881041593021e+02
3.813173941922883614e+02
4.916858854918004340e+02
8.371357448379086463e+02
5.857482064368872443e+01
-5.167250898249471902e+02
1.847246707677396671e+02
-3.506876423822450874e+02
-7.276327537267786738e+01
-7.476018630828869505e+01
-4.383305764604182286e+01
9.380520901105933262e+01
-4.465328894882409827e+01
-5.504661583520384056e+02
-1.572316098055519618e+01
5.845173449299383037e+02
5.883910420609057610e+02
-1.275922454351864133e+02
-3.440415916953413671e+02
-1.447271003424965841e+02
3.318529431193920800e+02
-6.924576400062916264e+02
2.557231390097896906e+01
3.274898646566798561e+02
6.227757822346054581e+02
-4.722683359701164250e+02
-5.614058553196164780e+01
-2.629456437733582561e+02
1.979415250759058438e+02
3.731811969191833214e+02
3.773822491076385859e+02
-5.280493625927265384e+02
8.802925558129476258e+01
1.282445526766354646e+02
-3.976844933285172488e+02
-2.540077670839933432e+02
8.360016081915061932e+02
1.312151120227327681e+02
1.181588838520163698e+01
-4.453259664992788203e+02
-3.754222901678273274e+02
-4.962131192624399318e+02
5.330743083755062344e+02
2.517979436710199082e+02
-5.430812605405729698e+01
-7.674978503733835566e+01
2.694903300472640808e+02
-4.638737838512717104e+01
-5.696372452341140047e+01
1.204108261934327828e+02
1.567338516791475058e+02
2.922327593693736958e+02
-2.651048516503365704e+02
-5.194624640259913804e+02
-1.155844678806918324e+02
2.752378850842119391e+02
5.784881716758219454e+02
1.240197221327627233e+02
-5.555758588014075485e+02
-6.109013436698752031e+01
2.744688353795555713e+02
-3.537796816125796227e+02
-1.998623600252556116e+02
2.267801838849499063e+02
1.787790629812845964e+02
4.618612452226825553e+02
-4.449367001477982058e+02
-4.646822686544573457e+02
1.186089723360637720e+02
2.773481606934562365e+02
-1.216880903869317194e+02
6.066850202330754200e+02
2.663058944259454961e+02
-4.372082683683003097e+02
-2.991561641061058481e+02
1.078908272960885313e+02
8.298685849582821561e+01
-2.019021806426695491e+02
1.404842690419777682e+02
-7.632078311800242432e+01
-3.075047130131877680e+02
1.465365686754019805e+02
5.546282966048357821e+02
2.384085538686458960e+02
-3.659165372175887114e+02
-9.362387285553195682e+01
2.592310515037081586e+02
2.150475266711994209e+02
-6.224945328784992853e+02
-7.896630842055600397e+02
1.857000068197992846e+02
6.194730546171788319e+02
3.906709210156104746e+02
-5.001889899702686080e+02
2.479681577624177464e+02
3.174500497180374055e+02
1.027181710545407753e+02
-3.956864564815141421e+02
5.458857208736692712e+01
1.994681977715887626e+02
1.549071130193484862e+02
-4.357387229499440195e+01
-5.959296226251155986e+02
-1.880516091296201466e+02
3.488775642985089576e+02
2.777022923124341105e+02
-2.212862462000458095e+02
-1.841475088675055360e+02
4.126388774639096937e+02
8.628177877902645676e+00
1.975293142918204126e+01
-3.334228872303776825e+02
1.688077026597755435e+02
-3.216696193254392711e+01
1.335931227487367323e+02
1.037136348137641590e+02
-2.209084828996789724e+02
5.380168561383779036e+01
-1.364495494532347948e+02
-7.336958394761025204e+01
-4.186338806872473128e+01
4.785061357718606132e+02
-2.181045939814596579e+02
1.723714470046574831e+01
2.161544837341509719e+02
-3.003885002279668583e+02
6.262551927576281514e+02
2.915560223871873973e+02
-5.321447389255032476e+02
-6.873799173544588257e+02
3.288936585667757413e+02
2.801235268677631893e+02
-2.520920224296180834e+02
-4.683240560673592086e+02
-8.611965271202998906e+01
7.680168542367938471e+02
-2.998864389928850187e+02
7.727841149392337172e+01
3.779493285504773894e+02
1.587129575148739775e+02
-5.962334128188076932e+01
-3.321136782573144046e+02
2.122545131938041436e+02
-2.354837703667622861e+01
1.624086446083299791e+02
-6.125088639182223460e+02
7.929747372451406306e+01
-8.480224786787761104e+01
1.530048810640777504e+02
1.118743107530288370e+02
8.902286793592176650e+01
3.083023734476602158e+02
-2.260281467912152777e+02
4.390091497544502204e+02
2.098462201149238524e+02
-5.342275696636504563e+02
-4.417643226652141379e+02
-3.433589405074327487e+02
1.795158159576015748e+02
-5.822523661131968709e+01
4.440516638832210106e+02
-3.882099009655762529e+02
5.823482222049254915e+02
-7.491010916362736083e+00
1.673837778628202955e+02
1.537002413827107716e+02
-2.655442694686047389e+02
8.151842733935174579e+01
-1.715608178031020614e+00
7.995712349243201800e+01
-5.548697926268491756e+02
8.525594826673416549e+01
9.933557618431481728e+01
-2.811051833436536072e+02
4.306225354100851632e+01
1.917831943468607676e+02
7.028194323541981703e+02
-3.523958851533087682e+02
1.591427954366993269e+01
-3.842113919747777686e+02
5.418429162692473966e+01
1.445474062845068772e+02
-1.719260761738252086e+01
1.796234961614344172e+02
-7.944051550261190187e+02
9.619045715068510560e+01
1.448974286694063665e+02
5.917113177563369391e+02
-2.115421170828282271e+01
2.213059859197056198e+02
1.329671113463082293e+02
-3.782118459067539220e+02
-1.062299896903441976e+02
-4.369502611801864873e+02
5.424040774255299766e+02
-2.668971004996741385e+02
-2.267698327361924271e+02
7.199603739999147933e+01
5.057905128761469769e+02
2.593104817935984556e+02
-1.027698818525780325e+03
1.900451585050247729e+02
4.503683004194116393e+02
5.153347893339498569e+02
-3.549392960706109079e+02
-2.210001757179665560e+02
-2.076840995887857844e+02
-6.464491162081179709e+01
4.450879672612717286e+02
-7.850659430829433632e+02
2.795122322040026575e+02
-2.678496057365781624e+01
6.148740378899451571e+02
-1.499471337886010360e+02
-8.817368256659855774e+01
4.426926334421282831e+02
1.208046113016578857e+02
-1.048509325968707628e+02
-8.379717672805415987e+02
-1.214104180053166715e+01
1.594990894547113953e+02
3.535391581825291496e+02
-4.012826152039215231e+02
-4.314596650302956391e+02
6.338881862740284987e+02
-1.333182964421540646e+02
6.593417734758347706e+02
-3.021728685654908304e+02
2.526564250928043691e+02
-2.943493566082250368e+02
-1.551613883909463141e+02
2.483893963000930114e+02
-5.375488930205438010e+01
-5.240685316113540182e+01
-5.263417955501660117e+02
3.827894747004507963e+02
-4.447404645656306457e+02
2.383706314037245306e+02
-6.186220056521806754e+01
1.544974977812671000e+02
5.123733624747529802e+02
-4.514222679808305827e+01
6.365422373404676364e+02
-2.359238647881394968e+02
-2.381245788966896555e+02
-9.080677491995638775e+02
-2.444239033799840684e+02
5.197662463231140464e+02
-2.517931081812180309e+02
-4.789901280391301697e+01
-1.029141919433160979e+01
7.728851482975832141e+02
-5.668553469587104701e+02
6.207820205729207146e+02
1.798378678954925647e+02
2.834537242255402703e+02
2.001636290961115776e+02
-8.522075932892942092e+02
-8.853278585629179531e+01
-4.127592432262061948e+02
6.389963291022178282e+01
-5.882379943695270867e+02
2.164906400135171225e+02
2.162964453036398425e+02
1.291356255458741202e+02
5.390398898059322619e+02
5.171452265156866588e+02
5.561825774682960173e+02
-7.534398839863669082e+02
4.118875581267555219e+01
-1.367998326438155914e+02
-2.040495173596985126e+02
-5.152457785526055432e+02
-1.381802794017248289e+03
7.046787334623776360e+02
4.590771586186287436e+02
8.912879210326148041e+02
-6.149192748633196288e+02
3.074599036567188932e+02
6.685259819989968264e+02
8.013939402626800756e+02
-7.883138779134910692e+02
-6.293938916739704155e+02
7.192940127806593864e+02
-6.345745617843697346e+02
-8.504441217793493024e+02
-8.818871213249913126e+02
4.842278154073572409e+02
9.433600997596424804e+02
-2.750107080947536247e+02
1.318788535619880520e+02
2.351549710858076310e+02
1.680303280595343267e+03
2.380711716029118463e+02
-4.719763706432202071e+02
-4.313561246913710079e+02
-6.935783361934851428e+02
-1.312509790223505433e+03
-3.607573705904933945e+02
8.203147903266813046e+02
-1.295201330587302664e+03
1.239984128208892571e+03
9.357934360572861578e+02
9.384863576631026945e+02
-1.916966341297273004e+02
6.664170691204897423e+01
1.181828194978099020e+02
-5.276223405494778262e+02
-9.823419776810832218e+02
6.380889218417451048e+01
8.171739414950795890e+02
4.052076756064964229e+02
-1.473560626997821601e+03
-1.299494197506375031e+03
4.851718837332773546e+02
1.526337625154521447e+03
-1.958640902956830587e+03
1.279860352012813337e+03
2.198287021227218702e+03
2.202389577137576453e+03
-1.348533069910041377e+03
-2.024683115063947298e+03
6.003648442352991879e+02
-5.078543319355328123e+01
-2.541968287108704772e+03
-1.461778267611965475e+03
5.041754938146945619e+02
4.077309163943257886e+02
2.669094990392232830e+03
5.801733775927515353e+02
9.411634218221606716e+02
3.562345513497632965e+03
1.717885366277044568e+03
-2.142193938515209538e+03
-4.337968292523120908e+03
-4.273873901942326484e+03
-1.880226368155651642e+02
2.439489068414874964e+03
4.818341412646862409e+03
-1.510841447089971780e+03
-1.008035860375980519e+03
-3.936214381914084584e+02
-6.271002190858857830e+02
-1.972388085451714460e+03
5.067129643589038096e+03
-3.424219091107306667e+03
-6.507895750217383011e+02
3.014389177469523020e+03
4.635557246089123851e+02
-2.406033227999537303e+03
6.567374521999844319e+02
-2.289519794829498096e+03
3.870657150673886463e+03
-2.144001163048125818e+03
1.791861724276989207e+03
4.390097171053330385e+03
4.442128106546730919e+02
6.367264011168643265e+03
2.637554141336687826e+04
6.305634285163553614e+03
2.099930694267857589e+01
4.151947327414599386e+03
1.507302598134555183e+03
-2.441699257145708089e+03
3.436876654657543440e+03
-2.553373633153180890e+03
9.122137127016104614e+02
-2.346087991519031220e+03
2.709236471209936212e+02
2.686271261073959522e+03
-7.232333784540364832e+02
-3.320233412345753550e+03
5.665240964887366317e+03
-2.202573750535980707e+03
-1.157939886742069120e+03
-1.438965557327877605e+02
-7.703266380256958428e+02
-1.028576493971146419e+03
5.582551027578699177e+03
3.166788208488625514e+03
9.901704494401917600e+01
-3.553059052229267309e+03
-3.483168265909654110e+03
-2.649198908208399644e+03
2.893944025332909860e+02
2.228304845540955284e+03
1.348905639290301224e+02
-2.615780389463895403e+02
1.381320706685505684e+03
-4.751616097918976607e+02
1.481820380568171004e+03
1.247731971242439613e+03
-1.521534245941732024e+03
1.841692482875751011e+02
5.118331728499387623e+02
-1.443926933411463096e+03
-1.532158471464633976e+03
1.463939612991737249e+03
1.396705793995209433e+03
9.070551818065499674e+02
-2.238877437538642425e+03
1.387897591155224063e+03
7.986033830402060403e+02
-1.064934198663265079e+03
-1.619896674194921161e+03
9.834753438045070197e+02
1.205516470258304025e+03
1.070738348473133357e+02
-1.455023432961793560e+03
4.227027234993587257e+01
-4.159085714198266146e+02
3.417633025892761225e+02
1.363883220126762552e-01
2.096594448592615834e+02
-1.503627874628452332e+02
3.246396602374424560e+02
-8.256774439392999057e+02
2.517585599771597572e+03
7.263932377652886316e+02
-1.444761483011176324e+03
4.367616939031802303e+02
7.166806249221284588e+02
-3.323153615237254712e+02
-1.625584756998460136e+02
9.286768320991318149e+01
-6.740755335627380873e+02
-5.531224567415850970e+02
-1.088732140011995853e+03
-3.179251524610344291e+02
-3.960817809444540671e+02
-4.361905185212195306e+02
-5.411850242135266171e+02
3.035755945756241090e+02
1.127413479908048885e+03
2.707548348427956171e+02
-3.501978573572362734e+02
1.910981114144242838e+03
5.794917993829290026e+02
5.413054818328032525e+02
-1.413136207588136415e+02
2.528720432402664642e+02
-3.292898816137584959e+02
7.641408315705510290e+01
-1.409403174609902408e+03
-3.196094248899216268e+02
-2.965083572100577385e+02
5.214796710209147932e+02
4.232029874636031082e+02
-4.397789192321415612e+02
-4.412402864039048040e+02
5.105390883591482520e+02
-3.778470114492398579e+02
-4.213560578313816904e+02
-1.745845600610456358e+02
-1.813517004470157588e+02
-6.257012091936539946e+02
-1.425189306468496397e+02
3.993599835845582788e+02
1.252978869967594449e+02
9.104474243838069469e+02
1.045759736531182853e+03
9.375194446852652845e+02
3.691197712961101729e+01
5.180365540482547431e+02
-1.119754789914873754e+03
1.457578353347020084e+02
7.485274904629112314e+01
-6.840680681629294213e+02
-3.780956078018531912e+02
5.436534376581687411e+01
-8.575159021027758399e+02
-3.713610396103130711e+02
2.086047086705375477e+02
3.537433581955602904e+02
-1.798544001001321249e+02
-5.255169493968416816e+01
-7.126944123249506902e+01
-2.585288213164844251e+02
-5.112697017744779941e+02
7.406812225500223121e+02
4.791845544858986159e+02
5.663237067771169677e+02
-1.189763516147356768e+02
2.233070510810134124e+02
8.170541964641987533e+02
-1.658135057280571232e+02
-9.920888634883534962e+01
3.344720431607145770e+02
-6.576705316839788793e+02
-1.682842059076612600e+02
1.865459469447126537e+02
-5.446475812838610864e+02
-2.326548340713090113e+02
4.723126334494198630e+01
-2.146449272218806357e+02
2.996458452163375341e+02
-3.780312793669115194e+02
-4.322698506702886334e+02
1.600011489422324189e+02
-4.869059846964626814e+01
-4.726515245521670749e+01
9.822241178279101348e+01
6.475018700481183487e+01
2.569263244753947788e+02
2.935728511036513737e+02
1.966914939761204550e+02
1.822795073415377374e+02
1.413614701188745357e+02
-5.646169062907452485e+01
-9.478729722799461399e+01
1.284401228267941697e+01
6.052285977772882575e+01
-1.856156798415684648e+02
-7.002054475524943200e+01
2.157135442839552653e+01
-6.423989968832421482e+01
6.589191036025187032e+01
6.661140725259990347e+01
8.106926893322781780e+01
5.875460322233972477e+01
0.000000000000000000e+00
