-3.189520468459736691e+00
-8.119552057297273251e+00
1.150360334150235175e+01
3.864834872678262201e+01
6.732027770681436607e+01
7.296209217412254588e+01
2.087094314892510027e+01
-5.846332425683554845e+01
-6.078171650681066751e+01
-5.179630650484236298e+01
-7.032028980783046279e+00
1.536686128589623479e+01
1.740703386453499135e+01
3.239977738829217913e+01
7.816305465594794555e+01
5.138847895690068412e+01
1.642406811111650455e+01
-2.681448894236070579e+00
1.146595622506897030e+02
1.003299043263255044e+02
-7.469372754808226489e+01
1.218302068126422455e+01
7.720547135340953560e+01
-3.538777349401499350e+01
-1.234953814793622939e+02
8.476242967480352775e+00
9.035195184589949235e+01
1.405484085138994033e+02
1.858241415563799421e+02
2.728589969995239244e+02
1.144289992293572737e+02
-8.132513271014859413e+01
-1.508724845827641161e+02
-1.142595131130909181e+02
5.371228396742752409e+01
-2.217674287153030832e-01
2.095936366436866649e+02
1.249295859574529430e+02
-1.512467644184098958e+00
-1.595485085314188467e+01
3.583150512690922938e+02
9.173323654244612158e+01
-3.497487512730737649e+02
-1.994932858487060798e+02
3.374385125776082077e+02
8.215697383483156102e+01
-5.662873619807090790e+02
-8.988211400264100348e+01
2.103424186745438931e+02
-7.964807584930184703e-01
1.218330481477417351e+02
4.612471443704710623e+02
-1.821059303329010390e+02
-5.273593903016186459e+02
1.254399639249181746e+02
5.533928321836999658e+02
2.665990003774624029e+02
-1.466813555525166635e+02
-9.091929777589457728e+01
-2.050702698632547083e+02
-3.264670449863710928e+02
1.663728433748971156e+02
2.744466603997462926e+02
-1.925217623285039394e+02
-1.394049819736121378e+02
4.818293593031918363e+02
3.390771500551406916e+02
3.481134443442292081e+01
-3.953988020058113193e+02
-3.205017618831602135e+02
1.352541947469256058e+02
3.561009224464884255e+02
3.295224935142061895e+02
-9.134435873087615221e+01
-3.333875213108884168e+02
-1.613735375262147613e+02
3.964857981919353733e+02
7.665642055435168345e+01
-5.670162457437666035e+02
-1.446845232099438192e+02
4.254560078144092472e+02
1.622223181833170145e+02
-8.418508131310809972e+01
4.524968183227026657e+02
-2.066680177719200628e+01
-2.047240514353546814e+02
-1.693051618192348542e+02
-3.418215042388928993e+01
9.961507895837939941e-03
-1.543265901989948929e+02
-1.029073267632854396e+02
1.509516449080306586e+02
2.715185914337873214e+02
7.571942861554806541e+02
4.356973396335359894e+02
-5.261076487313970347e+02
-6.994362782750794167e+02
5.320744045466081928e+01
-4.622139578071019628e+02
6.677996322562579223e+01
1.456668498470213535e+02
4.843419800965506283e+02
1.119577147388874323e+02
2.107761868311119713e+02
-2.674552214074992662e+02
-4.484415638210918473e+02
-3.697060593760181746e+01
6.164130620701081398e+02
1.631376259027151576e+01
-1.616880574174337255e+02
2.221421533472893373e+02
3.207180563333572536e+02
-2.760533824859082870e+02
-2.394696352034909239e+02
-2.923357746413119003e+02
6.365898920714361111e+02
-4.310777170032270078e+02
-5.148007215330478630e+02
1.475622658146662047e+02
7.073859646793764568e+02
5.557042582068414731e+02
3.625023370217201659e+02
-4.634929708853101147e+02
-4.138302184557707051e+02
-7.226226354410725605e+01
-5.301535795896941181e+02
-1.783448029490942304e+02
-4.236195651795738115e+01
4.595815417254886484e+02
1.101694852273756396e+03
-3.151543252751293380e+02
-6.007351063475817909e+02
5.540201842347195225e+02
4.978015339485388608e+02
-3.202117247079664253e+02
-4.111527592179632506e+02
-3.305237686601074074e+02
2.786425710630812347e+00
2.112617367619016591e+02
-4.407456710940057292e+02
7.524128836418581159e+02
3.962142064065687350e+02
-1.125168262862868573e+02
-4.663914602793593076e+02
-5.670380001490399025e+01
2.072776587306404110e+02
8.187004870168375419e+02
-4.254208599244914524e+01
-6.933888693214178147e+02
-2.400148514148799279e+02
2.791453321628047775e+02
2.985073941709778467e+00
-1.851509449164466048e+02
-5.697009113217342247e+02
7.919492870927999775e+02
8.660915550476477165e+02
7.910132145141000137e+01
-1.054637524262910347e+03
2.485930411243860476e+02
2.173797368650677413e+02
3.799196305862312215e+02
-9.470948004246750429e+00
-4.415478761543939186e+02
-3.429760845352518004e+02
2.086543707947838016e+02
-2.746484626394303632e+02
-1.164733278086004020e+02
5.204567885079853795e+02
2.994359017439047079e+02
-4.062830220924954006e+02
5.657336389568672530e+01
2.900386657041312901e+02
9.960616869211003177e+02
7.755306579084961527e+01
-3.168479776115868844e+02
-5.707509433848913432e+02
-1.247871545470578951e+02
-1.703114460457483688e+02
-5.493788355942865564e+02
-6.165819215735473335e+02
4.213391839735879216e+02
1.203843182622372751e+03
2.810818931125569407e+02
-2.662462808966108128e+02
2.200266620246841285e+02
4.099580281427329282e+02
-2.871549738173435458e+02
-7.138879313791732102e+02
1.146875190490091114e+02
-5.650593211755033707e+01
1.048755908914143902e+02
1.179359859912168957e+02
-2.511938227635276917e+02
1.138546687569350695e+02
6.934578851353162463e+02
5.528068324149359114e+01
-7.238552828696364259e+02
-1.313684034450277238e+02
-9.270282299769415602e+01
3.544932407860157468e+02
3.892589748760106545e+02
1.364363544026160184e+02
-8.394806295219481740e+01
-9.146005736393931329e+00
-4.118870302871059152e+01
-4.489461507172498500e+02
-1.632768322823142171e+02
2.875642070760059710e+02
2.376548442019952745e+01
7.447013004440060513e+01
1.256102256106474613e+02
2.525929040810177071e+02
-2.387619596392628409e+02
-1.527313590864155231e+02
-3.274953040388895431e+01
7.819097252326170064e+02
-5.400752590145280152e+01
-3.132227916003005816e+02
-1.725908596747068486e+02
-3.805972172472172019e+02
1.034176525242327216e+01
3.847083872840034928e+02
-2.047824125330962204e+02
9.657121727141942813e+01
3.680934010851643734e+00
-3.068611879091370156e+02
1.195088799597770333e+02
6.328665278609066718e+02
2.368331162702781967e+01
5.536456134847080648e+02
-1.186779173318684286e+02
-6.134272255512978518e+02
-4.245041783213164308e+02
1.618317511867674909e+02
1.144228459120902244e+02
-6.189006079686435413e+01
4.564858593249704768e+02
4.185736681910390189e+02
-4.683736352296169798e+02
-4.834631667447723089e+02
3.374491693773238410e+01
-2.063183545552362830e+02
-1.629633929009337407e+02
3.399181355653949481e+02
3.971162819369866384e+02
4.486780670005813363e+02
-3.751527373970783401e+02
-3.584479362723625968e+02
6.201061375037450034e+02
1.964424128163149135e+02
4.333837512047422535e+01
-2.468717284605441193e+02
-4.377789647010091585e+02
-3.334427214938592670e+02
3.821852817081647800e+02
-2.110902653557991755e+02
2.176852083165289997e+01
3.511486977286672300e+02
4.681408022320317173e+02
2.562669793296906278e+02
-3.448997602922968326e+02
-3.920020545873289848e+02
4.262692266449057001e+02
1.427803256543456882e+02
-4.672989840875499681e+02
-2.606553027838994012e+02
4.510466201661564583e+02
-6.821773037089155878e+02
-4.918310869201205833e+02
2.203211265314663478e+02
4.119144636858395074e+02
4.796333638157390737e+02
8.707546886764584997e+02
5.291909024616481361e+01
-4.583582445113839867e+02
1.182415691162720179e+02
-3.550160057742805861e+02
-5.894829428728337462e+01
-3.922180609685549513e+01
-1.004666790746697131e+02
8.051233176848751327e+01
-5.456436003574077631e+01
-5.113827387468604684e+02
3.788903433362985140e+01
6.112393701366067944e+02
5.204111019785516419e+02
-1.981030224842906762e+02
-3.365349653625664246e+02
-1.251655502744059021e+02
4.220382157966053569e+02
-7.137299651587662765e+02
1.596215487244706033e+01
2.945270587700831015e+02
6.482673853816628480e+02
-5.061331595001395840e+02
-1.303792977707101386e+02
-1.651965666763345837e+02
2.496467422981618824e+02
3.645175007591840313e+02
2.732735972381252054e+02
-4.743691619503653669e+02
1.148493119728528882e+02
6.261459874178136431e+01
-3.553333989963643944e+02
-2.623034891355371201e+02
9.527328811255962364e+02
-3.061607135867306084e+01
2.193034969110664889e+01
-4.864168700055458316e+02
-2.393714327280638372e+02
-4.882720346141357481e+02
4.366931148657344579e+02
3.181642948244914351e+02
-9.469701220102891170e+01
-4.293450957075738472e+01
1.441519044221698209e+02
9.180276344841823288e+01
-6.861977939364173551e+01
8.450912747427656768e+01
1.753769769151421656e+02
2.341187379921337879e+02
-1.403328583455365219e+02
-6.242737676880490199e+02
-2.469648987322708678e+01
1.179101388099653036e+02
6.236282198460128257e+02
1.844403918300826604e+02
-5.374780029902846081e+02
4.225448711294966131e+01
1.066886187475293895e+02
-2.855070645619260858e+02
-3.922734011623457491e+02
4.084998111363656221e+02
1.320996358825469201e+02
5.426235151055611823e+02
-4.368046317023650431e+02
-5.600324576135054713e+02
1.903885606883313244e+02
1.341250791171523247e+02
4.670137419304876403e+01
4.708003581304391219e+02
3.800236003476341580e+02
-4.405959379467180383e+02
-3.556616042777941402e+02
1.337333156805148064e+02
-1.931702442040557344e+01
4.789392043431217161e+00
-6.717603150139355250e+01
9.307603067682211417e+01
-4.175888764920016456e+02
2.093824042792734872e+02
5.206247491768652935e+02
1.807710097101689826e+02
-2.222946946638112422e+02
-2.684286388552447420e+02
4.742763255879659710e+02
1.694295528281643470e+01
-4.747294187659688873e+02
-9.005878730418831992e+02
1.966318325076990163e+02
6.669861317728704080e+02
3.353107939119890375e+02
-3.623340430503731682e+02
1.137053363666797878e+00
5.537025089423557347e+02
1.880221700021631293e+01
-3.219728514106944317e+02
-5.147064058100674799e+01
1.302917769280013260e+02
2.888006592680727636e+02
-2.197381966903172952e+02
-3.128908819400833750e+02
-3.621827723647557491e+02
5.306197745605910541e+02
5.540724386368259502e+01
-2.219919952998187114e+02
-1.698505462018175933e+02
4.213612528866485150e+02
2.320874527526991074e+02
-2.341814893642933271e+02
-1.607568948154834061e+02
-2.471346234317535817e+01
1.338360994746305721e+02
8.028840443058030019e+00
1.131422596364500635e+02
-8.766068304357898455e+01
-8.529047715768827231e+01
2.865533659541469191e+01
-3.370876563232550325e+02
1.856112276180538174e+02
3.932572783450594329e+02
-1.320335575155323227e+02
-9.256890789686846688e+01
1.398462752514176373e+02
-4.872665083889286564e+01
4.029134407229445287e+02
4.643340911798670732e+02
-7.640518265444385406e+02
-4.367150251794337237e+02
1.705347897204445644e+02
3.275167947243521667e+02
-1.907927288289072578e+02
-5.895193257181443869e+02
7.628045515755326278e+01
5.463836868442892865e+02
-8.330458829088222217e+01
-1.104008545546371636e+02
5.008457588774772375e+02
1.094881566998896574e+02
-2.766725047995984710e+01
-1.992413355491967764e+02
-5.402705118569058129e+01
1.387957282723986623e+02
-3.245050908436191150e+01
-3.728232135362918598e+02
-7.053213948678555312e+01
5.317431212218068026e+01
2.124976525753147314e+02
-8.662898384140137864e+01
1.512435063776182460e+02
1.233261105224437557e+02
9.262787840565468400e+01
2.381766814255220197e+02
3.729961995989614252e+02
-6.488019051852201073e+02
-4.175398147833087705e+02
-3.130910398278109597e+02
3.392060468938349516e+01
1.461744798994635914e+02
2.865322119598438917e+02
-2.048785174424644993e+02
3.497284119484218081e+02
9.085023272932539840e+01
2.375900995081137808e+02
9.934882301214024380e+01
-1.927977186386926007e+02
-1.284292393569648425e+02
2.167710652786183232e+02
-1.084579627011070784e+02
-3.360478639695668335e+02
-4.469206005519993141e+01
1.171991608557757587e+02
-2.594356036150889508e+02
-5.428822731285386993e+01
3.333836848737336709e+02
5.432877507375839059e+02
-1.069042404470164769e+02
-2.047502676522277056e+02
-3.083625567975396962e+02
1.431232038255302186e+01
1.552160184542474894e+02
2.876799420686061382e+01
7.919926346799059047e+01
-5.788998377631610310e+02
-5.465227194123794163e+01
2.372226334736346303e+02
3.988869326821084087e+02
3.118310476972393630e+01
2.939630288382918479e+02
9.834729718540530996e+01
-2.602757099102906864e+02
-2.583556312891873290e+02
-2.383689348210625667e+02
3.061166694567715467e+02
-2.016151049452180075e+02
-2.649698532982009738e+02
1.767778684543273187e+02
5.359966573315139158e+02
1.585299812627977758e+02
-9.293768978473983680e+02
2.854355476997485042e+01
5.945279252563644832e+02
4.434199295312888580e+02
-2.883795464420811641e+02
-2.993184096505679577e+02
-2.287910171991111099e+02
3.789857344962965158e+01
3.667388682685535741e+02
-6.444365738844953739e+02
1.399463956633089481e+02
1.436400175229454135e+01
5.398808110725786946e+02
-1.040063999604310112e+02
-4.291092297667600519e+01
4.257941437875479096e+02
2.038633954162405644e+02
-2.915108098192213220e+02
-7.481417135338597291e+02
-6.378293029952149595e+01
2.837137968847441130e+02
3.020587138709726105e+02
-3.850635232275080284e+02
-4.500858806314272442e+02
5.451932303566774181e+02
-5.397303243597723821e+01
6.123160412339080949e+02
-2.451903439566863199e+02
2.598953318302740740e+02
-2.306255894463348568e+02
-2.257723822543362644e+02
1.380729404394861604e+02
1.418455603295426037e+01
-3.448089675660072828e+01
-4.661229502604505797e+02
2.915532334290732592e+02
-3.683936164602260988e+02
2.576711492100644705e+02
-8.538380752266093054e+01
6.375735953702957204e+01
4.692614802734835848e+02
9.578881828119696706e+01
6.470997007734180215e+02
-2.819203214195084684e+02
-2.966900700805612701e+02
-8.053071213636050061e+02
-2.602857524145550769e+02
4.756308520280570065e+02
-2.590971136081120676e+02
-1.544417978492604959e+01
-6.005452978572829892e+01
7.725708382884880621e+02
-5.026184875633087472e+02
6.662972251101552956e+02
1.299946302894960013e+02
2.308196323820469047e+02
1.604094459942321862e+02
-8.070377774978165917e+02
-2.286615310740492646e+01
-4.218194907843864598e+02
5.838014876426738908e+01
-6.047277986351359687e+02
1.601135497492019510e+02
2.099003475285624347e+02
1.755214634148441348e+02
6.341461270503832566e+02
4.441789264730027753e+02
5.529425556783237425e+02
-8.177979013198134908e+02
5.105345024614901206e+01
-1.275903569584874759e+02
-1.437382536112682487e+02
-4.727213894754850116e+02
-1.450752186372117194e+03
7.465833571624032174e+02
3.460267421585745637e+02
9.631883549120235557e+02
-6.484999646224749767e+02
3.623216467556709404e+02
6.222524764608722307e+02
8.128280952724483086e+02
-6.970071618609377992e+02
-7.108944032539179716e+02
7.283509720240251681e+02
-7.087360346652610588e+02
-7.620966588711943359e+02
-9.219686692236537056e+02
4.956835302992571997e+02
9.833971949046524514e+02
-3.282710075967693228e+02
2.392240795969603084e+02
8.652427450544995224e+01
1.781207575126952179e+03
1.348372682332047248e+02
-4.028962933022581296e+02
-4.963364592297605213e+02
-6.278323685045257889e+02
-1.171928691403381890e+03
-5.262728626101314831e+02
8.304686152166552802e+02
-1.398132378057147889e+03
1.427210121943152899e+03
8.163524295671887785e+02
1.003048520217567898e+03
-1.641411868095849798e+02
1.517201156199683965e+01
1.465250065270759876e+02
-7.031976174618306459e+02
-7.873809033190042328e+02
3.233270939483069384e+01
9.392138896313130090e+02
2.461777838185930136e+02
-1.535636890356091271e+03
-1.203313764641790385e+03
4.060601760395225597e+02
1.694752752163813739e+03
-2.121352295506654173e+03
1.455764120122490567e+03
2.005728486557350379e+03
2.312660133223260800e+03
-1.392820547217473404e+03
-2.054433848608026892e+03
7.012612606807044813e+02
-1.784297992699789006e+02
-2.389320941951675195e+03
-1.640940714692586425e+03
7.206219948521370497e+02
3.005035190142274928e+02
2.635576533947985354e+03
5.696454501961679853e+02
8.877096629339214360e+02
3.728999117710251085e+03
1.540819453551989682e+03
-1.920228277192478799e+03
-4.506560446629125181e+03
-4.143693750205529795e+03
-2.951757890542048699e+02
2.376840712858398092e+03
4.915722131757332136e+03
-1.616145116842411653e+03
-7.746746736344250621e+02
-6.196472855377252245e+02
-4.085083284804895243e+02
-2.191580316961072185e+03
5.125693573550011934e+03
-3.414052865982057938e+03
-6.569687586070264160e+02
3.112758077998159933e+03
3.047994701369277664e+02
-2.160974808822281830e+03
3.891560075293061232e+02
-2.200827037484527864e+03
3.810782611780209663e+03
-2.013093504492095917e+03
1.865154145441149467e+03
4.169225601291177554e+03
5.823547865052321413e+02
6.159947010476960713e+03
2.666122946018023504e+04
6.114162553680861492e+03
1.402581093874507019e+02
4.115226231699137315e+03
1.480980954790271198e+03
-2.379847031667043211e+03
3.253604942990280051e+03
-2.270281431022251127e+03
6.585089860459328293e+02
-2.195563588040441118e+03
1.099457796103771727e+02
2.840301420659780888e+03
-6.905106420381492853e+02
-3.415545044993218653e+03
5.794892082035982639e+03
-2.449889700129726407e+03
-9.551560891298194065e+02
-3.311189645966248918e+02
-6.070634422672624169e+02
-1.055043444506229889e+03
5.638227849985054490e+03
3.196570682839616893e+03
-1.675800583421030865e+02
-3.319347718944254211e+03
-3.674383523580505880e+03
-2.411252804220452163e+03
9.489791498973050921e+01
2.383921873829559445e+03
1.059487169080462508e+02
-3.483071352811546149e+02
1.470732284353691512e+03
-6.716007817668486268e+02
1.753197864786746322e+03
1.056162854186148934e+03
-1.372986919106089090e+03
5.176917571785175909e+01
5.939606952104799120e+02
-1.460230637668999861e+03
-1.680442592577275946e+03
1.719655269292049979e+03
1.250690793538624803e+03
1.054804828055088365e+03
-2.499394924699826333e+03
1.543003315355295854e+03
7.851307144862356608e+02
-1.094758398353512348e+03
-1.507167756282783785e+03
8.079897195254371809e+02
1.393689350718324249e+03
-1.197910928968173323e+02
-1.219995714611325639e+03
-9.865240864262523246e+01
-3.408638621592972413e+02
2.674746879724988844e+02
-6.413154957918371224e+01
3.948363624889470316e+02
-2.866529369367971185e+02
4.934610864750672476e+02
-9.987295778903073824e+02
2.662195042793374796e+03
5.544563373016832202e+02
-1.506064331964285429e+03
6.046741829308591605e+02
7.175073284031460616e+02
-1.896038739371763597e+02
-4.217619824193081399e+02
2.342994324954328533e+02
-8.235680840682516646e+02
-4.368299750606234397e+02
-1.110512477009218401e+03
-3.646078882151123253e+02
-2.646159607233373663e+02
-5.574389913106914491e+02
-3.980867284810267961e+02
8.098852497781325610e+01
1.303369116436472041e+03
1.798349492176427589e+02
-3.161792634563084903e+02
1.916667420107301268e+03
5.359320764304619615e+02
6.623431393773549871e+02
-2.729033887136004637e+02
3.514857440641125663e+02
-4.621485429789070736e+02
2.103816992992734072e+02
-1.426651586153383732e+03
-4.058073889443749067e+02
-2.438286234056837145e+02
4.737601305868764143e+02
5.924407574733749016e+02
-6.599306941262034343e+02
-3.213255874694456224e+02
4.542881150192130235e+02
-2.905751831023354725e+02
-4.520724346114328682e+02
-2.058403383956280379e+02
-1.185211470779964600e+02
-7.694017445471336032e+02
-4.601716692528042074e+01
2.901562846372346485e+02
2.923205209616860429e+02
8.943279965194267334e+02
1.082143635615708945e+03
8.630762168912506240e+02
-6.086131164121972148e+01
5.496601611510052408e+02
-1.137974394323766546e+03
3.076413324015015291e+02
7.026343287493193657e+01
-7.325762773273816038e+02
-4.597926559011031600e+02
4.594386631959092426e+01
-8.065736348695169227e+02
-4.000360734312055229e+02
3.021381720382299250e+02
2.968475013274268122e+02
-1.580258745964012235e+02
-1.038488485942352213e+02
-6.027818381427089633e+01
-2.589194649139437274e+02
-5.086748668807188096e+02
8.153234332550759973e+02
4.330175675818127274e+02
5.515260168073770046e+02
-1.508738222445064139e+02
2.350035275556012948e+02
8.063724407465571176e+02
-1.494352659988948062e+02
-3.124433091017236563e+01
3.174010694008470068e+02
-6.953132377463147122e+02
-2.134204833490041722e+02
2.437708888910170515e+02
-5.524396974925921313e+02
-2.529055986335775685e+02
6.485796647283468985e+01
-2.121136967207256987e+02
3.044906863079748973e+02
-4.041745841628223843e+02
-4.122971643940452395e+02
1.661600107958578292e+02
-5.426218699664681822e+01
-6.983989058742058376e+01
1.012472030261067459e+02
9.566488766326592952e+01
2.581557238021622993e+02
2.951639336849973461e+02
1.785778068784707102e+02
1.862733284060609265e+02
1.376300597901727940e+02
-5.455574779792052453e+01
-8.463678358708727956e+01
2.225909045423954424e+01
6.150803285832490985e+01
-2.064305323028086718e+02
-6.995460846125089915e+01
2.363397222338597459e+01
-6.381906170018758928e+01
6.699237122648864329e+01
7.231781369704540907e+01
8.309666486158953091e+01
5.480761867900974948e+01
0.000000000000000000e+00
