-3.300254196052049949e+00
-8.376342395049816147e+00
1.169551419420418092e+01
3.854957746724069523e+01
6.702313347191632431e+01
7.252234545317756442e+01
2.039642338867899696e+01
-5.826168137314178352e+01
-5.866928783180517115e+01
-5.184829514631452696e+01
-6.736485379017091546e+00
1.519342332795994288e+01
1.601820360968300605e+01
2.994595272497983629e+01
7.819258243472746983e+01
5.136319371202103667e+01
1.994715535176946375e+01
-2.365992451983022438e+00
1.139457090948433233e+02
9.833099966752453724e+01
-7.487712660790278107e+01
1.263161663581576732e+01
7.542940110792700636e+01
-3.567154763022794128e+01
-1.203742265912417508e+02
8.980266019878978767e+00
8.723116484328450326e+01
1.413009177030390902e+02
1.869796219555208836e+02
2.727663391003512174e+02
1.090966788480411083e+02
-8.218701567091248705e+01
-1.475415931176649451e+02
-1.100071031389264107e+02
5.438801940652413691e+01
-4.704306285664144660e+00
2.124332161858755512e+02
1.209833290246859434e+02
-5.286826953013726182e+00
-1.553991941373275409e+01
3.682023004919894333e+02
8.844892900324843765e+01
-3.494237750979763177e+02
-2.019844706049948968e+02
3.385450541285503050e+02
7.970351483639799994e+01
-5.635196851037635497e+02
-8.387837506304890667e+01
2.079764663428871927e+02
-8.334741614231656825e+00
1.249492287190414288e+02
4.617471869252519241e+02
-1.887208433227106639e+02
-5.230115117906389059e+02
1.385855147926580173e+02
5.506621138096350023e+02
2.568860662348259893e+02
-1.538515285117628650e+02
-8.783133650841669748e+01
-2.004697327285120707e+02
-3.289201577212346592e+02
1.732255687176614174e+02
2.855920618260525998e+02
-1.955201408232083224e+02
-1.616084818273816666e+02
4.799434904857448601e+02
3.520561339936001559e+02
4.205376065866918367e+01
-4.096224691368356616e+02
-3.163901975885419802e+02
1.442971917951531395e+02
3.515065618344803511e+02
3.202796267192446180e+02
-8.519261731451886988e+01
-3.242549834582720791e+02
-1.639330746763222919e+02
3.813026880959010896e+02
8.207894982032264863e+01
-5.549716315655425660e+02
-1.486223347213032753e+02
4.145737403786655477e+02
1.673277049893648893e+02
-7.645169308198450153e+01
4.524943291014642455e+02
-3.368489206759204535e+01
-2.008665847540099492e+02
-1.579598430431492773e+02
-4.394438123177319966e+01
-7.712630886599773916e+00
-1.455462060613665471e+02
-9.061635522357637740e+01
1.434973136855294911e+02
2.633022344325012227e+02
7.596375939307355338e+02
4.413532321162260814e+02
-5.381105024735978759e+02
-7.021138983729703114e+02
6.396639531016300850e+01
-4.475292227111261809e+02
6.097272623207299347e+01
1.287435338612594364e+02
4.892924791119187944e+02
1.246430522679216324e+02
1.941180007831984256e+02
-2.748461105604943100e+02
-4.303942612077535159e+02
-2.029995731312245510e+01
5.988933702535894099e+02
-1.258887328976525666e+00
-1.540045811127562274e+02
2.415986572420857215e+02
3.094650484263674457e+02
-2.880332328565534681e+02
-2.294470488307716209e+02
-2.788161732930989842e+02
6.261065110396887121e+02
-4.477228143210900271e+02
-4.990210752864213077e+02
1.612318806835452847e+02
6.901935596587320561e+02
5.395003764722000597e+02
3.805250021620915390e+02
-4.475846077936341203e+02
-4.257064127527841606e+02
-8.787256374842596074e+01
-5.168286595994327399e+02
-1.679084894485499149e+02
-5.857836398414283252e+01
4.536507715680779143e+02
1.119371907483731093e+03
-3.125583257365069016e+02
-6.139463881940250758e+02
5.413502303127955884e+02
5.136960851821746701e+02
-3.105279764143124908e+02
-4.174398288909238204e+02
-3.391596658860821663e+02
1.431965798646360355e+01
2.088381203499403966e+02
-4.542967190132694100e+02
7.511106178440981012e+02
4.140574387856786984e+02
-1.083948982592188202e+02
-4.798684142743236407e+02
-5.453807170658435410e+01
2.122328659053042941e+02
8.117935200729443750e+02
-4.911039361060930730e+01
-6.911585575818596681e+02
-2.277073826924056164e+02
2.841429584694494679e+02
-5.278594277256136280e+00
-1.904744334136611599e+02
-5.656673746434381655e+02
7.910006198019899557e+02
8.615397561517754639e+02
8.060379947083582408e+01
-1.052666251501841998e+03
2.529669594492390274e+02
2.107552738065750759e+02
3.857541029449185430e+02
-9.173291046736997245e+00
-4.412066376194251234e+02
-3.488786404465749342e+02
2.066837803715928601e+02
-2.726649791061381052e+02
-1.091393325964344854e+02
5.198196596999561052e+02
2.949938445457593161e+02
-4.086043199302348512e+02
5.852739657446438315e+01
2.911160996483043277e+02
9.923879299106458802e+02
8.146909143499743777e+01
-3.063158865993311224e+02
-5.824034233486881931e+02
-1.336120098948626378e+02
-1.681076891400099669e+02
-5.372271195650054096e+02
-6.114699443114244559e+02
4.140140192299461432e+02
1.196660522157802461e+03
2.833083208420205210e+02
-2.632346447903750004e+02
2.105475469365552783e+02
4.130805694949035001e+02
-2.764542171768584353e+02
-7.050549871600672986e+02
9.983522260752637578e+01
-6.042259006399227417e+01
1.113994961882972916e+02
1.176425654548910416e+02
-2.578436369027304522e+02
1.121507773166313200e+02
7.016145282305602677e+02
6.547194715486340044e+01
-7.333782062288250927e+02
-1.410206917655302732e+02
-8.620712262315021235e+01
3.641529371649129416e+02
3.776390739627110520e+02
1.304465152935065078e+02
-7.745851304781444924e+01
7.071994355324839887e+00
-5.167551068511900780e+01
-4.592320334167665692e+02
-1.555444942123392309e+02
2.925588672186311214e+02
1.405289102090063835e+01
6.642407968564717180e+01
1.402996934331817727e+02
2.629381229497398067e+02
-2.484753574247596930e+02
-1.654788561102623419e+02
-2.311515685592789282e+01
7.874665783693026242e+02
-6.133963098193724051e+01
-3.166314029746744723e+02
-1.600634214298050324e+02
-3.763039370994427486e+02
-1.340983067056472677e+01
3.771710177728152757e+02
-1.756000847504202795e+02
1.028584564271184973e+02
-1.377120626559613115e+01
-3.143800609315877068e+02
1.365974016677706402e+02
6.293889145129628560e+02
8.499840485522836886e+00
5.520113260845877221e+02
-9.389572478871716044e+01
-6.131129604918604628e+02
-4.437268514298082778e+02
1.584045970787394140e+02
1.326779972903149485e+02
-6.012276501501149539e+01
4.320780138862967874e+02
4.200167638380984840e+02
-4.433398865600510703e+02
-4.848648279611429643e+02
1.587990342821570522e+01
-2.024443188377432534e+02
-1.473735147251533419e+02
3.330210188445894346e+02
3.765013118849003604e+02
4.509182175774734560e+02
-3.531386352857231259e+02
-3.580178110427548290e+02
6.052683874279074416e+02
2.002645788432470511e+02
5.127771607765371442e+01
-2.471637026713219996e+02
-4.554888683755237935e+02
-3.296614950295647759e+02
3.968105959647587042e+02
-2.073712176725065319e+02
7.032089502005227644e+00
3.508493082917028687e+02
4.742459586796070994e+02
2.560824709799645689e+02
-3.531897571437000920e+02
-3.852407684713263052e+02
4.370437633001596964e+02
1.355713758588965163e+02
-4.790989179989652484e+02
-2.595645115756825021e+02
4.586048921544118571e+02
-6.721819989337669767e+02
-4.991491677966887437e+02
2.139091350713490840e+02
4.161810222424480799e+02
4.797959046438811015e+02
8.620384409632943061e+02
5.547600312725659677e+01
-4.489190395579138340e+02
1.189252738907346867e+02
-3.597322084450464672e+02
-6.061383290755954789e+01
-3.183613126128768300e+01
-1.055483416922121904e+02
7.757888498450518000e+01
-5.846093493866351309e+01
-5.082172709974425970e+02
4.059706855915214163e+01
6.130983450427835351e+02
5.219726985444046932e+02
-1.927987779593779862e+02
-3.456521067215171001e+02
-1.335956465807657310e+02
4.242086728917432197e+02
-7.049744977126129015e+02
1.907683873893482129e+01
2.926379856123128320e+02
6.450578449223338566e+02
-5.014713988943540812e+02
-1.378480191544041418e+02
-1.680411271744949602e+02
2.508882082858033016e+02
3.692650436161632115e+02
2.768666482017132466e+02
-4.734589808695503734e+02
1.084416029375120019e+02
6.047450529565030308e+01
-3.502766730925629304e+02
-2.614608684165665409e+02
9.502720731351622590e+02
-3.195485775522165284e+01
3.001033834765903663e+01
-4.939603944321843301e+02
-2.480701641720684165e+02
-4.840333190130010621e+02
4.486803535354649171e+02
3.209839642421069925e+02
-1.043226472534278884e+02
-5.129432986803180938e+01
1.574557420417213791e+02
9.468576435864656560e+01
-8.448436560211514745e+01
8.238889374735140336e+01
1.953962869903394335e+02
2.330117300057658838e+02
-1.552561818073626512e+02
-6.274778713562179746e+02
-2.005693140309457334e+00
1.136741858273169044e+02
6.026914260083626687e+02
1.816134243630679634e+02
-5.171160594672340949e+02
4.923458397319020463e+01
9.477584273313212293e+01
-2.878627881144634557e+02
-3.814521597162719218e+02
4.015121302187227457e+02
1.112340574550092356e+02
5.521085639851090718e+02
-4.153586132729267320e+02
-5.605446118943903002e+02
1.729753769138552855e+02
1.340835761810044460e+02
6.340816519307485066e+01
4.631927575610613985e+02
3.620287898830125641e+02
-4.283415294038110233e+02
-3.401300885619094743e+02
1.256704241133561908e+02
-3.554060241857803248e+01
1.319958953137300739e+01
-5.739625504373705667e+01
9.048073697003316340e+01
-4.321195910313577997e+02
2.201975747846657327e+02
5.289603271890625820e+02
1.748700131636706487e+02
-2.369194861154093417e+02
-2.605995662381656075e+02
4.907905421784956275e+02
7.534334735101621661e+00
-4.884345623340539646e+02
-8.890745045192009002e+02
2.052209520509792924e+02
6.550583973735411973e+02
3.266942779881649130e+02
-3.529963084148320718e+02
1.102257082531906818e+01
5.478940427708217840e+02
6.086567375669591939e+00
-3.091711451595831477e+02
-3.888355900922914543e+01
1.193291419589766633e+02
2.710876570569711816e+02
-2.183006116805148054e+02
-2.944166672034031080e+02
-3.664171563078338067e+02
5.257242409605065632e+02
6.327372770829826010e+01
-2.126788746386493756e+02
-1.891606143148691217e+02
4.095222270480713291e+02
2.422591018461237411e+02
-2.141604243443478595e+02
-1.675342237797222253e+02
-3.856922647376852353e+01
1.414579728998750454e+02
1.529919563748612177e+01
1.038266755438091309e+02
-9.590845352733921914e+01
-8.028286258343594284e+01
4.411223944418250653e+01
-3.448653975726824683e+02
1.740465283988913257e+02
3.994323509791263973e+02
-1.181330095603535568e+02
-1.026259703411223398e+02
1.327988979214684662e+02
-4.437274900690979962e+01
4.078219591608119003e+02
4.605901879528734071e+02
-7.684497403728962581e+02
-4.299951358555853744e+02
1.672275870653836876e+02
3.287847099000328512e+02
-1.910287449432637459e+02
-5.875632764876328338e+02
7.698977984925826945e+01
5.451652461151387570e+02
-8.702489918982440997e+01
-1.075671769714728185e+02
4.987431046817303582e+02
1.065409354500087460e+02
-2.238648421767151220e+01
-1.952000375592262458e+02
-5.578911287520221407e+01
1.398531510896218322e+02
-3.950122524941314595e+01
-3.751949624608570275e+02
-7.527513501633208648e+01
6.589490851306175045e+01
2.191575935774669688e+02
-8.893737451523954007e+01
1.450679575806518926e+02
1.233293313202875083e+02
8.636411817689520376e+01
2.337595263047406888e+02
3.809913823944767159e+02
-6.395414207020733102e+02
-4.187641149239539686e+02
-3.245799189549705375e+02
3.955579055435952540e+01
1.519399713793960132e+02
2.794343160783790836e+02
-2.090851256492739765e+02
3.541900951727117786e+02
9.767696220404626217e+01
2.319071534030565260e+02
8.904207082933898221e+01
-1.810975614393859985e+02
-1.164703792136655665e+02
2.028394441369416938e+02
-1.247625448116567100e+02
-3.192484165415334019e+02
-3.372145489412955044e+01
1.099227518773514589e+02
-2.745259596509808375e+02
-4.081243235137232972e+01
3.390330369051386583e+02
5.332727062158122635e+02
-1.139606900706693011e+02
-1.936340017761186516e+02
-2.987783421917196165e+02
3.624708044986450162e+00
1.401870001829495891e+02
3.935103227050886687e+01
9.252846175256850358e+01
-5.895501879930645828e+02
-6.084858560750522827e+01
2.525653936704357818e+02
4.050324544044900108e+02
1.542623158272250450e+01
2.759554789762051996e+02
1.114828547306863129e+02
-2.441931358230677063e+02
-2.658961548582021237e+02
-2.443612472899389161e+02
3.137456163451515181e+02
-1.944251982428242229e+02
-2.802375058081718180e+02
1.666655102011111182e+02
5.461703380267707644e+02
1.770994252442261825e+02
-9.409927328080749476e+02
1.792072298678635178e+01
6.003947959463062034e+02
4.562596967636414433e+02
-2.990698276333077956e+02
-3.120295003478623244e+02
-2.166600109508335095e+02
4.752876917232737242e+01
3.510785735030786441e+02
-6.456420954728953348e+02
1.557002396311836776e+02
2.029326898244125843e+01
5.227653765721447598e+02
-1.145339715950935329e+02
-3.211002253735216527e+01
4.401165180949413411e+02
1.908145881655788116e+02
-2.979653052662466735e+02
-7.364294938806270920e+02
-6.019248732722634543e+01
2.684401388958459052e+02
2.985889672475110501e+02
-3.616657979258198452e+02
-4.483783225055546495e+02
5.251353009834524528e+02
-5.872195503839667907e+01
6.281367731670771946e+02
-2.476033816926980364e+02
2.500669212317407357e+02
-2.289061018755199939e+02
-2.064496915040005831e+02
1.362062664135223145e+02
-7.197351100942132263e+00
-3.742649433374083401e+01
-4.501303003244092338e+02
2.926886780129629528e+02
-3.758306389116932564e+02
2.567033691180052415e+02
-7.014191003041716499e+01
6.121468887440585149e+01
4.536146935056926850e+02
9.079937201638712452e+01
6.607311921897235152e+02
-2.815679661460202396e+02
-2.998266144190743034e+02
-8.064744407726329882e+02
-2.544891722942514320e+02
4.764421390382348136e+02
-2.626238822182931472e+02
-1.561778290337321629e+01
-6.472231962468559630e+01
7.735766658970304661e+02
-5.006938350236874271e+02
6.659156247532056341e+02
1.334025008324996122e+02
2.370728884482810201e+02
1.525284629576551652e+02
-8.136286339232684668e+02
-2.294606112059464209e+01
-4.160470099981583871e+02
6.599898828073800416e+01
-6.068313782424683041e+02
1.514034300091418856e+02
2.121997253210639371e+02
1.760892812878297775e+02
6.345148212917644059e+02
4.404880988044380956e+02
5.636597500339739781e+02
-8.175490773648652976e+02
4.095262150237650900e+01
-1.356107843594870417e+02
-1.331945800903985457e+02
-4.691162118821926015e+02
-1.450763424322771698e+03
7.457567942949749522e+02
3.482679606774181593e+02
9.633800585371207035e+02
-6.591206707559598499e+02
3.611325811273902673e+02
6.300007301883003947e+02
8.141047395010206174e+02
-6.997534838764086089e+02
-7.108077636453504056e+02
7.352738789057328859e+02
-7.073283529884892005e+02
-7.738928896253513585e+02
-9.274943063838945818e+02
5.075773302855924953e+02
9.871571992996485960e+02
-3.381457845926889263e+02
2.408946976013738777e+02
9.423640187649662892e+01
1.786244412038385690e+03
1.190805122209339970e+02
-4.047796501762150001e+02
-4.921731117530962365e+02
-6.218582223300641090e+02
-1.176301410557124427e+03
-5.255870953684150209e+02
8.395463136246787599e+02
-1.394692731407460087e+03
1.407045779043299717e+03
8.092192772020684970e+02
1.024213699672705161e+03
-1.578226621164131132e+02
-5.058747011839130892e-01
1.430673227947227986e+02
-6.924046547225203767e+02
-7.834137435981298268e+02
1.415732451724253949e+01
9.420362664020397006e+02
2.672350006536624960e+02
-1.532593540516050325e+03
-1.227652546932900805e+03
3.964920557882395542e+02
1.715863942642185066e+03
-2.112578051802774098e+03
1.439339459439597022e+03
1.998494606110635914e+03
2.336397701605820203e+03
-1.395314640483573612e+03
-2.073057327648610681e+03
6.970526963989444766e+02
-1.570286392061160541e+02
-2.387633879777401489e+03
-1.662065559446505176e+03
7.235453879724362878e+02
3.243591386498297311e+02
2.631286118132228694e+03
5.494046567173043059e+02
8.859270883112532147e+02
3.743256681855502393e+03
1.539271840106839591e+03
-1.929974505858991506e+03
-4.504686689461947026e+03
-4.121895356018143502e+03
-3.015925944635397400e+02
2.361192666169421955e+03
4.913699945516897060e+03
-1.604413813643328012e+03
-7.785692182287963305e+02
-6.295170990975963150e+02
-3.945391202891178750e+02
-2.182136572441289900e+03
5.113507759451315906e+03
-3.426377764561966615e+03
-6.479817489105861341e+02
3.118289158267639777e+03
3.042476484759958453e+02
-2.166688849000638584e+03
3.937825871845162737e+02
-2.194203715773426666e+03
3.799529151418950732e+03
-2.021087355043388243e+03
1.876429149495651700e+03
4.179474361145890725e+03
5.780677759843715648e+02
6.144150606433733628e+03
2.666536612307321411e+04
6.121129527731050985e+03
1.421186521320186671e+02
4.108116216379112302e+03
1.487295493508997879e+03
-2.378333256956365858e+03
3.253702903396479996e+03
-2.278346362112522002e+03
6.594495559036346322e+02
-2.189521772626849724e+03
1.056608570725168761e+02
2.835123733577193889e+03
-6.897318206256717303e+02
-3.404257932761629945e+03
5.800962268421704721e+03
-2.460659784045872129e+03
-9.619026491833794807e+02
-3.259341182956559351e+02
-6.081293430914196279e+02
-1.060004134587682756e+03
5.644679576254795393e+03
3.203587749201606584e+03
-1.661124166835186600e+02
-3.326367120713814074e+03
-3.684820967434653994e+03
-2.407024088283727906e+03
9.869724269449777410e+01
2.388785965384099200e+03
1.002573476667558054e+02
-3.426108657349762439e+02
1.472841046976736607e+03
-6.764303974866319322e+02
1.745002848788215260e+03
1.061127057334885649e+03
-1.370025442585618521e+03
5.468331196926973092e+01
5.912560955715085811e+02
-1.465943927456546817e+03
-1.676130611912338509e+03
1.722404620236091887e+03
1.245381469258205016e+03
1.058032505848462279e+03
-2.494025396259035915e+03
1.543706502234353138e+03
7.719910853210926689e+02
-1.097005140497187995e+03
-1.494115386700364070e+03
8.127080927163866590e+02
1.380338429826399761e+03
-1.224510072050810692e+02
-1.208497915830646889e+03
-9.599786399436005979e+01
-3.489627748980233832e+02
2.614458121745116159e+02
-5.197992797853125069e+01
3.910433068440953548e+02
-2.953325383923688037e+02
4.965733869001954872e+02
-9.820956741393702032e+02
2.662176631534362969e+03
5.369365583477413111e+02
-1.513874655683232504e+03
6.202448771115466570e+02
7.145844706673134397e+02
-1.996908420909940105e+02
-4.073298634796092301e+02
2.506806090715596724e+02
-8.399910390635485555e+02
-4.541474109595313280e+02
-1.105229823693871367e+03
-3.457883156626955383e+02
-2.748188877583442036e+02
-5.691705285657119475e+02
-3.873168960044473010e+02
9.716888818469224987e+01
1.292055864535807586e+03
1.611297691630551014e+02
-3.068136216269798524e+02
1.934873550373546323e+03
5.240829350582387178e+02
6.457651693601928855e+02
-2.548981482549189082e+02
3.630201982733700561e+02
-4.754682679193408603e+02
1.960878008163402626e+02
-1.413513798563782757e+03
-3.921514798383464608e+02
-2.573811753941246252e+02
4.587373778808963039e+02
6.073503600260822850e+02
-6.483425225526566464e+02
-3.304748886963565724e+02
4.399764611314085982e+02
-2.802176755571881586e+02
-4.406499977709341920e+02
-2.080487089347923018e+02
-1.333971910272191792e+02
-7.606257787025250536e+02
-4.324978405459940944e+01
2.821506729746778888e+02
2.808745468728931201e+02
9.083310423869063470e+02
1.097458771979739595e+03
8.581302506632139284e+02
-7.208298267033002560e+01
5.490208537380410689e+02
-1.137036379552738254e+03
3.007490929281639751e+02
7.612063904470608122e+01
-7.250114220512989505e+02
-4.500541632752667738e+02
3.345169102219474411e+01
-8.201213865927845745e+02
-3.929073325926701159e+02
3.121112683143883828e+02
2.902311057645102892e+02
-1.608811950771013244e+02
-9.671738136221360094e+01
-5.557491683018291440e+01
-2.702154326500187835e+02
-5.137836516216358405e+02
8.262566523849851592e+02
4.395115788203173679e+02
5.423156268904766648e+02
-1.518526819122185714e+02
2.365443633449668255e+02
8.081668265976060184e+02
-1.594411470471222287e+02
-3.035987025725805211e+01
3.317799950303152627e+02
-6.950194149027563526e+02
-2.223501091749859313e+02
2.433327020477189251e+02
-5.505108525163858531e+02
-2.508095136330276489e+02
6.101443218406094360e+01
-2.155349697384397700e+02
3.103865689372721022e+02
-4.024472763151412096e+02
-4.182968079858935653e+02
1.682580005061263648e+02
-5.267427708254026442e+01
-6.996051431256790920e+01
9.952205306357376458e+01
9.450275846697093129e+01
2.618445698671248465e+02
2.976509537775712602e+02
1.775026530007193060e+02
1.864031213849623612e+02
1.385835387887860009e+02
-5.494188553026178568e+01
-8.524245135173046606e+01
2.353530536730026768e+01
6.330958178710787365e+01
-2.062297473309344582e+02
-7.116549003826024489e+01
2.332906770240802530e+01
-6.488005761093782553e+01
6.731704734288776137e+01
7.242581464212723574e+01
8.328071653453011436e+01
5.574634270574041039e+01
0.000000000000000000e+00
