-3.543095282633640153e+00
-1.036922744156334630e+01
9.267621296577202017e+00
4.417810654450243391e+01
7.265343358861697709e+01
7.432833629383361540e+01
1.997151471218845131e+01
-6.412978351828763834e+01
-7.215823182084724863e+01
-4.730693165013197898e+01
-1.029794621957133138e+01
2.411326479836867520e+01
3.820255348564877096e+01
3.114182011764257396e+01
4.423691062250377826e+01
5.636414793050424521e+01
2.749538575623454051e+01
-3.454118838773432287e+00
1.070840229710681797e+02
1.230783871636348579e+02
-6.913242520187250761e+01
-2.007337224440576762e+01
7.485575589433321397e+01
-1.702445444019701171e+01
-1.114069263417057414e+02
-1.500468324899679118e+01
9.583691543256711043e+01
1.276560780422688453e+02
2.225282581301071332e+02
2.582712004913416308e+02
1.253207064585809007e+02
-8.555128433123147147e+01
-1.634305531765004673e+02
-1.560570611261479712e+02
7.137924701367599312e+01
7.241218487897224065e+01
1.684490577179474258e+02
1.406644227035420158e+02
-2.105726743378101951e+00
-3.923484116389647625e+01
2.616073153162146241e+02
2.302579624257847684e+02
-3.147562894891982523e+02
-2.526881233923200512e+02
2.640719586019019971e+02
1.398662612609662403e+02
-5.458632081749626650e+02
-1.979142825386167317e+02
2.899184951555202474e+02
5.511911973917196406e+01
1.502064625829702038e+02
3.312332229269856043e+02
-1.366502331362937639e+02
-5.759913932413984412e+02
1.603502553002642514e+02
5.823398581499299098e+02
2.469703391897340907e+02
-6.677817142449154630e+01
-1.029851502952392224e+02
-2.768584766417266110e+02
-4.592881107507761271e+02
2.819218645881989005e+02
3.637702955127170981e+02
-2.060311461722373849e+02
-1.152413407687680547e+02
3.609380335846342973e+02
3.599061266734332776e+02
-2.492739062089387403e+01
-2.193671951869369536e+02
-4.190474760139323962e+02
1.665331666312713423e+02
3.767656696477109222e+02
2.474483424320605991e+02
-6.911615688193211327e+01
-3.532603377073205024e+02
-2.288678913942385407e+01
2.554383544574641292e+02
1.360948789561323053e+02
-6.345013452532381280e+02
-7.267279580199701172e+01
4.356667067101697626e+02
1.041478696935878219e+02
-2.508794809668170345e+01
3.333489332066886277e+02
1.276325815358932516e+02
-2.893250005165229481e+02
-1.272251944828945085e+02
-2.812514423546339515e+01
-4.682775838893521581e+01
-1.165322003211722404e+02
-2.050726738645033436e+02
3.036105737230913633e+02
1.086848255550740419e+02
9.644104611081306757e+02
3.527574176763027936e+02
-5.495157557284816221e+02
-7.816517775156507923e+02
1.031993017006735585e+02
-3.354741935650608866e+02
-1.660070675754077456e+02
3.487281940350835612e+02
4.141932928551420900e+02
2.123394049504678378e+02
7.472999931234704718e+01
-3.209044727307900189e+02
-3.963491905421310548e+02
-1.068946040072082937e+01
7.974721018297374258e+02
-2.422583450929640492e+02
-3.040005703534461645e+01
1.119490405629841945e+02
4.084071340739512266e+02
-3.133644825270175716e+02
-2.364518914312167510e+02
-1.764945050110397631e+02
4.166441061298702380e+02
-2.231391943158911317e+02
-7.177565120926701638e+02
3.455293582906880943e+02
6.246167339007206465e+02
6.018355809011504789e+02
2.704538874669111124e+02
-5.241242600905179643e+02
-1.958993658063483565e+02
-2.383441726464427859e+02
-3.947404677511510727e+02
-3.451124590916745092e+02
1.148028939458590401e+02
3.145493778361420709e+02
1.092737967393894223e+03
-1.153666533449912777e+02
-7.259656564365325266e+02
6.794536067867346674e+02
2.127350647821587302e+02
-1.253684353336386152e+02
-5.036785668971266432e+02
-1.971343821406138090e+02
-5.616214877481688461e+01
1.576528444634909079e+02
-2.576331262182625323e+02
4.875253651039500937e+02
5.476673107355649108e+02
-2.490993533623881149e+02
-2.069049585168322096e+02
-2.845874379442579993e+02
2.793327114403008977e+02
9.459961320903603337e+02
-2.236987676044666387e+02
-6.177110713760815770e+02
-4.065424816555382108e+02
5.394786227694413583e+02
-1.447208139257693347e+02
-7.851750915555052757e+01
-6.566485489257537438e+02
7.589854541962635039e+02
1.002081818853795085e+03
-1.187408548796980057e+02
-8.242065561482756948e+02
4.011302935599120190e+01
4.113264281762004089e+02
1.509860184443204503e+02
1.328743586299566743e+02
-3.656417490893837225e+02
-4.882029895790024057e+02
3.137763357573069811e+02
-4.371019657675004169e+02
1.137256171572506389e+02
2.687062262719982755e+02
4.940321599338991518e+02
-4.352218646762997878e+02
7.062681638010636220e+01
2.456573743373810714e+02
8.217166546532716893e+02
3.049619454098386768e+02
-4.235831814320374065e+02
-3.042309283356154879e+02
-4.106108476382926824e+02
-1.735446055851593883e+02
-4.833770848948116736e+02
-6.344285878429316199e+02
5.134860048466007356e+02
1.033562295794616148e+03
5.630276833403690944e+02
-5.258675733937443511e+02
3.502679069958926448e+02
2.477498469580028768e+02
-1.808512876405209227e+02
-6.426415216729408257e+02
2.681639554423526306e+01
1.407677747503528565e+01
-5.872977852445282565e+01
4.150401382088530227e+02
-5.144428505459069356e+02
1.526669981671458345e+02
7.284555417124972791e+02
9.084240881746987384e+01
-7.058646255444602957e+02
-2.838887678734813562e+02
1.256825674199729974e+02
1.674400985808554196e+02
5.447327533956890875e+02
-4.326426999215211566e+00
-1.112804151806859920e+01
-2.255754279762660985e+01
-9.315157547258645820e+01
-3.010267952161188418e+02
-3.452705656361213187e+02
4.995322955061164407e+02
-1.878184259100132749e+02
2.046579122747505153e+02
2.827653085274477007e+01
2.844152758108194234e+02
-1.971907175285093672e+02
-1.601901045448356911e+02
1.046596895637289748e+02
5.129090408367624150e+02
1.493516691432422760e+01
-3.321372022928003389e+02
7.152816125457277963e+00
-4.501269815650899773e+02
-4.282348171945950810e+01
4.523148538781932189e+02
-4.105584130810265151e+02
2.929415831394699694e+02
-7.940193164672581361e+01
-1.874724219044418305e+02
2.264578605681026602e+01
6.902111867983846878e+02
-2.694260329111109797e+01
4.670556206132097259e+02
3.653401509903770261e+01
-7.136534095205614676e+02
-3.138607552524339326e+02
2.955524612576549259e+01
2.155110443665159039e+02
-1.282148270861589197e+02
5.176194264388097963e+02
4.198878767931266225e+02
-5.916003195347310566e+02
-3.442457261043935546e+02
-5.500489477600419264e+01
-1.801251061212155093e+02
-1.706980053311754943e+02
4.575710318682253614e+02
3.276017538110931469e+02
3.121852297429006740e+02
-2.589601047661303710e+02
-3.678384249940546056e+02
6.752447104957723241e+02
4.690796939247178443e+01
2.030935213700380757e+02
-2.748556738471233984e+02
-4.616944905031038502e+02
-3.935391809125129612e+02
3.544484793960845650e+02
-9.213290587171549362e+01
-9.454182224794898559e+00
3.761222879506095751e+02
4.160487720967677205e+02
3.181151945833873356e+02
-4.319728718901762363e+02
-4.543640405434972536e+02
5.396788629144969036e+02
2.414220019537119697e+02
-5.221959708270611600e+02
-4.034952596787300081e+02
5.145511361032387185e+02
-6.867657329530695733e+02
-4.613848511857050880e+02
2.755063745681165415e+02
3.537485912364874139e+02
4.862314826746576273e+02
8.687791213616289951e+02
5.205650622759981161e+01
-5.255358731455191901e+02
2.133070518500454114e+02
-3.504127887079329184e+02
-1.019478920583179331e+02
-9.049405142086550313e+01
-2.446130491221837389e+01
8.089187025267760589e+01
-2.709529674326878990e+01
-5.309226441066272173e+02
-3.420984677277672859e+01
5.817472423687647733e+02
6.006164318088366372e+02
-1.470687144911450730e+02
-3.465062663805500165e+02
-1.432299741748511792e+02
3.300514755091018060e+02
-6.789141378205308683e+02
4.673973693967951704e+01
3.129191095693100237e+02
6.046904987858467848e+02
-4.808144511495895586e+02
-2.303407628285293995e+01
-2.834470510814560384e+02
1.732825734497374128e+02
4.116434598753436944e+02
3.907642963226552411e+02
-5.581656941732405812e+02
7.802988356525455060e+01
1.601421507142614189e+02
-3.975800812462226759e+02
-2.726008207895006876e+02
8.264318662294158457e+02
1.391400616680327005e+02
2.077480218623681196e+01
-4.415213514287453904e+02
-3.949607280828154785e+02
-4.997552489880207531e+02
5.812759540283088882e+02
2.325748490442239245e+02
-9.756849747230495495e+01
-3.532566139546345596e+01
2.628550725663425283e+02
-7.271142310462525415e+01
-4.746157865067746684e+01
1.528266568642152947e+02
1.414367315312232449e+02
3.006376854841898876e+02
-2.697776647250053088e+02
-5.420582258554026112e+02
-1.264649445485283934e+02
2.930645179593108764e+02
5.922358969324529880e+02
1.142514133550165951e+02
-5.345809148894775262e+02
-6.864575628472587709e+01
2.622549955209668724e+02
-3.423247064580109509e+02
-2.210626318180163423e+02
2.203595847227511797e+02
1.855862876358350206e+02
4.770797763044556064e+02
-4.439100532623365325e+02
-4.592311450006798736e+02
1.173917533485693241e+02
2.663825810702996932e+02
-1.320756810930546123e+02
6.113365541702354449e+02
2.912238413952394467e+02
-4.754157268959928047e+02
-2.751502246503898164e+02
1.223292836671884629e+02
5.997068400947541988e+01
-2.114773237990509642e+02
1.641126214669501735e+02
-7.641179066944553711e+01
-3.307356506419616267e+02
1.610513903497332535e+02
5.569991130852204151e+02
2.276959571915015204e+02
-3.541853301582643780e+02
-8.585859023124088196e+01
2.456938883060947489e+02
2.174738963777615197e+02
-6.028226030471550985e+02
-8.333802756236065079e+02
2.096240834631579162e+02
6.193068201891192075e+02
3.624158373510157389e+02
-4.741255876303505374e+02
2.813880447116521282e+02
3.048249665822745555e+02
7.421006352550159590e+01
-3.761423788334558935e+02
3.762314343917255144e+01
1.887295330735717300e+02
1.560214867410753357e+02
-1.696671850250211122e+01
-5.970550588788787536e+02
-1.923387707155533803e+02
3.574037843584277994e+02
2.552879067796215793e+02
-2.080676835148187820e+02
-1.878732588388457714e+02
3.937929155187426886e+02
1.780039273549526513e+01
3.860674161431796136e+01
-3.109960922573028483e+02
1.339745680297137653e+02
-3.836206455420681039e+01
1.384589092668697106e+02
1.148405617524844047e+02
-2.483483932522285329e+02
7.274521001861683089e+01
-1.312481598371227278e+02
-7.114951197008080896e+01
-2.153249274057881735e+01
4.348606103078012666e+02
-2.135317218103996026e+02
5.329497785334415738e+01
2.101667863767094673e+02
-3.479613743077256913e+02
6.406533005973349191e+02
3.305022019835212177e+02
-5.620286579782956551e+02
-6.910029219813735608e+02
3.506045998741955714e+02
2.828964137541013883e+02
-2.717075846270446959e+02
-4.506491319445716499e+02
-9.767673553524247154e+01
7.472473419101111176e+02
-2.742341333812411222e+02
5.164980671856248762e+01
4.081890605109143166e+02
1.722263598539068425e+02
-7.395542016653642747e+01
-3.553659297239082093e+02
2.313777556608088446e+02
-2.967697151163406133e+01
1.359403890633822130e+02
-5.906117808168850161e+02
1.095717433592127179e+02
-8.936015033071419111e+01
1.179466193659707898e+02
1.355840335675839299e+02
9.810964182281678347e+01
2.714684046320299444e+02
-2.264435378519604001e+02
4.451617494968771780e+02
2.411184840527131996e+02
-5.458182135245677955e+02
-4.390285689353521548e+02
-3.452114503660986884e+02
1.724640905158874773e+02
-5.670306779593619950e+01
4.264347937120882079e+02
-3.867673202440261093e+02
6.064289908359859282e+02
1.040114242345970297e+01
1.154961002645895718e+02
1.796767543253652093e+02
-2.516278847159139787e+02
5.839560836408503519e+01
8.302457562183839457e+00
8.257665768909261317e+01
-5.684918000598083836e+02
8.352295346546227961e+01
1.228563328060815536e+02
-2.948477286396470163e+02
3.370232201126627558e+01
2.225231232211388033e+02
6.874094184220377883e+02
-3.687421974317901459e+02
2.819672328069160727e+01
-3.705379792375121042e+02
6.132313262519481611e+00
1.699426647887814568e+02
2.248496984804368992e+00
1.776556083492666289e+02
-7.861759881168600259e+02
7.856035563411856515e+01
1.435161671548679863e+02
5.872178018276676994e+02
-2.278690247904454935e+01
2.094468648280473531e+02
1.503099587316442580e+02
-3.562578077340519940e+02
-1.087446236815317917e+02
-4.608744419707297766e+02
5.425912502237067656e+02
-2.468335306595093073e+02
-2.575278594808520438e+02
6.980877744213725578e+01
5.295327909792466698e+02
2.624331459478068496e+02
-1.023326306514323733e+03
1.871518497081122518e+02
4.568107873036180990e+02
4.743960642559604821e+02
-3.432956042099050933e+02
-2.016090227959183778e+02
-2.164252804284105309e+02
-7.002022588576129181e+01
4.728294828120348825e+02
-8.038381060317379934e+02
2.707069865895174985e+02
-1.372228723040187504e+00
5.914555081633334339e+02
-1.472041056952806457e+02
-7.389372947434947037e+01
4.181639259454381659e+02
1.188567511972000403e+02
-8.058843344652827057e+01
-8.328038934270510936e+02
-3.998573258644069028e+01
1.778996297663152291e+02
3.659510352612755355e+02
-4.228377132466799253e+02
-4.300863362968847241e+02
6.416872490031057623e+02
-1.553530149454539924e+02
6.630330085013124517e+02
-2.589205565690597268e+02
2.279660708051823974e+02
-3.020347293514197418e+02
-1.508630943619437232e+02
2.533797311789272158e+02
-7.090688947057738289e+01
-6.965134856803371122e+01
-5.027434016872190909e+02
4.150873351276809444e+02
-4.546656728646936472e+02
2.217873041091114601e+02
-6.977062752333574736e+01
1.655540847446203543e+02
5.143134669481732999e+02
-7.472759492691739069e+01
6.236078666836190223e+02
-1.782937394311828427e+02
-2.325051281479765635e+02
-9.377829160692745063e+02
-2.452164339638788135e+02
5.423294809394640197e+02
-2.754439746107420888e+02
-7.416124055017652950e+01
2.841876059762250861e+01
7.789887934637031321e+02
-5.901395320010288970e+02
6.334838732748643224e+02
1.806807621514336120e+02
2.687263542349876957e+02
2.232716465058107360e+02
-8.641489631219294552e+02
-1.049769597589725549e+02
-3.872381290645135437e+02
5.951974271927056748e+01
-6.103954317468569570e+02
2.415518343467062152e+02
2.225509284220954669e+02
1.127341525116011667e+02
5.286486744085202645e+02
5.440869452343588364e+02
5.403824814137708472e+02
-7.696025174068415708e+02
5.515295694907680968e+01
-1.334837752742287194e+02
-2.102843518885029823e+02
-4.921255297760766325e+02
-1.383300009464550385e+03
6.932081206436112097e+02
4.586861223969037837e+02
8.782202046744725976e+02
-6.291026758640784919e+02
3.185360192176621581e+02
6.887458096359296178e+02
8.158665542732435370e+02
-8.144481196684815814e+02
-6.219174897535295941e+02
7.360526049120577454e+02
-6.669605961250464361e+02
-8.556859266167734859e+02
-8.684849330096044469e+02
4.871369250701525289e+02
9.464075595581596190e+02
-2.577901089950663618e+02
1.166142294847971215e+02
2.332992151874073272e+02
1.675444784226414868e+03
2.229979965685482455e+02
-4.700748067847422931e+02
-3.963692028228397248e+02
-6.967555344811523810e+02
-1.353079541372421318e+03
-3.295758353499857094e+02
8.503269303991019115e+02
-1.352510038759639428e+03
1.245391372977521996e+03
9.632369125528624636e+02
9.315526639850011179e+02
-2.104142275005513341e+02
7.675826289736176022e+01
1.159764403973669715e+02
-5.070839248583369567e+02
-9.838139759107504005e+02
4.046626992082786956e+01
8.230745696637911806e+02
4.188078623404641689e+02
-1.472142819810696665e+03
-1.332599670277443465e+03
4.972442757826840420e+02
1.543310927388730306e+03
-1.967259292348717054e+03
1.293944465890805986e+03
2.202518574061179606e+03
2.185305675457166672e+03
-1.360922537303057197e+03
-2.018524414947343530e+03
5.978189771677443787e+02
-5.251569907635462187e+01
-2.520481607010731295e+03
-1.446423134409016711e+03
4.901622834649962783e+02
3.738156931354762378e+02
2.707587366434608157e+03
5.571549522001811283e+02
9.231143860779878878e+02
3.580657587505766514e+03
1.729912240144945372e+03
-2.138451124547968902e+03
-4.327718447121952522e+03
-4.285162422353369948e+03
-2.131169653042682910e+02
2.455790915328999290e+03
4.817540299598876118e+03
-1.524204007989354523e+03
-9.921273347611726194e+02
-3.785692422467867573e+02
-6.427423244574490582e+02
-1.982760045175615915e+03
5.101109572414778086e+03
-3.464626132577440785e+03
-6.517936618853655091e+02
3.054665188816690261e+03
4.392888118425163952e+02
-2.426150430476186102e+03
6.761356223001902208e+02
-2.262736905096102873e+03
3.846890843766184844e+03
-2.145743127200568324e+03
1.781872686436656068e+03
4.411033034750516890e+03
4.388327298299820427e+02
6.353323832854128341e+03
2.636797841690761925e+04
6.310351602181285671e+03
5.270452057033653404e+01
4.136810605582010794e+03
1.504989082431603265e+03
-2.423179609503189113e+03
3.421257122073830033e+03
-2.577490378560535646e+03
9.032397721810586972e+02
-2.310614595009998993e+03
2.653788606198428397e+02
2.687851524017433348e+03
-7.204523257107643985e+02
-3.308439987016951363e+03
5.638367425046083554e+03
-2.198401920946671908e+03
-1.153555528126344370e+03
-1.730528386688352498e+02
-7.253432898345779449e+02
-1.029292970926111138e+03
5.561948144277209394e+03
3.177560605304131059e+03
1.163117022461172780e+02
-3.590805422616153010e+03
-3.497905117023333332e+03
-2.614797664097735833e+03
2.893165784997781884e+02
2.226698027244835885e+03
1.369555418413318080e+02
-2.580515374428053974e+02
1.372511339091250875e+03
-4.689166794651394525e+02
1.477400236968534955e+03
1.221385154461928096e+03
-1.474496613739220265e+03
1.573525086861077114e+02
4.937829673643051365e+02
-1.419326329118267950e+03
-1.507669294732196931e+03
1.433164748548678290e+03
1.386770199652402880e+03
9.335956827025562461e+02
-2.238960531090145651e+03
1.373827334446923260e+03
7.811309494783138234e+02
-1.039685282407450813e+03
-1.630926157628887495e+03
9.827349241515784115e+02
1.230555274216878843e+03
9.523140002921087444e+01
-1.458203693074507328e+03
2.089271305180545113e+01
-4.086323354054992478e+02
3.484304149879701527e+02
8.687078063909503101e+00
2.090681279020544707e+02
-1.513083554060534937e+02
3.500573301805212623e+02
-8.495988828864253719e+02
2.484883056013295118e+03
7.275788165752126133e+02
-1.390511403379113517e+03
3.896275833823879111e+02
7.152521449262743545e+02
-2.819215585802874102e+02
-1.696510005733088917e+02
7.841813077057074111e+01
-6.860387909273985088e+02
-5.655670746742034680e+02
-1.091560234148153768e+03
-2.928062361645352780e+02
-3.972046192795525030e+02
-4.505164273915181070e+02
-5.156465121400283351e+02
3.012817538091060783e+02
1.108765845524008228e+03
2.585587633563433769e+02
-3.207609401966549854e+02
1.889856977429916697e+03
5.857042918831613179e+02
5.495823455542652027e+02
-1.595394155215595049e+02
2.788591846987067697e+02
-3.309452701104671064e+02
6.266155945000500793e+01
-1.422409093428918368e+03
-2.945845161461065231e+02
-2.970130949216593876e+02
5.000641123821533824e+02
4.117924742703258971e+02
-4.139682670512783034e+02
-4.289959019254951045e+02
4.927143908323450887e+02
-3.591066195721602412e+02
-4.198543939448614424e+02
-1.998669418820947214e+02
-1.826004805482992026e+02
-6.345446460056034539e+02
-1.322996892535379345e+02
3.999451035497599491e+02
1.577612290486057702e+02
8.934020692445270697e+02
1.042545746804074952e+03
9.338931334951623739e+02
3.110341680398707354e+01
5.104553477430301314e+02
-1.109326934234634109e+03
1.460196649017553625e+02
5.721694441709897916e+01
-6.345118206072978637e+02
-3.946697756647841970e+02
2.829453186046568902e+01
-8.457301204407414161e+02
-3.690044965642461534e+02
1.976151329009121014e+02
3.620590037998755406e+02
-1.750503407930401352e+02
-6.375085693781316110e+01
-7.144013504799347913e+01
-2.479088045424793734e+02
-5.037309253993718698e+02
7.332389114560878625e+02
4.815689796637894915e+02
5.736927581866559649e+02
-1.461459232529638541e+02
2.280977181109262801e+02
8.177165604550027638e+02
-1.529963697524439681e+02
-1.042206136249549786e+02
3.254385609938256039e+02
-6.289689140193283947e+02
-1.722331196438174743e+02
1.573097509182431679e+02
-5.307161992441565417e+02
-2.279615505334116392e+02
3.479331845203267903e+01
-2.022297729470907370e+02
2.976830322990228410e+02
-3.826900345079481554e+02
-4.252953074953082933e+02
1.430859768477903913e+02
-4.162657313395365577e+01
-3.951241663466995391e+01
9.072550242157262801e+01
6.761430802635014459e+01
2.597146766581835777e+02
2.929598117127692376e+02
1.988885103004814141e+02
1.805367990061658645e+02
1.385541207126104837e+02
-5.137033779853598503e+01
-9.231463923291133256e+01
1.167361022001712811e+01
6.283989424604801854e+01
-1.830368512676845398e+02
-7.366287482299398448e+01
1.568365428916969861e+01
-5.976317096123298711e+01
6.434453216551064259e+01
6.547086412785897380e+01
8.460179584651636731e+01
5.861001705708383014e+01
0.000000000000000000e+00
