-4.516378623856007302e+00
-1.211691834727972861e+01
9.796368893961318491e+00
3.455043205948660301e+01
6.835219930531779653e+01
7.600647239229111563e+01
2.590426087148533085e+01
-5.246018495254460134e+01
-5.662730928075945513e+01
-6.945710819809211500e+01
-7.853185091181538624e+00
1.259154908926711514e+01
2.063426434493214856e+01
3.248049527509844836e+01
7.464906100329598360e+01
5.079058010329804063e+01
3.047929827341932096e+01
-2.723418143848518369e+01
1.090603713456141577e+02
1.154763946243912898e+02
-6.549989813596806698e+01
3.112341722397147237e-01
4.022140712754983838e+01
3.837670021473879700e+00
-1.144629604190277377e+02
-2.050452027965818758e+01
7.333206746586328961e+01
1.633800092288659300e+02
1.901242960624687157e+02
2.360131631478728877e+02
1.164853116325882638e+02
-4.135998265366275461e+01
-1.361208060404767366e+02
-1.745473110513559334e+02
5.511128274123435489e+01
-2.432694601856645988e+00
2.592959271875855620e+02
6.591151910256789392e+01
3.829434346841908621e+01
-4.814638613076874130e+00
3.145933866648231856e+02
7.867334644030887603e+01
-2.917161760345068160e+02
-1.696367401445625660e+02
2.686091641445075879e+02
1.365507267110874920e+02
-5.677593312580509064e+02
-1.059063673619987185e+02
1.198584819266489205e+02
7.139582492836147765e+01
2.207829490747821524e+02
3.452508993577280876e+02
-1.600476340982006604e+02
-5.091270325352592749e+02
1.921732999196452454e+02
3.673048653727244073e+02
3.058390161427363978e+02
-5.783493650602478198e+01
-3.661115058495723673e+01
-2.508568121509058528e+02
-4.744631693279895899e+02
3.545493308526469605e+02
2.086309008212771232e+02
-1.951852411470705988e+02
-2.209322471368747642e+02
6.429671811159406616e+02
3.279311420165227560e+02
-1.576308192147846512e+02
-3.315199770825158794e+02
-2.546432431708122692e+02
2.391555815940254206e+02
1.333295839119965933e+02
4.507048170637665407e+02
-6.510295708568347095e+01
-3.521869473684636205e+02
-2.017347091878114611e+02
3.144958677192230994e+02
3.317140313243191940e+02
-7.609298104491479080e+02
-1.159746248407146823e+02
3.635988206833832805e+02
3.419160381641579534e+02
-1.404000239400341741e+02
3.003130684916175710e+02
7.608805300567352958e+01
-2.017832041731568040e+02
-5.087530420320021562e+01
-3.125774742915085653e+02
2.260605947372024502e+02
-1.591162290451356967e+02
-1.326765766018149293e+02
5.764868370492426664e+01
2.214077108310101210e+02
1.031922733198752212e+03
2.094283181398994031e+02
-4.614741107826876600e+02
-7.801763141507683486e+02
2.724477105783357729e+02
-5.541760137963441366e+02
-1.229651997736363853e+02
2.808137010601036536e+02
5.411206821132678897e+02
2.389159746865663578e+02
-1.828859636340069414e+02
1.087338227833140536e+01
-4.579599034703470579e+02
-5.125136832445910784e+01
4.748470473401230834e+02
4.503943867265728329e+01
1.496275331475962957e+02
-7.626447432055910269e+01
3.378120168614963177e+02
-3.579910541038299243e+02
7.884507607986832056e+01
-4.603202092621095289e+02
4.748325555284177995e+02
-2.795968583878507729e+02
-4.738123954208712121e+02
2.001012062921585937e+02
3.490209250489969008e+02
9.255012558041595412e+02
3.267805710556386884e+02
-5.184963527786082977e+02
-5.739615351796225013e+02
1.843818287062048000e+01
-2.489989078900633217e+02
-5.108492602917742147e+02
5.201666067893603440e+01
3.768664447928302934e+02
1.335671016589079727e+03
-5.603857051855063673e+02
-5.748571091160929427e+02
7.028453806635122874e+02
4.620139359946485911e+02
-3.012969922081282448e+02
-6.789940753909831983e+02
-2.854402212908524916e+00
-1.341086704998570553e+02
2.265299881876429424e+02
-5.017592100437916542e+02
8.425947653138431406e+02
5.021282630763091674e+02
-4.009865457241979811e+02
-2.684372319506206850e+02
-1.508620056541159329e+02
3.580568724492597994e+02
6.298197269895773616e+02
6.685866782581329915e+01
-6.677034231365771575e+02
-3.155805585117461192e+02
3.647114603150015455e+02
-1.861563676803959879e+02
7.690157591748604204e+01
-7.518719173383447014e+02
8.830021273434413160e+02
7.694195339552751420e+02
1.213630180017345310e+02
-9.774551762316971235e+02
1.230199310190093342e+02
3.499408448694495064e+02
2.329842727554714372e+02
1.387942511020950747e+02
-5.629374948115105326e+02
-2.700086379443798705e+02
1.791738967896064878e+02
-2.718128341225940972e+02
-2.588606181094702663e+01
3.041883816888197885e+02
4.730987069397417031e+02
-4.883928683454493012e+02
2.298057052627527241e+02
1.218883104847400887e+02
9.654839168186337020e+02
1.656402980539588725e+02
-3.626399726601251814e+02
-5.159638266259709098e+02
-2.282316386271325541e+02
2.700337035739494240e+00
-6.569037824578467735e+02
-5.964210693489886808e+02
3.199891737686345436e+02
1.266061748099491297e+03
4.032692195128529988e+02
-4.077503574570048954e+02
2.662262453511393119e+02
3.535330505150849945e+02
-1.313994612951970566e+02
-8.389144501069197304e+02
7.106774865272318209e+01
3.527604475297674469e+01
1.086546444618269760e+02
1.280722915371695478e+02
-3.779172170158808512e+02
2.304362428369427960e+02
6.880130876400220359e+02
9.030090824797761684e+01
-8.796761669804128587e+02
-6.239290029380383373e+01
3.645218194369684284e+01
2.473609544933261191e+02
3.332636049199152239e+02
1.541886616416977631e+02
8.334736957220795261e+01
-1.129372580157412642e+02
-1.705531490740683580e+02
-3.513584390955049344e+02
-6.460408910712877173e+01
2.188462962761606150e+02
-9.365990897756694267e+01
1.904514689618122816e+02
1.999148681219950276e+02
1.457283945305795783e+02
-3.584161317734686349e+02
6.630729150708814856e+00
1.121542969221349608e+02
6.105926113986315613e+02
-1.710188788602355316e+02
-2.041670877164132492e+02
-5.707422961266171058e+01
-5.127892277747375829e+02
-9.626699495630674619e+01
6.060290845423517112e+02
-1.376533685116578454e+02
-1.595773070178900355e+02
-2.430022836965411059e+01
-1.278617081237478033e+02
2.217041705183900717e+02
3.998266828362471301e+02
1.275623164853525893e+01
7.088646499461946178e+02
-6.340571021767341620e+01
-8.098378289361758107e+02
-4.648809133704722854e+02
3.857706587020117013e+02
8.140440309251380313e+01
-1.997154575377207948e+02
3.714621875667077120e+02
7.065806551062086101e+02
-4.813137129098034848e+02
-7.206202610044579160e+02
9.156171866875214960e+01
-1.067072658498893247e+02
-9.395497658390509343e+01
1.025143146535227459e+02
4.833753545511668790e+02
5.422228543383092756e+02
-3.515111071040624324e+02
-4.993543010325259388e+02
5.830381248782983903e+02
3.990124349427358652e+02
-6.580028099747849524e+01
-2.089897952202194062e+02
-5.763762225279783706e+02
-1.256296352758721753e+02
3.118604867793280278e+02
-3.255538022500593343e+02
7.592130572906134489e+01
3.726004406349477449e+02
6.056213400224610268e+02
4.645776162343378246e+01
-2.476369262127360855e+02
-4.346487645732412375e+02
4.816273997365352102e+02
8.109322722531018712e+01
-4.745399858500316554e+02
-1.125114099411599682e+02
3.027653872104864377e+02
-5.733531422541537950e+02
-7.108269067530161465e+02
4.366088921140117804e+02
3.672846876013484234e+02
4.283603524825549016e+02
8.995725312913796188e+02
1.412423175603302639e+01
-3.093219047595909501e+02
-1.047839415965286634e+02
-1.616636416381513754e+02
-1.648441350345943590e+02
3.889067885869140184e+01
-2.230857329207933333e+02
1.006573734971298961e+02
8.341096525717659915e+01
-6.425911136300246653e+02
1.792776686632701058e+02
3.797052278686390991e+02
7.330618688409859942e+02
-3.052571816377930531e+02
-3.262585901524499832e+02
-7.638982503969947402e+01
3.591396989573114524e+02
-5.765058735852967402e+02
-2.081395370190503797e+02
4.886629505220986402e+02
4.779248151537191802e+02
-3.353526553986760064e+02
-2.262520337565917998e+02
-1.456814799048222824e+02
2.859691645822646819e+02
2.325361020156601057e+02
5.010855584706733907e+02
-7.308135902432735520e+02
2.924207019607844131e+02
-2.692784893804355306e+01
-2.189675720020144354e+02
-3.606813477472448426e+02
8.252935623037706137e+02
1.733167693845195458e+02
-9.241473870591671869e+01
-3.738021426732608461e+02
-4.619543164191047708e+02
-2.238387961302129554e+02
3.509572148190296161e+02
2.521689983172207405e+02
-1.194104758962681387e+02
-3.379876113555042139e+01
4.248773524051169943e+02
-3.040358181997108886e+02
6.660506187777730247e+01
8.794204580649562786e+01
3.754145846213173172e+02
2.886867613323879311e+00
-2.128862526188464130e+02
-3.706344737081036556e+02
-1.521319746902765928e+02
1.126889147351791109e+02
4.459541029980886151e+02
5.666898148957973262e+02
-6.702804987564143175e+02
-8.373233557925451009e+01
7.207471979243847215e+01
-1.867030959459476094e+02
-2.069988746804253310e+02
4.094233129860856479e+01
3.382551982628272640e+02
5.473968847519614656e+02
-3.536372673083731115e+02
-8.094362442067123311e+02
2.316765455298056509e+02
3.879914450436983202e+02
-1.003541482379821161e+02
4.419140389118984444e+02
2.482962608602412047e+02
-1.025190470708939188e+02
-5.794636601996421632e+02
9.942586984538300499e+01
1.988650990970486987e+01
9.742175556655155333e+01
-2.656294553793621560e+01
-1.771818740567621262e+02
-2.121483847374504990e+02
1.891349414535930009e+02
5.727448005882005191e+02
-6.719712449338594240e+00
-1.399167764429186036e+02
-9.209563692939468638e+01
3.300626484438585067e+02
-3.225558614836302240e+01
-5.276636182030174496e+02
-6.115605796949639625e+02
-2.681992095016859423e+01
6.328610151593443334e+02
3.604970041748954372e+02
-2.566379706794597269e+02
3.875727706454180321e+01
3.378551018880745005e+02
1.690093864532389318e+02
-3.160578227457019125e+02
-2.484262078137486185e+01
-7.634052490200737395e+01
3.939445386252741059e+02
-4.994412261447127577e+01
-3.865375390849881114e+02
-4.913891888650357487e+02
4.955594895136622995e+02
2.803087536320029471e+02
-3.512011524357201324e+02
-2.122057777156632596e+02
4.667948687766768785e+02
3.249816249141716185e+02
-2.678659400329490268e+02
-3.536500959766591450e+02
1.201339789553362039e+02
1.979378316788904328e+02
-4.582184996770671148e+00
-2.952609341411879385e+01
-2.252823548632618866e+01
-1.200688548109029163e+01
-5.593567541918321950e+00
-4.079296868256594166e+02
2.222618167633367250e+02
5.035374201117292046e+02
-2.426202183528382932e+02
-1.225368362483675071e+02
2.110488510440652590e+02
-3.046912353514982996e+01
3.443941765061842375e+02
4.290789535694344750e+02
-6.935874729753696784e+02
-4.319854706076427533e+02
1.190740902982667819e+02
3.751807643457107702e+02
-1.963643841195076050e+02
-5.947724959270284444e+02
6.590364739508055436e+01
5.333671284599772662e+02
-7.096977879627917218e+01
-1.146602317324781097e+02
5.130705200728359614e+02
1.255324090696905017e+02
-1.263121715985001003e+01
-2.804416690517424513e+02
-3.361676819951711792e+01
1.864813587941178241e+02
-8.970228121828664314e+01
-3.194953393644514676e+02
-8.111894140840276179e+01
1.461171981001310769e+02
3.709507816409122682e+01
-7.312962212635241599e+01
2.471669455061573046e+02
1.242311308976088355e+02
4.548920216058208865e+01
1.871788913676523407e+02
5.213515696156242711e+02
-7.600327234766978108e+02
-4.274759630091533609e+02
-3.243299382478477924e+02
1.946487435486667437e+02
7.308733545222477801e+01
1.156152165172968154e+02
-6.153600681921116688e+01
3.581806850756127574e+02
1.703086702771651346e+02
1.411094437856604600e+00
2.164218163036956355e+02
-7.839316340159743390e+01
-2.237510369334090967e+02
1.428973878716417971e+02
-9.308699397260797070e+01
-8.126341460193019373e+01
-3.119315715293361677e+02
1.224201176832818589e+02
-2.667650639137315238e+02
1.634138851202455953e+02
2.119738490175784591e+02
3.930425109119485683e+02
7.138902328358048521e+01
-2.525294237274474654e+02
-2.236935360859633022e+02
-2.640770935014106158e+02
3.613753895496593032e+02
1.234610290970516644e+02
3.349194689399892511e+00
-6.835248421363520492e+02
-6.712084560759689111e+01
4.906690358920783410e+02
1.352710947718339582e+02
9.465910941469836359e+01
2.378442553938409958e+02
3.484658486396839407e+02
-3.954763654932611985e+02
-4.340629466101944445e+02
-6.011813847804799593e+01
2.587469008348610942e+02
-5.135638866204860165e+01
-5.796298894806097906e+02
4.122166419463849252e+02
5.311205431267978838e+02
1.245323622249420339e+02
-1.042325506033545707e+03
6.660875198358503724e+01
8.595814351074279784e+02
1.497098380359248324e+02
-2.417153271499613822e+02
-3.647517128323175939e+02
6.411837949933114089e+01
-1.684779680629131917e+02
2.455774477336448172e+02
-4.149671670504000645e+02
4.942218225286626421e+01
8.560865223805474500e+01
2.558532111959903546e+02
2.393653234605242801e+02
-1.000228287469833361e+02
3.495647079697370145e+02
6.498783392649437474e+01
-1.857265323119586924e+02
-5.079720405514423760e+02
-3.925211571236114878e+02
4.194927884559984363e+02
2.482365184452926883e+02
-1.580195297375777841e+02
-7.683027470438360069e+02
5.584542986544298628e+02
1.900579065663623339e+02
5.095359193972301455e+02
-2.173678062828019506e+02
3.768803717110392881e+01
8.243789299267461956e+01
-3.675051238009864392e+02
1.116194387454084449e+02
-4.255325446965890990e+01
7.107600288411870793e+01
-3.457110959408659596e+02
1.959959685270140994e+01
-1.732455950897795844e+02
1.185957256437060039e+02
1.184065607690358775e+02
-1.605776007667890326e+02
5.469103334148309159e+02
1.800492432047085458e+02
5.324329918815351448e+02
-1.845554600287088078e+02
-4.527447200282558128e+02
-5.872553068558833047e+02
-4.295839885550539634e+02
5.840234946289862137e+02
-3.431080847938900433e+02
-1.374069934533178738e+01
1.485860150204502617e+01
7.008834827450547209e+02
-3.689462657350128438e+02
4.266952167826538016e+02
3.362159100365029190e+02
1.154512768767769444e+02
2.094287395531509333e+02
-8.002950527825090603e+02
-5.871879927024283319e+01
-2.923420380067746578e+02
-1.420125179116041920e+02
-4.999887681504239936e+02
6.467336647761146651e+01
4.317188524866018611e+02
3.982792465059034726e+01
5.939952919444623376e+02
4.849227415246298847e+02
5.371317701714524446e+02
-7.637762120453171519e+02
-1.197429021130178626e+02
1.070017916579276829e+02
-2.338032828311110052e+02
-4.793530315125134962e+02
-1.494239032654071252e+03
7.689070610125993426e+02
4.492649663635648380e+02
8.073429683606673279e+02
-5.834837298695572372e+02
3.229493636363956739e+02
7.599461030389978760e+02
6.736017630951414503e+02
-6.907650780542417124e+02
-6.521406484710172435e+02
7.326427152390155015e+02
-7.044817206508173513e+02
-9.192304001163906833e+02
-7.195439304612367550e+02
4.565305985447689636e+02
9.499762926867962278e+02
-4.023270785821132449e+02
3.294681505870862566e+02
1.507559378032318591e+02
1.637188566293586973e+03
1.245096234901832588e+02
-3.307390690837779630e+02
-3.779635459248096367e+02
-7.630670776639296946e+02
-1.239624195653180550e+03
-4.425032036219433280e+02
9.130112708461040256e+02
-1.475564587041172899e+03
1.278240655567459271e+03
1.041860689738334031e+03
1.045367638886787518e+03
-3.528178773363263190e+02
-8.464522438792820935e+01
3.382189800209737314e+02
-5.781958069505263893e+02
-9.517861782356480944e+02
-7.072349242720180484e+01
1.092417015400454829e+03
3.168972812779817900e+02
-1.707364221288530644e+03
-1.267186960850119021e+03
5.922306658036125100e+02
1.782310808094336380e+03
-2.335834041947693549e+03
1.377899599807409459e+03
2.214318854910687151e+03
2.405162506896472223e+03
-1.653981771567516034e+03
-2.048909393783274027e+03
8.615956778370098164e+02
-1.301160746658692631e+02
-2.570069617515408027e+03
-1.674706501093431598e+03
9.617738295934636881e+02
2.223535983880062190e+02
2.479574828230575349e+03
5.643374575275588541e+02
1.082896297523125668e+03
3.717063349158406254e+03
1.376733452657867019e+03
-1.865684315067456509e+03
-4.425552197261667061e+03
-4.095669844659491901e+03
-5.442799231251505034e+02
2.514455125539864639e+03
4.996592580521115451e+03
-1.630079860015009217e+03
-8.928447499480078022e+02
-6.275202208989099972e+02
-2.031010251520797567e+02
-2.386018073057645779e+03
5.152939796927294083e+03
-3.414368809671542749e+03
-5.087073215415915683e+02
3.008969476266529000e+03
2.225831987860391905e+02
-2.110630186499220599e+03
3.964822662716988475e+02
-2.082735991020263100e+03
3.607358675503895483e+03
-1.862852724793186781e+03
1.818907694788416848e+03
4.179729229716896043e+03
5.274597543579634475e+02
6.125556002327294664e+03
2.686310447450503852e+04
5.933323271487767670e+03
2.317310604150771383e+02
3.976708215028082122e+03
1.661004299954931639e+03
-2.444965664792999632e+03
3.229574487831798706e+03
-2.275762778601428181e+03
6.110450692499605339e+02
-2.025551670593048129e+03
-1.071410123793006619e+02
3.018433192745153974e+03
-7.896589281955377828e+02
-3.304674370940299923e+03
5.686253879981851242e+03
-2.541570608815123705e+03
-7.563486788858976979e+02
-4.358150080348676738e+02
-4.831803636063044678e+02
-1.258795633952648586e+03
5.808310957225433413e+03
3.099332731579052961e+03
-1.269777717831962605e+02
-3.322209497347336765e+03
-3.761708621101706740e+03
-2.201314164309483203e+03
-1.155970446217621230e+02
2.551509632290923037e+03
-1.084938566441487779e+02
-1.443332552368314055e+02
1.409638628041678885e+03
-7.266564188240329258e+02
1.846647732825072126e+03
9.401887651518300117e+02
-1.191030847846104507e+03
-1.801583771042523381e+02
7.328600086008711969e+02
-1.547897094086244806e+03
-1.512084048581838488e+03
1.631473565478706405e+03
1.108492133228604644e+03
1.275511423517014009e+03
-2.642347950216792015e+03
1.687733391041495906e+03
5.197295291020661807e+02
-8.234824654273701299e+02
-1.564920166718181235e+03
6.968685267653996789e+02
1.431826505543964231e+03
-1.142425106089265370e+02
-1.009980244135055273e+03
-4.447377458777825723e+02
-1.909735301988806668e+02
2.294202973379952084e+02
1.190002961670942909e+02
2.027183133160055490e+02
-3.097280389401713592e+02
7.337766304505730659e+02
-1.195702185186559973e+03
2.679167852298156049e+03
3.658716232745933894e+02
-1.111612553480687666e+03
4.916338840533537677e+02
5.265107618923191239e+02
-1.179783978997341052e+02
-3.217788335824989190e+02
3.190836129848661358e+02
-1.188149146942173502e+03
-1.601471976010884930e+02
-1.111869995654890317e+03
-3.065291453388757645e+02
-5.319477518808977266e+02
-4.689432202393727493e+02
-1.504259726204425078e+02
-1.322481749548453820e+02
1.307120245090736034e+03
6.393141103240685652e+01
4.754248888666232631e+01
1.698542942236071440e+03
4.130957974715016690e+02
7.725613260757204444e+02
-1.657735036912454234e+02
3.361070991747636185e+02
-7.349805159294256782e+02
4.719625686535232489e+02
-1.451886317663346745e+03
-3.747249445728601813e+02
-4.532024279326670921e+02
5.816952774514792281e+02
7.559373736850322985e+02
-8.502626154541112555e+02
-2.764018857085201262e+02
3.665543769603817736e+02
-5.755602984459130766e+00
-6.517937632618989028e+02
-2.449729149781383057e+02
-1.267530628510136097e+02
-6.696744892715314563e+02
-3.972924137303100167e+01
1.370457623617786567e+02
4.764657734930748347e+02
8.482387894693068802e+02
1.103299822042394680e+03
6.694635772257726103e+02
6.792821218160842989e+01
6.616660763440645496e+02
-1.230893246392557330e+03
2.987393947995838630e+02
1.483900903400714810e+01
-6.104565520316090215e+02
-5.453544703719474001e+02
1.111346037078812721e+01
-7.457098399128175288e+02
-3.109760953322493151e+02
2.309596776266102438e+02
1.621330257523108003e+02
-1.963555031683513619e+01
-1.010422667860226085e+02
-7.067109569844276962e+01
-3.575692467338478764e+02
-3.890046808528097699e+02
8.571524249419501302e+02
2.946758256033193106e+02
5.766711333948480842e+02
-1.154155503232834121e+02
2.858273942605315483e+02
7.310544543520679781e+02
-1.685111945149164114e+02
4.606003916299724921e+01
3.143684692650601278e+02
-7.688678400314665851e+02
-2.096155962165368294e+02
3.231125876545909250e+02
-5.865993357836200630e+02
-2.512781660610912695e+02
2.190241466471040255e+01
-1.786407603911837612e+02
3.446400897398396523e+02
-4.593040125432272021e+02
-4.027232725295672822e+02
1.704632899455242239e+02
-5.313292819109339860e+01
-8.203645069809125800e+01
1.076190557799578471e+02
1.057753774719240880e+02
2.580033173882945903e+02
2.789756500059951918e+02
1.681999642827771027e+02
2.100909666075413611e+02
1.297072567009573447e+02
-5.158860147816382380e+01
-8.968673154253117730e+01
2.738429876289421827e+01
5.919572948699443060e+01
-2.147544467630290512e+02
-5.823265526047563867e+01
1.825148822367686563e+01
-6.229430950602900197e+01
6.802483936628431138e+01
6.844830114306844848e+01
8.440212757725129222e+01
5.506810210111523674e+01
0.000000000000000000e+00
