1.856902085594670737e+00
1.294608270542218875e+01
2.380830911163314667e+01
9.860665260961402723e+00
2.864701462928238485e+01
6.186404355036189884e+01
5.606608287720253259e+01
1.076489341559985657e+00
-7.734209032816083607e+01
-1.126637662375924265e+02
2.564242022772190310e+01
5.326197530953932358e+01
-2.158302154143816054e+01
1.320592905414351037e+00
1.092698695063056391e+02
1.036223539057280618e+02
5.849892277363983872e+00
-7.792129987568793581e+01
1.260549451111087222e+02
1.798076407676937549e+02
-2.944358044335504943e+01
-7.962550674567582121e+01
-1.111285752395085780e+01
4.330213164859647179e+01
-3.797488633404132941e+01
1.096817773992370704e+01
8.218866989699176884e+01
1.178008895927647188e+02
1.539801238481090024e+02
2.243631833202294104e+02
1.222723193197986120e+02
-3.569134227556085648e+01
-3.349376897932181407e-01
-9.209684144632508662e+01
-1.992654378008265041e+02
-1.318225044279434428e+02
5.187955180627883465e+02
2.826466370923694171e+02
-1.652711282564093835e+02
-2.420434639240741319e+02
3.722315471808686880e+02
2.986477586025359869e+02
-2.989980209120549262e+02
-3.870707484413355814e+02
2.317711459751747896e+02
2.956816732237214751e+02
-4.625443197859229372e+02
-1.570412555590519617e+02
1.688366726725553235e+01
2.492628776867225326e+01
1.807050722354763650e+02
3.718084346265314366e+02
1.246138879333556559e+01
-3.773099655069670462e+02
3.714503292930802303e+01
1.320555044250047558e+02
3.650268676017693679e+02
8.125222206323886809e+00
1.860115964578803016e+02
-2.828700650639962646e+02
-7.118277519956709511e+02
1.660248980051592866e+02
5.273618436610536264e+02
4.024949535790648270e+01
-4.029279949697526035e+02
4.311897412651845798e+02
3.238495500609685109e+02
6.119861805609726702e+00
-2.623816658729014080e+02
-3.461951738353106975e+02
1.493563212366815094e+02
2.696101158888799318e+02
5.315220869111598176e+02
-3.338553722345086499e+02
-3.395845540038645822e+02
-5.063129302880501825e+01
4.342437431559899892e+02
2.373349572929353428e+02
-9.390435535621977579e+02
-1.488567477899119638e+02
4.593674795339504158e+02
6.095129645298927699e+02
-2.411432631898544230e+02
1.621576305562414291e+02
-1.018186993848644590e+02
1.451399700413827887e+01
3.250622055258502741e+01
-3.669159742341370247e+02
8.445925237921464657e+01
-1.383688126651229027e+02
3.784714498739020883e+01
1.350567894634490642e+02
1.561710148264980091e+02
8.177044366039665420e+02
1.179909398139581640e+02
-2.462547147671662344e+02
-7.172091828187892588e+02
3.214806534412859378e+02
-6.723448375323328037e+02
-2.070566210757207841e+02
2.141913940717978733e+02
7.766085808761595217e+02
2.719205767272991352e+02
-3.474230136301573566e+02
-8.019602707285493182e+00
-4.830264758107842340e+02
7.397489074612161630e+01
5.023222343685453097e+02
5.263706377921280932e+01
-1.817214194580856201e+01
5.074340320458200893e+01
3.234449300692469365e+02
-5.248994715435297849e+02
1.451146788728809724e+02
-1.464639588621352004e+02
4.394682968255933133e+02
-5.592740066667206520e+02
-6.109329400840731523e+02
3.951569139625231060e+02
4.869298927541491935e+02
9.547550269718326490e+02
1.111970239614161073e+02
-4.810637242730503544e+02
-6.469945082927455360e+02
1.335599375061256211e+01
-1.285218734125900255e+02
-2.338852452800601327e+02
-1.027506358379023652e+02
1.461317602245485148e+01
1.344473552140290394e+03
-1.600250958882344037e+02
-5.011218900405504542e+02
3.110940511762904066e+02
3.300161384947592182e+02
4.384994985967979630e+01
-4.761554581728515814e+02
-2.476928009342264261e+02
-3.082288767602217376e+02
2.470927192068620002e+02
-2.983854580534511456e+02
8.490167131066893944e+02
4.626316045968684989e+02
-5.699494012947627652e+02
-9.447431210664068146e+01
-1.343767282128035845e+02
3.016692082534856922e+02
5.328734342094562635e+02
7.498931242358517579e+01
-6.351241564702537516e+02
-1.592836209833369026e+02
2.913205919558763526e+02
-3.490770355309041406e+02
1.764947147754706407e+02
-4.453138022906705942e+02
6.431328860553146569e+02
5.749769630463221119e+02
4.195358132336732382e+01
-6.813031790565673873e+02
1.949896825142348575e+02
3.853708120347105250e+02
-6.884650541131918544e+00
9.906645456684330497e+00
-3.857532553533673649e+02
-2.096586814082632770e+02
3.323697122923750840e+02
-4.129802280410817730e+02
-9.780492713178202280e+01
8.801145275933998846e+01
6.413904855418221587e+02
-3.182018969934637767e+02
2.903194526770971606e+02
1.618569199831689787e+01
7.390917500565657292e+02
2.365251515951371175e+02
-2.275587070265058856e+02
-4.402214891794305913e+02
-3.145468110518418143e+02
-1.832950931375804089e+02
-4.174538593206250994e+02
-6.130930938334445273e+02
3.881777851738375489e+02
9.087312077850069727e+02
7.085219135906468182e+02
-4.334255896039230720e+02
2.055753554626480195e+02
1.935801470987429411e+02
-2.042789996913575834e+01
-6.020096864501248319e+02
6.697622913754329943e+00
-1.948520254707432287e+00
-2.188890985388357251e+02
3.418368407525501880e+02
-2.478122595659253875e+02
1.612567701738701089e+02
6.152171748790146921e+02
6.418302624106304677e+01
-7.334055213538207454e+02
-1.338994427921205101e+02
1.908005566477724528e+02
2.789343845305557323e+01
2.165621574455389862e+02
2.953425878277384413e+02
1.515782533079766949e+02
1.553878196264193718e+02
-4.869946877497569631e+02
-4.044010671312144609e+02
-3.691064407482077172e+02
8.143354366612040849e+02
-6.360796878792457676e+01
-1.059904498354475777e+01
-1.132025837672360780e+02
2.784877785498460980e+02
-5.371872802257044555e+01
-1.506326940898764519e+02
7.546053468279069421e+01
6.088969562736241414e+02
2.098269633395302236e+01
-3.709096147360423856e+02
-2.964420407703489104e+02
-2.815288434433392126e+02
-1.822001840515357074e+01
7.450917301449469505e+02
-5.086809560491380466e+02
-7.733755580146552688e+01
3.975618717378502964e+01
-1.792844169943872146e+01
2.223374164539893343e+02
2.774124878776802348e+02
8.233634329467759017e+01
3.401573752544632043e+02
3.095710065806137550e+02
-7.256020448774326042e+02
-3.378962328870323404e+02
6.048062667421330474e+00
1.344422002762715067e+02
-2.031468412362104345e+02
3.882602445588168507e+02
8.229669133491765933e+02
-5.319245593106611523e+02
-7.297364738241045643e+02
6.639044239919549284e+01
-1.026463413752880030e+02
6.483819100407153257e+01
1.739642756882331298e+01
3.688642307708247472e+02
2.706443990899854839e+02
1.644609693118045186e+02
-4.689451177760944347e+02
3.957949619949883413e+02
8.772865685468603658e+01
1.524696640050511576e+02
4.598575091560684314e+01
-6.690642671271973541e+02
-2.462559956865986805e+02
1.406261642991217400e+02
-2.818141257581836712e+01
3.366412189310865699e+01
2.988806846934345458e+02
4.680507309715061410e+02
2.946310828683248815e+02
-1.679386546936332536e+02
-6.076946122770709735e+02
2.064953901969124104e+02
2.321188715115161472e+02
-2.053844358698806900e+02
-1.356653875034604084e+01
-4.412260245304188544e+01
-6.050152133175204199e+02
-7.026755713903759215e+02
7.755646581703092579e+02
2.853359468452158012e+02
3.456908396323070178e+02
6.574388316068101403e+02
7.968900195600008374e+01
-3.369557223827386565e+02
1.541229436723767208e+02
-1.104340280425713416e+01
-3.084662740411009167e+02
-2.897838773059186792e+02
-9.504844460190291500e+01
2.401873097651662192e+02
1.040441715597626740e+02
-7.366236193604360096e+02
1.473584438466741915e+02
4.438102579988936327e+02
7.703015676846333690e+02
-2.861466430011902276e+02
-5.718501266513309247e+02
1.503303910619289923e+02
3.241349966949637746e+02
-5.426961451626387998e+02
-3.708967768108196879e+02
6.729618093429911596e+02
4.513233869307634905e+02
-3.100906623149220422e+02
-3.032209003004836063e+02
-2.102695546470679062e+02
3.296398271903814816e+02
3.170036859634085431e+02
3.912462318649414783e+02
-6.707618547948220566e+02
2.000103647740787949e+02
1.729193765178329443e+02
-4.138654421465981272e+02
-7.258912699407161995e+01
6.080588416830296410e+02
1.815400495435397659e+02
-3.201158973754057797e+02
-1.232653333469831836e+02
-2.422492668708976566e+02
-4.729731509462561689e+02
2.144693508711541483e+02
1.443107594298099343e+02
3.483659785072749742e+02
-1.028885311261355895e+02
4.604568960727347076e+02
-6.276912403841409969e+02
-2.807214218819486007e+01
2.772678285358924199e+02
5.021208650965028255e+02
1.815499704302477255e+02
-4.376614365361432988e+02
-5.212306486828972538e+02
-1.792924229264509108e+02
3.019258031319760107e+02
5.479096707631593972e+02
1.030443303851852903e+02
-2.027523408557765947e+02
-1.293747193737023906e+02
2.089334810271880656e+02
-8.267312529746561722e+02
2.206844526914165954e+02
1.836033262466170299e+02
3.628905358837702124e+02
1.856754556316869582e+02
-5.837634894970037749e+02
-2.713779927096722986e+02
2.986739167317218744e+02
3.275696898581110190e+02
-4.747993925019895300e+02
6.674882053859325879e+02
3.405477152328463148e+02
-2.632604776083793467e+02
-4.460621104117951745e+02
-4.059058771465871729e+01
2.225852591557889468e+02
-1.782781432059251756e+02
1.282801614118016005e+02
-1.002406387657341895e+02
-2.588765132860327753e+02
2.051576653233717877e+02
2.268455582452685064e+02
4.611870234893361840e+02
-3.547222472682751118e+02
2.254146967544404561e+02
-2.489716035302402872e+02
2.113845185273120535e+02
-4.240024472320679365e+02
-3.977708937632631887e+02
-2.239608525814290658e+02
3.560051142140384286e+02
5.200120868678136503e+02
-3.234311621179566032e+02
2.566457250917370061e+02
3.014518952695741518e+02
1.329799483357115264e+02
-1.816894685853642670e+02
-2.628339582547116038e+02
-1.003196921963464305e+01
1.704474295409188471e+02
3.691190713841549496e+02
-5.893005443004370818e+02
-3.614430448294814369e+02
3.768651516732869595e+02
1.010695659541258209e+02
-1.337318141097385933e+02
-1.687326845504235564e+02
7.200635944675055953e+02
-2.941445957032879051e+02
-8.876707202208996250e+01
-4.300573609295151982e+02
5.814692367385948728e+02
1.331145154018584265e+02
-1.834167537396549506e+02
-2.295533651435315221e+02
2.754035079736502922e+01
1.854467922874794112e+02
-2.850058163220320750e+01
-4.519146161248200428e+02
1.934639640751228455e+02
4.028391061156924025e+02
1.377410831688850124e+01
-2.960918419048326200e+02
3.984799507004775023e+02
-3.443010915516317709e+02
6.104399068968641586e+02
3.107829222073630149e+02
-6.076083130437621094e+02
-6.129883535661872429e+02
1.402293542662632149e+02
5.379506837336271019e+02
-2.320914630395944585e+02
-5.106737785347386307e+02
-1.604344345653896369e+02
6.411070601258127226e+02
-6.237270701987314681e+01
-4.344883152209669674e+01
2.360574414655479529e+02
2.526973135208782253e+02
2.879040446997581171e+02
-2.684027483681138051e+02
-4.303922700179389835e+02
1.535066497929908849e+02
-1.415550263826225574e+01
-7.813631501235718702e+00
-3.033111469703172247e+02
1.472818357892060419e+02
-4.203132009624452081e+01
2.186782504225147932e+02
-4.961936379916845397e+01
2.570721456847128366e+02
1.852158818772295774e+02
1.963492125868195330e+02
-4.544948518589613684e+01
-6.653259474576715320e+02
3.433577919365973230e+00
-2.394257445872477064e+01
-2.398446477607609779e+02
-1.594024162717956301e+02
1.751281754892308697e+02
2.969663930330479502e+02
2.779142496793550094e+02
-5.080081516824968446e+01
1.218255410855869343e+02
2.597496303189027458e+02
-2.898083287361248139e+01
-5.181182091509848533e+02
3.460832499833803126e+02
-1.042130995628261019e+02
1.072765548379652785e+02
-5.622634557440076151e+02
1.032445011017188108e+02
-3.087330795993416359e+02
3.247344718326718862e+02
3.523276836234950338e+02
3.554621451572983233e+02
-1.950834208781074040e+02
-1.886374624615677362e+02
-1.738053398750750773e+02
-4.443205539538507765e+01
-5.612836391560576033e+01
3.184276300443544869e+02
-2.077871060366907727e+02
-1.963680625971647373e+02
-2.069150557816724927e+02
4.719926579722640554e+02
-1.541235370511032556e+02
2.439414327593608505e+02
4.049800083142363292e+02
1.462679147138502458e+02
-2.409673480698873789e+02
-6.734224954493404312e+02
1.263012517280037912e+02
2.024078945838788286e+02
1.090651141428651556e+02
-6.160462090475680270e+02
2.850646044327891104e+02
4.676300545457426097e+02
-3.841786138795666261e+01
-6.442050743629671388e+02
1.760661687544914571e+02
6.768723280429416036e+02
1.722935498238204133e+01
-3.409523394560583824e+02
-4.211238826733233509e+01
-3.632117750717632134e+02
2.560473151658524671e+02
-2.806610213042293367e+01
3.932043135630743791e+01
-4.813055885840145152e+02
1.839396917730741450e+02
3.261749746883000398e+02
4.874548581146225956e+02
-1.155252955567506348e+02
-4.785403819588864849e+01
1.438178067922347338e+02
-2.294996226053181090e+02
-2.268787067132222148e+02
-4.608334502104547141e+02
3.937462312092788466e+02
3.239887846312340116e+02
-4.604675330864748730e+02
-5.184509377233747500e+02
4.880115263413678690e+02
4.463127378993793286e+02
1.444863218186332290e+02
-2.713350474782605488e+02
2.279892576302545706e+02
1.234991160905644847e+02
-4.873186083398473301e+01
-5.504683261333510700e+02
2.071518486416726432e+02
-4.345157098568402887e+01
2.197074013443716467e+02
-6.140902834664001375e+02
-1.031296241042687143e+02
2.800002310224715529e+02
3.697935764529177618e+02
-2.324297244891444052e+02
1.612420408575276269e+02
2.930597631299955310e+02
6.495132480496381504e+02
-1.947423806922946881e+02
-6.095723966159247311e+02
-5.991315012385196042e+02
9.205749060964268438e+01
2.409138955890588250e+02
-3.250205061163007372e+02
-3.629051998406388861e+02
4.000352699612748779e+02
5.931857237030507122e+02
-2.218220462257363579e+02
4.145040283712570499e+02
6.056156567502843302e+01
2.358032261600115191e+02
6.780461488897596212e+01
-2.388063962829586160e+02
-4.149969071867798220e+02
-3.083908377941991716e+02
-4.327267536439479159e+02
-2.066335407517064766e+02
9.515850788444529940e+01
4.948177275358341944e+02
4.724365404806239610e+01
5.169368892715754100e+02
3.809371985827008302e+02
4.864016007641603210e+02
-6.666774731667027254e+02
2.041167112551947298e+02
-3.062227412018428367e+02
-2.489321755602361463e+02
-5.936233849676838190e+02
-8.855226734635105004e+02
4.074311815985221301e+02
4.849290871297509966e+02
6.808678560924126941e+02
-3.688503578292647944e+02
2.207616296513343741e+02
5.568998001012748773e+02
6.997851920347992518e+02
-4.741841029642540093e+02
-3.621205263939303336e+02
3.137552039961627202e+02
-8.105552613327611198e+02
-7.913264938133024771e+02
-5.105440154534390444e+02
2.684167066619560273e+02
8.190059559630233252e+02
-3.343122563479487894e+02
6.382057024305449886e+02
8.518281920730319712e+01
1.517678985364665323e+03
-1.613164879794118178e+02
-4.628574062501995456e+01
-4.947809732346354394e+02
-5.748231932692407327e+02
-1.402285014941120153e+03
-2.571771179540234584e+02
5.693475281431409485e+02
-1.269682052387255681e+03
1.388165419382229857e+03
1.290342476129123270e+03
6.188705165316218881e+02
-5.330827973261229999e+02
-2.589934146783413382e+01
7.617079549893935564e+02
-7.361391410766916579e+02
-1.019509779850054883e+03
-1.665334884088838976e+02
1.222844378856259709e+03
3.108818757193550368e+02
-1.800251146006773979e+03
-1.183006100124897557e+03
6.558096032750032691e+02
1.849457997411404449e+03
-2.707797480617543897e+03
1.510986427206343706e+03
2.307386910717064893e+03
2.648799692070990204e+03
-1.857206560085797491e+03
-2.116178306242032249e+03
6.499455327754744758e+02
-9.578431484977599553e+00
-2.422031159436720827e+03
-1.532889387847644002e+03
7.960816185174949169e+02
4.007740394818728760e+02
2.150379931090742502e+03
7.452714525350658050e+02
9.054594853064379549e+02
4.040111542410775655e+03
9.708218185552092336e+02
-1.651279313048113636e+03
-4.528431512099314205e+03
-3.795213172024497453e+03
-6.151564396074077194e+02
2.369060549512327270e+03
4.963278885950770928e+03
-1.674482141913548276e+03
-6.623489194469267431e+02
-7.664766561217899152e+02
-1.647174098552424084e+02
-2.517252523312462472e+03
5.171680323811782728e+03
-3.202107875856090232e+03
-4.788186747134730581e+02
2.861749248129451644e+03
-8.641166842197418418e+01
-1.924135050818249056e+03
7.450821203734667506e+02
-2.207269049044007261e+03
3.464093911499849582e+03
-2.046106595852357032e+03
2.440502327823916858e+03
3.632305070411127417e+03
5.896402696423422185e+02
5.882936413958288540e+03
2.756181305149741820e+04
5.654970825879838230e+03
-2.965101789178273606e+01
3.760363431446815866e+03
2.124904039895481219e+03
-2.059472456948233685e+03
2.874403223961353888e+03
-2.545305616736649426e+03
6.052269948604033516e+02
-1.914128423719739658e+03
-1.010215695558620723e+02
3.003906326647312653e+03
-4.785078673389991764e+02
-3.612659959094788974e+03
5.762730041690551843e+03
-2.747930871986260627e+03
-4.866206876545782052e+02
-3.613026290459871461e+02
-7.056825987537322362e+02
-1.290370953479751279e+03
5.716432873230181940e+03
3.617841608860645465e+03
-5.455091052965224208e+02
-3.098942341843294798e+03
-4.110569716441232231e+03
-1.837665424764553563e+03
-4.008798051764110824e+02
2.619789562500942338e+03
-1.032669611289276617e+02
2.298481320012328410e+00
1.461743519056958803e+03
-8.686772366704410615e+02
1.834800531885017563e+03
1.015440282149196037e+03
-1.337462907382898948e+03
-8.500828601420778341e+01
5.491662811036773064e+02
-1.199534464644418676e+03
-1.801322752371749630e+03
1.870391627853673754e+03
8.933307165819063584e+02
1.519190165293825885e+03
-2.919042363574957562e+03
1.700816116734452862e+03
8.420757292594007595e+02
-9.601647980549269050e+02
-1.641788832951493987e+03
3.406777228126744603e+02
1.855391444584061219e+03
-7.402438908720127131e+01
-8.089500551513675646e+02
-8.209315151078963027e+02
-3.053635953566226249e+02
2.207005166478929539e+02
3.071786043061336500e+02
3.133795736253494510e+02
-2.107637195808385400e+02
5.424403479739274871e+02
-1.284695745726577570e+03
2.598495904951146713e+03
8.049237774955131499e+02
-1.526758147242479936e+03
6.473904845478784864e+02
2.512528679310457846e+02
3.025197997536147341e+02
-5.653646055627132228e+02
4.709485979224930361e+02
-1.304085661498288346e+03
8.771298861476881825e+01
-1.214164274933283195e+03
-6.207612770615601221e+02
-5.925541608452604123e+02
-2.455706337279628428e+02
2.411020472853934109e+02
-3.350353021130148932e+02
1.022388625059237484e+03
3.756185458258109833e+01
3.067662694386855264e+02
1.732650379157239968e+03
1.612069315987200753e+02
6.870658998476366150e+02
1.583509777830305438e+02
3.196326903632181597e+02
-7.302089433435972978e+02
1.977088327465459940e+02
-1.064809300615935626e+03
-5.983560757286267062e+02
-4.051474803121250829e+02
1.768968436625401353e+02
1.376755081494519573e+03
-1.119654395876196304e+03
-3.419549488460792190e+02
1.259987581299781283e+02
6.059345671060520999e+02
-6.608388056525790262e+02
-4.233818491186134452e+02
-5.203335864387338461e+02
-4.864797801703391542e+02
1.340478380047088081e+02
1.541157713928044473e+02
3.243986298955808252e+02
8.608210921976354939e+02
1.264067732259569084e+03
5.159982262632868242e+02
1.360319388084402306e+02
6.086354681088495227e+02
-1.052812770598230827e+03
3.944737500108880113e+01
1.686915252000328280e+02
-8.430621152971833681e+02
-3.137338913991748086e+02
2.640078271144181343e+01
-4.966617197343192061e+02
-5.489180267126027957e+02
3.530526227603849065e+01
-7.368357809547276815e+01
3.356436196808048180e+02
4.440101291924609939e+01
-3.947524885500776293e+01
-6.437841810625874359e+02
-3.244031248600579715e+02
9.234942864280117192e+02
5.235431612837944613e+02
3.247482004259136943e+02
-1.508624122053216183e+02
2.397774030870781132e+02
9.285129036660950987e+02
-3.444987305215235551e+02
5.962831810892126327e+00
4.144340256578033745e+02
-6.996842759500530065e+02
-2.777479547232748018e+02
4.335633979709299979e+02
-5.699359638928873437e+02
-3.128909456533120306e+02
-1.952726585375050661e+02
-1.526938471752725377e+02
5.741421197604613553e+02
-3.755893531824040679e+02
-6.436472557789460325e+02
1.436000957691906592e+02
-1.599804320849796113e+01
-1.475235199068534797e+01
9.271260478656608939e+01
6.073747588129439379e+01
2.736479179853474761e+02
3.058402224659672584e+02
1.286158773335233434e+02
2.426351597757906973e+02
1.795509152481518242e+02
-3.468670033973796052e+01
-1.427775360262718323e+02
3.498387322852593684e+01
9.804731309981117704e+01
-1.675134648863790403e+02
-8.705673959929725925e+01
1.247653995596641430e+01
-8.277614877658005810e+01
5.392193665202778874e+01
5.462922763603954479e+01
8.592551369824894891e+01
9.146304088687595879e+01
0.000000000000000000e+00
