-4.232841738670973797e+00
-1.068648165852620835e+01
9.293308729825575654e-01
-1.246680739965016471e+01
7.714318014892805664e+00
4.381506998323779101e+01
7.704950367900103458e+01
3.150057075023544328e+01
-8.310190206353279763e+00
-8.836655487452014768e+01
4.779200854678376409e+00
-8.948805448953807584e+00
-1.200095784531011844e+01
-1.157354805682837195e+02
4.510573691110228367e+01
1.212232312265029464e+02
9.308832110883027156e+01
-1.351939805611310703e+02
1.904529608796162563e+02
1.360253547569798513e+02
-3.021005493554184795e+01
-1.840358440436049250e+02
-5.993190529908854103e+01
2.025700943403350252e+01
1.615966314603875276e+01
2.677321520202413296e+01
7.467007634173670283e+01
5.724929835459367666e+01
1.070100773754534345e+02
1.231883581650795207e+02
2.977501653382817892e+01
4.407697606058575701e+01
-6.206513322983014547e+01
9.047213047896661919e+00
-5.124965475831133688e+01
-1.959316589759559974e+02
2.548018982882328487e+02
3.176880723292040898e+02
3.606485091574523238e+01
-5.199153363562360255e+02
3.034442203836995304e+02
5.008646320363507130e+02
-1.451843025956132038e+01
-5.462039138536885048e+02
3.668763751170088199e+02
2.114049361807068976e+02
-2.238619084081651067e+02
-4.175156142829378609e+02
4.573312895439883619e+01
-7.508599314648840561e+01
4.195851413600811384e+02
1.356766503292797097e+02
1.077028690484902853e+02
-4.792974305557222010e+02
3.638969489296613347e+02
6.009662864193805376e+01
7.561009613989971001e+01
-6.156259589140344701e+01
1.498572605432976275e+02
-1.940736338710183020e+02
-5.853094312973715887e+02
4.712710319470390914e+02
2.156550474862167732e+02
3.066230158180524086e+02
-2.754208294802563728e+02
7.062915312725161243e+01
-9.811832563558860443e+01
9.327934483954389577e+01
-9.473097291154290644e+01
-2.836260940645806272e+02
1.341105442263087184e+02
4.740518020163297024e+02
4.765825389002841348e+02
-1.264771399480403744e+02
-8.579347087123419442e+02
1.652975469977823195e+02
4.668120367208881589e+02
5.930653367492840289e+02
-1.577297845607925638e+03
1.334632486223965770e+02
5.873767611606704122e+02
5.833490234755554411e+02
-2.867831099105561634e+02
-2.047110805494921948e+01
1.051544274785692608e+02
-1.307272390374321276e+02
5.738854105668593064e+01
-4.687686711623190376e+02
2.970373507833438680e+02
-1.152936321793369814e+02
8.425301006852353680e+01
5.555833089622427678e+01
-2.563754409171187021e+01
9.610078369598356858e+02
-7.421927823376471167e+00
-4.123577907906372388e+02
-5.459128266616903602e+02
2.537316238734104559e+02
-2.431019631174850701e+02
-3.661584415829775594e+02
5.859374121296734756e+02
1.001676312306643410e+02
4.368338111857853505e+02
-3.503332720918081122e+02
9.651126731891895361e+01
-7.036737297499149690e+02
2.685855687196761892e+02
6.052831980020404217e+02
-7.215105101493701767e+00
1.073626444130533173e+02
-4.466069390639473795e+02
3.786436899752327463e+02
-2.283985554850372068e+02
8.707838044683555268e+01
-1.973889241243626316e+02
5.634457220434430837e+02
-3.373341526441337805e+02
-1.038336891978973199e+03
2.969076091483424307e+02
6.265794054296635522e+02
9.369307390515017460e+02
2.154738643726186069e+02
-5.515221099364566726e+02
-3.072052822935439167e+02
-1.616701582831310589e+02
3.458798582496623908e+01
-6.818251708319005502e+02
3.117526269083438137e+02
-1.589077794767131593e+02
1.158139263924518900e+03
-3.214930498510175312e+02
-1.746874884918387636e+02
4.602939313377008261e+02
1.631916925272685432e+02
-1.836677676844152245e+02
-1.926614761200324608e+02
-1.763112297117557148e+02
-4.633843986181204286e+02
1.333126953515652815e+02
-1.120417818277966120e+02
6.901029828060101181e+02
5.177834268215739257e+02
-4.709771058269843707e+02
-5.381749497632188195e+01
-1.222540328307837569e+02
2.142163811898015524e+02
4.687768486149470277e+02
-1.801253257027570953e+02
-3.076941282136141922e+02
-1.309203068109663093e+02
3.812943021688511180e+02
-2.945410005086276897e+02
1.986385470676288492e+02
-6.873995426360767169e+02
8.136763636721740340e+02
1.274048110838779735e+02
-4.961446324104383621e+01
-4.394068274813619155e+02
6.402629965480550709e+02
-6.398664456161287717e+01
2.207072883527220597e+02
1.002981275795004734e+02
-2.787237416185989218e+02
-6.903418286877921446e+02
2.905669833935661472e+02
-2.055202882017694321e+02
7.291739318327644526e+01
1.419339386986537477e+02
3.257068617807951227e+02
-2.022158559068374188e+02
4.808525462996328770e+02
-1.015343271352944043e+02
5.567342701537226048e+02
2.301491102614222370e+02
-8.837151052884391333e+01
-4.040698941701176636e+02
-2.026542148112473569e+02
-2.346685700327639950e+02
-5.271101293014527300e+02
-6.284141330933026666e+02
2.883512371124924698e+02
1.263841851733692010e+03
1.387452285592011378e+02
-1.348764650806788836e+02
1.018495921876127568e+02
4.809748528844102680e+02
-3.163936333557192029e+02
-3.005204127669941840e+02
6.322423189618372419e+01
-5.357598030971634984e+01
-3.189336417620365864e+02
5.868168395218511080e+01
-1.982216746623237498e+02
3.286668299436304324e+02
7.441240060257418918e+02
-1.094443286634338932e+02
-6.182390916823337648e+02
1.584027836076215010e+02
-3.666135924060953926e+02
1.670377961052844569e+02
1.929630109705378516e+02
3.670942174097138491e+02
1.379007596051114888e+02
1.993950340366779983e+02
-3.179076642543176376e+02
-4.935120234869880278e+02
-1.883079875139308683e+02
1.035329341230586095e+02
2.059157167823303780e+02
-2.046844243093087101e+01
2.599572894692993827e+02
-5.948778259494153531e+01
2.360296060403642286e+02
-1.224570924485246870e+01
-1.085560580311177858e+02
5.043330014225414857e+02
-7.476854712693975102e+01
-3.265470277418313572e+02
-2.912431249761777963e+02
-3.967753969617499479e+02
2.449078042477866575e+02
7.114913247115049444e+02
-4.472116528225033107e+02
-3.810947058370499008e+02
2.829194776896595727e+02
-1.121694238501940220e+02
3.863307264299996859e+02
5.491463207226841803e+01
2.386258460712312512e+01
6.817869901626128240e+02
6.104665663337912918e+01
-6.653352611336439395e+02
-4.137669333466153603e+02
2.752527678579397161e+02
-1.862969877166337369e+02
-1.036489496005333564e+02
2.416942431077310118e+02
8.285182364002974964e+02
-3.285369905902090295e+02
-3.304096425792398009e+02
-2.770506751637282719e+02
-2.815822716004849440e+02
1.784595321459270849e+02
1.362913080412725435e+02
-1.595481332072466785e+00
3.191186454932635002e+02
-5.154003132547757104e+01
7.359057118538609643e+01
5.235208325274513754e+02
-8.807327928245821624e+01
-1.564151006923845699e+01
2.894376802812335541e+02
-8.276579040934127534e+02
-5.825848587763784963e+02
2.782724235923397487e+02
2.990842689852677267e+02
2.945500571770908493e+01
1.637766450627570975e+02
5.170994345829502663e+02
2.134103461499861112e+02
-2.466378541889309020e+02
-6.675888935902714820e+02
3.542834567554630212e+02
2.280635575103933093e+02
-9.890286453653892806e+00
-1.953309676933668868e+02
2.748411609827937809e+02
-1.012737440821426162e+03
-6.117746406149949507e+02
5.928865383743687971e+02
4.334318779647602469e+02
2.805017687082655016e+02
6.626958138861084535e+02
9.754022484643012092e+01
-7.269479379347582437e+01
8.901390537912092782e+01
-2.626334395560513713e+02
-7.776819229511379206e+01
-2.745050622396859552e+01
-6.051142367325160194e+02
1.121652754960806249e+02
1.748440597977892423e+02
-3.148891532527896402e+02
-1.194951520665819231e+02
5.205740572902086569e+02
7.059412283154107399e+02
-2.320583187762974831e+02
-2.814465909687049816e+02
-3.532746039384119285e+02
3.780438368492043537e+02
-5.069194605520557957e+02
7.626122358945508495e+00
2.336280154657494847e+02
8.488666738506417460e+02
-4.391376709597842591e+02
-4.165098780060598642e+02
-3.571823248432367564e+02
2.125816810395931782e+02
4.404466727503662469e+02
5.116906939292184688e+02
-4.499823471291065857e+02
2.498967880737267819e+02
4.650881093467585714e+01
-2.852859379946767717e+02
-5.682474777446811913e+02
7.739716991904703036e+02
6.671367720161451587e+01
1.326480151447676015e+01
-4.607650770854877464e+02
-3.353263749566896479e+01
-3.484175914603932824e+02
2.799580769801548286e+02
4.600651006339927562e+01
-3.440406257718734651e+01
2.908615501671512220e+02
2.329924945821220774e+02
-3.280638921564884640e+02
-2.281785796168180411e+02
2.521839171241581710e+02
5.251995423627308810e+02
3.387316231386938057e+02
-6.121921897424138024e+02
-6.478852861351094816e+02
5.972432567583343399e+00
2.711258380132581465e+02
4.835826914471093119e+02
2.828574482599748876e+02
-3.547261325557499845e+02
1.287037566365041812e+02
7.110473977378512700e+01
-6.863661350800036871e+02
-3.525926320907245213e+02
6.490241059884369861e+02
2.402688319454082375e+02
-7.146109223983197012e+01
-5.069029331283703073e+02
1.023217398492355272e+02
3.691351796573909496e+02
1.742092666711699565e+02
-4.324767824525122251e+02
4.779810277290636122e+02
3.997944581080413968e+02
-4.848899205359120401e+02
-4.649136002675807617e+02
2.393400029941890637e+02
4.688193076244854183e+02
-3.327594438867092776e+02
-8.829454172690176961e+01
-1.302765971981478970e+02
-1.156480671553410104e+02
-2.560425425005900735e+01
4.987765370870677657e+02
3.460009350442230698e+02
-2.068308116245836175e+02
1.487771320631360936e+02
7.036337375104899650e+01
-7.037476702245548665e+01
-7.101558009669818148e+02
-5.629659577142971330e+02
2.677374907342692723e+02
3.030734432067643525e+02
3.201467818456384862e+02
-2.168155080813373559e+02
5.983055155785845045e+02
1.382217075299397209e+02
3.734092614057936288e+01
-4.868863851376706293e+02
3.561833693853151317e+01
1.655933898456719078e+02
-1.720547722429619739e+02
2.275303967268692986e+02
-3.225634741270295649e+02
-2.813323359877521312e+01
-1.313861704612038750e+02
2.988325184036019664e+02
-6.368481488623714171e+01
-1.558987160496608624e+02
4.282238275472576561e+02
-8.006586469468726364e+01
-1.496051710522374378e+02
-3.606229103364050843e+02
6.964155092730835577e+02
-2.004845252406718004e+01
-1.297892702554915161e+02
-9.344602015680342788e+01
-4.478536669170701998e+02
2.497303687267073542e+02
-3.205689594369448514e+01
5.561513114953805825e+01
-4.434431206920106661e+01
6.631292158147585951e+02
-2.461420078692252389e+02
-2.446980917152380357e+02
2.456541212442987216e+02
-4.357306650018967957e+02
6.270212512256234731e+02
2.123445295345920840e+02
-1.739347882424320630e+02
-8.325831239596503792e+02
3.502714686646097562e+02
4.026103904747055253e+02
-1.884816290796236444e+02
-6.991459342290448831e+02
-3.208624780565086212e+02
9.562933309652281650e+02
-3.762562557265112417e+01
-7.451283979581650385e+01
2.710071726678643245e+02
2.118386045439378620e+02
2.034220225771406660e+02
-4.371930464623197281e+02
-1.784053901577366616e+02
-2.179989501447853399e+02
6.254265985978206572e+02
-3.525317316958354468e+02
-2.411081004250036415e+02
1.664642689431492784e+01
3.659156131253537296e+02
5.034998971979348426e+01
-3.486968749377139147e+02
3.616217630190863019e+02
1.997753596395116915e+01
4.251450426536002851e+02
-6.041113139063378412e+01
-7.512788941182828921e+02
-3.637145045901864648e+01
4.025294006753695726e+02
-2.212105533423977874e+02
-5.890766022397338020e+02
3.048944998969415110e+02
1.496462138022942554e+02
2.795386173107773402e+02
6.385904002051363193e+01
1.119752536570189960e+02
4.212711454073913728e+02
-2.318865464470001712e+02
-1.991644829565525185e+02
-4.566655292989585746e+01
-2.601888817045037428e+01
-1.306034653291658287e+02
-1.272963107199174004e+02
5.403796716814897394e+01
-2.369178205663739334e+02
1.810671491118472431e+02
4.722677595704316786e+02
3.946845729297313028e+02
-5.432514047163130044e+02
-4.518539490408979304e+02
5.892455538218611366e+01
3.175236020924112381e+02
1.604963951579014747e+01
-4.503340880050914308e+01
1.419964195165505316e+02
-6.828712600911390496e+01
-7.031284511007961555e+02
3.077252351123639755e+02
2.096425312523415698e+02
3.833230819207674926e+02
6.413213056087414543e+01
1.746663267940097626e+02
-2.461385537419075149e+02
-2.442128026156413227e+02
-6.400218045315446602e+01
-4.305908002766815912e+01
4.976898019287892794e+01
-1.639820350547668681e+02
9.261320658482617318e+01
2.389278384972483309e+02
7.961006282160469993e+01
-3.240866781971659520e+02
-2.424020145490980269e+02
9.238595930329471457e+02
-1.372078092777124709e+02
-3.240253515647852396e+02
-1.778456734836044006e+02
-1.830730541266158582e+02
1.319100453355924287e+02
1.349714751214201272e+02
1.911033235444065213e+02
-5.448872072687619266e+02
2.599882072769616457e+02
7.072409551820666707e+01
4.491741788979452963e+02
-3.283000009033537481e+02
8.589513131444311966e+01
3.246965633719122479e+02
-2.318942176676690679e+02
-9.296545301721575072e+01
-4.931732954005487386e+02
4.045611769090239704e+02
2.534370947789164745e+02
-6.592625127431546161e+02
-5.188711127191909327e+02
3.480451154677703585e+02
1.029432417998668598e+03
-1.346335968319945664e+01
-2.525009286082000699e+02
-2.692452350456973704e+02
6.409700230217075614e+02
-3.837588242683121393e+02
-5.497318387549661338e+02
3.764060837214094022e+02
-8.136652602600210571e+01
3.713030031673796429e+02
-6.125861332062858082e+02
-1.009039573292514689e+02
4.850680907231377148e+01
5.357452585176276898e+02
-3.208265809928420822e+02
-1.027214246106853892e+02
5.581714643144873662e+02
6.086226244363389242e+02
-8.575156567680365072e+01
-6.576400237223920158e+02
-3.636921244883317854e+02
-1.867290006663085933e+02
2.060550818196887519e+02
4.200331679784329708e+01
-8.384672780642874841e+02
6.036799810212803550e+02
3.140172761225619524e+02
1.272203783331577824e+02
2.104204802778918406e+02
3.902396872994986552e+02
1.335075050545202657e+01
1.557524588448900715e+02
-2.865907504516364384e+02
-6.225512276353566676e+02
-3.160954216772086056e+02
-2.953421246394013338e+02
1.549599025370090430e+02
-1.011065995852659967e+02
2.255469965560713490e+02
3.805047709044147268e+02
4.510275143097398995e+02
1.913245433232523567e+02
-4.301867304321923768e+01
-1.788842689705665805e+02
5.467719832177217540e+02
-2.651536216688442664e+02
-4.807859336230999361e+02
-7.021809204463388596e+02
-5.593786690541973030e+02
2.305639999430522380e+02
2.261395345127211272e+02
3.220673009449524784e+02
4.708296128139722327e+02
7.909672470673636724e+01
2.483333206991665918e+02
7.709360103319138489e+02
-1.500132985307074591e+02
-5.984524082262566935e+02
2.023951927211374198e+02
-8.104558519453403278e+02
-6.703940863463908499e+02
-5.465288085354217174e+02
4.563619244820395124e+02
6.102392277109981933e+02
-1.686923237469639503e+02
4.988593317613455156e+02
-3.073933443837361779e+01
1.448365424717637325e+03
2.342758328955873424e+02
-2.793547612359138839e+02
-7.108110283122699684e+02
-2.804332460274157484e+02
-1.335388500174616865e+03
-2.380594730549667020e+02
5.864529713051850877e+02
-1.300400091831982991e+03
1.208779228135516405e+03
1.173796682064117704e+03
6.348490205301133074e+02
-4.357177155967455064e+02
-9.617926757291988338e+01
1.034025234334971401e+03
-7.475330685770946957e+02
-9.265222742889734491e+02
-4.609530313898613940e+02
1.400150504350104029e+03
-2.021987906088148534e+01
-1.583657603023643333e+03
-1.280142804929694194e+03
8.732500677226578318e+02
1.821848231325199322e+03
-2.657388297964347657e+03
1.439592936182624271e+03
2.032242484221576660e+03
2.780608012981610045e+03
-1.859006286305423600e+03
-2.232003165135602103e+03
1.052228895734934213e+03
6.107333923255819741e+01
-2.602193037120043755e+03
-1.682529431571487066e+03
1.087933564582814597e+03
-3.171476730127610466e+01
2.134050320453887707e+03
8.790345712994673022e+02
8.532642467356758971e+02
4.254099102787046832e+03
9.205874322267358139e+02
-1.349745694376604661e+03
-5.031716432203188560e+03
-3.474304025790821470e+03
-9.134849056180705702e+02
2.597532923397927789e+03
5.019461637323033756e+03
-1.880157716727446314e+03
-9.274671335262030425e+02
-4.495093226120550298e+02
1.967627865539862171e+02
-2.920882204433461993e+03
5.075443215617460737e+03
-2.995951861855588049e+03
-4.076587375462428895e+02
2.803147006600278928e+03
-5.502063536098427221e+02
-1.402393412544276771e+03
7.850462334991034368e+02
-2.005052672381726779e+03
2.951443831778545700e+03
-2.089067525765340179e+03
2.697319172016215816e+03
3.597207539935582645e+03
3.616355210503626836e+02
5.598993702453596597e+03
2.836024013646048479e+04
5.600920909640703030e+03
-7.126246389701876183e+01
3.467634445825542571e+03
2.433583899642642336e+03
-2.348048076138511988e+03
2.573958062021908972e+03
-2.356988650096252059e+03
7.071391648073039278e+02
-1.666910235679148627e+03
-1.182483623015942840e+02
2.686109550720329935e+03
-2.277899233459627339e+02
-3.552141384990195093e+03
5.564524119703951328e+03
-3.143776476634055598e+03
1.971247620803954987e+02
-5.214103046556374466e+02
-7.298346917335131820e+02
-1.370171690601009232e+03
5.845249104494509083e+03
3.386875823692144422e+03
-6.232890567158535760e+02
-2.828186131467382893e+03
-4.293281754945583998e+03
-1.698570168228900457e+03
-4.367078335274321716e+02
2.669842509399780738e+03
-2.266291940650520331e+01
4.074861690807628634e+01
1.216050665276619156e+03
-7.783067159827488695e+02
1.884318315112565870e+03
8.164331169109040047e+02
-1.515457697330948122e+03
2.250331690718264781e+02
6.684797815901018794e+02
-1.116513483085004054e+03
-2.104116164845499952e+03
2.170806279299156813e+03
7.184596402116605987e+02
1.507881287043491511e+03
-2.995426177275244299e+03
1.701915183448265680e+03
7.157428063341778852e+02
-7.060154915146430312e+02
-1.505954739532425947e+03
3.056622143094488138e+02
1.593061997842936080e+03
-5.353888951962915144e-01
-1.014321607247736097e+03
-7.238821784344974049e+02
-8.602041904757950874e+01
3.005816077683127787e+02
2.173046172027347609e+02
4.643673262841354585e+02
-2.799357762327155683e+02
1.364107330686569242e+02
-1.032773071670856780e+03
2.237588000751568870e+03
1.054823018719543143e+03
-1.313319374206542534e+03
8.112196895474017992e+02
-1.510125958198300680e+02
5.386888025685748289e+02
-3.315166328990874831e+02
7.196937613637476261e+01
-1.607464947676237671e+03
3.951174838634963180e+02
-9.926237611424621718e+02
-6.528049520409706474e+02
-8.730314631842559265e+02
-1.015886875612454219e+02
2.489701165512850025e+02
3.908626918263413685e+00
3.332061055967530478e+02
2.529935693768369163e+02
5.205905360745306325e+02
1.817653330200613937e+03
-1.215766016553995712e+02
6.544460174876365954e+02
7.249817788266225307e+02
2.815854342265220822e+01
-9.195078535742126178e+02
-6.035715292520971786e+01
-5.383982848323222470e+02
-8.552960207794760663e+02
-5.801964522927017924e+02
1.526962970338243792e+02
1.659332223277149978e+03
-7.424808985531260532e+02
-4.923411326846855900e+02
-1.263833208358943665e+02
5.481255879531196342e+02
-5.991998500259678622e+02
-4.876419028078207702e+02
-9.659966044823950142e+02
1.461067461378825101e+02
8.648307658645589413e+01
3.009463167490890214e+02
3.996878691494110569e+00
1.129322601327133043e+03
9.051328811129502583e+02
6.045118634836449019e+02
3.300425305057295304e+02
3.592031713239293254e+02
-7.326354693318476166e+02
-2.062396406770799331e+02
4.044692307706038150e+02
-9.479723184957158537e+02
-2.421786936425099270e+02
-3.624505071714851852e+02
-4.313497662085840716e+02
-2.413629535656174028e+02
-5.917622715664073496e+01
-3.009247606970573656e+02
4.391261547855232834e+02
4.179557201827060453e+02
-9.496599580047806910e+01
-7.940635105921869581e+02
-2.742922656661051519e+02
8.041254921799442172e+02
5.805386604710903384e+02
-1.129420237418196962e+02
1.744097166447162692e+02
3.167034108886432477e+02
8.757222748697446377e+02
-2.988822749478491687e+02
1.309025666954353824e+02
4.362797716829583692e+02
-7.239902969856617574e+02
-4.393354754044024730e+02
2.796843629917885892e+02
-3.912507122666983150e+02
-2.739806894273054922e+02
-3.189972457660969098e+02
-1.598729392459089809e+02
5.341787510029568011e+02
-2.786644254764058815e+02
-7.657210477874220942e+02
1.765196316606318021e+02
2.499762544204844872e+01
8.363326620539152145e+01
1.268817417868691422e+02
6.411986647068914635e+01
3.826440625911567395e+02
3.492674417531499671e+02
1.469495660277005129e+02
3.016675103639722124e+02
2.620540871393894236e+02
-7.748642893507186713e+00
-1.088366932144451908e+02
3.645111877315299154e+01
3.055850369980425540e+01
-1.390003697454499161e+02
-1.409883689718341486e+02
2.903590022578744545e+00
-7.614089034093234432e+01
9.289662040733601600e+01
7.413073607107409657e+01
8.660339972430166711e+01
1.266978897587981123e+02
0.000000000000000000e+00
