1.339063566151185367e-02
8.022821254046157147e-02
2.034490800185129178e-01
3.871638860991188369e-01
6.300322171581371755e-01
9.152230153373093202e-01
1.245826826231888562e+00
1.649484611535474654e+00
2.035233057515031696e+00
2.467422074144073552e+00
2.964178615307681230e+00
3.473002522320907559e+00
3.970237164444959888e+00
4.531433360031723367e+00
5.095354574915345047e+00
5.720915934431948457e+00
6.323502982930715888e+00
6.986653076846060628e+00
7.696664801435621150e+00
8.442029677310973312e+00
9.267597402394798678e+00
1.016817129548442367e+01
1.110438974831076386e+01
1.209242603641661695e+01
1.315767953291409853e+01
1.428698857907293807e+01
1.552817923215750717e+01
1.686898638395362582e+01
1.831028510932251052e+01
1.981371619066558765e+01
2.134613086790306369e+01
2.290180121369280641e+01
2.463935759601218933e+01
2.647687423042119192e+01
2.811280337263604423e+01
2.994760149284558182e+01
3.177733225065932032e+01
3.359078436839566706e+01
3.522704520842462728e+01
3.688817354877458143e+01
3.829428240357970736e+01
3.955545322606688785e+01
4.039791085494102418e+01
4.098445171556243594e+01
4.108472043554051822e+01
4.059580803533144433e+01
3.974102346540455954e+01
3.852916834775763277e+01
3.666199708522107414e+01
3.441970388908087841e+01
3.172483634073531533e+01
2.849216512278187707e+01
2.504298883458211478e+01
2.162646526227774402e+01
1.792360742192409973e+01
1.435831365271303639e+01
1.090323479675994278e+01
7.725132491360862552e+00
5.038092254698147698e+00
2.717945823645199432e+00
8.735702246417407224e-01
-3.209561609174302887e-01
-1.069143188446417092e+00
-1.154354495007122061e+00
-5.510471282017501693e-01
4.730137307255919410e-01
2.120696808433883085e+00
4.483330385908665505e+00
7.294842942745320080e+00
1.059339654484688431e+01
1.419115729131270598e+01
1.801412148034888006e+01
2.201178876618814684e+01
2.596907660155564912e+01
2.973233083441454738e+01
3.320006780001503444e+01
3.619916086234093200e+01
3.859834161692371168e+01
4.030400024515750346e+01
4.122226228931435799e+01
4.129948194598926392e+01
4.049181329028238707e+01
3.881213297633956927e+01
3.633647393179035845e+01
3.314500127025497278e+01
2.935672232006542615e+01
2.505417581323387211e+01
2.045789257198341460e+01
1.572212129754258747e+01
1.099079910481565747e+01
6.480535157043759931e+00
2.339170777318673622e+00
-1.296127624200075878e+00
-4.304248056352136587e+00
-6.584784109596936830e+00
-8.061850042587078491e+00
-8.687013314360431337e+00
-8.441132385925477877e+00
-7.335140909014491228e+00
-5.409762608251764249e+00
-2.734109033856914728e+00
5.967229920971943713e-01
4.464951772545257214e+00
8.734263569749620260e+00
1.325458285179094808e+01
1.786733088856740537e+01
2.241100736323605602e+01
2.672685185886745174e+01
3.066441128344186851e+01
3.408683891645330277e+01
3.687568941196555272e+01
3.893508659274254313e+01
4.019510783898407880e+01
4.061424362679331068e+01
4.018087716858683933e+01
3.891371924955615924e+01
3.686116421480372196e+01
3.409962440321425703e+01
3.073087299854038434e+01
2.687848954582936756e+01
2.268354716636586943e+01
1.829967622904115387e+01
1.388767945463795428e+01
9.609894679323058853e+00
5.624486835314369770e+00
2.079880842296400800e+00
-8.904722310558232934e-01
-3.172820319235175823e+00
-4.677153859599553876e+00
-5.340426678343977329e+00
-5.128845703161220904e+00
-4.039144064933379852e+00
-2.098792916912661788e+00
6.348563413393168986e-01
4.076470336682789686e+00
8.115610911582123776e+00
1.262049070521785232e+01
1.744247795457222594e+01
2.242119742896194623e+01
2.739004939691545815e+01
3.218195671974541483e+01
3.663514264529964493e+01
4.059873546293871982e+01
4.393800871736318925e+01
4.653907449384940520e+01
4.831286275341399516e+01
4.919825140146780029e+01
4.916423571675053239e+01
4.821105833156954645e+01
4.637026163047521266e+01
4.370365677085290201e+01
4.030124322924470448e+01
3.627815058359984590e+01
3.177070467824072608e+01
2.693175376554398071e+01
2.192541599754189718e+01
1.692142796091295764e+01
1.208929003114590728e+01
7.592410900338816937e+00
3.582453938120406356e+00
1.940816797359969925e-01
-2.459719133186156981e+00
-4.291568983694933337e+00
-5.242746055812024686e+00
-5.285248652933262292e+00
-4.422796664462404159e+00
-2.690735593876667053e+00
-1.548443923070363937e-01
3.090913204085889099e+00
6.927617743303795983e+00
1.121549365995326220e+01
1.579873871014054387e+01
2.051091727663759201e+01
2.518073187368175425e+01
2.963797348963586487e+01
3.371944500839570935e+01
3.727465248275345289e+01
4.017106655772255408e+01
4.229877094289019368e+01
4.357433565861757785e+01
4.394377925061859003e+01
4.338451546644990486e+01
4.190621481467070453e+01
3.955054884317713970e+01
3.638982359058182681e+01
3.252454714055055973e+01
2.808001321351602897e+01
2.320201698027197423e+01
1.805184958818317753e+01
1.280074319682742789e+01
7.623957739426014513e+00
2.694713475313093909e+00
-1.821820782261157845e+00
-5.774275307168708515e+00
-9.030363157455553846e+00
-1.148151569149478490e+01
-1.304670765343486494e+01
-1.367533723128725143e+01
-1.334905886839859690e+01
-1.208250260314211033e+01
-9.922852086871998267e+00
-6.948292866390186617e+00
-3.265381653805966344e+00
9.945752098354598836e-01
5.680011359968370144e+00
1.062430496893817811e+01
1.565151998528421373e+01
2.058248671145136655e+01
2.524101208845032218e+01
2.946000498090801045e+01
3.308730409180196830e+01
3.599100582246687452e+01
3.806410611568367841e+01
3.922829351943175169e+01
3.943675960268075187e+01
3.867592645999950207e+01
3.696602821096026759e+01
3.436052285917853055e+01
3.094435126755671916e+01
2.683109993794013093e+01
2.215916237395254029e+01
1.708702873373200504e+01
1.178786402845280179e+01
6.443560224392540725e+00
1.238466377180943656e+00
-3.646987300949465993e+00
-8.042551194654521396e+00
-1.179408686774311654e+01
-1.476896024733294155e+01
-1.686070911040093989e+01
-1.799282106602831988e+01
-1.812148845943568176e+01
-1.723724157049125694e+01
-1.536539994753848859e+01
-1.256532238956526548e+01
-8.928477567932747050e+00
-4.575398132871096202e+00
3.483800337389082458e-01
5.677256326800832475e+00
1.123121378484969313e+01
1.682198430268548250e+01
2.225951915461315167e+01
2.735854201998321145e+01
3.194495809336236647e+01
3.586189706704232805e+01
3.897517967554738050e+01
4.117801670591618546e+01
4.239477526568487775e+01
4.258367879180526216e+01
4.173834370390859760e+01
3.988809551294763622e+01
3.709704922502059787e+01
3.346198158558910052e+01
2.910906461821171121e+01
2.418956957323015544e+01
1.887468643675067526e+01
1.334963529988817577e+01
7.807271057795986735e+00
2.441401204889836141e+00
-2.559952741732122838e+00
-7.021116825522868865e+00
-1.078492110330590492e+01
-1.371823597092038938e+01
-1.571669399459104177e+01
-1.670843031686010249e+01
-1.665670802724605792e+01
-1.556133296674550159e+01
-1.345880397518599025e+01
-1.042118816985562191e+01
-6.553754964971706620e+00
-1.991445681781728982e+00
3.105703736794442893e+00
8.558032621073563107e+00
1.417243220086596622e+01
1.974901778662307805e+01
2.508806722654384913e+01
2.999698611127158898e+01
3.429705819039748604e+01
3.782974580568404122e+01
4.046231965313986478e+01
4.209261939531872798e+01
4.265277582416142366e+01
4.211176044685313968e+01
4.047666834484576270e+01
3.779268358017625928e+01
3.414172180911133125e+01
2.963979055176493560e+01
2.443315217738424394e+01
1.869341655115733758e+01
1.261172798915479731e+01
6.392243360245599249e+00
2.451237180786065561e-01
-5.620720172935557812e+00
-1.100487829528975681e+01
-1.572243653971320398e+01
-1.961047281683845966e+01
-2.253382636097978420e+01
-2.438993642213927160e+01
-2.511257766958163984e+01
-2.467435689234286755e+01
-2.308787772392109972e+01
-2.040552571017728667e+01
-1.671787352471331545e+01
-1.215075388482184948e+01
-6.861094085806824339e+00
-1.031649443440883163e+00
5.135188200484308574e+00
1.142429776287881715e+01
1.761521690104082083e+01
2.348975763123741345e+01
2.883958720204767090e+01
3.347351153324682826e+01
3.722420730030854230e+01
3.995416633903275994e+01
4.156064190731704855e+01
4.197941962638626023e+01
4.118727552575972339e+01
3.920302820465346372e+01
3.608714018751071251e+01
3.193987345450383941e+01
2.689805415771122910e+01
2.113054996448666145e+01
1.483260862041876216e+01
8.219246617458454196e+00
1.517910868558852044e+00
-5.039337183400371956e+00
-1.122384751858491292e+01
-1.681834110124644610e+01
-2.162452713632145418e+01
-2.547011218212534800e+01
-2.821495459666430605e+01
-2.975614574788829714e+01
-3.003183509736451029e+01
-2.902365849090599070e+01
-2.675767634434085096e+01
-2.330377929765562683e+01
-1.877357159431507938e+01
-1.331679511950830275e+01
-7.116407884974987219e+00
-3.824780133790721681e-01
6.654903701523142701e+00
1.375345428518294710e+01
2.066700643958173700e+01
2.715400975743149203e+01
3.298593263205912507e+01
3.795527359042719695e+01
4.188290222598379842e+01
4.462447109249516330e+01
4.607567017695470213e+01
4.617613391945730683e+01
4.491185592565584273e+01
4.231601701423604567e+01
3.846818635544627796e+01
3.349191134823460914e+01
2.755076764000064671e+01
2.084299439247502050e+01
1.359488967489449074e+01
6.053184978220691903e+00
-1.523345269347150754e+00
-8.872754968519156904e+00
-1.573897543177473501e+01
-2.188073087594635524e+01
-2.708001114905837525e+01
-3.114980542440310174e+01
-3.394082381630846612e+01
-3.534696668534309794e+01
-3.530934274919061977e+01
-3.381868564111946540e+01
-3.091607264564927959e+01
-2.669190717191233375e+01
-2.128318613784867352e+01
-1.486913279485209927e+01
-7.665332577829277128e+00
8.343766199194435629e-02
8.111450045062001735e+00
1.614105982407454931e+01
2.389222780405108537e+01
3.109220612620367774e+01
3.748505416990568762e+01
4.284065438759450473e+01
4.696291234709532603e+01
4.969685071170396640e+01
5.093434255648077169e+01
5.061827415836232547e+01
4.874497974569864311e+01
4.536484891399366859e+01
4.058106955702432828e+01
3.454653312313155311e+01
2.745899260201127490e+01
1.955462468847939661e+01
1.110020393597079824e+01
2.384146425741704434e+00
-6.293278229135117030e+00
-1.463023634635474401e+01
-2.233377060526562019e+01
-2.913003252448653058e+01
-3.477395191378265338e+01
-3.905800432772871744e+01
-4.181976545776812770e+01
-4.294798026651174183e+01
-4.238692325915389603e+01
-4.013888302267036323e+01
-3.626466717127226502e+01
-3.088209101147280222e+01
-2.416248231484924247e+01
-1.632530320777937050e+01
-7.631055995326908814e+00
1.627299554414504357e+00
1.113413646112099187e+01
2.056183297140220390e+01
2.958196824272931735e+01
3.787666073433769043e+01
4.514966003384402882e+01
5.113680740140650016e+01
5.561549812790055114e+01
5.841280940040201131e+01
5.941199982548395297e+01
5.855713974159456114e+01
5.585569324560297844e+01
5.137894143638700939e+01
4.526020945837868226e+01
3.769093505150953405e+01
2.891469092743012581e+01
1.921934483294327833e+01
8.927607147060713899e+00
-1.613726031070636058e+00
-1.204547818338080667e+01
-2.200835348367003519e+01
-3.115533775516258075e+01
-3.916381394564710661e+01
-4.574697191293046217e+01
-5.066411190464954473e+01
-5.372947466364439606e+01
-5.481927759714153581e+01
-5.387669446532954964e+01
-5.091458371400705119e+01
-4.601584568826221755e+01
-3.933136903257589978e+01
-3.107560892351148141e+01
-2.151992160310631164e+01
-1.098385817952154397e+01
1.753068862787773297e-01
1.157447333013266189e+01
2.281764641009220185e+01
3.350946957819814997e+01
4.326890023687567322e+01
5.174255987394024459e+01
5.861729535270493585e+01
6.363150954485769262e+01
6.658485629245147663e+01
6.734594579935645697e+01
6.585777040903948887e+01
6.214063529864819913e+01
5.629246149367944696e+01
4.848641705560417847e+01
3.896592336623639596e+01
2.803717405158822018e+01
1.605939115612435231e+01
3.433123680082305729e+00
-9.413035301844086433e+00
-2.203687755797648506e+01
-3.399767421904208931e+01
-4.487142624433180060e+01
-5.426574899122589102e+01
-6.183387452702255871e+01
-6.728727852040078972e+01
-7.040647890799331776e+01
-7.104960990283075262e+01
-6.915844558998736602e+01
-6.476163012631691629e+01
-5.797496377122526923e+01
-4.899869261368055362e+01
-3.811185165806244868e+01
-2.566381246765854485e+01
-1.206328438166286965e+01
2.234890959694491031e+00
1.674473161146561395e+01
3.096540639875296819e+01
4.439828599153406685e+01
5.656418088169859004e+01
6.702017817066285943e+01
7.537549389309072012e+01
8.130578235603655912e+01
8.456538811574171177e+01
8.499708853487202020e+01
8.253895351701133620e+01
7.722804157931489044e+01
6.920075496889160149e+01
5.868978770991590466e+01
4.601771563502884987e+01
3.158739276534220508e+01
1.586942995486124097e+01
-6.128643284776948974e-01
-1.730060848948839336e+01
-3.361798678865429224e+01
-4.899179129690849521e+01
-6.287121430041526082e+01
-7.474721909470717662e+01
-8.417082003461086970e+01
-9.076962836597496675e+01
-9.426206826309733344e+01
-9.446873638156176867e+01
-9.132046613373303501e+01
-8.486276215601755268e+01
-7.525638782287128947e+01
-6.277401543818695728e+01
-4.779298078908218628e+01
-3.078431672388957452e+01
-1.229836985529116689e+01
7.052574025268557811e+00
2.661412092891487546e+01
4.571142791336032474e+01
6.367198870024747492e+01
7.984879232798706994e+01
9.364307448860287764e+01
1.045258799657055135e+02
1.120576796515163522e+02
1.159053366151175908e+02
1.158557913915787339e+02
1.118259349864276544e+02
1.038682561751342348e+02
9.217198394605178180e+01
7.705959220735977055e+01
5.897868749822080758e+01
3.848945642611231932e+01
1.624800274007155920e+01
-7.013950815698553498e+00
-3.051238843362743225e+01
-5.343663283754503368e+01
-7.497646749325780036e+01
-9.434986674751476698e+01
-1.108304116044106706e+02
-1.237734591606975130e+02
-1.326401548778345330e+02
-1.370184287979247699e+02
-1.366401984266022112e+02
-1.313941102235602045e+02
-1.213332854269264800e+02
-1.066776903897602722e+02
-8.781092206815050361e+01
-6.527138049473033732e+01
-3.973798626520306243e+01
-1.201078624501028891e+01
1.701303123408962392e+01
4.636702546722477791e+01
7.504646439121759727e+01
1.020414030029670016e+02
1.263708310336395328e+02
1.471167803104916345e+02
1.634572557476538748e+02
1.746968639919148814e+02
1.802940609050151863e+02
1.798840225974276166e+02
1.732962627579808270e+02
1.605662685142672785e+02
1.419406038980926041e+02
1.178751290983270792e+02
8.902619915648500637e+01
5.623493104266441378e+01
2.050485613031087340e+01
-1.702650128395256601e+01
-5.512136686078777359e+01
-9.247983480556428049e+01
-1.277812487066005929e+02
-1.597275947249379442e+02
-1.870875571930072852e+02
-2.087398270744997433e+02
-2.237142374200959694e+02
-2.312293284692894417e+02
-2.307250185658271846e+02
-2.218891743315483325e+02
-2.046770319398846993e+02
-1.793226168610341063e+02
-1.463415368851469509e+02
-1.065247762295261680e+02
-6.092338983118688844e+01
-1.082427852378303612e+01
4.228249078541459482e+01
9.674407930663443267e+01
1.507919833701383538e+02
2.025946157438192188e+02
2.503139176463463400e+02
2.921643915485831826e+02
3.264728233782339544e+02
3.517368908031843375e+02
3.666808351819886980e+02
3.703064103087822900e+02
3.619374113943960083e+02
3.412562313090268162e+02
3.083310848173893532e+02
2.636327806435610910e+02
2.080401995306008587e+02
1.428339465333925773e+02
6.967797903262083992e+01
-9.410641038829785643e+00
-9.210337151515885523e+01
-1.758123474230942236e+02
-2.577519007181940651e+02
-3.350079709926536680e+02
-4.046136714322047965e+02
-4.636290545148609681e+02
-5.092229540206321303e+02
-5.387546697129869244e+02
-5.498532128090760125e+02
-5.404918465744558489e+02
-5.090557377067901257e+02
-4.544006793598251193e+02
-3.759010525716339544e+02
-2.734854545482864978e+02
-1.476587330677039631e+02
4.904819565677793203e-01
1.692972754418797763e+02
3.565430940651078799e+02
5.594932505964434313e+02
7.749485810847213543e+02
9.993101520153674073e+02
1.228655541280621719e+03
1.458824879786673137e+03
1.685514549423974358e+03
1.904376196655865215e+03
2.111118547048860364e+03
2.301609399330473025e+03
2.471975141841946424e+03
2.618695173056984004e+03
2.738688717266600179e+03
2.829391706085783881e+03
2.888821644311753971e+03
2.915628682480153202e+03
2.909131473585638105e+03
2.869336791732761412e+03
2.796942315483877337e+03
2.693322425682326866e+03
2.560497323605055954e+03
2.401086216917158254e+03
2.218245750084536212e+03
2.015595255173890109e+03
1.797130749205787424e+03
1.567129906513629976e+03
1.330050478208029972e+03
1.090424802803175908e+03
8.527531547005710308e+02
6.213986979584608434e+02
4.004867678711879080e+02
1.938110736973114570e+02
4.749221167232271057e+00
-1.638103120905613821e+02
-3.095279328936421734e+02
-4.306579718383838440e+02
-5.260779672689068320e+02
-5.953015971676267100e+02
-6.384750916669568142e+02
-6.563574324659920194e+02
-6.502850709584778315e+02
-6.221223085732872278e+02
-5.741988855971935664e+02
-5.092366367604284392e+02
-4.302673579607229613e+02
-3.405442716368789888e+02
-2.434495743882639260e+02
-1.424006782233557260e+02
-4.075775285254135127e+01
5.826494068100954138e+01
1.516815247526267854e+02
2.368085921541947130e+02
3.113290472179612038e+02
3.733440695985398747e+02
4.214120015482126291e+02
4.545733225935701398e+02
4.723612725562259698e+02
4.747981279291315673e+02
4.623775878222634219e+02
4.360339751263045969e+02
3.970995133753706341e+02
3.472511590079847679e+02
2.884487354763097073e+02
2.228663940614062255e+02
1.528195930956971438e+02
8.068974441395808128e+01
8.848955902218987646e+00
-6.041298927280663378e+01
-1.249573079228017178e+02
-1.828584885485053633e+02
-2.324584749585764598e+02
-2.724114080325215355e+02
-3.017175380438382604e+02
-3.197457432288790073e+02
-3.262441345980013807e+02
-3.213385987204122785e+02
-3.055197025090545253e+02
-2.796186315602018340e+02
-2.447729061033618905e+02
-2.023835663211458780e+02
-1.540649774599468458e+02
-1.015890849067419310e+02
-4.682619900966657411e+01
8.315957163185306200e+00
6.195310558149670754e+01
1.122826678555170616e+02
1.576382342222144644e+02
1.965382459459627000e+02
2.277273308411192545e+02
2.503105027291600777e+02
2.639100347340697112e+02
2.682674062172599747e+02
2.634601413336490054e+02
2.498499402010001234e+02
2.279793854787300518e+02
1.987763927896417613e+02
1.635986666726267629e+02
1.231725580130347311e+02
7.933518162382485173e+01
3.380931125725104636e+01
-1.212582422468239507e+01
-5.710408301427483480e+01
-9.914236393035660910e+01
-1.372402250187837183e+02
-1.697947717139911958e+02
-1.963611136411434472e+02
-2.156630965482272586e+02
-2.272421491881667066e+02
-2.309332365400111371e+02
-2.264624873741239242e+02
-2.141149379259119030e+02
-1.947103365509207435e+02
-1.689895318812964149e+02
-1.378127194057942120e+02
-1.024554946230977777e+02
-6.389846676832052452e+01
-2.354771105452777036e+01
1.724134644593263843e+01
5.685297743309497775e+01
9.370726482984177608e+01
1.264829026812892607e+02
1.552599209260005182e+02
1.789095932489978793e+02
1.947627287130276841e+02
2.050438903632981180e+02
2.086445838332040523e+02
2.058238287169554326e+02
1.960356882096237143e+02
1.814328317832947732e+02
1.613084618309132168e+02
1.375546275800882654e+02
1.096473098680196046e+02
7.990547748547452045e+01
4.815231245612660160e+01
1.468879454191471368e+01
-1.802958534038867811e+01
-4.877713193249298484e+01
-7.876780093625946222e+01
-1.057758530412954627e+02
-1.299552548025806971e+02
-1.520338630224283349e+02
-1.702811478590866159e+02
-1.832041077622761520e+02
-1.933950769291311644e+02
-1.989563270880328218e+02
-2.008258864539324975e+02
-1.988646131627379248e+02
-1.924897057659041764e+02
-1.833936691458200983e+02
-1.719512984185818993e+02
-1.579199413570871116e+02
-1.435398260552366878e+02
-1.283185349032433464e+02
-1.126311565136523427e+02
-9.882407249186739762e+01
-8.609033802313761896e+01
-7.374585333747408811e+01
-6.322978254049845503e+01
-5.389293541980403290e+01
-4.629836978061463526e+01
-4.015207684124314369e+01
-3.473812446740580384e+01
-3.028382472124734193e+01
-2.666026929223734498e+01
-2.337564307778448836e+01
-2.044697861558080731e+01
-1.777728778413879596e+01
-1.517899791287461575e+01
-1.265796242446419306e+01
-1.019452212023658078e+01
-7.967506963419637600e+00
-6.059069578932230193e+00
-4.350756714228383615e+00
-2.877898485218091551e+00
-1.596187382911904873e+00
-8.884005063840876293e-01
-3.478847645458759685e-01
0.000000000000000000e+00
