-2.500281194252442288e-02
-1.484182770128953943e-01
-3.701075958476581773e-01
-6.914219073188698772e-01
-1.102726950189674371e+00
-1.565236481787498413e+00
-2.078804642814656489e+00
-2.688708101254211336e+00
-3.215851004127712187e+00
-3.780324281031853584e+00
-4.409842982235801401e+00
-4.998483105088100231e+00
-5.499630742423919472e+00
-6.054848214123055072e+00
-6.543187041904448442e+00
-7.074498119141095387e+00
-7.485175861301069489e+00
-7.934482667122923161e+00
-8.392319874083188580e+00
-8.834227965738509880e+00
-9.342400356899318581e+00
-9.901258807249323723e+00
-1.043187861841185615e+01
-1.096306445936543561e+01
-1.153943080697471046e+01
-1.213106589013059100e+01
-1.282319297394595203e+01
-1.358389539418304537e+01
-1.440668156017063595e+01
-1.521148599829416526e+01
-1.593172681470867502e+01
-1.655559301271281214e+01
-1.737918930503050063e+01
-1.823356506195864668e+01
-1.854744215663868090e+01
-1.909147960569140068e+01
-1.946884853641964952e+01
-1.966282585202139188e+01
-1.937918990935657604e+01
-1.901894434153502544e+01
-1.806442082580517905e+01
-1.675535612518340400e+01
-1.460576301658634435e+01
-1.197436556649461892e+01
-8.472081595366503848e+00
-3.972956219142687928e+00
1.026495805398447203e+00
6.450458733432277825e+00
1.279692306737242546e+01
1.945322416629422690e+01
2.650206455920334037e+01
3.403424931646742380e+01
4.137430084487370152e+01
4.801624935017115092e+01
5.454543639365478214e+01
6.013411681362758543e+01
6.484557931432659927e+01
6.838587388799282962e+01
7.039746304705919044e+01
7.118493958441216307e+01
7.061425168198910285e+01
6.844816316759697372e+01
6.517955089140509983e+01
6.050271792826004003e+01
5.449501564833464329e+01
4.778809583434239983e+01
4.010953026252119713e+01
3.141468017266713630e+01
2.233429404263606344e+01
1.290115097759254503e+01
3.568074056483217404e+00
-5.450877332092698424e+00
-1.400251889230379021e+01
-2.164204177364752724e+01
-2.807275145505295200e+01
-3.312412271038063238e+01
-3.651579213529090850e+01
-3.807688520069698512e+01
-3.773385085398981431e+01
-3.543496642371142968e+01
-3.122471543565674068e+01
-2.518114452698022632e+01
-1.750016821264882338e+01
-8.499400583845250878e+00
1.501594706874406882e+00
1.212033131999539748e+01
2.305922176831039394e+01
3.377940473461468684e+01
4.389907580515026808e+01
5.308535580421868616e+01
6.090055598986405982e+01
6.707527782720696052e+01
7.139428851884279936e+01
7.370577690084456890e+01
7.392791500596304388e+01
7.205264212751673369e+01
6.814678781229693527e+01
6.235011945392383126e+01
5.487070354425702590e+01
4.597776566444012758e+01
3.599210706740124266e+01
2.527462996468890211e+01
1.421343449338008647e+01
3.209723906343042721e+00
-7.336687441734438764e+00
-1.704186206242955492e+01
-2.555175600942679282e+01
-3.255509976891586632e+01
-3.779475001911056609e+01
-4.107715982982395531e+01
-4.227945678425442111e+01
-4.135400943545165120e+01
-3.833027650838099731e+01
-3.331379320634655983e+01
-2.648242691374253610e+01
-1.807999290811737580e+01
-8.407400951868588379e+00
2.188233846621756129e+00
1.332620935095681247e+01
2.460611719152019816e+01
3.562242971653334678e+01
4.597930867441668568e+01
5.530508277951280149e+01
6.326583534311964740e+01
6.957765037958279208e+01
7.401702575202924095e+01
7.642907563514570768e+01
7.673324246843728247e+01
7.492628116794703885e+01
7.108240548400661396e+01
6.535060279928438831e+01
5.794919824647341500e+01
4.915786791502053177e+01
3.930739323448386102e+01
2.876753268222704207e+01
1.793344481928826895e+01
7.211166061435565489e+00
-2.997324454230508195e+00
-1.230891181477887386e+01
-2.037347375536936056e+01
-2.688681384845307321e+01
-3.160192790942480912e+01
-3.433817643884050597e+01
-3.498803407610122918e+01
-3.352116406618534228e+01
-2.998565340917167532e+01
-2.450637146639469677e+01
-1.728050335748550737e+01
-8.570411670644020319e+00
1.305906343454779517e+00
1.198642604596743055e+01
2.307834368525875490e+01
3.417247683492767152e+01
4.485829638841885014e+01
5.473903594253802396e+01
6.344632093458690036e+01
7.065378295000179776e+01
7.608915466144355833e+01
7.954439834728913183e+01
8.088349259211945252e+01
8.004758623517655280e+01
7.705732615996737422e+01
7.201226788658347289e+01
6.508738518765015613e+01
5.652680171772244933e+01
4.663497048057202221e+01
3.576562045416478952e+01
2.430887163815804186e+01
1.267698937589938879e+01
1.289298793022170209e+00
-9.443188954632416809e+00
-1.913287377481414708e+01
-2.742983220392794408e+01
-3.403472646739975005e+01
-3.870988009997779500e+01
-4.128811017936490657e+01
-4.167898781240953099e+01
-3.987229195770451895e+01
-3.593852461687401245e+01
-3.002646296230177114e+01
-2.235783256622757165e+01
-1.321929185459947576e+01
-2.952016923341446386e+00
8.060735526006062912e+00
1.940763441820424262e+01
3.066433850654818372e+01
4.140906751248942186e+01
5.123810948167391643e+01
5.978069485387557336e+01
6.671268986454812477e+01
7.176860414922725795e+01
7.475146829573786533e+01
7.554021438708477376e+01
7.409428349826220028e+01
7.045528534241152840e+01
6.474564311384199300e+01
5.716426710497184160e+01
4.797940982965290146e+01
3.751895916108314566e+01
2.615852057061530189e+01
1.430772144420697956e+01
2.395236627153503051e+00
-9.146917655637825106e+00
-1.989924633680644206e+01
-2.947021235982573728e+01
-3.751068007971719709e+01
-4.372683268019368086e+01
-4.789108593046202600e+01
-4.985059310655826437e+01
-4.953302342975361228e+01
-4.694939575001995991e+01
-4.219385680726347232e+01
-3.544040530793419208e+01
-2.693667516464910960e+01
-1.699499945029878489e+01
-5.981076938158039979e+00
5.699348161378079425e+00
1.761530877949585872e+01
2.932639912304119889e+01
4.039894304106861966e+01
5.042195383372934003e+01
5.902229895778338431e+01
6.587851086070816109e+01
7.073273351799889497e+01
7.340036143133393409e+01
7.377701144984744985e+01
7.184256477591102907e+01
6.766212338572412932e+01
6.138383793868770510e+01
5.323367894454218430e+01
4.350733530266956706e+01
3.255953019874868914e+01
2.079113984239294410e+01
8.634582128658870204e+00
-3.461993019818315531e+00
-1.505113453798532319e+01
-2.570254095239089054e+01
-3.501892729138781135e+01
-4.265072433631810611e+01
-4.830906767649392464e+01
-5.177659533006251991e+01
-5.291565179740643288e+01
-5.167359046968544334e+01
-4.808497191332124743e+01
-4.227056885096366301e+01
-3.443320552794233436e+01
-2.485057531623206017e+01
-1.386529160610263034e+01
-1.872529180374399971e+00
1.069429741000188727e+01
2.337929875508791611e+01
3.572074472467613759e+01
4.726796033615379855e+01
5.759786458349788774e+01
6.633054484218783386e+01
7.314329314220958622e+01
7.778258539975290375e+01
8.007355866728732963e+01
7.992663194344920896e+01
7.734101980848745939e+01
7.240500135377139657e+01
6.529292543338904409e+01
5.625905285290436098e+01
4.562845234601720534e+01
3.378527580589363311e+01
2.115883523317209480e+01
8.207985650399967525e+00
-4.595618226856929667e+00
-1.678478085885580029e+01
-2.791390893259183414e+01
-3.757540966177771935e+01
-4.541474088492307715e+01
-5.114355718298104847e+01
-5.455046441892211817e+01
-5.550898135294966806e+01
-5.398240820201450418e+01
-5.002541452679825085e+01
-4.378227855475075359e+01
-3.548183261929614218e+01
-2.542929033086098656e+01
-1.399524595947682570e+01
-1.602241074766091344e+00
1.129061610491028844e+01
2.420442031184868270e+01
3.665801678364907445e+01
4.818568535964169541e+01
5.835431269956977474e+01
6.677942094270338202e+01
7.313946106811039272e+01
7.718784097399621658e+01
7.876223967241632806e+01
7.779085707642724401e+01
7.429536010022125936e+01
6.839040616604853540e+01
6.027975033459675558e+01
5.024906757983503525e+01
3.865574262542970985e+01
2.591599180464299224e+01
1.248978046536668529e+01
-1.135918155078215364e+00
-1.446491398874034395e+01
-2.700999195368432026e+01
-3.831083842749706747e+01
-4.795104370562883389e+01
-5.557355336664666368e+01
-6.089399615149097400e+01
-6.371139181639520643e+01
-6.391583673446553604e+01
-6.149287440896399914e+01
-5.652437856853948972e+01
-4.918590376658613650e+01
-3.974058776690358030e+01
-2.852981673573278698e+01
-1.596098372499436380e+01
-2.492778721809315812e+00
1.138145933476205229e+01
2.515172513828009571e+01
3.831000957858172740e+01
5.036896026658624947e+01
6.087985549306490896e+01
6.944922965616646593e+01
7.575353509361183058e+01
7.955129487021956436e+01
8.069229093696836230e+01
7.912343898106065865e+01
7.489112137862395002e+01
6.813987859677231995e+01
5.910749248353042162e+01
4.811662727620034019e+01
3.556332100155659504e+01
2.190273656934219559e+01
7.632683963925842363e+00
-6.724491277968258629e+00
-2.064099579315831079e+01
-3.360295631743164790e+01
-4.512935864672979847e+01
-5.478986122987572571e+01
-6.222082530660392763e+01
-6.713896608408390421e+01
-6.935211409629737034e+01
-6.876667960754140552e+01
-6.539153198835759895e+01
-5.933813611676029609e+01
-5.081692432499423262e+01
-4.013002025553040397e+01
-2.766056517175118756e+01
-1.385902286332168387e+01
7.730483389143785189e-01
1.570117293757213872e+01
3.037742748595111308e+01
4.426049379621065327e+01
5.683556366894359257e+01
6.763336475859732388e+01
7.624760601851038189e+01
8.235019581004907252e+01
8.570366433090335079e+01
8.617032175337189415e+01
8.371780081387157679e+01
7.842076334937941340e+01
7.045868971556451754e+01
6.010981308642516296e+01
4.774140211189410365e+01
3.379673011758573864e+01
1.877919201219526357e+01
3.234136770789206139e+00
-1.227093019272037822e+01
-2.716705752108489236e+01
-4.090471703483026999e+01
-5.297406764590014205e+01
-6.292386853384819290e+01
-7.037834172002875732e+01
-7.505135566962167104e+01
-7.675739639064553899e+01
-7.541890733455782936e+01
-7.106971013905648249e+01
-6.385436019387363160e+01
-5.402343902551176313e+01
-4.192493421034360779e+01
-2.799200150777911489e+01
-1.272753787183319218e+01
3.313886995593101403e+00
1.954609326848107287e+01
3.537262402630918956e+01
5.020857447264395290e+01
6.350212070579689083e+01
7.475495797945855259e+01
8.354089387736959793e+01
8.952190508491864307e+01
9.246105531414687562e+01
9.223178332318894945e+01
8.882319992495995109e+01
8.234117676244738959e+01
7.300516226555016885e+01
6.114081607534263441e+01
4.716870665590665368e+01
3.158946219852710868e+01
1.496589690720406196e+01
-2.097251554522415518e+00
-1.897524653113766746e+01
-3.504614669136859106e+01
-4.971364151711247814e+01
-6.242909271347409117e+01
-7.271197016489540488e+01
-8.016792470189929531e+01
-8.450382156790496424e+01
-8.553916527848907947e+01
-8.321347480531400720e+01
-7.758931314960784675e+01
-6.885083220909332624e+01
-5.729785674364095627e+01
-4.333569430967808955e+01
-2.746101532065230799e+01
-1.024429313354543325e+01
7.690577122897330753e+00
2.568875517383512985e+01
4.308822055097971315e+01
5.924396631617990039e+01
7.355174055998043059e+01
8.547046521039209210e+01
9.454250401483395194e+01
1.004110243504258335e+02
1.028337983261374973e+02
1.016929139819810501e+02
9.700001286796609179e+01
8.889683074089346349e+01
7.765098781351997559e+01
6.364714781791023768e+01
4.737383483774034687e+01
2.940635722984459832e+01
1.038643309712220031e+01
-9.000763690271369910e+00
-2.805131867250554834e+01
-4.606816473227313935e+01
-6.238661596803429177e+01
-7.639891576811844232e+01
-8.757689628030729523e+01
-9.549190846045183889e+01
-9.983127491449059221e+01
-1.004106386681501277e+02
-9.718172562080759747e+01
-9.023520168781219297e+01
-7.979848172032528453e+01
-6.622852991719626914e+01
-4.999987403009733811e+01
-3.168823158468781287e+01
-1.195030916293767831e+01
8.499520492323625831e+00
2.891483954023975045e+01
4.854418999335357654e+01
6.665849049048654251e+01
8.257786986531746720e+01
9.569693546299042453e+01
1.055075428865588663e+02
1.116182168555097860e+02
1.137694873980284882e+02
1.118445477826989674e+02
1.058748054990750376e+02
9.604007943426923077e+01
8.266338872026359752e+01
6.620047466877065290e+01
4.722438970564172678e+01
2.640566927045679080e+01
4.488767584316754267e+00
-1.773442010170246164e+01
-3.945301300711447823e+01
-5.986656203254189279e+01
-7.821436844837147362e+01
-9.380363762513336212e+01
-1.060354337107517324e+02
-1.144274712201589921e+02
-1.186328850872382361e+02
-1.184542583435396637e+02
-1.138523515535767672e+02
-1.049491647471842271e+02
-9.202516430966592509e+01
-7.551071698226553508e+01
-5.597198329999419286e+01
-3.409172587725233683e+01
-1.064567655676262348e+01
1.352472636988868260e+01
3.754228010884183675e+01
6.052558109481217485e+01
8.162108359026483129e+01
1.000344966560101341e+02
1.150603748230942358e+02
1.261088110129073243e+02
1.327282333566240027e+02
1.346234376073559815e+02
1.316681495163535942e+02
1.239116013435870087e+02
1.115788170521152125e+02
9.506452435211741658e+01
7.492084072417473806e+01
5.183910670220251404e+01
2.662645489252021491e+01
1.778996146776350429e-01
-2.655509756838870317e+01
-5.259849319250619715e+01
-7.699076460050434889e+01
-9.881799794531261227e+01
-1.172476951073393394e+02
-1.315600640920000615e+02
-1.411756330718112622e+02
-1.456781462856787073e+02
-1.448318567668188166e+02
-1.385925211815111311e+02
-1.271116195140457421e+02
-1.107335594829290244e+02
-8.998587419096999440e+01
-6.556267286938940231e+01
-3.830184975078198306e+01
-9.156786293877438254e+00
2.083651118684932868e+01
5.059572059982987469e+01
7.903070376580662071e+01
1.050828454032724721e+02
1.277638317815564619e+02
1.461924702987439275e+02
1.596282019090163260e+02
1.675000576028676278e+02
1.694299551324971276e+02
1.652494183234163927e+02
1.550090225647898023e+02
1.389801190569743312e+02
1.176486586795348614e+02
9.170121470784648920e+01
6.200358236357617159e+01
2.957260251155124919e+01
-4.457892901542265918e+00
-3.887589389984390920e+01
-7.243347839264653487e+01
-1.038910827952694405e+02
-1.320622356163010522e+02
-1.558571715893676526e+02
-1.743237583155070638e+02
-1.866842371114965431e+02
-1.923664031752658161e+02
-1.910280237343228578e+02
-1.825735111968814408e+02
-1.671621245088776675e+02
-1.452072575561110739e+02
-1.173666790272462919e+02
-8.452390333772669351e+01
-4.776118620093605216e+01
-8.324940308621044949e+00
3.241535429644434885e+01
7.301342421230231139e+01
1.119961355069998916e+02
1.479154047536559631e+02
1.794003081250250489e+02
2.052075687628140201e+02
2.242686251695329531e+02
2.357315682721578014e+02
2.389963801457413979e+02
2.337421091386397336e+02
2.199448683060402914e+02
1.978858388299404965e+02
1.681487881168814056e+02
1.316069628926671840e+02
8.939957931053636742e+01
4.289849277032442387e+01
-6.334022413454505340e+00
-5.659513111047210288e+01
-1.060973950811672353e+02
-1.530290530409817791e+02
-1.956166622192178579e+02
-2.321880194762500764e+02
-2.612332265821237343e+02
-2.814617813009858196e+02
-2.918536640529429178e+02
-2.917025473674657405e+02
-2.806494780065962686e+02
-2.587056632120077211e+02
-2.262633246737738375e+02
-1.840939564042561472e+02
-1.333337241318824908e+02
-7.545616140532096949e+01
-1.223273791621981843e+01
5.431771506407397254e+01
1.219893522793823735e+02
1.884577176106920433e+02
2.513541867166505313e+02
3.083441942226579044e+02
3.572068196738398456e+02
3.959132103122642548e+02
4.227013014338378412e+02
4.361443583341318231e+02
4.352110068123888027e+02
4.193146384577464687e+02
3.883503666066339974e+02
3.427180607426508914e+02
2.833303909507612843e+02
2.116052578195491378e+02
1.294424535022540113e+02
3.918488211809284394e+01
-5.643485260753011801e+01
-1.543612225673135185e+02
-2.512942137361709456e+02
-3.437773444660405175e+02
-4.282928547211755586e+02
-5.013614008343796513e+02
-5.596434113790818401e+02
-6.000391645639028866e+02
-6.197846398724362871e+02
-6.165402775213400446e+02
-5.884699470026122299e+02
-5.343076761371781913e+02
-4.534100177645601661e+02
-3.457923231421437436e+02
-2.121476379688393763e+02
-5.384742559292295994e+01
1.270761620060852692e+02
3.279662167635818832e+02
5.455944374525984131e+02
7.762306447112435990e+02
1.015726699211656864e+03
1.259612651821257032e+03
1.503202593692906930e+03
1.741707385315353349e+03
1.970351235330059581e+03
2.184488978820448210e+03
2.379720874170238858e+03
2.552001798449535272e+03
2.697741872350468839e+03
2.813895781394187452e+03
2.898038374066419237e+03
2.948424501151281675e+03
2.964031500627630976e+03
2.944583217129462810e+03
2.890554960869549632e+03
2.803159340019901720e+03
2.684313430146509745e+03
2.536588258755432889e+03
2.363142064205905172e+03
2.167639226819549094e+03
1.954157151788690953e+03
1.727083695464592893e+03
1.491007963677509906e+03
1.250607465959535148e+03
1.010534677330183854e+03
7.753060407658330178e+02
5.491963371259225823e+02
3.361411643223342480e+02
1.396500040697289080e+02
-3.726797413167586370e+01
-1.921636089618492349e+02
-3.231916100801867628e+02
-4.291377158260784768e+02
-5.094287543638171769e+02
-5.641257019642470141e+02
-5.939002985105545349e+02
-5.999962353974467533e+02
-5.841763377068091359e+02
-5.486575240603597194e+02
-4.960356388470712545e+02
-4.292024831054864080e+02
-3.512575392854341203e+02
-2.654169844865156165e+02
-1.749225858286499999e+02
-8.295302704744679545e+01
7.459919541877923166e+00
9.350817495632290388e+01
1.726751315915387295e+02
2.427927786297715897e+02
3.020868974988996456e+02
3.492094011226946577e+02
3.832573095528749718e+02
4.037782474811966722e+02
4.107627402149306590e+02
4.046239694405118712e+02
3.861660087806688466e+02
3.565418235686073558e+02
3.172026384981043634e+02
2.698404505456963989e+02
2.163256103475467285e+02
1.586414995871354563e+02
9.881835784122064581e+01
3.886823370555699597e+01
-1.927698409206608687e+01
-7.382272705664428258e+01
-1.231625453936977692e+02
-1.659211966420809290e+02
-2.009889962401191497e+02
-2.275467151283334601e+02
-2.450805159709681789e+02
-2.533868824694687305e+02
-2.525677072512186783e+02
-2.430160013499657339e+02
-2.253930226776136578e+02
-2.005978281145925166e+02
-1.697303812113685240e+02
-1.340497068786868624e+02
-9.492845546164289772e+01
-5.380545401583285781e+01
-1.213786758692903334e+01
2.864557117930650421e+01
6.718885754353175344e+01
1.022490349683159678e+02
1.327315743230203111e+02
1.577197347637663540e+02
1.764971211270594722e+02
1.886176841280945098e+02
1.939845209714688394e+02
1.926253544654040866e+02
1.848024465083465770e+02
1.709738619048056876e+02
1.517263676412126188e+02
1.278749131878930569e+02
1.004733990468087939e+02
7.022747919891614288e+01
3.843306007158137305e+01
6.294869682460561222e+00
-2.525788139790941145e+01
-5.528695542849022360e+01
-8.256460080907376664e+01
-1.064479177046854943e+02
-1.260148455601351714e+02
-1.410223848140196878e+02
-1.508197201587317409e+02
-1.552457881960787063e+02
-1.543350825715931194e+02
-1.480935649342223996e+02
-1.368561029894306103e+02
-1.212627180494517916e+02
-1.019165100040160326e+02
-7.948612828941480757e+01
-5.485925320061500798e+01
-2.874958859394914867e+01
-2.084523054755482718e+00
2.426043727661581784e+01
4.929624680647272328e+01
7.208552767404498240e+01
9.186420347059049618e+01
1.086575119796613933e+02
1.218560734935562948e+02
1.300478718917817673e+02
1.345095541329406217e+02
1.347107699331354809e+02
1.308854940055752536e+02
1.228420195781036455e+02
1.118621373072251828e+02
9.766813704439630328e+01
8.139849427227768786e+01
6.286959174921217652e+01
4.343947062970674011e+01
2.309253906076140694e+01
2.069418194760903162e+00
-1.823315013962917774e+01
-3.711331754771987335e+01
-5.520655595550175576e+01
-7.128475246763431983e+01
-8.543515553787986505e+01
-9.806094742604008729e+01
-1.082365880696702760e+02
-1.151880451010996467e+02
-1.203692139306062501e+02
-1.227863199743342904e+02
-1.230003822326378327e+02
-1.209835701936655994e+02
-1.164711434596131880e+02
-1.104343295910247917e+02
-1.031154855990705812e+02
-9.441891568759845654e+01
-8.559212981064854375e+01
-7.638252273353452892e+01
-6.700980008526003928e+01
-5.875408945880493405e+01
-5.116722619391428140e+01
-4.387446667386312527e+01
-3.765449253143715680e+01
-3.214253565341309127e+01
-2.763499245188833697e+01
-2.395929479443018906e+01
-2.071759470025734373e+01
-1.802872158755098297e+01
-1.581661906006088891e+01
-1.381023391846344595e+01
-1.201817161858525473e+01
-1.038699426446663310e+01
-8.814965359351365493e+00
-7.306387943268815022e+00
-5.851332002645477814e+00
-4.546969466037153573e+00
-3.436143911647065785e+00
-2.452201840997619620e+00
-1.612541759742542880e+00
-8.909714692328918328e-01
-4.924454174292408060e-01
-1.914636131833794830e-01
0.000000000000000000e+00
