-1.258344825664046418e+01
-3.543286735761983408e+01
8.247299596222303464e+00
2.178810705359238753e+01
4.675934852132780151e+01
5.152522198780634710e+01
2.295517034925429911e+01
-3.687004773895436927e+01
5.057965932556595590e+01
-9.401517595488354573e+01
-5.948813443078672769e+00
-1.350689437494872358e+00
1.004828514330563394e+01
-1.212303488515578209e+02
5.500030512818492667e+01
1.235070829453167107e+01
2.257068591808440488e+02
-8.585822753755461179e+01
1.430717258199769049e+02
5.305960711302215316e+01
-6.399806092673986768e+01
-1.263707008948931190e+02
-2.615268507416972099e+01
-2.382749894462326523e+01
-9.149979300963195783e-02
1.329878143845491856e+01
4.360821602048096679e+01
2.183337274311373051e+02
3.323276697048486028e+01
2.711597407843737528e+02
-1.076329354647592424e+02
8.153385854559497048e+00
-2.732545497645588171e+02
1.193396676396160814e+02
1.784278382628278337e+02
-1.813247098693626924e+02
1.203354523986241418e+02
1.003487854377156197e+02
1.640362842912266501e+02
-3.677955543644811200e+02
4.994029083021251267e+02
5.562859741297089755e+01
3.967539632046414795e+02
-7.766722724537489739e+02
4.421001650004447470e+02
-7.070650250277375903e+01
-1.211621573235917140e+02
-5.000158627350164693e+02
3.743580475574735260e+02
-1.160648943482899256e+02
4.329378028200133031e+02
1.942861442614615157e+02
-3.432753502768302951e+02
-1.923656288135783257e+02
2.770833746894644491e+02
4.854634398034468177e+02
-2.178491598179191726e+02
-3.494070267245669470e+01
-3.365168368923990556e+02
1.679549230499160899e+02
-5.764154111181334201e+02
5.766075957251969157e+02
3.911851409636586823e+02
9.047383517668168906e+01
-4.282897320504429786e+02
1.625153773118999254e+02
-4.441904583204448898e+01
1.669348067719093933e+02
-2.900075132998957201e+02
-4.168349532654102063e+01
-7.280324519863980015e+01
5.656056261231772169e+02
3.434039059239007088e+02
2.577648788224410126e+01
-8.361339574863068265e+02
2.127009429527956854e+02
1.963182810805706708e+02
3.420822414442361037e+02
-6.878100156803350274e+02
-2.986725885706019312e+02
7.429030741526163411e+02
4.393772174026563704e+01
-1.910142659870853521e+01
5.849840374398596765e+01
3.489762059472536180e+02
-5.137092721251923422e+02
1.966831228141958547e+02
-4.979211835646997883e+02
3.693955211649348485e+02
-2.050549342370226498e+02
9.109052178979565539e+00
1.237252010642494611e+02
1.042440296464224332e+02
9.473378703911306502e+02
1.540742696575899515e+02
-7.783556539258721614e+02
-5.751189753630810628e+02
3.862695266466584485e+02
-2.447153117547081820e+02
-2.676021271893965547e+00
-4.157232377103397880e+00
4.567417371990912898e+02
2.409279926572724833e+02
-1.601333573525147074e+02
-2.512580146358428976e+02
-2.746537259069539800e+02
1.628157115396789933e+01
1.003386735428302813e+03
-3.597305513069932204e+02
-8.259021873950152326e+01
-2.366624430330029725e+02
5.266751118883091749e+02
-2.713183203339589795e+02
-1.387334750465680315e+02
-2.274053295853812529e+02
6.253110710403418580e+02
-1.463677754498997388e+02
-9.144926186915704420e+02
2.725227861216841347e+02
1.883061510584359723e+02
1.232374634242512457e+03
-2.063207578778073525e+01
-2.619062895388039465e+02
-2.321574011386694849e+02
-1.358570970450692812e+02
-4.867170758917881130e+02
-4.918896066979989996e+02
2.595939399612900615e+02
1.220803605634707907e+02
1.299608650990194747e+03
-5.583371641386398778e+02
-1.141774386699436690e+02
4.444270358604391049e+02
1.334621357587733428e+02
-3.034966273481642247e+02
-2.430313319991930143e+02
1.234186886784808195e+02
-6.040838182840136596e+02
6.558799673325999890e+01
-1.885109704778497530e+02
7.923249166120521068e+02
6.747105106007261384e+02
-5.287814847333730768e+02
-4.098209514605358095e+01
-3.127213763784092180e+02
5.298512208587430905e+02
1.494699510895345611e+02
2.192836956014963903e+02
-8.674307039663519845e+02
-4.594871294567414566e+01
5.650776795490612585e+02
-2.442700898809190448e+02
2.943610826700042935e+02
-9.769629666464647926e+02
9.301563690707921523e+02
2.826747532558566149e+02
2.696854590194089951e+02
-1.041167324124793595e+03
5.531396414187081518e+02
8.988239462277124403e+01
5.082880962153869291e+02
3.739057489125006839e+01
-5.381696052517363569e+02
-6.726293722491658400e+02
1.936528891443970224e+02
7.246961860937181754e+00
2.566306350504462443e+02
-3.398031777294736600e+01
6.461586332379101805e+02
-4.494842170486313080e+02
1.895945514455523266e+02
-1.845155725912481870e+01
6.161386900074144251e+02
2.959925420452352114e+02
-3.625285179240628253e+01
-3.346339783524526297e+02
-5.623360904406245027e+02
-1.710755881382517174e+01
-6.199349040759337868e+02
-2.234112247571976297e+02
1.475245327251302285e+02
1.139709826058934368e+03
1.362102851407559889e+01
-1.991265863521236383e+02
4.620120419808552583e+02
3.010662495098314935e+02
-4.532237722741471089e+02
-3.428343836523350205e+02
9.705617173867240410e+01
1.020516655421147192e+02
-1.613223555395408084e+02
-1.965412707171827122e+01
-1.763698673934908072e+02
1.599726277483712806e+02
6.752037312730594749e+02
-5.041266599274944582e+00
-5.244189751751267750e+02
-1.187270712450788892e+02
-5.337273315903524917e+01
-1.084500431432845460e+02
4.212002640271639962e+02
2.733769784207000839e+02
-2.936474719406547251e+00
3.554672846978762095e+02
-1.760378413733337766e+02
-2.881195021500041662e+02
-6.088400471631732671e+02
7.623483002774749195e+01
1.819175039267480258e+02
8.269016854420490859e+01
2.471419054899345440e+02
-3.190759507719603505e+01
1.836165243502442195e+02
1.114792824600538097e+02
8.687250641405999829e+01
-2.739167897161159004e+01
2.651951758029301942e+01
9.353592279041413349e+01
-4.199984457238379036e+02
-2.693643230260802852e+02
-3.155368109070545302e+02
8.937939147571327112e+02
-4.264759698946909907e+02
-3.038141679091729941e+00
1.729212864534229510e+01
-2.702559519164489643e+02
4.182135897472055603e+02
1.354548878845018862e+02
3.703027492110395542e+02
4.690134946212401132e+02
1.518768027253566402e+02
-1.248706621202888073e+03
6.249663793606279327e-01
2.504861680412851115e+02
-1.767088375707198225e+02
-1.181289360792522913e+01
1.512038438139475147e+02
9.488145485399388690e+02
-5.658152750649554719e+02
-4.606855293631463724e+02
-4.326417867165883990e+01
2.110656302882750879e+01
2.859669872627277343e+01
-2.213675584541624630e+01
-9.302328100315980919e+01
2.857292676901847699e+02
1.804530826961957928e+02
-3.199085010885468705e+01
5.090200148074860635e+02
6.454734914801552748e+01
-2.146679354726474287e+02
3.782323961548848956e+02
-9.075279234107363209e+02
-3.417769892207397788e+02
4.447630890163581086e+01
1.921842400213940891e+02
3.445929619645742150e+02
8.890944170041589700e+01
4.842049131881069002e+02
1.202028109428539011e+02
-3.029754344939768202e+02
-6.331541586847978351e+02
6.964813357342977724e+02
-9.677506763605217088e+01
-9.011465065812458874e+01
-3.605248994106415950e+01
2.552874919898904125e+02
-8.986014741543372111e+02
-6.359595748922026814e+02
3.509428145562799273e+02
4.993122399881524416e+02
2.737628535917674526e+02
1.065720920047207301e+03
-1.686151257168646111e+02
-8.933238609190544821e+01
-2.965655558776609979e+01
-3.950785450172941751e+02
1.464948082821506148e+02
-6.154798313557129319e+01
-4.335265675545877571e+02
-7.486210454466583286e+00
4.764266530995848257e+02
-8.962511042941808910e+02
7.933280438108388921e+01
3.572268469731636742e+02
1.137432665654593620e+03
-5.658351682197221066e+01
-7.735889106712486409e+02
-4.715619112404218072e+02
3.710060959140312775e+02
-1.642221876570043548e+02
1.539869330793580389e+02
-7.357127578025458092e+01
7.410463125171186221e+02
-3.600422613016063451e+02
-1.565760893737205706e+01
-6.534752140916644976e+02
2.319323419129474075e+02
2.872038502819640939e+02
6.213911098814525076e+02
-4.910423468075597953e+02
1.251337526307939356e+02
4.094007945141574965e+02
-7.699154568943730510e+02
1.328750084304271013e+02
1.401846912879020408e+02
3.547215931645373530e+02
-1.197023618604885655e+02
-2.342014126609330447e+02
-2.310424045181880217e+02
-1.226568427607252119e+02
1.257467086853177989e+02
-2.629115516767912482e+02
2.169352392125946380e+02
1.750684324627937656e+02
4.500403346289363640e+02
-4.566982447827405736e+02
-3.923538905799718179e+01
2.544124066276798146e+02
4.169368243050856790e+02
3.217556192657333440e+02
-7.727011767142797680e+02
-5.904847474097912254e+02
3.486662097304511576e+02
-3.811732064614145088e+01
6.179925270068682721e+02
3.263302214740087237e+01
-3.156067505211906905e+02
-1.970321346439203314e-01
6.100578507794182315e+02
-8.144093253457955370e+02
-2.589173626359781224e+02
1.692619357190308449e+02
3.784560334920682294e+02
2.629280121561027954e+02
-6.174865107886371334e+02
-1.186357459319757197e+02
1.968542217554175693e+02
2.650164170451412247e+02
-1.696385478437225345e+02
5.122164051268072171e+02
2.807386856850800427e+02
-3.719047069769102905e+02
-5.927100065629072105e+02
3.705721868809159787e+02
1.161409138270835655e+02
4.618903269299337921e+01
-1.642694904182274911e+02
-4.671805339202046525e+01
-4.100332252473972972e+02
1.780554244445139744e+01
1.776803757362228851e+02
8.276731983244440016e+02
1.003071022834822941e+02
-1.848035707162701442e+02
1.451126909440263830e+02
-3.469991863023234941e+02
-5.564996752163220890e+02
-3.912799005166422717e+02
1.666095374754061140e+02
1.655852604851485808e+02
1.698513904895955875e+02
1.672012714243641653e+02
4.290140004970919563e+02
1.073691332188877396e+02
-8.395506070488835348e+01
-3.407714847085422321e+02
2.290132016392801120e+02
2.024491031933822285e+02
-1.786754641840767590e+02
-3.502961513738777626e+02
2.944770530131897885e+02
-4.160555949585686903e+02
4.455342859307880587e+01
1.280725588727050877e+02
-5.235929594177503077e+01
1.109687891556525869e+02
2.180443572765886984e+02
1.366648256798123953e+02
-3.263476142430498044e+02
-7.016630778647056843e+01
2.853083040840353988e+02
1.237590904244198100e+02
-2.095402783141188650e+02
2.305381748163456734e+01
-2.169697721596184294e+02
-2.167847536648905020e+02
3.136061835695854256e+02
-4.248609269975437996e+02
3.186500313529350592e+02
4.871258391037644628e+02
1.781242972677281386e+02
-1.247728129589648063e+02
-1.853192555782097486e+02
-5.814206155196122836e+02
6.174365862618177516e+02
4.918712828646591220e+02
-1.821373112065566033e+02
-6.507986968727644808e+02
-1.774046887337135843e+02
4.998309410983956127e+02
5.631761501889205590e+01
-7.779111501896368281e+02
-1.118893065509658697e+02
7.715504992427178195e+02
-1.283831078119084168e+02
1.513808824702006994e+01
3.508977777965059204e+02
2.515157635280248201e+02
-2.224105518296870230e+02
-9.987724555753183608e+01
-2.217862151719573376e+02
-1.443256583515505440e+02
3.642111514378973993e+02
-6.592971880276007823e+01
-3.692686293281900589e+02
3.734497019370708131e+02
-3.855270878165914894e+01
-1.707271515075231321e+02
-8.322668889842444173e+01
5.974426372687647699e+02
-7.060524384050624747e+01
3.009649537136430695e+02
-1.689565369432065154e+02
-6.573855816158189782e+02
1.057482105588153729e+02
7.243903733140913914e+01
7.076377527333136186e+01
-8.525071152883771219e+02
8.173601769611630061e+02
-1.151465760604559989e+02
3.656440953405278833e+02
-4.052581714364422396e+02
3.204888323519682558e+02
4.664883352223575343e+02
9.873633699015753962e+01
-3.224469259133660444e+02
-2.278823939598865422e+02
-1.172867123439926615e+02
-1.742291221933282088e+02
2.070054673666592180e+02
-1.164949114529737884e+01
-4.677076963918552224e+02
5.084726705807979101e+02
8.805084176310262478e+01
6.302156150307315556e+02
-5.299289439609044621e+02
-4.633934816352267489e+02
7.768935378756347632e+01
2.251383671386108460e+02
1.071146994073223482e+02
-4.842867656181937264e+02
8.530971536559536617e+02
-5.514356541635997928e+02
-2.098360440368802529e+02
-4.366860350572408720e+02
7.571792235361780286e+02
1.132910744378433066e+01
4.378542097765796939e+02
3.683277176923851925e+02
-6.632594473667635384e+02
-5.468347541077842067e+01
-5.013109604745826573e+02
1.621118319714966560e+02
1.209805757747368062e+02
2.820271960258218087e+02
-3.514213434631679434e+02
1.151206758324038333e+02
2.182979113431186136e+02
-2.834713869172367140e+02
-2.658926965701915890e+01
4.635712867221948272e+02
1.203478974936857782e+02
-1.656922452002088448e+02
-2.440603043541814259e+02
-1.697694877244208840e+02
-4.366855505633201346e+02
6.215612085267788416e+02
-1.555412930865294108e+01
-1.459149056196083336e+02
-9.870668063249094359e+01
2.915943152054832694e+02
3.260175118685190228e+02
-1.615907360288436792e+02
1.922639944250023092e+01
1.907525551830591439e+02
-1.161615229627568482e+02
-4.341101249012067456e+02
3.604341131498205186e+01
6.006824523098046598e+01
1.732339856602819737e+02
-4.755075108416116905e+02
-3.641162410465599351e+02
2.553705650383403167e+02
8.933858803064133554e+02
-9.709215332814584087e+01
-6.331343647491880233e+01
8.133663387967240510e+01
4.249038257455787289e+02
-7.669675263016188183e+02
-7.246083018113067737e+02
7.282453974491432973e+02
2.806068451220745175e+01
3.984340653028691577e+02
-5.574687422452147985e+02
-3.437548541420944161e+02
-6.063475980987706748e+01
8.112655784683355478e+02
-3.190703855273436034e+02
-8.136931730257238371e+01
7.268052061808243707e+02
1.427013790074546762e+02
5.709665635819783347e+01
-7.716075104532667410e+02
-2.464832799089277842e+02
-2.218161624173983455e+02
3.162294647165651895e+02
1.087893944968274269e+02
-8.539815205963782319e+02
5.489311164806892975e+02
3.655843821902904551e+02
1.416673675140246758e+02
1.643642493553247732e+02
2.279058591032804202e+02
4.113606726406834468e+01
-2.427326085459604599e+00
2.512686684422590986e+02
-1.039570869269085961e+03
3.016075210671019136e+01
-8.046716599843259701e+02
4.508910388926285009e+02
5.307326042914841224e+01
1.412593710914250522e+01
7.381005231141938339e+02
-5.016532741080923330e+01
6.126569011758153920e+02
-5.684084571553954675e+02
5.201843876053402482e+02
-4.644381291822950288e+02
4.588443330249627934e+02
-8.202320541650029782e+02
-1.662107869989855828e+02
-6.292792355018087846e+02
-5.503779418588746530e+00
3.980445914903472726e+01
3.094303833189986790e+02
1.009984913294865009e+03
-5.838858582635940309e+01
-1.374665643724296160e+02
8.656517939851506753e+02
-2.058440516207740245e+02
-4.645752914693376852e+02
1.162624962029130842e+02
-6.793303293221316608e+02
-6.760670248447628410e+02
-2.804518327654719201e+02
2.950912564335301340e+02
5.174728149933365273e-01
6.433934909036508998e+02
-1.034882408624679329e+02
7.756205893264619817e+02
3.428914698882110201e+02
1.033704790031614266e+03
-9.997260819763097288e+02
1.871224492127028043e+02
-7.490753451177948818e+02
-9.951972692505555642e+02
-8.598087626117630862e+02
8.195390691426839567e+02
-1.140224859789003858e+03
1.338988266110665791e+03
1.317014853363906923e+03
9.588307743960262997e+01
-2.584020994970595098e+02
-2.937130071169275993e+02
1.291740879748109592e+03
-9.523000178896699026e+02
-5.417939245048380599e+02
-8.017503478089373630e+02
2.014797231592997605e+03
-8.943613361624416029e+02
-8.959148721019043933e+02
-1.857729345661146908e+03
1.396165861268154913e+03
1.200069105559119635e+03
-1.800277724767486689e+03
6.357874811672845681e+02
2.610985622280829830e+03
2.174627319558742329e+03
-1.317800312990262455e+03
-2.549641071617231773e+03
1.380841475426570696e+03
-1.840066317525321153e+02
-2.602458217598155443e+03
-1.513625268444179255e+03
9.841653939342703552e+02
-9.661470798294453743e+01
1.915853041075717101e+03
1.604781071727694552e+03
-3.130023102091016085e+00
5.137130042488738582e+03
-1.735331114946160653e+02
-4.235114376556454090e+02
-5.654990872848725303e+03
-2.482950978953803769e+03
-2.118274914122745486e+03
3.261636396795195196e+03
4.494553267181235242e+03
-1.068672758862968294e+03
-1.256651711469041402e+03
-4.580060263189366196e+02
-1.318559274502545691e+02
-2.978224632218788884e+03
5.380432896118792087e+03
-2.784978221054972437e+03
-5.413409472696498597e+02
2.839604386162776336e+03
-8.047743306210060155e+02
-1.389975270313602323e+03
9.068033350244894564e+02
-2.214559006840319853e+03
3.373720892811445538e+03
-2.423709624135856302e+03
3.335732843717113610e+03
2.645976341179346491e+03
1.116811807535600565e+03
4.494482472240449169e+03
3.000455466333392906e+04
4.221702585262954017e+03
7.729215600735693670e+02
2.579340793027875861e+03
3.297087320721051583e+03
-2.608758182617937564e+03
2.727394205297722692e+03
-2.638418294697386500e+03
5.220285900271129549e+02
-1.158867736462028688e+03
-4.323635128862142096e+02
2.929468368169368659e+03
-6.591102023856720962e+02
-3.048470583774470924e+03
5.055682781941894063e+03
-2.830304770609533534e+03
1.641804369664120031e+02
-4.905399387777393940e+02
-9.745297328306561440e+02
-8.164483493570377277e+02
5.252371494465916840e+03
4.066501463359959871e+03
-1.434903300866752716e+03
-2.310701260756261036e+03
-4.878347308901278666e+03
-7.259074944381678733e+02
-1.210728294871539902e+03
3.144468207308736510e+03
-6.299486889969836056e+02
4.703481137187624199e+02
1.001213085759655996e+03
-5.457406192430297551e+02
2.153615497559056166e+03
4.634677484596898012e+02
-1.312711636950767343e+03
-1.828376228492580253e+02
8.323175566516058552e+02
-1.359634782072645066e+03
-1.662137840527786011e+03
1.908909566265522244e+03
1.228137267697263951e+03
7.544594088718115472e+02
-2.574492694036885950e+03
1.468886463951694850e+03
1.319109351365197426e+03
-1.108005868960709677e+03
-1.495094999899323966e+03
-2.844728160944786168e+02
2.432487388788488261e+03
-2.135877346888160844e+02
-8.919345001941806004e+02
-1.170660967347144378e+03
-2.517580677500005493e+01
3.018431415628102741e+02
5.586134244867739653e+02
4.071295055561888603e+02
-2.443507120111825657e+02
-1.243417821267869883e+01
-8.045873676111260693e+02
2.023735287620420650e+03
7.252405896577995463e+02
-8.722172968616921480e+02
4.567886985821664325e+02
3.387423829471758836e+02
1.361637484571756431e+02
-5.953754042725377360e+01
-4.785584400073127540e+02
-7.196968940287465557e+02
-2.055470353215417845e+02
-5.723244023564844838e+02
-9.913677296276871402e+02
-7.854573167447402966e+02
-1.268033012939091009e+02
1.362846532476342247e+02
1.791472752896795555e+02
-5.861127431788418107e+01
5.748714580337531288e+02
7.472937382209485122e+02
1.709263530913773593e+03
-1.925989635807434297e+02
3.399813461069987284e+02
1.130106712077829343e+03
-1.338971307626777332e+02
-5.336659650142000828e+02
-7.114420528288854939e+02
-1.960495949210879587e+02
-9.209302111827338422e+02
-6.058618331027635122e+02
4.164684296389025349e+02
1.087085705739197238e+03
-1.552134052281514585e+02
-1.198856951327823026e+03
6.173490202136571270e+02
2.390821380176278979e+02
5.406221803756048416e+01
-1.302390571725741665e+03
-8.541277159647397639e+02
6.966349159531608848e+01
1.337028968771294331e+02
5.166186496238833570e+02
-1.791741051581271051e+02
1.403557640786108550e+03
6.963735836073976770e+02
6.086475431433673293e+02
1.948632003927207563e+02
3.706056101569357111e+02
-2.453806857499212413e+02
-2.952847296553526917e+02
3.260505278648962246e+01
-1.042718646457129353e+03
-2.044828168892946962e+02
-2.736461058897179441e+02
-1.544266338608873355e+02
-2.732489842406415619e+02
-3.932564696806092570e+02
5.798866691843853260e+01
1.900753042087251288e+02
5.991514489642571561e+02
-4.402376435651815427e+02
-7.704591089238585937e+02
-3.532159080136163709e+01
9.298114085626309588e+02
6.208134733913188938e+02
-4.284194595553087765e+02
5.142613251303036037e+00
7.112463177376455405e+02
9.315319549277136275e+02
-3.824282369238908359e+02
-2.299973631350791337e+01
3.167005334267923331e+02
-5.491904808344499997e+02
-2.862689805154665237e+02
-2.558653951224102485e+01
-8.626684851186476521e+01
-3.925236774720468702e+02
-3.904089610278706459e+02
9.037217494257706107e+01
4.322867626230283804e+02
-2.953281894714831424e+02
-7.237554469232594556e+02
8.615890888698157113e+00
6.018902394662131883e+01
1.195850015740086576e+02
2.376799283977067745e+00
1.011948832145220365e+02
3.654039657906634488e+02
2.495505440985553207e+02
1.743662630028483989e+02
2.233816343101571533e+02
2.828194328809622107e+02
-2.022643911708450304e+01
-9.909974054620982997e+01
1.723668369813488610e+01
1.195356887526284595e+01
-1.187792609281240885e+02
-1.485647182399344501e+02
-1.056621996899247584e+01
-3.017071406465350947e+01
5.690529713469534556e+01
6.608617361093324405e+01
1.012427735433527971e+02
9.258526877613734030e+01
0.000000000000000000e+00
