-1.938114267215784281e+01
-6.606454016625578163e+01
-3.256584451320803453e+01
-1.073175389896206688e+01
3.858235306190324820e+01
7.648045369314209552e+01
6.164042840257869216e+01
-8.445773819493277657e+00
1.013074905766158338e+02
-6.742944097883687959e+01
-2.622050350237471150e+01
-3.352219126539024785e+01
-2.668231553167092329e+01
-1.703994439604997808e+02
-2.329655655252916091e+01
-6.579000410101014040e+01
2.069626608762983722e+02
-6.498384730928214026e+01
1.556475457604063877e+02
1.265527571981938877e+02
-5.177941724911793386e+01
-6.548035864987792820e+01
-1.788744739936605299e+01
-2.504901280052910195e+01
-8.148002718317894733e+01
-7.156444189225371133e+01
-9.548843366191134407e+01
1.197315104197098776e+02
-3.984416877281805114e+01
2.967386462333166151e+02
1.751053694349894130e+01
9.841944660596857375e+01
-2.162707581610970635e+02
2.244074517766762256e+01
3.223716843473000040e+02
-2.090438507479404393e+02
9.501510886089877772e+01
-8.434497878629115064e+01
1.607496259374272256e+02
-4.616376279231537865e+02
4.613756020513262115e+02
7.401913524836179192e+01
5.327781944590614103e+02
-5.626716915761489872e+02
5.258760008741862748e+02
2.420005225975672829e+02
-2.574118416801684361e+02
-4.542095740572753471e+02
1.099713831872727496e+02
-1.938656262331502376e+02
1.412534007197488108e+02
2.902001942928018252e+02
-4.232118873769539960e+02
-1.874008061012928863e+02
2.948127024254562798e+02
5.763062551991266673e+02
4.790083749755390841e+01
6.063671088376300133e+01
-2.273672524801325494e+02
-1.514367722725722842e+01
-5.516417034785872602e+02
4.140930115346816365e+02
4.034685597904314704e+02
-1.386068292293368813e+02
-3.719858448894289040e+02
1.132238799613191702e+02
-1.879282947460353626e+00
1.879638993676003338e+02
-1.870205267871264141e+02
-5.656194721135108239e+01
-9.870940207769628216e+00
5.406858877351594401e+02
3.639122923651549399e+02
8.599705784893079397e+01
-7.512060625890038636e+02
2.311075269329229513e+02
1.988173132834963042e+01
2.496144598784185860e+02
-6.935145811069691035e+02
-2.702613806598000679e+02
7.281344213998161194e+02
1.076180079691328331e+02
-9.150737556625171010e+01
2.219400634284508556e+02
3.025603910273075599e+02
-5.263976271779383751e+02
2.007664854167535111e+02
-4.132194651218170520e+02
2.697058487482191822e+02
-2.040938794352361754e+02
-6.313030198371437507e+01
1.610738429992210285e+02
-2.301211706684678404e+01
9.581972943965473632e+02
1.726900652539579823e+02
-7.243602063110912468e+02
-4.889571377030744088e+02
4.576054476007813605e+02
-2.835042587400463390e+02
3.890348339557949942e+01
3.200962311495869983e+01
4.317770659206373693e+02
3.079975918083689521e+02
-3.194765544581740642e+02
-2.709706852811165163e+02
-4.319347556326029007e+02
1.072481299057749027e+02
9.046482341835453553e+02
-2.677686793148518518e+02
-1.686230907960892296e+02
5.191640196900578985e+00
4.872932452897300095e+02
-8.037015047627690478e+01
-2.033468680120695637e+02
-3.186565810749640377e+02
5.208308554101398613e+02
-2.633394535568250490e+02
-9.160406212308347449e+02
1.873967860410290598e+02
3.971176757859789745e+02
1.157739979193634554e+03
1.192180951745036168e+02
-3.982032790933315027e+02
1.034496768146930776e+02
-1.677168637987038835e+02
-3.239883021624626167e+02
-6.676120403837139747e+02
1.205202969249102978e+02
9.931480545523143633e-01
1.204748812398191149e+03
-6.736068658175311157e+02
-2.076804395782866379e+02
6.162807335541504017e+02
1.593392573611441492e+02
-3.732531878984076457e+01
-1.826991035781525738e+02
3.023671156338463106e+02
-6.937756838880657142e+02
5.733414296671205079e+01
-3.584393954886849656e+02
6.310502005684066944e+02
5.822040780509892102e+02
-5.358716889747233836e+02
-1.382452755970837188e+02
-3.036089300244605056e+02
6.812426190356334246e+02
3.315563780358361896e+02
4.258087271514696681e+02
-7.949135579829447806e+02
-5.189468982429441724e+01
5.497889039890153526e+02
-3.613016849018018775e+02
8.288506189627646847e+01
-1.197196126585791490e+03
8.001052033286754295e+02
3.191418097156868043e+02
2.872947940729312677e+02
-9.078001495787597150e+02
7.193931431465816786e+02
2.339295630345136487e+02
6.045398648513061062e+02
1.567327077442029690e+02
-5.818196811480506767e+02
-6.774051186234947863e+02
3.207008019364101870e+01
-2.062992830144476670e+02
-3.082168814233094167e+01
-1.109690902405391171e+02
7.614354174295216353e+02
-2.806589292828901989e+02
2.989839412084198216e+02
1.872863440185790864e+02
7.563848331194917591e+02
3.875213207992325124e+02
-1.074489363587420598e+01
-5.558103552000247873e+02
-7.095242614394445582e+02
-2.231476020685142601e+02
-7.568462191458420421e+02
-3.399616891046348428e+02
2.963816959920123395e+02
1.157097751643517313e+03
1.830260792731850756e+02
-1.352112817301690484e+02
7.446836233656663353e+02
3.451186914559810930e+02
-3.599522292768443776e+02
-3.882115058241128622e+02
-1.292846169454520577e+02
-1.351226220882450093e+02
-3.523857322770972473e+02
-3.331723448841137269e+01
-2.245011269569628496e+02
3.720323145522413597e+02
6.118527153592480090e+02
3.274330484419374443e+02
-4.855068215308519370e+02
1.135239949736666745e+02
-1.823893120870728239e+02
-1.068585253708920675e+02
2.730587401547358013e+02
1.377106833533316319e+02
-1.660464253694875083e+02
2.005893734191839144e+02
-1.783279705904969319e+02
-3.278602261731579688e+02
-2.894596555899792065e+02
8.676105398896203269e+01
4.869291232248496044e+02
1.009475496826012773e+02
3.746483624872970495e+02
-2.443685210713616982e+02
9.655840231646196514e+01
-1.265557754592229145e+01
3.105086837024204272e+01
-1.857997445331682229e+02
-3.256383721565958922e+01
1.583253575466440566e+02
-3.408433753331644311e+02
-5.493723859705806944e+01
-3.315272524560086822e+02
9.877254322493179188e+02
-3.540776735099326515e+02
5.597455213169629928e+01
-9.023062530035558382e+01
-3.270867208582872081e+02
2.158959743442508170e+02
1.063085003126241190e+01
2.598027149595943115e+02
5.501691814729488215e+02
2.460466594431750593e+02
-1.075454339363854842e+03
1.420084077079735039e+02
2.442436327202062500e+02
-2.401278939748671917e+02
8.224274683465316116e+01
1.411808843099990725e+02
8.655848273443351673e+02
-6.847569915600150807e+02
-5.910078969909104671e+02
-5.339866532425527623e+01
7.140429600324966941e+01
2.406951520627802665e+01
9.548528895575863373e+00
-9.457508747547180405e+00
3.733298425326476035e+02
2.299044531920917223e+02
-6.848149096420581827e+01
5.563847492036939002e+02
-2.478244794615818591e+01
-2.732998570641711922e+02
2.985005673322942812e+02
-8.961099770926674637e+02
-3.780113990354366251e+02
1.796798531245018182e+02
8.432057012137310892e+01
3.819828403124688521e+02
4.985439865181102448e+01
6.406069431606141507e+02
1.270692508613432636e+02
-2.942620836045564374e+02
-6.439671172872707530e+02
7.065109039270213316e+02
-1.384906153498530728e+02
-1.751515196676104722e+02
-7.562776200885451772e+00
8.635716810266501398e+01
-7.006776322440405238e+02
-7.639100398444040820e+02
5.362295917370086045e+02
3.649115743924419348e+02
3.718465285776002247e+02
8.912989932256274415e+02
-5.080251348819093238e+00
-5.651482174285216331e+01
3.593866407170460775e+01
-4.003903471395689166e+02
9.108646328896435307e+01
-3.771034883986449415e+01
-7.107036085347125436e+02
1.738405858398525936e+02
3.149399094528973819e+02
-7.501937603192052393e+02
-6.786322260894600333e+01
5.205356217467647184e+02
1.094920959651579778e+03
1.867143182529387104e+02
-8.185598229770008629e+02
-5.008901355249583389e+02
3.357842184604578506e+02
-2.271181162959184974e+02
1.993360591989440138e+02
-2.470181561761464479e+02
7.723982780077049028e+02
-5.364529226673241737e+02
6.077885758254660686e+01
-6.542134002378510331e+02
4.207699485561668666e+02
3.318048041579553455e+02
8.467204772374368531e+02
-5.411822163274320019e+02
2.517022684310416025e+01
3.437275550966331821e+02
-8.006503808428927869e+02
1.145501305479195082e+02
-5.325413692584019998e+01
2.868486476116198673e+02
-1.257025732220019165e+02
-1.385617583328543105e+02
-1.689140105960753715e+02
1.302915147361186143e+01
2.070317775894958459e+02
-9.358151144845790270e+01
2.690366927680892672e+02
3.375977208328703227e+01
3.573921528599182693e+02
-6.654676182502734036e+02
-1.674140632442775711e+02
1.370663240962184091e+02
4.595590690082900664e+02
3.930103521051819371e+02
-6.181991151823319797e+02
-4.104915934250437317e+02
4.330620864806870145e+02
6.078805581480082765e+00
6.529144917187400097e+02
1.155092588764536856e+02
-6.023630225133597378e+02
-7.051659755851575540e+01
3.805473515684992663e+02
-8.025311012053048216e+02
-3.547567976990561078e+02
2.277161077009594976e+02
3.619002741593832297e+02
5.113590208477762644e+02
-3.969506223664793652e+02
2.241317486006717274e+01
2.966245544659130360e+02
1.079635263691165221e+02
-2.060440612915031124e+02
1.089779067571780899e+02
3.369924920722042430e+02
-6.378990119911559304e+02
-4.603672187057254632e+02
2.388449554517287652e+02
3.440524630250365021e+02
2.667372047982745897e+01
1.631304098439650261e+02
1.299735761915680428e+02
-3.584790476964970480e+02
4.209551498862779795e+01
-1.227086125129273881e+02
8.536138858355739103e+02
-3.178897048494198430e+02
-9.233142924865201451e+01
-1.491802520918505479e+02
-1.403722536526211115e+02
-6.385884648560336245e+02
5.843011688967152395e+00
2.288065336768121654e+02
3.936531764225896950e+02
2.035783033595971290e+02
4.420747402601018194e+01
4.588942642447148614e+02
-1.633031491870721652e+02
-7.912145734822249210e+01
-6.782757985822443061e+02
3.451051048630472451e+02
-1.396635805017126586e+01
-2.052956437976328630e+01
-3.049063734948935007e+02
6.864189870892570298e+02
-3.466019657561617464e+02
1.537000744613474694e+02
1.901917205865820222e+02
-2.128930046084496439e+02
6.484610140234543962e+01
-1.214346978481200097e+02
7.470284705116881696e+00
-4.987444303733664697e+02
1.273502551277807555e+02
2.899807859280483058e+02
2.906063054402325747e+02
-1.356017519716440347e+02
1.993122757134272263e+02
-1.012356880158795747e+02
-2.265288374108383209e+02
3.556445984212101621e+02
-6.718221423937949339e+02
3.090917744803287519e+02
2.001994280142546643e+02
7.665662550682432652e+01
-1.778433760058916846e+02
1.945701691062280503e+01
-5.220534947009009556e+02
6.887062815582519306e+02
6.467008349565801382e+02
-8.993094720820374732e+01
-4.583697801244755397e+02
-4.009815773233353298e+02
5.252141428215508085e+02
-2.737103410825093306e+02
-7.164248604513620649e+02
-2.806840707398831114e+02
8.348826789629664518e+02
-2.195016836271499301e+02
1.320005274432938336e+02
3.973142902211630485e+02
3.670942756679287413e+02
1.030157562398818527e+01
-1.483307095518921699e+02
-5.143573651510946831e+01
-4.547687003192252178e+02
4.182155762098417995e+02
-4.669123403102049679e+02
-1.697064824571710062e+02
2.253254831441379906e+02
1.152741294939696672e+02
-3.088483872867213904e+02
1.633756057879262471e+02
6.203450633484555965e+02
-5.200639331581523095e+01
4.270129978769987815e+02
-3.586512507963560665e+02
-4.420549338097218310e+02
-1.590256454391483771e+02
2.750164160225147043e+02
-2.890054477258544807e+02
-6.300379278861556713e+02
5.253544417190098557e+02
8.575977169225288321e+01
2.765483048550312901e+02
-1.966048188999283468e+02
3.287573581727780265e+02
4.476773936294010809e+02
2.628518293042769187e+02
-5.766082599047376789e+02
-1.008732725736098246e+01
-3.554516078297654076e+02
4.419371398864768707e-01
-9.045636936629867364e+01
2.128684100584106886e+02
-6.246645446022615715e+02
6.648598765327798219e+02
-1.494167017078700610e+01
6.292261911056314148e+02
-4.700164271231726616e+02
-5.130877845278212135e+02
3.407947112154452611e+02
4.550642858326785500e+01
2.245965152835416063e+02
-7.128560125229539608e+02
9.936873136751196398e+02
-6.581553857762204416e+02
-7.222094775658283083e+01
-5.505073770523367784e+02
7.345282713334805749e+02
2.161644114247172155e+01
2.948530404254852897e+02
4.929788278150691099e+02
-7.343818834461363849e+02
2.961268279143854443e+02
-6.703638372358424249e+02
2.533511007227266987e+02
3.187649551004581738e+01
3.902199974114035967e+02
-4.641494281162948141e+02
2.694022076779812380e+01
1.341060621652751479e+02
-4.197052139049941388e+02
2.341056006531474907e+02
2.922002005525785648e+02
3.537399478798190557e+02
-3.509753206493082871e+02
5.622933560261891728e+01
-3.187002413572848809e+02
-2.603561464310697602e+02
5.567361665849687142e+02
8.931938878872252019e+00
-2.287305046549844008e+02
-2.809068034600398960e+02
2.404290312765960493e+02
9.858309405884375565e+01
1.739896359888638813e+02
-2.117582965895201426e+02
5.311760418772224739e+02
-2.157577221661059070e+02
-5.251757758820201616e+01
-1.360014385399942967e+02
1.792524806383576674e+02
-4.619749123625089737e+01
-4.922564104995066145e+02
-4.703021672894734593e+02
1.143210236086649303e+02
9.230250106143161020e+02
-3.574863998419284599e+02
2.545592637666578923e+02
-7.198855352491894166e+01
8.881531575807257468e+02
-8.700867327039468364e+02
-3.778409051464792014e+02
4.713158979925527774e+02
1.395766723663401194e+02
8.853347198740110002e+01
-6.139733234613603372e+02
-4.428571098107424859e+02
-2.042421035401109748e+02
8.799705110450034908e+02
-5.177592383965223917e+02
3.823327011976748508e+02
6.552608955971624027e+02
4.950496932084836317e+02
-1.070014409370355111e+02
-5.235334596915565726e+02
-4.748029596967032262e+02
-1.244355941726957724e+02
1.003161010338374126e+02
-1.129834313552332503e+02
-9.685839067968100835e+02
3.291106874548485735e+02
5.979617133084954048e+02
1.154818372590947320e+02
6.283835340186044505e+02
2.083950060258060546e+02
3.179279554885542893e+02
-1.056710796161167281e+02
2.495548265873476339e+02
-1.240780374085561107e+03
-5.122475271091754223e+01
-9.247881804711028053e+02
1.305934997379762308e+02
1.868799732295917124e+02
-1.389002393662235590e+02
1.071602261327516317e+03
-8.197977978403919508e+01
9.441561698793070718e+02
-5.759796622134841755e+02
7.188807794879148787e+02
-4.663218905507608270e+02
3.195765760534625315e+02
-9.972310078417076511e+02
-5.047885783766034251e+02
-5.470657962671784844e+02
-3.177064487498485050e+02
3.355121146356819963e+02
1.083622212224998407e+02
1.443697421043619215e+03
-4.409442374633989914e+01
1.376068622461974371e+02
8.134671570566840728e+02
-1.292411687794800059e+02
-4.793887881104001849e+02
-1.826534608360403524e+02
-7.560785521673853964e+02
-1.011437849214584162e+03
-3.638835847419318270e+01
-1.016997056118152045e+02
3.407784025259771852e+02
5.317591862597386125e+02
3.831785050475223784e+02
8.323257270125462810e+02
5.691240738272621229e+02
8.535383210111176595e+02
-1.096910444252127036e+03
9.775734884922547963e+01
-1.014943833462338034e+03
-9.408536116083723755e+02
-1.123498720340395494e+03
1.068264917897210580e+03
-1.418382614872673457e+03
1.702675103649393122e+03
1.220489202521584730e+03
4.807864679036371740e+02
-2.585322003231458439e+02
-1.575340513207762001e+02
1.060050457101705433e+03
-9.668624377824063458e+02
-5.973444848487627041e+02
-1.076909079813271092e+03
2.018461293922005325e+03
-1.154712109429600787e+03
-6.279324621642588227e+02
-1.933625592984367586e+03
1.798122591849707078e+03
1.132399062887253194e+03
-1.586453479801711637e+03
5.225711562655712896e+02
2.670187947872170298e+03
2.030808478095745613e+03
-1.409785306587690002e+03
-2.567150956426201446e+03
1.143606995800767663e+03
-5.696177758976445205e+01
-2.811145113579699228e+03
-1.273893196752816721e+03
9.680441855987711506e+02
1.743913786899424849e+02
1.869776858293800160e+03
1.691208354461597082e+03
-1.401440821946701476e+01
5.083310925576062800e+03
-2.533166513627231495e+02
-6.460846978921390473e+02
-5.525274268888722872e+03
-2.693914558149627737e+03
-1.878916844527984040e+03
3.132221613393945063e+03
4.604899330247661055e+03
-1.152699231000238115e+03
-1.095265656160653634e+03
-3.800339711244081968e+02
-1.218331816942641979e+02
-2.919832776090811876e+03
5.181850143749211384e+03
-2.691519642080110771e+03
-8.056950805190951996e+02
3.040971633832172301e+03
-1.089694473907263273e+03
-1.124688706294755093e+03
7.819318771151673673e+02
-2.114185145787336751e+03
3.391068782733470925e+03
-2.328445635260915424e+03
3.357729096882418162e+03
2.484798247794765757e+03
1.250105838175418057e+03
4.246787735388996225e+03
3.034191010958282277e+04
4.002499267195731136e+03
9.965066755205514255e+02
2.192438179547301388e+03
3.460987859647449113e+03
-2.712825577603776765e+03
2.828587172300229213e+03
-2.638483451936790971e+03
5.407540333933604870e+02
-1.044357652198602636e+03
-5.568837101283439779e+02
3.104469719047931903e+03
-8.950843329087409757e+02
-2.704884208682584813e+03
4.805528197764835568e+03
-2.727844426413379551e+03
-1.254515431656006399e+02
-3.209170665762451904e+02
-1.071786140744890645e+03
-8.126115281377608426e+02
5.187941731618217091e+03
4.173218029036668668e+03
-1.277985652709709484e+03
-2.325631220105464763e+03
-4.708458032677647680e+03
-9.353022841922282851e+02
-1.074726764133268716e+03
2.969631715993910802e+03
-5.653561894707304418e+02
2.561989983042407744e+02
1.066249512143635229e+03
-6.500208328494954912e+02
2.204152114448990687e+03
4.453978452556787033e+02
-1.205529701252878567e+03
-4.891269761459229670e+01
8.886063490897622614e+02
-1.201687267598791777e+03
-1.808688946931657938e+03
1.972756786092119000e+03
1.107057556265449193e+03
5.815064546831498546e+02
-2.787365330246846042e+03
1.459935380344618125e+03
1.364845985872284473e+03
-9.910973978404622358e+02
-1.301996981609921704e+03
-2.664790146555431534e+02
2.538813845048574422e+03
-2.548369750538261940e+02
-7.293901662990068644e+02
-1.269282602124258574e+03
-8.985678483774611891e+01
1.537691898456569959e+02
3.455386202059517018e+02
3.649541673719321579e+02
-3.188153973347166357e+02
1.134558501278145286e+02
-7.687501253738379319e+02
2.329634797683086617e+03
6.707230595330441929e+02
-5.901680758920776952e+02
3.830355913737590186e+02
4.548390396368547499e+02
-1.433725796891145592e+02
-2.247478235931621384e+02
-6.494142393312138211e+02
-8.402466940455153690e+02
-1.516735872168174524e+02
-5.754144619151728648e+02
-7.988152773242765079e+02
-8.401936087673425391e+02
2.762435439323369337e+02
8.269431086520896201e+01
4.654743919163043984e+02
-2.990199277150234138e+02
6.239625110149863758e+02
4.190269834210352542e+02
1.584664779264699064e+03
-3.774639074242846277e+02
2.894556266079255238e+02
1.241913197811676582e+03
-4.242619623842033860e+01
-3.034650434879989689e+02
-6.992508284250669703e+02
1.467948696111907623e+02
-1.061153991747261216e+03
-5.505800200314752146e+02
2.123289718179499062e+02
1.089674036508720746e+03
-3.333008871519184595e+02
-1.258976760101340460e+03
4.312186528402455679e+02
1.650870836477447483e+02
1.771755897226240108e+02
-1.118333430513494704e+03
-6.760370745215776651e+02
1.244115339910441520e+02
3.118570298328668287e+02
5.292560197360190841e+02
-2.579752083571059416e+02
1.240184156030394433e+03
5.511639661373362742e+02
4.831395800507801255e+02
1.163671988325960029e+02
2.615044363487581904e+02
-1.578301688896207793e+02
-8.854115079500610364e+01
1.654686059207976427e+02
-9.658713206291517963e+02
-1.739341527839651462e+02
-1.901219949627966912e+02
-1.066349663011655906e+02
-4.294385119286331474e+02
-5.372675110155644234e+02
-1.393367071237092318e+02
7.331888386680414271e+01
6.555869191371053830e+02
-3.141963812176584270e+02
-6.757182559781837199e+02
9.014873393789217459e+01
9.600228095557803272e+02
6.427190444470548982e+02
-5.177471101203159378e+02
-1.766490235538632092e+01
7.472324879306298726e+02
8.219688844169775166e+02
-4.247589551279026523e+02
-3.833121563347695826e+00
2.995990692428784996e+02
-4.874590065620054133e+02
-2.650862722535387661e+02
-3.385798050096335032e+01
-1.511629711199748982e+01
-4.098833697055366088e+02
-4.069893883715643597e+02
4.110342907713956606e+01
3.427241654839485818e+02
-2.206226685443355109e+02
-5.954854741137198744e+02
3.809692481680568221e+01
9.604327783708779975e+01
1.306442727368423391e+02
-4.898308021428915637e+00
9.034725546438278343e+01
2.663479241173084802e+02
1.627952967590669857e+02
7.383986898101420593e+01
1.303084750019285991e+02
2.272411161089123368e+02
-3.945077586247602852e+01
-9.672914965165087153e+01
2.811090048046980172e+01
1.704947712603755150e+01
-9.114914567761471176e+01
-1.059405195961049628e+02
7.564104707302888642e+00
-2.687829911622184298e+01
3.153623597301502457e+01
5.088568418382526914e+01
7.126710608955383464e+01
6.509539425714945082e+01
0.000000000000000000e+00
