-1.896964566516525963e+01
-6.502939546692894623e+01
-3.294126072830194119e+01
-1.075318526015388798e+01
3.723492421640921890e+01
7.604070078435668734e+01
6.131347951140197949e+01
-7.375599017358430487e+00
9.884157774098493121e+01
-6.350719134470376304e+01
-2.768960431063472427e+01
-3.123626194122064348e+01
-2.926600622130750295e+01
-1.667345882874452343e+02
-2.551282536108110577e+01
-6.290641000237449987e+01
2.002950719570271758e+02
-5.953150650697715918e+01
1.502856944012182794e+02
1.293938207345561011e+02
-5.191607451923114525e+01
-6.729313276776855446e+01
-1.401792043650818087e+01
-2.792407001245094023e+01
-7.449914355237787333e+01
-7.807238146499612697e+01
-8.580982657433017380e+01
1.079726104412539911e+02
-2.875988002223554219e+01
2.795608668864089736e+02
3.040115815789803122e+01
8.639211252127464036e+01
-2.002018424905342613e+02
1.336069029336120906e+01
3.190377868207835377e+02
-1.980647603731358402e+02
8.560458621246135635e+01
-6.698389575895049575e+01
1.329545591986641284e+02
-4.279840572111323809e+02
4.241655853140449608e+02
1.098054759025697393e+02
4.875940922709162351e+02
-5.180347494722634565e+02
4.841588584796669466e+02
2.747113614304258817e+02
-2.699620382616568008e+02
-4.470912752331558977e+02
1.146838276566758168e+02
-2.051796950606038763e+02
1.612971113754716725e+02
2.507037798396692097e+02
-3.749296933784594898e+02
-2.384007097851538219e+02
3.460783245985469989e+02
5.196381361231005940e+02
9.629259452113292639e+01
1.935394428168888936e+01
-1.847288891797246038e+02
-4.376126428437041227e+01
-5.334425524693622265e+02
4.042641387951840670e+02
4.049613067825109738e+02
-1.271767000594327044e+02
-3.984543856404346798e+02
1.444966570359314915e+02
-3.557883524985852119e+01
2.199919121650811462e+02
-2.194063743671165980e+02
-2.260869657796703791e+01
-4.156937769787829495e+01
5.689449033604398664e+02
3.416674282332003827e+02
9.719116704610510737e+01
-7.565315104233972079e+02
2.337603419407803642e+02
3.325471573451596896e+01
2.289742771861607196e+02
-6.788158848739084306e+02
-2.830180723252512962e+02
7.371572727179307094e+02
1.037402715225882730e+02
-9.141611463405685356e+01
2.212590154859182974e+02
3.018808366972183990e+02
-5.142085787357203799e+02
1.749614109888705400e+02
-3.823461366983914331e+02
2.420401824556627446e+02
-1.767311399960539120e+02
-8.958272128716259886e+01
1.816344860729880111e+02
-3.130703324430598400e+01
9.543513637090611610e+02
1.817522211655085869e+02
-7.422637588971566629e+02
-4.655083998131978547e+02
4.279710684669441321e+02
-2.408241208054889455e+02
-1.433513530491089938e+01
8.961709987054825888e+01
3.738039111348970778e+02
3.632020010029372656e+02
-3.634822063661716243e+02
-2.340396065563804200e+02
-4.608892148770484596e+02
1.212617236681504664e+02
9.030971934176873219e+02
-2.775166588313509237e+02
-1.482522805291488908e+02
-3.406180252843850553e+01
5.419177200021724730e+02
-1.464308621362719123e+02
-1.257140069794785404e+02
-3.914762480547700534e+02
5.902675406490778869e+02
-3.280401803719152554e+02
-8.618060584855062416e+02
1.419190709836301210e+02
4.224701948109481009e+02
1.151086824189318122e+03
1.140623033226441834e+02
-3.791489743414095415e+02
6.032753829539031898e+01
-1.091176459613332241e+02
-3.870627722258454355e+02
-5.936291707762466103e+02
5.313359129556300786e+01
5.769702263665065090e+01
1.155907518984279477e+03
-6.317143198974321194e+02
-2.423856208382140665e+02
6.293922509422268377e+02
1.601839781148581494e+02
-5.476840680749722878e+01
-1.526667091895588726e+02
2.664725335615835320e+02
-6.459228455703289455e+02
8.760993185771177139e+00
-3.079614724007735163e+02
5.887205767235200256e+02
6.104995118391524329e+02
-5.575362567730945784e+02
-1.225520183298405925e+02
-3.125202599047497074e+02
6.702983912983875143e+02
3.513457695851571998e+02
3.960819389768588508e+02
-7.518518676009966839e+02
-9.411420245596286804e+01
5.917066429537518388e+02
-3.942326177024895060e+02
1.139916194181980984e+02
-1.217301405039996098e+03
8.022850181675671593e+02
3.224645490243490258e+02
2.709123724164851410e+02
-8.830178694758980100e+02
6.801456337661668385e+02
2.849393482001061102e+02
5.491950480604232325e+02
2.130176558153381166e+02
-6.286530473098254106e+02
-6.380666890770529562e+02
8.755253569504056088e+00
-1.901012694331539876e+02
-2.983983423280226432e+01
-1.368778097909737141e+02
7.889088758453209493e+02
-3.209701025678132282e+02
3.521088046555216238e+02
1.228263177775892245e+02
8.264644900394520164e+02
3.205040694292524108e+02
5.579813608023252414e+01
-6.023435852841028009e+02
-6.764059041105423375e+02
-2.434980398231648735e+02
-7.499775967881370207e+02
-3.373944762722887276e+02
2.702326957495938018e+02
1.198287920773282849e+03
1.299640719528478314e+02
-7.538088017583967826e+01
6.740729243324495883e+02
4.241056011112619331e+02
-4.347995470663267383e+02
-3.162415887380022923e+02
-1.797540092696717124e+02
-9.592945675425478669e+01
-3.828075905299884880e+02
-2.332251464257311113e+01
-2.235549894089558052e+02
3.519591113877704629e+02
6.498224691513554490e+02
2.694187258841292305e+02
-4.175264306845973579e+02
4.431353633312014040e+01
-1.056910439219530673e+02
-1.771321875572746762e+02
3.351664967476232277e+02
9.078376112380126983e+01
-1.321378807081231059e+02
1.792397733126866797e+02
-1.743206854288129080e+02
-3.235493155046681863e+02
-3.155242962809605842e+02
1.278618445849728857e+02
4.361629812778704149e+02
1.568598469819997376e+02
3.253682812783126224e+02
-1.911465766860757469e+02
5.184270593346203526e+01
1.689965122775890194e+01
1.382757432291224831e+01
-1.768101135281415566e+02
-3.452695960614398984e+01
1.442183761719499273e+02
-3.209296817966144886e+02
-8.488295429558127125e+01
-2.892066647438190330e+02
9.434361714523132605e+02
-3.171750617590105321e+02
3.045407001002649139e+01
-6.880983087629176964e+01
-3.368434800504648479e+02
2.176346046678921482e+02
2.160307806522195762e+01
2.324003965832655751e+02
5.807223773337252624e+02
2.041848753679589947e+02
-1.030221925715323323e+03
9.503288995494808944e+01
2.993507172717572189e+02
-2.876397612125690557e+02
1.112676056593770255e+02
1.293635871736651097e+02
8.676775028535464571e+02
-6.695634630497536364e+02
-6.209169735378411588e+02
-1.602221650645963535e+01
1.905562757445621713e+01
8.862925377551452755e+01
-6.121558172327589631e+01
5.831828530343693728e+01
3.087568098863775958e+02
2.896313765560707338e+02
-1.130996854343541145e+02
5.835221245603737543e+02
-3.114720526143839407e+01
-2.817480306066156572e+02
3.197983547802613202e+02
-9.318687070615620769e+02
-3.334647253375387095e+02
1.231268963575932531e+02
1.533358397669267390e+02
3.113771219627490723e+02
1.146207802777240090e+02
5.769575455053300175e+02
1.846738237107170448e+02
-3.358317611226991062e+02
-6.178175075807881740e+02
6.938559621254995591e+02
-1.353485664071315000e+02
-1.668260463171356207e+02
-2.692887838986609239e+01
1.168326710744575223e+02
-7.465615808814400225e+02
-7.100575358047973396e+02
4.798366195904963547e+02
4.207848320311974817e+02
3.242994904622716490e+02
9.322715710353190843e+02
-4.403580940889924022e+01
-3.030237156971993429e+01
2.484621076558817521e+01
-3.973344001664599432e+02
9.657650602957585306e+01
-4.750193357606352151e+01
-6.897665853381452052e+02
1.383527888143348150e+02
3.530839279325938946e+02
-7.847938729232851074e+02
-3.902969666199415144e+01
4.975242567019636795e+02
1.107208279485844741e+03
1.782739269089654783e+02
-8.106097467405850239e+02
-4.975318830037697353e+02
3.250828354958748605e+02
-2.133965157617304556e+02
1.829948132523895197e+02
-2.263015349734449160e+02
7.521885732580213926e+02
-5.188592503469292296e+02
4.591438304121492564e+01
-6.526357374359378127e+02
4.260702976902339287e+02
3.184534651729786674e+02
8.637475453590590178e+02
-5.540821240831518253e+02
4.918426937056704418e+01
3.125272375323711458e+02
-7.718068171046749057e+02
8.874385259315704388e+01
-2.373632008103049884e+01
2.598956858705481068e+02
-1.141993442336444815e+02
-1.416503551506835947e+02
-1.774256828753909474e+02
3.127785754526984618e+01
1.791311899031593100e+02
-6.135218845019082323e+01
2.364012987549513696e+02
8.018741906383672813e+01
3.086745184994667852e+02
-6.154230728461255922e+02
-2.129355480693669449e+02
1.705854298302511438e+02
4.307691837005352795e+02
4.066382898800437715e+02
-6.221387373383082604e+02
-4.208022802004997516e+02
4.593234574823758294e+02
-2.469942122231670467e+01
6.855282668956101588e+02
8.138854637947434867e+01
-5.536847742708745272e+02
-1.208907188945127871e+02
4.258294962715502265e+02
-8.450368069152318640e+02
-3.231841671045420412e+02
2.058116096433616065e+02
3.724573589679274619e+02
4.995891359587066063e+02
-3.945183988639446966e+02
3.090349113975857165e+01
2.887088022243290766e+02
1.258130899615223655e+02
-2.221323741263286990e+02
1.317954414515937742e+02
3.054744242460095620e+02
-6.084842695736297173e+02
-4.892390622450445790e+02
2.606944128113472630e+02
3.239692203526711296e+02
4.249446212802511269e+01
1.423037927761121466e+02
1.489605276369634339e+02
-3.668410125904150050e+02
5.406984106400413737e+01
-1.262677316964205829e+02
8.534368994111310940e+02
-3.122884767880773325e+02
-1.033007615188382289e+02
-1.411702263963029509e+02
-1.504216987723467582e+02
-6.356580165813262511e+02
-3.263347153635590914e+00
2.410031966293843482e+02
3.821933145527625584e+02
2.217174220151568704e+02
3.195591065825627197e+01
4.702872328914676814e+02
-1.723521247785336357e+02
-6.754869677554502516e+01
-6.907191919809821457e+02
3.534962744177965419e+02
-2.333451720417942354e+01
-1.280088171638533368e+01
-3.220538776677885835e+02
6.956968828420275486e+02
-3.442350932590263710e+02
1.508407533965322500e+02
1.972062116209317253e+02
-2.145945150652974007e+02
6.985682471168999541e+01
-1.225976798949462960e+02
1.117959882295703267e+01
-5.145476670535487074e+02
1.364262883814060388e+02
2.804172288544262983e+02
3.020510402811830772e+02
-1.492044913213332222e+02
2.108280448832855427e+02
-1.099241468056222715e+02
-2.147244672787465731e+02
3.472850041390758520e+02
-6.575076647829672538e+02
2.929831005934192376e+02
2.191571119751213814e+02
6.158462996934772349e+01
-1.785365538224793625e+02
1.661782723151337038e+01
-5.184326339360080738e+02
6.901407952292476011e+02
6.390248883591534650e+02
-8.242726565352056411e+01
-4.641629761793564626e+02
-3.834056832499284155e+02
5.075980919891163694e+02
-2.528541671400643338e+02
-7.422042818625675409e+02
-2.589830510535765598e+02
8.162198525964146256e+02
-2.043821650747549938e+02
1.150084601233173203e+02
4.134370199762790321e+02
3.471562385429023152e+02
2.782769758340210231e+01
-1.591132203546941071e+02
-4.006769519099407972e+01
-4.565077584461055267e+02
4.187212090286618604e+02
-4.619014697103480103e+02
-1.887094399344250064e+02
2.447680066851951324e+02
9.673624165715497725e+01
-2.872317194757118273e+02
1.293705014669633897e+02
6.624712354841681190e+02
-9.426630389729436388e+01
4.688494534161772549e+02
-3.940304271005218197e+02
-4.142256821075296784e+02
-1.793863823931918091e+02
2.909040270327080293e+02
-2.959771018306535098e+02
-6.335277945096389658e+02
5.377115032139727191e+02
6.327645215969175752e+01
3.021308688542235359e+02
-2.313101165772671663e+02
3.735543666472294149e+02
3.998959015924314713e+02
3.102948926442028323e+02
-6.153572955817249976e+02
2.007074103858724712e+01
-3.809937707716704836e+02
2.415526326451231043e+01
-1.071888850591010964e+02
2.170663309006524742e+02
-6.207789246137998589e+02
6.525587860659189801e+02
8.599029197639620037e+00
5.982666358776983770e+02
-4.360039581712462677e+02
-5.518611818822038231e+02
3.755589432266955896e+02
2.059621115360861765e+01
2.485109592165490255e+02
-7.322117037064335818e+02
1.004763764762222195e+03
-6.652275455299331952e+02
-7.294413881409064970e+01
-5.375890678862268715e+02
7.147558923370517050e+02
4.491679129268500503e+01
2.720504333444666258e+02
5.124950218744987751e+02
-7.564848644949447589e+02
3.078006659285412638e+02
-6.653646664409861842e+02
2.456886780535188848e+02
3.924628236100012657e+01
3.780642526967670278e+02
-4.427614634048042035e+02
3.860755969750357508e+00
1.616386510616370060e+02
-4.527813255234447070e+02
2.562188713263957993e+02
2.807920539252374965e+02
3.591946638998527987e+02
-3.498946222334938057e+02
4.387933657473163152e+01
-2.956141104262827639e+02
-2.902984692098285109e+02
5.915804879556728793e+02
-2.700080370059711754e+01
-1.864639273401169248e+02
-3.226266550490782947e+02
2.846387621394117105e+02
5.093308403096137482e+01
2.062262594098505701e+02
-2.294162517109822659e+02
5.359000996409475874e+02
-2.144005524181521025e+02
-6.433110702664562552e+01
-1.070223859033889369e+02
1.439941521427875273e+02
6.041606168021615986e-01
-5.478444572654055946e+02
-4.084746069764063350e+02
4.891022883753167605e+01
9.887016190140196841e+02
-4.186517967230558952e+02
2.985980983798954185e+02
-1.058456856611148709e+02
9.045727015853478861e+02
-8.720197510973008548e+02
-3.854736999922635619e+02
4.986170439035349773e+02
1.021474939634111365e+02
1.417973491480110511e+02
-6.778775017005340260e+02
-3.765149434203775627e+02
-2.724241580182622329e+02
9.461280299084496619e+02
-5.807801162255963163e+02
4.225966686410214948e+02
6.294751125053815031e+02
5.138434699795976712e+02
-1.126541591326192133e+02
-5.284503300553427607e+02
-4.539336984752237072e+02
-1.579660056218244790e+02
1.493212959425804343e+02
-1.635877724300541445e+02
-9.174547817018559499e+02
2.744418256864671548e+02
6.402267957630074307e+02
7.458837434034973057e+01
6.554404627760579842e+02
1.965048807331118041e+02
3.225898026675326946e+02
-9.607607347889334903e+01
2.369824643136901727e+02
-1.217080410219535452e+03
-8.713319071937968374e+01
-8.782756856461101052e+02
8.556279530413252132e+01
2.186858644330204413e+02
-1.670987047025070922e+02
1.085872505926560734e+03
-8.649598453256989217e+01
9.370306288583794867e+02
-5.557156650879078370e+02
6.885839725461821672e+02
-4.243891245949756694e+02
2.804647757646645800e+02
-9.478474835323876277e+02
-5.563971503820466751e+02
-5.059513364731444085e+02
-3.511511200501522580e+02
3.509470166317537974e+02
1.068013447212843801e+02
1.423214764725486930e+03
-1.125789593095822738e+01
9.835705545285495077e+01
8.668088766404641774e+02
-1.909987139255140960e+02
-4.093751829738781112e+02
-2.444442173212446789e+02
-6.952203463654526558e+02
-1.072746312258733951e+03
9.327385286523593777e+00
-1.276195973497693785e+02
3.428760833002808681e+02
5.395991806152635490e+02
3.548777032660046302e+02
8.746497775814740407e+02
5.233123249291911634e+02
9.196795078545995921e+02
-1.170165444367554755e+03
1.754121827334123509e+02
-1.091054963642471193e+03
-8.720937903310533557e+02
-1.186818956570171849e+03
1.117008231684592147e+03
-1.450080063232201610e+03
1.710949273916405673e+03
1.227316736721497819e+03
4.557827262987972858e+02
-2.192949675363691142e+02
-1.997825332910214797e+02
1.120479358768320026e+03
-1.040670450650552766e+03
-5.191428095416176802e+02
-1.146697543832264500e+03
2.079157503401873782e+03
-1.208299439895442674e+03
-5.947307069996498967e+02
-1.956563818656311469e+03
1.803594476841951291e+03
1.145258948562465093e+03
-1.607910141149799074e+03
5.561475675154480314e+02
2.629967008529321902e+03
2.081036584089550161e+03
-1.464821987358177694e+03
-2.512272876081048253e+03
1.095105539943633175e+03
-2.076756350665097273e+01
-2.836603621659981854e+03
-1.264488393909395427e+03
9.646893045966320415e+02
1.679143527926916022e+02
1.890472193242160301e+03
1.664353051430817231e+03
1.883375317590932951e+01
5.048609808918442468e+03
-2.104086677568182608e+02
-6.895658315281691557e+02
-5.492005369639819946e+03
-2.718006893249532368e+03
-1.870905444658666056e+03
3.137536580147266704e+03
4.592558364298285596e+03
-1.132408513747988309e+03
-1.129777965544462177e+03
-3.379133491377731957e+02
-1.658834075744674976e+02
-2.870694423597614787e+03
5.137159955932658704e+03
-2.652237522990400976e+03
-8.367538383515862961e+02
3.057654761791875899e+03
-1.089453078729273329e+03
-1.147278857183575383e+03
8.202858630205701047e+02
-2.161020954740578873e+03
3.441448614223386357e+03
-2.385506514569171031e+03
3.424568988822415577e+03
2.419905821279833617e+03
1.308723316108319295e+03
4.197369135327039658e+03
3.037166639184621454e+04
3.989649402894387094e+03
9.982963939338186492e+02
2.213590470299173376e+03
3.418032334040807655e+03
-2.661707165227949190e+03
2.769478742672364206e+03
-2.573291554132229521e+03
4.711310326885255790e+02
-9.734319303817885611e+02
-6.235145398187299861e+02
3.165512209074213388e+03
-9.454211663754034589e+02
-2.675704301518392640e+03
4.798143072367845889e+03
-2.729501654065699313e+03
-1.102439565702388364e+02
-3.567290828875482021e+02
-1.023962785462636134e+03
-8.637295731076117136e+02
5.243306252090961607e+03
4.105821999213606432e+03
-1.210044724222952027e+03
-2.387927975262851305e+03
-4.652018495633023122e+03
-9.751792243577644967e+02
-1.050102267654051730e+03
2.957751290632595556e+03
-5.629575471539375258e+02
2.658891394073079368e+02
1.043917231325871626e+03
-6.206094017645388021e+02
2.169052329895484036e+03
4.826559565545138639e+02
-1.248077282363830591e+03
-8.754191424110551623e+00
8.523313974315914265e+02
-1.170433675066979049e+03
-1.824022691503467968e+03
1.976803145551691841e+03
1.111426102347186543e+03
5.817902610653562760e+02
-2.785893398645680918e+03
1.446937913109603642e+03
1.376186578712510936e+03
-1.007953722481760792e+03
-1.286576930183879313e+03
-2.749927509937672880e+02
2.546652052833921516e+03
-2.592299098243625508e+02
-7.337851122756104587e+02
-1.253008569177303116e+03
-1.072585328788360215e+02
1.766956989176579782e+02
3.235198653999012777e+02
3.820704048350384028e+02
-3.397173566312397952e+02
1.315603131146630744e+02
-7.904553406683755838e+02
2.345213259464422208e+03
6.668697707768756118e+02
-5.970000929225847131e+02
4.014271573414317800e+02
4.312739497675084408e+02
-1.016289614318134227e+02
-2.713617347167482308e+02
-6.026026868055877230e+02
-8.917592105475655444e+02
-1.055111485980745272e+02
-6.235196513664996019e+02
-7.534194448878592993e+02
-8.799605352203528810e+02
2.994947387066713418e+02
7.476399054645945341e+01
4.637480859610138850e+02
-2.779291989149115807e+02
5.948165532284594974e+02
4.622392148103194813e+02
1.534950909432246817e+03
-3.271393395029489852e+02
2.329971333791871757e+02
1.290938441049938774e+03
-9.314431930835284845e+01
-2.548505748047935526e+02
-7.422105976562841079e+02
1.778103794692819974e+02
-1.072092275794062743e+03
-5.443083390362837690e+02
2.140889019010018046e+02
1.080279770465089314e+03
-3.169498938392449645e+02
-1.280364218054362027e+03
4.602208010120312451e+02
1.298184943003794842e+02
2.024684055796161601e+02
-1.148253153778475507e+03
-6.437756986237041019e+02
9.835276714236022144e+01
3.300846950162406870e+02
5.208804800356294891e+02
-2.461407231729901639e+02
1.234783639606951738e+03
5.528994902573518857e+02
4.816735991077498511e+02
1.145439398234782402e+02
2.664884017259828966e+02
-1.732985045313521937e+02
-8.085130458326328551e+01
1.639368668076815254e+02
-9.625160743622459449e+02
-1.732603928504194641e+02
-1.967670570787701081e+02
-9.644243802484670880e+01
-4.298025604026564679e+02
-5.364840753169830805e+02
-1.372669670711534025e+02
6.697834404785935192e+01
6.520316601321006829e+02
-3.146039040827918143e+02
-6.729834822990864041e+02
8.622066713941086391e+01
9.681518019210870989e+02
6.362963865179416416e+02
-5.064566489043459114e+02
-3.185813611702253922e+01
7.568331799734344258e+02
8.219342989994745494e+02
-4.292920051213332613e+02
-2.275165511924202022e+00
2.999596834497522195e+02
-4.922748186601716611e+02
-2.577212629695172836e+02
-4.027199295557535663e+01
-1.241065749079043989e+01
-4.082395815878689973e+02
-4.080970580994551256e+02
4.431162793501347608e+01
3.420503602736763469e+02
-2.290961018495416397e+02
-5.905536155767119908e+02
3.947192593715870146e+01
9.372015597196822512e+01
1.345300466025063884e+02
-8.747199421491252735e+00
9.436373038659063184e+01
2.666148394652921638e+02
1.616149010663623926e+02
7.535134689233819927e+01
1.281653501323906141e+02
2.272417406956110995e+02
-4.163735624177097350e+01
-9.562816566552574216e+01
2.658687534364229776e+01
1.901440078356555929e+01
-9.434763051535381351e+01
-1.038103053929165185e+02
6.876051717762504012e+00
-2.539754158992783672e+01
3.160934608585023753e+01
5.015623819318980026e+01
7.279013405589400065e+01
6.341888850863966809e+01
0.000000000000000000e+00
