-1.388641242412743360e+01
-4.914916223462960687e+01
-3.225181173926278433e+01
-2.051454378884075780e+01
2.579548586945202260e+01
7.683051674654713281e+01
6.836157335401135526e+01
-1.679771135233651069e+00
6.774570483562239076e+01
-4.359326018871136910e+01
-1.761244384823896780e+00
-3.181313935622653943e+01
-6.754960192535858710e+01
-1.478659997893629452e+02
2.701305870183215418e+01
-5.630620637639390935e+01
1.148523796949746583e+02
-4.138696843397800507e+01
2.151673927000344406e+02
1.106057059022475784e+02
-8.059219232779844333e+01
-1.126621805253901130e+02
8.125969550580293799e+01
-2.612631840905219605e+01
-7.724283521223077287e+01
-1.339268936921315003e+02
6.578514769612562318e+00
1.099546046046472583e+02
-4.759456745122919585e+01
1.767269825778353152e+02
7.755642995315464816e+01
1.688327004881886069e+02
-1.852849769811566887e+02
-1.127853438603642644e+01
1.228182280694395558e+02
1.922678605466124679e+01
1.148842896052960185e+02
-2.333808074849385150e+01
-1.890756712618386643e+02
-1.954716630755067683e+02
5.172571004264999601e+02
7.707383336969091658e+01
1.603146379808076460e+02
-3.848065773003516483e+02
7.141229728167370467e+02
8.667471374448975041e+01
-2.520637973439461064e+02
-5.801280402042141304e+02
4.974434707643013098e+02
-4.226865886615594263e+02
1.652021109769009684e+02
-1.862348915725262088e+01
4.062593294782085707e+01
-2.490002943278500993e+02
1.943452870939793513e+02
3.214437629081883188e+02
2.151560867563916304e+02
3.176345629110379036e+02
-4.037508803411164990e+02
-9.810828167569945890e+01
-6.223466057514317527e+02
7.377088422707113295e+02
2.531763940294885629e+02
-1.697128280819613906e+02
-5.719997347019284462e+02
4.129826965686299332e+02
3.449379609051348439e+01
-6.025003922090057529e+00
-2.690703381975885122e+02
1.605797130273853952e+02
7.611584571855084391e+01
3.323535575056907305e+02
2.496375463649083599e+02
2.267809606781576122e+02
-6.341883206345299868e+02
1.528716694458442475e+02
-4.041930450921557849e+01
2.798066540915195333e+02
-6.834148749300171630e+02
-2.095406875821347228e+02
5.695265129098906982e+02
2.284365647759564126e+02
-8.614449104487542286e+01
1.541381795584625252e+02
3.330080521205513833e+02
-4.682122370312079056e+02
1.401096010136650705e+02
-4.903906147107795732e+02
4.249426218931005224e+02
-2.566195459196922570e+02
-3.005779987788356067e+01
-4.030470789405970322e+01
2.923313334023155790e+02
7.975931532371607773e+02
1.959312604623970913e+02
-8.971310543051738478e+02
-3.131809391897765522e+02
5.144947796704016127e+02
-3.180542653253720573e+02
-1.388553871929411514e+02
8.492884168085838326e+01
6.141974570784680054e+02
1.781519645464713051e+02
-2.700971606530343365e+02
-4.168004242371790156e+02
-1.495982555030157073e+02
-1.222093158780591295e+02
1.005159151367145455e+03
-3.792542067548953924e+02
1.773355401076096882e+01
-2.165555431360160981e+02
6.248108536571921832e+02
-1.889268475866521442e+02
-1.959191285705807672e+01
-3.553007586200401420e+02
4.022208727780304116e+02
-2.008936509956090504e+02
-9.279183004323045907e+02
3.217512174979706856e+02
6.133980789999530714e+01
1.434421080880586715e+03
6.860290492094627268e+01
-2.527907335138545193e+02
-3.771501550978390469e+02
1.377503681686034156e+02
-2.834518136334712608e+02
-5.099366386164862206e+02
-1.378222471938907461e+02
-1.213946158888702200e+02
1.539405479778928793e+03
-6.443926682128573020e+02
-3.441149693417145841e+02
2.447772072215045398e+02
6.025977916860493906e+02
-5.263754355078712166e+01
-2.206935429500192072e+02
-2.494867422391380885e+01
-3.665743914751330976e+02
1.857725558972340423e+02
-5.006606876433362459e+02
4.705572173354737515e+02
5.849686367945237180e+02
-2.025085917714789616e+02
-2.477273002490703391e+02
-5.178003958242453564e+02
5.741955348054418664e+02
6.410406361908014787e+02
4.415721727902273983e+02
-9.877297319982794761e+02
-1.113452188813444224e+02
6.830665735242855590e+02
-1.188276734399177315e+02
-1.876839835430991172e+02
-1.205719116132917861e+03
7.783142071988974067e+02
5.372379676889594293e+02
1.778394394767433937e+02
-1.081262636176143360e+03
7.760661383231947639e+02
3.909452977515317684e+02
6.514675355716007061e+02
-2.006259377254259277e+02
-3.459304809844102238e+02
-7.181580745718116532e+02
3.034168073456766592e+02
-5.610200053594331848e+02
1.832851740737967248e+02
-2.551573498695882165e+02
8.122930722910443819e+02
-3.252848896588041043e+02
3.106486069884836070e+02
2.484893651420213700e+02
6.103543298236552346e+02
5.539959967318475265e+02
-1.739290807055617449e+02
-1.775478212134080707e+02
-1.143968230979989357e+03
1.237223933916374463e+01
-8.843992145722454552e+02
-9.468124994392137239e+01
-2.017827656165238182e+01
1.254071978540940108e+03
2.611789693311982319e+02
-1.356093277501593661e+02
6.253696014078154803e+02
2.776299708052015376e+02
-1.132493429280002601e+02
-5.193376736771183459e+02
5.456672818803975389e+01
-4.296641113761768906e+02
-9.919063517054156875e+01
-2.119519077593366774e+02
-8.736716525287737056e+01
1.758135238445561583e+02
8.367164315354066275e+02
1.286810072980867119e+02
-4.034505982713469052e+02
7.141176854689035736e+01
-5.203668967365732811e+01
-1.297330726578202871e+02
1.006728076288878668e+02
3.266664046170531606e+02
-2.119903896220232582e+02
3.258176287605906509e+02
-4.512776240412193829e+02
-1.815554580209493736e+02
-4.168626136876015380e+02
3.350054034218247239e+02
2.269023260961317021e+02
1.710663694660873944e+02
4.135360937916841522e+02
-7.970978014843714732e+01
-3.181173403719446213e+01
-2.332803001018905036e+02
2.546374926966903161e+02
-6.252937297427356356e+01
-1.137980484143875088e+02
-1.138352288855153773e+02
-1.984885876716638791e+02
1.026674918751487269e+02
-2.708972327513216669e+02
6.648310999060771564e+02
-4.010350862562021916e+02
4.098217638022350684e+02
-5.926203278754062609e+01
-5.780634389624814276e+02
1.186839223941587136e+02
3.327726767924646651e+02
3.168249637227376070e+02
2.041688374626991163e+02
1.791587653929269095e+02
-8.776779815511208653e+02
4.032925760132544042e+02
-2.843599323875265128e+01
-3.483763344355481877e+02
2.225942346016519835e+01
6.111891366443940115e+02
6.178888818327828858e+02
-8.014500674496001693e+02
-6.430364556114370771e+02
1.992992017801116731e+02
7.465951102458497246e+01
-2.116766812764507790e+02
8.033488476050973759e+01
-1.462244698869641724e+01
6.177877584569504279e+02
-1.330636285395447942e+02
1.630891322459237358e+02
3.528803518026024335e+02
3.607876325420250510e+02
-6.229179770824918023e+02
3.825776819896065604e+02
-9.269109560420955631e+02
-2.463187357697025277e+02
1.025050436837377390e+02
6.353797960082061991e+00
5.594304371211118223e+02
-1.079046290228914131e+02
7.186572510925601591e+02
-6.356058092522330583e+01
7.353858892141444414e+01
-9.305456742755369532e+02
8.265551165308512509e+02
-2.860866077491671717e+02
5.554577938076966603e+01
-1.034064017642802469e+02
6.827544669837939750e+01
-8.540609456418113723e+02
-5.503974732633585063e+02
5.409022509073942047e+02
2.773019205706684147e+02
3.676927682221719351e+02
9.414443327111542885e+02
9.815413882200562767e+00
-2.275124150476160310e+02
1.867403478848239331e+02
-4.246523529713179528e+02
1.714726997913271305e+02
-2.010799045476578897e+02
-5.065580600811952081e+02
-6.206713389606299103e+01
5.361997498846346843e+02
-9.393022691302232943e+02
9.682282279885615139e+01
3.924604389338734336e+02
1.145169930460587921e+03
9.646979865834614998e+01
-6.722038870310090033e+02
-4.899706319379923798e+02
2.015802880431243409e+02
-1.887824816275795285e+02
1.747148221600948546e+02
-5.167783433754756572e+00
4.839711887883786403e+02
-3.748297677793294724e+02
-1.003126954555831531e+02
-4.307466727948900029e+02
2.025803983212481114e+02
4.149980187872213833e+02
7.247100250486012101e+02
-2.590800767509605294e+02
-5.349985371440254056e+01
1.803667293531508733e+02
-8.331646615176608748e+02
2.811665756055843985e+02
1.809544934742466467e+02
-9.522812999743467799e+01
-1.739695807497171529e+02
-1.842080331847634511e+01
1.226042410654691110e+02
-2.979359613546011474e+02
6.425820026865305579e+01
-5.616973688750044857e+01
6.714373413034460327e+02
-7.908040837938855816e+01
4.204789825435676676e+01
-5.863497493344682425e+02
1.653566444980300219e+02
6.171144736530756347e+01
1.135852564987898035e+02
3.843203732941569228e+02
-2.492400651380158365e+02
-4.569730942075124744e+02
2.222607308902020407e+02
-7.972305391904932037e+01
8.620908324719035818e+02
2.250713175250049858e+02
-7.148202020385575679e+02
-2.413553725154526148e+02
5.339292404454643020e+02
-6.532560680491483254e+02
-5.418665523060788018e+02
2.141278111078191841e+02
3.461238888196082257e+02
6.491103140060454280e+02
-5.906382945116182555e+02
8.807284433373510524e+01
2.913895724000761902e+02
3.174769707890313271e+02
-3.931271998748962346e+02
1.793897264432839904e+02
1.760029668627901174e+02
-3.783147723011873609e+02
-5.938492711340921915e+02
2.024612707561991272e+02
3.158638411345942814e+02
1.221646320441605837e+02
1.290586806621808762e+02
-3.627233399927045099e+01
-1.448177074277587622e+02
-2.905312242207883600e+01
1.042446314259666309e+02
3.988551942954761103e+02
1.177128657069192741e+02
-3.759347407234685647e+02
1.662956369520373983e+02
-5.631312407036261902e+02
-4.085272229914755826e+02
-9.774129416677671145e+01
3.915319817217562672e+02
2.574304695567009844e+02
1.403794056398961345e+02
3.285672119623906724e+02
1.633972240861514535e+02
1.188575398429004366e+02
-4.878314110968099158e+02
-1.109480599422570180e+02
-1.622102209684143475e+02
3.913405084237126630e+02
-4.389714730795465698e+02
-8.750469217427600199e+00
4.263019033611183204e+02
-8.468247476055984180e+01
4.349405311109522643e+01
1.016497317665378546e+02
8.434365286080765856e+00
-1.719538357210919912e+02
2.981565959656938958e+02
-4.820259561727393134e+02
-1.768410767440119855e+02
-2.864403358114795992e+02
8.406219887367024057e+02
-7.439985176822210633e+01
-3.218754640245864884e+00
-2.204897862821690779e+01
1.519240812069668323e+02
-1.844762769326039518e+02
1.320421394257703298e+02
-5.177213324276574440e+02
1.296146640966559289e+02
6.629815031837956667e+02
-3.243872178832403392e+02
-1.487374804956208436e+02
-1.535712009370934084e+02
-7.255539176631374687e+01
5.541531942758401783e+02
3.909337505605055867e+02
-1.175093785648319766e+02
-2.137288017480343285e+02
-1.332558152262468241e+02
2.449448598909063435e+01
-1.823626207839244557e+02
-6.805658022044449353e+02
4.338930769207043170e+01
5.219944549475281974e+02
-3.656869748368580417e+02
3.314140286932784534e+02
5.330717075913777308e+02
2.590698963985738033e+02
-3.737368926247812624e+02
2.843675619394850287e+02
-5.169592213086804122e+01
-3.392853535594725258e+02
-8.427651936601833427e+01
-7.637812201342086382e+01
-2.230590473642023710e+02
2.599862940554093598e+02
-6.739202521750941344e+01
-2.883402619324269267e+02
3.702736854475312498e+02
4.809120786898079132e+02
2.552196686571119244e+01
1.260064236278107614e+02
1.619560432635320240e+02
-8.924296307614549733e+02
1.541646220904481197e+02
-1.181479492202043531e+02
2.205533497313843441e+02
-9.551108025522717071e+02
6.557126897813160440e+02
-8.174985614199155748e+01
3.670191993868922395e+02
-8.856564028299288793e+01
1.298198374902212890e+02
6.500584284615438264e+02
-4.318086422126685164e+01
-2.409159172694365481e+01
-6.433806039911088419e+02
1.043715226044449196e+02
-3.813827487201036774e+02
4.422719789959749619e+02
-3.157466925748803988e+02
-4.097598995281447287e+02
5.806636267957346718e+02
2.461091215552637834e+02
4.910604682045571963e+02
-7.396969347626020408e+02
-2.093610539742530250e+02
1.557965241845612923e+02
4.700007617721594784e+02
-4.119846105780619610e+02
-2.275218622723825774e+02
6.538926680192674894e+02
-2.213238193628076829e+02
-5.890073012560151255e+02
-2.053936717655825248e+02
6.081038993727790967e+02
1.694645375554565021e+02
1.847512146781018885e+02
3.736885011634406055e+02
-5.413357687791714170e+02
3.131704193824587534e+01
-2.438715655847367998e+02
-1.316528619480756959e+02
2.568368724040284974e+02
1.213181910286051703e+02
-8.521331250321017592e+01
-1.682745085700890684e+02
2.003818668447105722e+02
-6.120764620565723817e+02
2.943247031220109307e+02
5.331286516956398600e+02
1.827916026358412580e+02
-3.697638586147707542e+02
-1.016636602709660480e+02
1.542133425232761290e+01
-3.950119467855412836e+02
4.446154048237915504e+02
1.285384165989557204e+01
-7.461895559971375746e+01
-1.663959686211500184e+02
1.090925345587606188e+01
5.565572849631839603e+01
1.714342359701896044e+02
1.285079399100149828e+02
2.320484536180172768e+02
-3.442449017537526856e+02
4.395397106562015921e+01
1.141707241206005108e+02
1.588207487989306230e+02
-4.253362241066170668e+02
-2.837953711943439430e+02
-3.699272658947889454e+02
2.689011360753787017e+02
4.791447868392602913e+02
-1.467937780851724483e+02
2.520312350836875908e+02
1.500235560235710750e+02
4.502070607693631814e+02
-7.914471720213663275e+02
-1.611169356887206163e+02
5.652028111336213669e+02
-4.997919088041240343e+01
-9.042435341781015268e+01
-2.826012451478334242e+02
-5.003977328075465607e+02
-2.009038781235603324e+02
5.908625396663330775e+02
-1.575152911232270299e+02
1.403395111974821816e+02
8.425858785968266602e+02
2.337891455167060997e+02
1.352620915255481293e+02
-6.114497265032816813e+02
-4.239506137905108289e+02
-2.989306378340925221e+02
3.146588169469147260e+02
-4.538696467390217038e+01
-1.088411272160225735e+03
2.416285483167888799e+02
5.631112961151495711e+02
3.501703553974598435e+02
3.671735142746452993e+02
3.509652583211857291e+02
1.253671010306267419e+02
2.847984026226463925e+02
-9.981937374971648680e+00
-1.123831037866553970e+03
-3.985666677125022375e+02
-3.743008748619641892e+02
-9.603528973051368212e+01
1.282766927639056860e+02
-3.438503224798878364e+02
1.345681740108455870e+03
3.994775724999684741e+01
6.440404672162761699e+02
-5.581849654405771162e+02
6.637666611014980163e+02
-1.883799211057805678e+01
-8.970065312428722848e+01
-7.616796330165251447e+02
-8.366966830629319247e+02
-4.591715723121002668e+01
-7.184738223043060543e+02
4.912014109659025394e+02
-6.860642100394626652e+01
1.668444622627101808e+03
-1.802584352035359245e+02
1.479068389078623227e+02
8.493012083888341976e+02
-1.891848618144860268e+02
-3.329606678007513665e+02
-3.323449696003553981e+02
-4.886709717247734943e+02
-1.415163273902645869e+03
2.815383792300135042e+02
-2.724823408262045064e+02
5.765401219336414442e+02
1.114245305097406629e+02
6.075525788161331775e+02
7.433436884033194474e+02
8.615986305877130462e+02
6.447406040050542515e+02
-1.179735114118526553e+03
2.333439191847950838e+02
-9.821751849860756920e+02
-8.962608313277113439e+02
-1.481998209263549143e+03
1.416522351464445592e+03
-1.477821727325614347e+03
1.793313710923612916e+03
8.268298230517510774e+02
7.269218607059078749e+02
-2.458267043214131604e+02
2.126036036537754725e+01
8.178900831181365447e+02
-1.101766927887598968e+03
-2.794379604229102370e+02
-1.040637911403829321e+03
1.947461608858564432e+03
-1.486159969551624044e+03
-3.548272645018021763e+02
-1.886971478723790142e+03
1.768106172192793338e+03
9.189418387651066951e+02
-1.451609428280286011e+03
7.260674990334885024e+02
2.489832445717888731e+03
2.028937984740158299e+03
-1.590401879402108534e+03
-2.098892684680316052e+03
8.325973469348195977e+02
-1.444109268242866406e+01
-2.966184949038646664e+03
-9.826427207772004522e+02
8.468250621998864744e+02
8.246805941283788854e+00
2.040745811911210694e+03
1.641034975607916749e+03
2.368016049564572825e+02
4.523421828709516376e+03
3.399806065357982447e+02
-1.065311733982630585e+03
-5.064906715031562271e+03
-3.322893732068429472e+03
-1.475030038594628422e+03
3.052671626538628971e+03
4.796986154585876648e+03
-1.393956511443736645e+03
-1.331733928260588300e+03
1.387367973397815319e+02
-4.599274010964511490e+02
-2.514066639466552260e+03
4.393249506436666707e+03
-1.804482307600957938e+03
-1.404153384603817813e+03
3.574670476868167043e+03
-1.797073674621107330e+03
-6.529776816205464911e+02
7.289621063035575617e+02
-2.047435722764913407e+03
3.181557526797206719e+03
-2.487863652898167402e+03
4.028908963240638059e+03
1.909532166811687148e+03
1.623135082072408295e+03
3.542843548649954300e+03
3.124448692295031651e+04
3.388374546445186297e+03
1.450597510146504419e+03
1.659048937331487650e+03
3.937803981265092716e+03
-2.916178348056663253e+03
2.826813933323412130e+03
-2.650191768448721177e+03
4.466852292253461769e+02
-6.449880817603296919e+02
-1.097348240519365390e+03
3.604148275133204152e+03
-1.429994088251378571e+03
-2.149569344410826034e+03
4.326918933980977272e+03
-2.251433421555929272e+03
-5.460747241375050862e+02
-1.232101457636073860e+02
-1.156640585740317192e+03
-6.411829656133570552e+02
5.169024816983553137e+03
3.792703309563351922e+03
-8.974311727233638294e+02
-2.507084617732100924e+03
-4.363015881392794654e+03
-1.450492645996833062e+03
-7.763039814656535782e+02
2.864804275960837003e+03
-2.995521582176161814e+02
-4.006602087010061553e+01
1.038878141264348415e+03
-4.576482361319554002e+02
2.202865684743210295e+03
4.733565987011970719e+02
-1.606767208452562045e+03
3.649180197048748937e+02
7.196115804872912349e+02
-1.010434517955567117e+03
-2.098021954532119253e+03
2.082162755258244943e+03
1.225764055992302474e+03
6.369075478309159735e+02
-2.871351199375149008e+03
1.154635830568275878e+03
1.801456200170943248e+03
-1.292340468145350542e+03
-1.000812419555127804e+03
-7.556720514240960256e+02
3.102900209957565949e+03
-6.116427055241809967e+02
-5.841611641317525709e+02
-1.466408314796557079e+03
1.148628204545808984e+02
3.138449186157526469e+02
-9.047184307947375714e-01
5.730445875009251040e+02
-6.195423899869853130e+02
8.051192100164491876e+02
-1.635879689963650890e+03
2.907290535263184665e+03
1.796810031015367031e+02
1.343127564629917288e+02
-2.864928292328423254e+02
7.086830730279606314e+02
-1.302586117926585416e+02
-3.894847149310961498e+01
-7.487912197501641458e+02
-1.274661859706753603e+03
4.118740831928461716e+02
-9.322215409537194546e+02
-2.665621808095432925e+02
-1.763408351577332041e+03
1.018714671054126597e+03
-3.269144898030164086e+02
1.010982670866508897e+03
-9.710238278059283630e+02
9.931306530655780307e+02
4.531310485008116302e+02
1.669842256373539840e+03
-5.924674205032123382e+02
9.808195789790620722e+01
1.692677402787803430e+03
-3.271049305276177392e+02
-6.319936641393836396e+01
-1.269716086701635277e+03
7.272728948045844390e+02
-1.219964325708603837e+03
-3.714813797403252806e+02
-2.947645175946047971e+02
1.427221329419721314e+03
-2.464649163434490333e+02
-1.259327521433617676e+03
2.590008380101275520e+02
1.153285473135305068e+02
3.920766671103887688e+02
-1.263013201507272242e+03
-6.333242261753699722e+02
-1.521732740815209084e+01
4.732468420665607596e+02
5.319142975113735474e+02
-2.451463368416339961e+02
1.184939477349172648e+03
5.633529323774478144e+02
5.044701581797168615e+02
1.144314890113249135e+02
3.193074731488979978e+02
-3.312262250413563152e+02
-7.247684921044522355e+01
2.753315382782831193e+02
-9.195576426301004176e+02
-2.387300244380573986e+02
-3.987978541099703307e+02
1.167397672610124602e+02
-3.175671775300494346e+02
-5.816890274189951242e+02
-3.334751222016161023e+02
1.592994105473079287e+02
6.878504291032128322e+02
-2.926655705624914390e+02
-8.129053968817186160e+02
1.546848725255916293e+02
1.040683225335357292e+03
6.518138377811022792e+02
-5.756333106048791706e+02
-1.113759251648640429e+02
8.401579028482277636e+02
9.670489506665187491e+02
-5.919405903758425893e+02
-7.745064489003256369e+01
3.977811653008604935e+02
-4.192404131883603782e+02
-2.835621717228547141e+02
-2.029693544701336805e+02
5.306425910763496745e+01
-2.554848130431932418e+02
-4.447830359217782075e+02
-7.513283351678487065e+01
3.869625945353330394e+02
-2.031749141606118769e+02
-5.911177162017210094e+02
1.072762298138615655e+01
6.477729522030558940e+01
2.119974110246760972e+02
-5.370124251186194897e+01
8.494428012423264818e+01
2.636077538377174392e+02
2.057326201364907661e+02
5.463092808810644385e+01
9.526989649090093337e+01
2.198712187379458953e+02
-1.207182747719834381e+01
-9.352131253654091836e+01
-2.061670815943897672e+00
2.652849343178705510e+01
-9.397025935304046129e+01
-9.367680151979504899e+01
-1.164881854799309480e+01
-1.360239010799813641e+01
4.333549208507040618e+01
4.066123689790269680e+01
7.102933416566632729e+01
6.048563149460818522e+01
0.000000000000000000e+00
