-1.525809580893596085e+01
-5.223487811718796081e+01
-3.018535839218944972e+01
-2.128765651606018849e+01
2.939812320708872306e+01
7.626753742795237656e+01
6.864139358719711481e+01
-5.899310266525942481e+00
7.687224839313624614e+01
-5.901038055688658801e+01
9.529762080598803919e+00
-4.039072429893613503e+01
-5.500011547876519558e+01
-1.642396772017256126e+02
3.783194064852591509e+01
-7.150283123964645426e+01
1.423831486665006594e+02
-7.618201594765876905e+01
2.449702928254937149e+02
9.297794153884218815e+01
-7.358288170379394444e+01
-1.141644454511852871e+02
7.807543129629010537e+01
-2.373933707153661032e+01
-9.381494829847035533e+01
-1.152653824320727267e+02
-2.220988158418297331e+01
1.493890134125518614e+02
-9.479082153917450171e+01
2.458758723998278697e+02
7.645663602174774809e+00
2.312944952463471679e+02
-2.669794341585626398e+02
5.329173567911021792e+01
1.033848126084991890e+02
1.147795339946655702e+01
1.239757110360061034e+02
-5.186368186855602858e+01
-1.136640325959363338e+02
-3.121704370177143915e+02
6.465943014942862419e+02
-5.704751636612877519e+01
3.401977658564056242e+02
-6.048756637067192514e+02
9.499247847445417392e+02
-1.128409449019657700e+02
-1.161614287811581931e+02
-6.967780340365362690e+02
6.013707437973484957e+02
-4.995812534194986938e+02
1.991924408967159366e+02
2.691685931942998877e+01
-6.565606874918528035e+01
-1.122441284966293722e+02
9.614549043720529653e+00
5.564714287867667508e+02
-2.572574260653453848e+01
5.690515253881187618e+02
-6.843464261658233454e+02
1.664825493267130128e+02
-8.668771804067948779e+02
9.690098804461950976e+02
5.777346320176555849e+01
-4.105901459632924144e+01
-6.154613159918496876e+02
4.069438306142195643e+02
7.407879969151456123e+01
-8.628433451673581089e+01
-1.449015779894705531e+02
-3.108182562323986531e+01
3.095742334183670437e+02
8.822997650886050280e+01
4.992634806469312139e+02
-7.725122052536866235e+00
-4.017348449690541656e+02
-6.455777840008727253e+01
9.536894872591390993e+01
2.157650441023574217e+02
-6.334665173779468432e+02
-2.413030998163570189e+02
5.676738441281826226e+02
2.634395546209394752e+02
-1.602722674313192783e+02
2.834355874445356562e+02
1.599221440138744583e+02
-3.166837838359277271e+02
4.638777057410894855e+01
-4.192871522530373909e+02
3.456028051602203277e+02
-1.982131041174556287e+02
-4.310586995921349285e+01
-5.154635889158953432e+01
2.980217788726309891e+02
7.883228042729524532e+02
2.327993939331712170e+02
-9.504801068207904109e+02
-2.466046782405077238e+02
4.448233365110818340e+02
-2.915496857377968354e+02
-1.158577837525752443e+02
3.557003783523538232e+01
7.021848687952333421e+02
6.727923978662624904e+01
-1.668142402787553067e+02
-5.287934350564405577e+02
-2.654914745685981359e+01
-2.343011031218452160e+02
1.101656154074565620e+03
-4.743974112935347875e+02
1.022778636021792238e+02
-2.324012040033450148e+02
5.631792270956176480e+02
-7.858763923361354387e+01
-1.809657798166770988e+02
-1.746557484498982831e+02
2.075793914004207465e+02
1.819970504940053502e+01
-1.155380364571538848e+03
5.507252924773000586e+02
-1.250461271179002267e+02
1.570021337904287975e+03
-6.218971184220121273e+01
-1.502744941401472829e+02
-3.848795198062745158e+02
5.966835282069118307e+01
-1.462192531333504917e+02
-7.010156914772242089e+02
6.903116857303436404e+01
-3.299983215136509216e+02
1.764931777420842764e+03
-9.012291230501147083e+02
-7.385544990019212719e+01
8.222982325368576539e+00
7.942778064092583463e+02
-1.860716462012275088e+02
-1.355753515443117863e+02
-7.938233281826910570e+01
-3.839174741200318977e+02
2.789084218238394328e+02
-6.426497589144885296e+02
6.317082046997512634e+02
4.181108795619051079e+02
-5.697750200571462642e+00
-4.853647335659005648e+02
-2.653108405179853548e+02
3.528243678647483534e+02
8.397293322107839231e+02
2.767536325047806258e+02
-8.852282474691487550e+02
-1.748569664216262254e+02
7.147427694280488595e+02
-1.217461447226123710e+02
-2.288600245784961089e+02
-1.129004562183009057e+03
6.902706249712109638e+02
6.658573051758386327e+02
1.084174209982899306e+01
-9.047275932714262581e+02
6.133480169384341707e+02
5.248201862650204248e+02
5.347467730260143526e+02
-9.255362646835371265e+01
-4.440466949401659917e+02
-6.305677504820662307e+02
2.392948025719573479e+02
-5.455760054881995984e+02
1.659531486205391957e+02
-2.223694191193197298e+02
8.501327816501558345e+02
-4.120500001736664331e+02
3.881661089512195986e+02
1.930601245185237076e+02
6.583681515784721796e+02
5.020920198285560900e+02
-1.334730568852505144e+02
-2.502461538310616049e+02
-1.045529644351327534e+03
-6.059180381661413861e+01
-8.445836933658267753e+02
-1.098358717020872177e+02
9.519362281195853370e+00
1.208905605270924298e+03
2.876838942625180948e+02
-1.397831690984160389e+02
6.416648868000527273e+02
2.297512231236067919e+02
-5.491885649813282555e+01
-5.613553713273032599e+02
4.946639513780777975e+01
-4.169247884535889170e+02
-9.015005767788200330e+01
-2.086069392242386868e+02
-8.374571035055384982e+01
1.652845800020586751e+02
8.179934419261966241e+02
1.896193811876381972e+02
-4.772257099268435923e+02
1.378530620915814211e+02
-1.370057218839287430e+02
-3.735122773517005612e+01
2.194480111920279342e+01
3.893961310426362274e+02
-2.756244951974929904e+02
3.971476477094403208e+02
-5.288715641511140575e+02
-9.546896859313234529e+01
-4.686562874624473238e+02
3.576364884746803909e+02
2.162038148859092814e+02
1.657705925030157346e+02
4.183396667461435072e+02
-1.186538498569589706e+02
2.969479759391313678e+01
-2.760902397711237768e+02
3.020455576264892557e+02
-1.420433018685125148e+02
9.720402895960656764e+00
-2.585495808738984351e+02
-5.093899660977152166e+01
-3.648444474737309662e+01
-1.622125141252760159e+02
5.716988844384288768e+02
-2.899708386594252261e+02
2.878054841706584739e+02
3.625240940888827623e+01
-6.329861149373468834e+02
1.253293037635916676e+02
3.496308202709579405e+02
2.828952274248255776e+02
2.978114437203881266e+02
3.909508942314714375e+01
-6.978997201533311454e+02
2.036558603382406432e+02
1.422629348576416817e+02
-5.263942785049644044e+02
2.468969867023894835e+02
3.746084464664905340e+02
8.221973302358767342e+02
-9.728631416694856853e+02
-5.195529181999247612e+02
1.570549316503292800e+02
6.485642557385716600e+01
-1.744234643008655894e+02
-9.746924704541985562e+00
1.445671152314245660e+02
4.217261744745240435e+02
7.656100663022731112e+01
-8.414064378011060796e+01
6.273811397563314358e+02
8.751503740343916604e+01
-3.724436639127358717e+02
1.780488647225926400e+02
-7.778920727912768598e+02
-3.240727852848738735e+02
1.295897142553547212e+02
3.354404191747818231e+00
4.980922811186821377e+02
2.432350112354491145e+01
5.723316489436992924e+02
9.791376576950578681e+01
-1.335261484635203715e+02
-6.932174177197188101e+02
5.954124259400639403e+02
-9.999830633414839554e+01
-7.821573791980777912e+01
-1.232973040059046710e+01
1.097161307802405972e+01
-8.103635819502858340e+02
-5.646396152624918159e+02
5.153892771739863292e+02
3.360621897754797942e+02
2.566816676809428941e+02
1.065544353396712040e+03
-8.467028840346716834e+01
-1.252906925014398496e+02
6.875870535553173113e+01
-3.273924759535578914e+02
1.263722551068142224e+02
-2.158995885942983364e+02
-4.826970683340077812e+02
-6.263976083364507019e+01
5.439467805126748772e+02
-9.777292996132489407e+02
1.616795054732141921e+02
3.158903577570588368e+02
1.224374656148719851e+03
4.354792290340036942e+01
-6.700361961469112657e+02
-4.651359837978233145e+02
1.623551224222327960e+02
-1.210737475000301515e+02
7.767234087868634163e+01
1.066082786920000274e+02
3.669606752670017613e+02
-2.663187162069187366e+02
-2.015913099684795782e+02
-3.176356816653675992e+02
9.987209089911338822e+01
4.886228634633552588e+02
7.010987459606633365e+02
-3.137585402569798703e+02
3.354873554293737925e+01
8.109916093237796986e+01
-6.764798693457969421e+02
8.139631713997479778e+01
3.673317415028540722e+02
-2.744175923713467569e+02
3.239885274564198880e+01
-2.370365187672111915e+02
3.210857825688309504e+02
-4.600174942367390827e+02
1.815902823480037966e+02
-9.413806087994289840e+01
6.327449220801865977e+02
-1.018646544867436887e+01
-6.936914390105631867e+01
-4.314424647641543515e+02
-3.778115661855808582e+01
3.196453865984120739e+02
-1.539313496452171250e+02
6.507581345696961534e+02
-5.038771841616796792e+02
-2.076460081794684527e+02
-2.412818474637597532e+01
8.812461052209464185e+01
8.046326492798688150e+02
2.207171644065817304e+02
-6.884415831524755731e+02
-3.108256163809202235e+02
6.592668357657667002e+02
-8.172792164829967305e+02
-3.268055638089159629e+02
-5.270123935812166849e+01
6.165590515908955922e+02
4.237305296575509601e+02
-3.827949145329748148e+02
-1.082923292640403474e+02
4.362975362561992938e+02
2.188148294757453414e+02
-3.517760799068677215e+02
1.765519187936665162e+02
1.685927550241277117e+02
-3.385238695871960317e+02
-6.735360923311101260e+02
3.227992913604153955e+02
1.639948362476737884e+02
2.810636146962158932e+02
-2.558355020064979612e-01
7.468136959427792476e+01
-2.578500878803776573e+02
5.656524973205601725e+01
3.672117290228783304e+01
4.560818131898403749e+02
6.056200361403637089e+01
-3.201679556867594556e+02
1.440070975852433435e+02
-5.682321005142783861e+02
-3.764891700331523339e+02
-1.267407091503280583e+02
4.037360833865578797e+02
2.451504939664728795e+02
1.358722224401053325e+02
3.215459149223116810e+02
1.938097460675581090e+02
9.240108630788445510e+01
-4.660185168701342491e+02
-1.399112401537712174e+02
-1.171432018835365483e+02
3.283423501485859788e+02
-3.863459048751071236e+02
-1.638828249583622920e+01
4.475802117988812938e+02
-1.599115900161769446e+02
1.350379353109723581e+02
2.124602650755156219e+01
5.835970243215572850e+01
-2.037135928029451293e+02
3.025988588596275690e+02
-4.835609856327438365e+02
-1.405647444585572430e+02
-2.984398256288048970e+02
8.223834617393609960e+02
-5.992143101781871195e+01
-1.621104521123689324e+01
1.328510037390316256e+00
1.097879242700689133e+02
-1.335126128722582735e+02
6.741476450961488354e+01
-4.540891876516610068e+02
8.953216578226243882e+01
6.808529155848643768e+02
-3.676439638976405604e+02
-4.550096011752161473e+01
-2.514293761920985162e+02
-2.235914190716385974e-01
4.730804239735917918e+02
4.739989574024625085e+02
-1.765346659470584427e+02
-1.825452923307816491e+02
-1.653218461880889265e+02
4.697154224675546175e+01
-1.900352068788505733e+02
-6.828109825125119414e+02
9.057383617894032568e+01
4.268763496492949230e+02
-2.474399212633226739e+02
1.906050843634487251e+02
6.934577436544676630e+02
1.142007357345896281e+02
-2.317142782369497809e+02
1.235446301567654075e+02
9.779282994069956203e+01
-4.708848610566964794e+02
1.121665408061546998e+01
-1.559809248084489184e+02
-1.356568338116425991e+02
2.367167057329688475e+02
-1.347711538700097549e+02
-1.681571114840142513e+02
2.417628196730793206e+02
6.090756399307462061e+02
-1.333310489532289580e+02
3.101091377998180292e+02
-4.679935180876628920e+01
-6.566389378085310682e+02
-7.296301556951624434e+01
7.337626730189984414e+01
6.436342044955983965e+01
-8.299953518939173591e+02
5.618924052941190439e+02
-4.214927719931036165e+01
4.065405788771905122e+02
-1.710920721310792771e+02
2.281560679406241547e+02
5.244771488088359774e+02
1.112642071146851350e+02
-2.308811331327474363e+02
-3.855799981816974764e+02
-1.517069278712357061e+02
-1.656161573765633648e+02
2.592455410815078949e+02
-1.493063853219361476e+02
-5.361501542449935869e+02
6.577082443939043515e+02
1.999069867978677166e+02
4.982075337049783457e+02
-6.968094663360908498e+02
-2.900040301160840954e+02
2.824530883991640167e+02
2.867636895479477630e+02
-2.128736445101001777e+02
-4.220287699269949258e+02
8.454697913950699331e+02
-3.790487661044056722e+02
-4.623031398850048390e+02
-3.180076096613215668e+02
6.929516845244454544e+02
1.246061588913893559e+02
1.735835158074867763e+02
4.165874844544497364e+02
-5.851005079554461190e+02
1.283356762712390946e+02
-4.053632400550847592e+02
1.748599758399787873e+01
1.581729809328016358e+02
1.875304954611537482e+02
-1.347556814578913134e+02
-1.489994229430896269e+02
1.942687807656363077e+02
-6.035149715677769109e+02
3.410872775205615994e+02
4.299140247529554699e+02
2.821045129421191859e+02
-4.602544596126264196e+02
-1.371483259009313116e+01
-6.099156749659691457e+01
-3.372248617437327312e+02
4.340075246983624879e+02
-3.662934877958045377e+01
1.922277963663047728e+01
-2.953631485870172355e+02
1.384672661175916630e+02
-5.955963775571621710e+01
3.191158913396442358e+02
-5.731550589390855777e+01
4.214378529494670715e+02
-4.894771726304127242e+02
1.330619862695118911e+02
6.588017143700072609e+01
1.525537898561308623e+02
-3.635987532559064448e+02
-3.995972744240473844e+02
-2.054364284275185639e+02
7.802867639334884586e+01
6.865573295610001878e+02
-3.776989797439547942e+02
5.035354708761396409e+02
-9.406889520127681692e+01
6.828197436126431512e+02
-9.860860926470003278e+02
-3.717776540490758919e+01
5.032333959808636905e+02
-5.886963693666959330e+01
-3.298129868787604835e+01
-3.819401047720966176e+02
-3.323522367111449967e+02
-4.071227740030353175e+02
7.989031977368764501e+02
-3.798797143494343231e+02
4.158717332252227266e+02
5.479400791225810963e+02
4.738801957551414716e+02
-4.551678232265582835e+01
-4.774262493696770093e+02
-5.061557478249931137e+02
-2.521727629708766756e+02
2.902293115137917994e+02
-8.262793134665997741e+01
-9.945439139660850287e+02
1.186868217658502687e+02
7.234585715919149607e+02
1.790693466223007420e+02
5.629068010880027941e+02
1.315487533934403928e+02
3.331186987774117370e+02
9.306979688248536320e+01
1.227366997933718125e+02
-1.208581962406455887e+03
-3.058882885766314530e+02
-4.768172771709243989e+02
-3.040819261020020292e+01
1.360669347084684375e+02
-3.949161320608988603e+02
1.426369895290687282e+03
-6.297455712648732629e+01
7.515624668466646199e+02
-6.767394880351084794e+02
7.949884510227193459e+02
-1.376847391139783667e+02
-4.017178674281751682e+00
-8.571009164830632017e+02
-7.381254911708192594e+02
-1.120249425041935325e+02
-6.602415017956675456e+02
4.496723638549987641e+02
-6.575600962472069000e+01
1.706127399649126573e+03
-2.170966344322838779e+02
1.510830323067231689e+02
8.438579588310057034e+02
-1.635658441502138771e+02
-3.523880634881365381e+02
-3.442911264644439484e+02
-4.887553098195081702e+02
-1.375888116643669719e+03
2.451716814257166561e+02
-2.681129748282531295e+02
5.973448250129650887e+02
1.078187031290912330e+02
6.020355717499780894e+02
7.673179042503697929e+02
7.948266395602540797e+02
7.023866089247128457e+02
-1.233027146966923738e+03
2.924277899590251195e+02
-1.044190454820962714e+03
-8.158389061168668377e+02
-1.545280788863995440e+03
1.458786473387864135e+03
-1.527443010753771659e+03
1.854132984528194811e+03
7.695855368628804172e+02
7.661075885968975854e+02
-2.378466871239721172e+02
-4.921988465111245858e+01
8.946745452291845595e+02
-1.147622021448013584e+03
-2.393289105149786451e+02
-1.115113688967064945e+03
2.044430724120657260e+03
-1.585708229934044994e+03
-2.393864988666364866e+02
-1.983701026126091847e+03
1.855604243654148604e+03
8.187054059929226923e+02
-1.376779917573591774e+03
6.800733168896949792e+02
2.513771685141865873e+03
2.011289726484272478e+03
-1.568221107181290336e+03
-2.118847426055081087e+03
8.451367704338082376e+02
1.037731491249218152e+00
-3.025744416305822597e+03
-8.876988091896039350e+02
7.606731075501394344e+02
9.615069546711595194e+01
1.915037533570119649e+03
1.772127409864342553e+03
1.150191248127308228e+02
4.654955127607153372e+03
1.772417738124059099e+02
-8.917009707845909361e+02
-5.211688921635379302e+03
-3.203547649138081397e+03
-1.538340620260870082e+03
3.058429853104394169e+03
4.805739358744409401e+03
-1.432423661573391428e+03
-1.232108621494042836e+03
-3.791032479455566317e+00
-2.864838022367871417e+02
-2.721261521862842983e+03
4.615466954669903316e+03
-2.041606649514448691e+03
-1.157673054521001404e+03
3.340784627009998985e+03
-1.604703470858078845e+03
-7.631337776988730184e+02
7.758663500076850141e+02
-2.064071542167622738e+03
3.175333504678095778e+03
-2.445444624907711386e+03
3.906879867283950261e+03
2.099997124186607380e+03
1.395908247322002580e+03
3.783067418444891246e+03
3.102610484886113045e+04
3.610494722146627282e+03
1.218404966720571792e+03
1.836340820387139047e+03
3.825437613446154955e+03
-2.835568333365068156e+03
2.782991906931775702e+03
-2.649926500397367818e+03
4.857752734766541494e+02
-7.272128399676073514e+02
-9.680337647981561986e+02
3.421784088802966835e+03
-1.224206179549078797e+03
-2.315773915908235722e+03
4.451141465463610075e+03
-2.382812238963816526e+03
-4.187184185650846189e+02
-1.950604892896330398e+02
-1.127710047786907580e+03
-6.732022774370794878e+02
5.185064972071766533e+03
3.835832462025108271e+03
-9.769116073500375705e+02
-2.415728128394271607e+03
-4.465513400972023192e+03
-1.370357620536780360e+03
-8.251561978888337308e+02
2.902730745207821201e+03
-3.266531550961371408e+02
-2.780256060415896258e+01
1.048311798387115459e+03
-4.843772983180530787e+02
2.231363751902218155e+03
4.312855934883360760e+02
-1.547269619460679678e+03
3.033513735246535816e+02
7.997388615535585359e+02
-1.087845454565410819e+03
-2.081984237237255911e+03
2.128943405176911256e+03
1.154568505407630028e+03
6.885003602032401204e+02
-2.926593808013096805e+03
1.251635895657763740e+03
1.679946569651604250e+03
-1.134409835641490872e+03
-1.166279179234392586e+03
-6.217891859406380490e+02
2.962374389858322502e+03
-4.718512256848117659e+02
-6.711477972851954519e+02
-1.442896028100981312e+03
1.438336297942649935e+02
2.274190638101526076e+02
1.300275562745329410e+02
4.254760095657293277e+02
-4.519266462245726643e+02
5.882107793479909787e+02
-1.353028482629733389e+03
2.607095255483333403e+03
4.483444338815136234e+02
-9.633644669353338941e+01
-8.818178640505112753e+01
5.521973970539976335e+02
-5.822960135111769375e+01
-4.213700773185914272e+01
-7.924668796204897490e+02
-1.170677924679645912e+03
2.635409201988052814e+02
-7.298342456693386566e+02
-5.311621485691603084e+02
-1.464221872248082946e+03
7.187976024317807742e+02
-3.594255040482335062e+01
7.436096430595074480e+02
-7.534972389809537390e+02
8.128697287224872525e+02
5.732025056612270646e+02
1.615622519907662991e+03
-5.813977500186865655e+02
1.383251764578293717e+02
1.619346823402972404e+03
-2.025822485181774368e+02
-2.497634893564228946e+02
-1.050540968692265778e+03
5.119392313131555738e+02
-1.050959172079069958e+03
-5.224639652701077921e+02
-1.466419940287061365e+02
1.304370870559834202e+03
-1.445970345024432504e+02
-1.322162719311409319e+03
2.586310469596234043e+02
1.425432239850098881e+02
3.792020856442542254e+02
-1.227535278789380754e+03
-7.060146245438946835e+02
5.957634041214571141e+01
4.288102612832961995e+02
5.467103930529896161e+02
-2.682300957377851205e+02
1.194311389081559810e+03
5.657561137149433534e+02
5.283070565155954910e+02
8.844589100491620570e+01
3.100798147611676541e+02
-2.830078774207874517e+02
-1.013883686366571339e+02
2.724574894416119832e+02
-9.199822405382550414e+02
-2.518961175312678904e+02
-3.520468450423526292e+02
5.682827170767902203e+01
-2.805094455459739606e+02
-6.132298297370131195e+02
-3.206566585289497198e+02
1.654031866730701665e+02
7.239366186604921722e+02
-3.297618721330693461e+02
-7.927105545263883641e+02
1.262339554163680901e+02
1.065217544172517819e+03
6.293792201273138289e+02
-5.838922027315177274e+02
-7.153873989788971244e+01
8.099823319480253758e+02
9.607965455599108964e+02
-5.546888693936990649e+02
-1.133822020010061493e+02
4.145454950228482289e+02
-4.080481101219109519e+02
-3.127803987657499079e+02
-1.718984572356901026e+02
3.206083498184718650e+01
-2.572943696574284331e+02
-4.335427016695990119e+02
-9.821627291832838580e+01
3.903785769920032180e+02
-1.727209220756110710e+02
-6.139184042439055702e+02
1.101454369874011974e+01
7.410950694801076111e+01
1.990577485340860733e+02
-2.961771032160610062e+01
6.524464601979485678e+01
2.771826578261067766e+02
2.043221796757378570e+02
6.102000152704908942e+01
9.819615352760433780e+01
2.238251911124526714e+02
-1.016006702375797488e+01
-9.052312604488906800e+01
-5.629504685151877297e+00
2.391988309539887680e+01
-8.525970668935546826e+01
-1.007256712487345283e+02
-7.322715036222041896e+00
-2.085674634484982093e+01
4.798044063831706296e+01
4.126523065075166841e+01
6.764854843937558826e+01
6.624782658375643507e+01
0.000000000000000000e+00
