-3.952168820381010583e+00
-2.560084860354512060e+01
-4.779412260034430915e+01
-1.636074857853088815e+01
2.614651470582228754e+01
7.153893651604265358e+01
7.633448149907782465e+01
9.809857822184616438e+00
-3.493814430605060295e+01
2.395457644506429418e+01
6.154198806636680175e+00
-4.338118891288786472e+01
-4.065069027960061021e+01
-4.214249462069214758e+01
-6.337185323375154411e+01
-7.255898408045419856e+00
5.822043238783854946e+01
-4.003063846917937241e+01
1.308944342815754851e+02
2.155267580932046485e+02
-2.804922966456599198e+01
-1.830002210074835318e+02
1.472974978237741936e+02
-6.254109734466180726e+01
-2.437868122390543846e+01
-1.613085317474316014e+02
1.591820616726016624e+01
1.079671968141454386e+01
1.188384199503295235e+02
1.698520526394498802e+02
2.921584250023361307e+01
1.659126358375976338e+02
-3.856510521479742692e+01
-2.194896403252348023e+02
-1.055749273059061153e+02
5.143792566334556113e+02
-9.300351275603568979e+01
4.304435352923570690e+01
-2.111868174419095396e+02
3.233462787522557846e+01
4.221759124751426384e+01
3.491786166775365245e+02
1.624525962887580022e+01
-4.196700677711165781e+02
6.963855501981403222e+02
1.632804684619446789e+02
-8.032570366183057331e+01
-7.051024943524068931e+02
4.409290831100264541e+02
-4.766734779940946396e+02
2.867494122612286560e+02
1.519960413492329963e+02
-1.457920864018706766e+02
-2.656744751941351979e+02
-7.564196294824270694e+01
7.915146378176630151e+02
-1.373540008963706214e+02
5.137011198313854266e+02
-1.428559334292592098e+02
-4.201126380668700904e+02
-7.344010720331569928e+02
7.742591406921532098e+02
5.910864809233603410e+02
-8.518094814748940280e+02
4.552860868139427453e+01
2.723465767869851106e+02
2.692492662565328487e+02
-3.761425842587483999e+02
7.293299197807306200e+01
-3.208107937422720966e+02
3.917337828688191621e+02
2.497633111822745775e+02
1.311301519035813499e+02
3.158614512393043015e+02
-2.854690219012405805e+02
-3.325750775120641265e+02
2.623065888693759007e+01
7.443252266953049912e+02
-1.258966071086538250e+03
-1.764829886693604521e+01
3.452305835615679825e+02
9.972770466640737368e+02
-9.556198409338754800e+02
8.225866847815600522e+02
-3.880982330412075498e+02
2.739072019916744125e+02
-2.694271232296254652e+02
-3.264925344386381312e+02
1.143622139670202671e+02
-1.015562587852545846e+02
4.563611813934051042e+02
-7.440259203321464838e+02
8.299155339692604230e+02
1.137649731773424264e+02
1.063179319925680147e+03
-1.505804189975030113e+03
1.580849154363543505e+02
-7.460521515938928871e+00
-1.345790259381151373e+02
-3.194707709900422969e+02
4.668560041292578831e+02
5.326293923303951487e+02
-6.995199215247099289e+01
5.937003875041074252e+01
-5.537456706740457548e+02
-1.055025258863043689e+02
-3.340610562102043559e+02
1.206360063372974992e+03
-7.475765312446131929e+02
6.614090520328959428e+02
-4.874849522689765990e+02
5.480889829802204076e+02
-4.553411577977599336e+02
6.606209968803617585e+02
-8.862995584209741082e+02
4.463437149177220817e+02
-7.569545929579521726e+01
-1.104718852207921373e+03
6.095126610828463072e+02
1.399651142128275012e+02
1.318317130297046560e+03
-4.106891307365962689e+02
2.562499168636586546e+02
-7.100932233574852717e+02
2.210235789087009550e+02
-7.400946522226291791e+01
-5.423710134854463831e+02
-2.807836049016419793e+02
1.558820006975019510e+02
1.465155004306040155e+03
-9.200318410617630889e+02
-3.649370758903080514e+02
6.503303034354569263e+02
1.469996084667422735e+02
3.297191661421621802e+02
-4.404025070528174410e+02
6.747041433131829535e+01
-5.038051329240211658e+02
3.338212192600545336e+02
-4.027845733663295391e+02
1.742332806744478262e+02
9.625958941960147968e+02
-7.525125945438048802e+02
4.442468245291567541e+02
-1.141887609592096624e+03
1.023002388938656850e+03
1.823882070463993728e+02
8.415030321726317197e+02
-1.052198186856876873e+03
-2.829517664977516915e+02
6.915771592705684725e+02
-1.057673387436305177e+02
1.775195894881032928e+02
-1.729835103828118235e+03
1.240496204633462867e+03
3.689600065576238421e+02
1.692560067412765648e+02
-1.334114870403368741e+03
1.279553617648682120e+03
-2.381672926970523463e+00
4.425626446104682827e+02
-3.340032882793946101e+01
1.518741537088466487e+01
-8.089210607099287245e+02
4.180887869950270215e+02
-1.014987835414018718e+03
2.150152748083354481e+02
2.272323417051658225e+02
4.225936746168092100e+02
-5.426073914081966905e+02
6.034466050474632084e+02
6.635686612874897037e+02
1.215172413585529121e+01
7.504506410791458393e+02
-2.012931716417657242e+02
-2.790082752679674627e+02
-1.023477185413360303e+03
2.182125775491450952e+02
-1.116144148372067775e+03
-1.773989932501024214e+02
2.734811366546157956e+02
1.142414337829834722e+03
1.343045871678354786e+02
-8.234306270710238351e+00
1.756529244148213138e+02
7.318195385417989201e+02
-8.263591146767141993e+01
-5.071174532580548089e+02
-2.474466171885480890e+02
-1.967226607267046461e+02
5.997266141599419598e+01
-5.575329973167597473e+02
1.901163034734237272e+02
-1.831512265419914058e+02
1.239251328974922217e+03
-3.374742879345504321e+02
1.263648096848013580e+02
-3.003227645823290004e+02
2.251388376788425916e+01
-1.226435635508301090e+02
2.839744458406213994e+02
4.011805360538084528e+02
-6.318087007162423561e+02
6.210368010679048894e+02
-6.687791340676453729e+02
-3.224938060152034325e+01
-4.343067363832632282e+02
4.075077376271477192e+02
6.778146642006723255e+01
4.395921494995677108e+02
1.826997303197166787e+02
-2.605181100792538018e+02
1.691311477302320441e+02
-2.931969386457272719e+01
-1.911998298141716361e+02
4.666096211517127585e+02
-1.962004874451432102e+02
-3.373515663361150700e+02
-3.706740984093236762e+02
4.254905058303918395e+02
-4.012221580214240362e+02
4.917960867065664843e+02
-1.858030668089350002e+01
-5.165148425189003234e+01
4.275867066012441455e+02
-5.812477992013351695e+02
5.037485241828487403e+01
-2.171112045140068858e+02
8.712048464642761019e+02
-1.246921400460274754e+01
2.033681150225510805e+02
-6.974155038896543601e+02
3.215667121688628640e+02
-2.020312108121021879e+02
-1.583361661395880731e+02
3.073249055580001965e+01
3.867296989666585887e+02
7.190989791801595175e+02
-7.596652811762932060e+02
-4.873711730315953901e+02
3.981465138651373081e+00
2.886874098682797012e+02
-7.432599219036244449e+02
6.386512593240196338e+02
-1.650399299240469873e+02
7.763223045652237033e+02
-6.939698209019195474e+02
4.819255734993477631e+02
5.572297760814858520e+02
2.478929929168899378e+02
-7.260610080107088606e+02
1.870773538223315882e+02
-3.083031510350425606e+02
-7.261115468506111483e+02
4.047911837375561390e+02
-4.109096054168216483e+02
6.743563869045703996e+02
1.192091420832684889e+01
8.463227295285860237e+02
-2.593472843632506510e+02
8.023538466380327350e+01
-7.008434033343563669e+02
5.441172299585256269e+02
-1.954848669916507902e+02
2.123076821647639747e+02
-5.231644824309360047e+02
2.252299073570078747e+02
-5.612743138144467139e+02
-4.907672527611009627e+02
1.241497299132516190e+02
6.334095637745076601e+02
2.625436209623733248e+02
5.020731104008361854e+02
5.235192268034664949e+02
-5.260558341632425936e+02
4.249521649167845680e+02
-5.412591266409607442e+02
5.462591831062254641e+02
-7.805256325229817094e+02
-1.494986718241311223e+02
-2.738650922552734528e+02
4.667329434612566956e+02
-6.473066453178145139e+02
1.090471933499258625e+02
1.510123833161073890e+02
1.017961768355893810e+03
6.602764676483893709e+02
-1.095093237559796762e+03
-4.535980067676345016e+02
1.525774083080125934e+02
6.145051838536611655e+01
-1.965347244964223989e+02
4.131157251489784130e+02
2.365476636765983187e+02
-1.100071702579168686e+02
-5.229630226525684975e+02
-2.433470253990307413e+02
2.885685930564175123e+02
4.081924863568509636e+02
6.380179535123588721e+02
-5.385618129332841590e+02
4.633030353237653003e+02
-9.406621223050419189e+01
-4.929450179177090376e+02
-4.376067466926439238e+02
9.239013390902071023e+02
-2.435991722797209889e+02
-2.743680609433895370e+02
-3.557626088691117729e+02
3.639822959753912528e+02
-1.954090196270047670e+02
-2.092654635412620223e+02
4.464334769572300274e+02
3.810377151083413878e+02
-1.399319248201071844e+02
1.241471535780076465e+02
-4.140083946420107850e+02
-2.486751436961662307e+02
2.139327089671103010e+02
2.233826462022690862e+02
3.733418177343095294e+02
-6.586820112381289505e+01
-5.048245217345023548e+02
-4.371533352495861209e+02
4.649502747568249674e+02
9.352047264444508983e+02
1.172172340950681360e+02
-9.981129574338488055e+02
2.301968464250105342e+02
4.302543480750164235e+02
-7.678236380122834817e+02
-2.225166788287749569e+02
-3.557275297577392053e+02
5.342442101873822367e+02
6.076419694793004282e+02
-2.625726035834040886e+02
-4.189463730795675360e+02
7.819177557770899512e+02
1.468323142282001754e+02
-3.836787419620673063e+02
2.166218579120113077e+02
2.566458445321453041e+01
-3.272202384281752074e+02
-5.288578798508735872e+02
3.301964417764118593e+02
5.512304497044505069e+01
1.423106776239196165e+02
1.508157049669443097e+02
8.040875411193927391e+01
-2.902388514628988219e+02
1.924864846309572783e+02
-3.427579683627104146e+01
4.231557171593542535e+02
-1.204065567498242757e+02
4.625265355913738574e+01
-2.326136063054104142e+01
-5.590572368373769905e+02
-4.642986761587614524e+02
-1.140242262244422022e+01
3.322592742620861372e+02
1.907083298341004820e+02
2.978543963813079927e+02
-1.621231554309558760e+02
7.477059096046515378e+02
1.329562514222659786e+02
-6.433795743219856149e+02
-1.980583558384853973e+02
1.105019039627344739e+02
8.049878923128468955e+01
-4.929246200062658545e+02
2.099155357133827806e+02
1.921439275186496047e+02
-7.211515048077305323e+01
4.209375508150026235e+02
-6.486178076381693813e+01
-3.880846517106686377e+01
-1.430294720023871946e+02
1.863228399679638017e+02
-6.390965098652036431e+02
2.481981849388278363e+02
-2.922387833778212780e+02
2.299180798850385656e+02
6.248540666175449587e+02
-1.672758592465240497e+02
-1.064952231805557403e+02
-2.957747748830910837e+02
2.632265609213862376e+02
1.025156383026519507e+02
-3.409321944752794025e+02
7.855589259309533645e+01
2.370468006286508853e+02
1.533770912304462968e+02
-3.369216296943974953e+02
6.405713082604891895e+01
-5.688202590149206799e+02
9.227718464403731105e+02
1.929957653154918376e+02
-6.317045945781053717e+01
-1.568274315833420474e+01
-3.301901076935208152e+02
1.064986583407016241e+02
-3.226829786051341671e+02
-2.653955296608465915e+02
-2.676374411325903111e+02
4.020633766984768158e+02
-3.261997910931488605e+02
5.952389703961302985e+02
3.399576084950210770e+02
4.902337548661350297e+01
-2.967783431874636335e+00
1.120560689007369319e+02
1.104664978886559084e+02
-4.070855530722559479e+02
-2.137142136248643283e+02
-2.197001183621835878e+02
1.038176356129430644e+02
1.132064092372196740e+02
-8.016106704911777570e+00
-9.787668111040230201e+01
1.325946235142126852e+02
3.415358727152329266e+02
1.988562878003532148e+02
2.726954688448635693e+02
-5.162590240844244818e+02
-1.451578210598176497e+02
2.376248196567061655e+01
-9.632095360885693935e+01
-2.616072836680454117e+01
-5.311562715102976426e+02
1.464751135331983107e+02
-7.497025744701792860e+01
7.749507184193554394e+02
-5.364375554549574190e+02
7.050634359148241401e+02
3.880647519158304704e+01
4.679670581035828718e+02
-5.106964327999839384e+02
9.789780205570663441e+01
-7.208292236412363536e+02
-2.419336276841023619e+02
8.305999035144782283e+02
-4.431216515457794003e+02
-4.107739359218905975e+02
2.363869463647095301e+02
9.463030403195278950e+02
-2.129322782536224850e+02
-2.312575283856567125e+02
-7.067793057132025751e+02
5.567113150309920684e+02
2.740451984369431102e+02
-2.795138050839402126e+02
-2.145001813876994561e+02
4.840779853111301918e+02
-1.638097537572851934e+02
-5.726047191855279834e+02
3.176962336489700078e+01
4.138029285591487678e+02
1.853826317483278956e+02
-1.629986441873271019e+02
6.279100473563933065e+02
-2.946441444981004452e+02
-2.546632320259801929e+01
-6.364933918035375200e+02
2.642045190057876880e+02
2.311631173396037298e+02
4.616290355793765343e+00
-2.401548291763040766e+02
1.163421196577999694e+01
8.864409277493244588e+00
-2.747614574162457188e+02
4.057056311208495458e+02
6.244991856876209368e+01
2.870783616480144360e+02
-4.405233457693064736e+01
-4.431976435719901701e+02
-8.601192669658814793e+01
-1.635655960361364691e+02
3.490053563934789054e+02
1.721582004058226403e+02
9.339019829461025779e+01
-3.351388328115556305e+02
-4.173991980763145193e+02
6.673755321923126758e+02
-3.087142679421658045e+02
3.827870702986489846e+02
-1.632075600255602765e+01
1.697046248622738460e+02
-5.085981555724013674e+02
5.511394228296304618e+02
7.929953307270318419e+01
-8.527743896505451175e+02
2.023773531411322892e+02
-7.447188599929245356e+02
8.006119939813222572e+02
-1.684157287561036185e+02
6.443124332008717374e+02
-6.521897161144522670e+02
7.561186393152560186e+02
1.222145262077421819e+02
-4.641586121809646670e+02
-3.766913420231002192e+02
4.034888813220992461e+02
3.489648825546512967e+02
-4.845934372886227948e+02
1.614134536423315183e+02
-9.458705443875755918e+02
3.156503269131972047e+02
4.421449805207660688e+01
3.033231575085128497e+02
-2.682743414338403909e+02
1.037586816563667526e+03
2.060378641500184216e+01
4.366496538690830675e+02
-8.330121186612882411e+02
-2.205338002853458192e+02
-1.989522102375423742e+02
-4.537266765144845238e+01
2.162576212178151991e+02
-9.573130513304589613e+02
3.396846502243307953e+01
-8.841549651092536521e+01
1.308588515607630598e+03
4.705268442936755946e+01
5.643778734312533061e+02
-2.403975589058356945e+02
5.047203388895425178e+02
-2.754157328084649521e+02
-8.067682288506662189e+02
-4.863991910886311416e+02
-6.801006971747049192e+02
4.539523074758351413e+02
-3.874416779610515960e+01
-4.247554459845348447e+02
1.232768456118706126e+03
2.921449230137392306e+02
6.708785264726354569e+01
-2.162571698946844663e+02
1.000948840588885332e+03
-3.441629937114606719e+02
-1.966375959665453195e+02
-4.335893165903707995e+02
-8.505795501908336291e+02
-1.191507098540120069e+02
-9.511945507521379568e+02
5.909144508028301743e+02
-6.099230937885050707e+01
1.878808780300480294e+03
-4.284751193360842194e+02
6.607129021645801004e+01
1.084242004930723624e+03
-2.009884040800711773e+02
-2.902563993089252676e+02
-5.686125323819311461e+02
-2.368920901046144820e+02
-1.619164925013073798e+03
4.742424235584544476e+02
-3.228385856979717801e+02
4.866150743332827346e+02
1.385311324060358551e+01
6.567612175342178489e+02
1.110474540706731887e+03
5.318237665796700639e+02
4.945583135478108829e+02
-8.681405042095021827e+02
6.615654658667784815e+01
-1.021549519515408633e+03
-7.833462176362304490e+02
-1.165593124073493073e+03
9.867209018957958051e+02
-1.290183193957469484e+03
1.612240528710377021e+03
6.945454881151379141e+02
1.050082588095006713e+03
-5.072381323690626118e+02
1.672720034776950229e+02
8.081613432071235366e+02
-5.516557540164440070e+02
-1.147551842759607780e+03
-7.180151164307940235e+02
2.139571295411676601e+03
-1.706953708954330068e+03
-5.029149679079987436e+02
-1.661729387074444503e+03
1.789602828557433213e+03
7.535993790207648999e+02
-1.008279041260445979e+03
2.602799866317043893e+02
2.503416508520438128e+03
2.078114688181071415e+03
-1.455616014631317057e+03
-2.208757710210609730e+03
1.093362004912953580e+03
-2.320441294433660744e+02
-3.056058041517679158e+03
-8.684874022997209977e+02
1.025562178816222968e+03
-4.261044029325906877e+02
2.111392623959286084e+03
1.879869138874449391e+03
2.520294700120578000e+02
4.522663207676539059e+03
1.360679311326331913e+02
-9.676716318703186062e+02
-5.024929392368563640e+03
-3.148169866102335163e+03
-1.681591612970633378e+03
2.943819687517729108e+03
4.810092104212946651e+03
-1.207492257178997079e+03
-1.373243747134259593e+03
-9.990662713544563189e+01
-2.132652472601299962e+02
-2.355354522129052384e+03
4.090799959373008733e+03
-1.515375084539883119e+03
-1.806500275949020534e+03
3.790125039095026750e+03
-2.021006661792610203e+03
-2.343188238148444924e+01
1.358206194352696912e+02
-1.908812109618336308e+03
3.374250893593068668e+03
-2.769191328464286471e+03
4.361102581599694531e+03
1.471028078570908519e+03
2.004012765754672046e+03
2.793628279372077031e+03
3.258598990591613256e+04
2.424050760040368004e+03
1.832439281043200481e+03
1.485917618471278047e+03
4.049641732188797505e+03
-3.248295510313316299e+03
2.912755387167792833e+03
-2.198812161394494979e+03
-2.500366474703986910e+02
2.165692614617682068e+02
-1.737143466819459036e+03
4.031408965226259170e+03
-2.081813690733009935e+03
-1.402658837406819430e+03
3.658852389604115615e+03
-1.766832346333005944e+03
-7.005262314029002937e+02
-1.514102822309545218e+02
-1.121123917543209700e+03
-5.941630636908886345e+02
5.160825121297410078e+03
3.489284453823765034e+03
-3.085228844157152253e+02
-3.177778558747342231e+03
-3.899345763193917264e+03
-1.810173094502608592e+03
-8.089712865055061286e+01
2.135248135806747086e+03
-7.414687083779503496e+01
-1.811126668890290858e+01
1.358540595589219947e+03
-7.948180952899838303e+02
1.924715797441068844e+03
9.155683489054571282e+02
-1.849524338178277731e+03
6.876880008090104184e+02
2.809598092749325247e+02
-7.177001925040043488e+02
-2.168457876271855184e+03
2.322753830077162547e+03
9.698133385251195477e+02
4.560058413923665057e+02
-2.564322335241700330e+03
9.239454337092370224e+02
1.785645605303535376e+03
-8.062705493641935846e+02
-1.289537636773555960e+03
-9.735385641822371099e+02
3.155080701285678970e+03
-1.545380137803450395e+02
-1.399181058860287749e+03
-9.753480368720444176e+02
1.241323753142410169e+02
4.523222203419701941e+02
4.629521915698941825e+01
2.729165508090861749e+02
-5.597615047187878190e+02
4.792035671849984055e+02
-7.692656830167858288e+02
1.906300808259385349e+03
7.629730306988981283e+02
-8.252071036216737809e+01
7.404673798545860564e+01
3.450878543179754274e+02
2.874498239082380451e+02
-4.219452917138058865e+02
-1.000132214444065767e+03
-6.981780104825791113e+02
1.120269935167148105e+02
-7.504063007013116930e+02
-6.379099606521847363e+02
-1.202061191575714702e+03
5.037890027690294801e+02
-2.271202458318633433e+00
6.109889638555775946e+02
-5.392500796874375055e+02
7.476813662156550890e+02
7.350398425000671523e+02
1.414444562245179895e+03
-5.179265540429900057e+02
1.708410358329551855e+02
1.527706621631353983e+03
-1.222864986816798307e+02
-3.711339278364158645e+02
-8.695773718341998801e+02
2.080560435935888677e+02
-8.905617123785583544e+02
-4.462971792890625125e+02
-5.283790002958501475e+01
1.084783744381232736e+03
1.478124067084496573e+01
-1.081864142069474383e+03
-2.381144339408857036e+02
4.048524587854586230e+02
2.090388127076360831e+02
-1.282156509470482888e+03
-6.519288001803176940e+02
2.998042746104631533e+02
3.687336514871809641e+02
3.485175214939379771e+02
1.059570574810543633e+02
7.089612430454803871e+02
9.157358674324431149e+02
4.378969018437712748e+02
2.476318164043851056e+01
1.162251761460405532e+02
8.069770137481999939e+01
8.655141687758100488e+01
-2.757126144360041735e+02
-6.610989186428602125e+02
-4.950246090899195792e+02
-1.494514839071447909e+02
1.401520220656584570e+02
-3.663345592206342758e+02
-6.977586017452230180e+02
-4.001513560922309409e+01
2.119711771655450434e+02
2.905601773151428802e+02
-2.254322070677278873e+02
-7.154298717609605092e+02
2.964841762130859024e+02
9.233137553683269516e+02
4.237594975724209121e+02
-4.009665705630716843e+02
-1.847008136932480795e+02
1.046682399132195997e+03
9.044416102698338591e+02
-4.111427554823522428e+02
-3.324165163360865449e+02
2.688728097166213615e+02
-9.752758968285826313e+01
-4.762150031342048919e+02
-3.832798051388026579e+02
2.211735930741957645e+02
-8.836999599028800390e+01
-5.302914036390943693e+02
-2.828691355621139536e+01
2.019536745122351817e+02
-1.865058940772104563e+02
-3.770930048477731589e+02
-2.184946690437577104e+02
2.058973303550677940e+02
2.352877271472456755e+02
-1.178977378136114851e+02
1.046374445220326095e+02
2.980546444688502561e+02
1.744899240696337870e+02
6.461358559020887071e+01
8.940687982942965562e+01
1.530481387619013276e+02
7.374470909249785677e+01
-9.673247400716809352e+01
-6.537098124197115112e+01
-1.133862962128429963e+00
-7.433058210144120892e+01
-9.841664793057020688e+01
-4.339713834553734273e+01
7.064058674902578616e+01
3.366406421075249256e+01
3.204028073031908974e+01
8.298687511426125241e+01
3.175539329803931210e+01
0.000000000000000000e+00
