-1.622091459476787012e+00
-1.687416710824527755e+01
-4.044483228205616143e+01
-1.112477517011678785e+01
2.247699303355222966e+01
5.640232638600944171e+01
5.674507376268481096e+01
1.591243085715622563e+00
-5.203201215220545350e+01
3.934231907900907288e+01
3.426049230482914965e+01
-3.837318825980934101e+00
-1.788508565232307745e+01
-3.126438586851527290e+01
-1.196534151230926284e+02
-3.914735643586966063e+01
2.207783030929569179e+01
-1.496175513805665958e+01
1.398383075843036636e+02
2.601309272596635651e+02
9.704660080751921214e-01
-1.718101320230552460e+02
9.849964680861498323e+01
-9.241882703347317829e+01
-3.060749271928466442e+01
-1.359757106977555452e+02
4.924661071190256223e+01
-5.233269874305902292e+00
1.755807600488838034e+02
1.496595064884107558e+02
3.275536878083085668e+01
6.125842745032133507e+01
-1.491576686026706966e+01
-2.627868551077174288e+02
-6.516527214851932115e+01
5.614519198098207653e+02
9.875931083077780670e+00
5.584480068352394255e+01
-2.592649840924916589e+02
-3.891167925939295458e+01
-1.351075307345868168e+02
4.475511988104586294e+02
-7.224696698102661685e-02
-2.236438040496438475e+02
5.143890022054101792e+02
2.555699917691601115e+02
-2.000967107829077349e+02
-4.943177799011038474e+02
3.019625262260375393e+02
-3.425302342204196862e+02
1.993874650301409588e+02
1.510654312779391830e+02
-2.157477203902679150e+02
-3.633007838488416610e+02
7.974127640928810479e+01
7.520492001506440829e+02
7.682425392876515957e+01
2.687013238695189443e+02
1.354659166410941680e+02
-7.432111489274451515e+02
-6.346693468211509526e+02
4.671635218766887192e+02
9.281978170371272654e+02
-8.337127673940728982e+02
2.393945377754110382e+02
1.325682062606578597e+02
1.647200172954135837e+02
-3.704174872765163968e+02
-4.885214090264568654e+01
-1.641937809665272425e+02
2.053778015830155823e+02
5.708754537160132259e+02
-1.441458117365308169e+02
5.579797702672875630e+02
-5.289457922398386245e+02
-7.575505270556654125e+01
-1.960961326173764121e+02
8.860879298183753008e+02
-1.448274185923066625e+03
8.617317473885657364e+01
3.957459965259884029e+02
9.925341124025458157e+02
-8.547546568495911288e+02
6.167115336461309880e+02
-2.586776238554609222e+02
5.633456455740675750e+01
5.761805554781886940e+00
-4.803332236842264820e+02
3.301648951410532504e+02
-4.141975724097828788e+02
6.229111304817338350e+02
-8.681448796895350597e+02
1.059392733253253937e+03
3.966964075399319967e+01
1.072694997285782392e+03
-1.570891874011120535e+03
6.506139796979428525e+01
3.639685137651660796e+01
-2.028325020415782092e+02
-1.512166067422785716e+02
3.916670532210288229e+02
7.580693618155278273e+02
-3.281087338198779548e+02
2.584828939941751855e+02
-8.596476194281101471e+02
8.422210049326636749e+01
-5.107232402911359941e+02
1.465386405803456228e+03
-8.774034863641904849e+02
8.000777323657850957e+02
-5.676391879429381788e+02
5.163061805484705928e+02
-4.871255777368070881e+02
5.413917579392698372e+02
-6.878919389685042916e+02
2.787663688312086379e+02
2.717104092760063168e+02
-1.415461964565775133e+03
8.999350073058993758e+02
-1.818043648952412639e+02
1.549976842943868633e+03
-7.782377964235530499e+02
4.633786919955801409e+02
-8.343812877869900149e+02
4.577262783248219193e+02
6.124929145478461123e+00
-5.968700100932001078e+02
-2.433567764053381381e+02
-1.475799369731848856e+02
1.680229766943278946e+03
-1.190655492367510988e+03
6.440767028775489678e+01
3.610837730575558453e+02
4.099667148243065640e+02
-8.411137400979879430e+01
-1.377636010623333789e+02
-6.776464176469920631e+01
-3.155409279211149283e+02
2.162027524060164865e+02
-4.259723296086169171e+02
2.678033989053115533e+02
7.930609593690776364e+02
-6.005955976668893754e+02
2.603276437780557444e+02
-8.113927997519097062e+02
7.282785455461021229e+02
3.525381582748563005e+02
5.341419786625181132e+02
-7.204238089435468737e+02
-4.192790063007740855e+02
7.753644465133185122e+02
-2.486071277944264750e+02
3.110994113958682306e+02
-1.676900566322101895e+03
1.241342953405044682e+03
3.722870667645919980e+02
2.483876097664442284e+00
-1.312939948116849564e+03
1.115230069426502041e+03
1.929110941822401912e+02
3.757046625279546106e+02
2.509797058316353002e+02
-1.403839448462977941e+02
-7.075861257691391302e+02
2.138198794718931879e+02
-9.246539751974410137e+02
2.125740450723043296e+00
3.816370003090499949e+02
4.100389516451033387e+02
-4.034748323418954215e+02
5.987812115870071921e+02
5.644479175747052295e+02
-2.598844564721702355e+01
6.660574274087546200e+02
-3.756935953478053847e+01
-4.047496971005373325e+02
-8.100406277414440410e+02
8.762501772941922695e+01
-9.055095298706251015e+02
-4.896854679081548056e+02
4.304223151805820748e+02
9.669915221328280950e+02
3.172742085235780110e+02
-1.383584021941371418e+02
1.819981443527446459e+02
7.558927773758271087e+02
-1.203565406667577520e+01
-3.846839704549983026e+02
-4.055346356443801028e+02
-8.127377832689441561e+01
-1.929490211366272661e+02
-3.386019266455533057e+02
-1.975057159754664582e+01
8.647467752031828070e+01
1.044752986926813946e+03
-2.797086297471947773e+02
-1.295099866745476369e+01
-1.557163339953850709e+02
1.086322592025515803e+02
-1.080933467530298486e+02
2.857570039973246026e+02
2.131334519393990377e+02
-5.772892702812048356e+02
4.963079940468675204e+02
-4.575654488867656369e+02
-9.456963180917344403e+01
-2.740057165739992797e+02
2.718764799524790874e+02
2.280912282306999828e+01
3.425819559604241249e+02
2.399191986412173492e+02
-2.457215797663675403e+02
2.688750037011498648e+02
7.140740140030324312e+00
-2.208853476759813361e+02
4.716474748138996347e+02
-2.216604812970449245e+02
-3.919949057081047386e+02
-4.528974444927771970e+02
3.945568414783676303e+02
-3.472300045792055698e+02
6.172647499913923639e+02
6.052358121283964465e+01
-7.120939991267411528e+01
3.054920621460187249e+02
-5.453053394908027940e+02
-1.527382922650494379e+01
-2.129898768917553866e+02
8.009064236671450772e+02
1.286304391159691249e+02
2.027127948712704608e+02
-5.870791790821658651e+02
1.509052117181117580e+02
-1.990456420155838089e+02
-2.072590334219759711e+02
7.730329738406003059e+01
4.121227444894979612e+02
7.463357189187366885e+02
-6.786621388930687999e+02
-5.950280318319655635e+02
6.437867834175271753e+00
1.804056908505332899e+02
-5.627177259039131059e+02
5.566140636204432894e+02
-6.507559393467326458e+01
6.246389098528946988e+02
-6.534944364441812468e+02
4.100605260088511841e+02
6.356806663559757453e+02
3.200670731865517382e+02
-6.658014040864458138e+02
1.500938980059049470e+02
-4.292091633679508504e+02
-7.766825895275283074e+02
4.295139563691985813e+02
-2.855385537145139097e+02
5.887264643909547885e+02
2.005506338175588965e+01
8.368284915103067760e+02
-1.309587782777917369e+02
4.232762250253942682e+01
-6.902375684490422145e+02
3.473040445405670198e+02
-1.155453876167296556e+02
1.291254958651786637e+02
-3.762447404016317023e+02
2.203032934120261075e+02
-3.686808359914639937e+02
-5.849662227420564022e+02
-2.441933528092681627e+01
5.319231904712238475e+02
2.712088694162039246e+02
6.182495185251800649e+02
5.019653984388463641e+02
-3.456391161695723326e+02
2.837669359926433117e+02
-3.846583821626804252e+02
2.583042476734699449e+02
-6.483129113725019579e+02
-2.660806700597109398e+02
-8.058803909262022103e+01
3.025302931161411948e+02
-5.290210388288945751e+02
1.055427326891606299e+02
1.899805989269862039e+02
9.489523282873087737e+02
5.390270270251512557e+02
-9.405834734820437006e+02
-5.634776450328668034e+02
3.564597170519589895e+02
-1.937367670218940248e+02
1.776602093789890446e+01
2.447490304868986186e+02
4.814297393467072652e+02
-3.289397192488855808e+02
-4.144919310977234090e+02
-4.107958787014729296e+02
3.987815826489184019e+02
3.995086260309696513e+02
6.212775271835780586e+02
-4.759199880974343841e+02
3.450727353082860418e+02
6.602808054947837491e+01
-5.952408775257646312e+02
-2.534373561280568765e+02
7.374286462150256511e+02
-1.030278446105006225e+02
-5.750627675792757145e+02
-2.170565985169061491e+02
2.367230141981857514e+02
8.304595711506863154e+01
-2.524293894560004219e+02
5.844728882764537730e+02
1.932065773736020446e+02
-2.469651033011458026e+02
8.618514107691770221e+01
-3.308703007912190515e+02
-8.791559277702481268e+01
1.172815287858543911e+02
3.722886632936337037e+02
8.666713353679642751e+01
1.834179062658834596e+02
-7.937664645601615803e+02
-2.029648689868311067e+02
1.982462111771947662e+02
1.207009028919747152e+03
-5.656896848385771648e+01
-7.468939931680521340e+02
1.879836528461502212e+02
4.189095271019077131e+02
-8.567966747034234913e+02
-3.856519403674408295e+02
-1.915094060343242859e+02
3.226495752336542751e+02
9.216903794116292374e+02
-4.719475650422083390e+02
-9.647289045340846769e+01
4.610540222136033890e+02
3.463158203986862418e+02
-6.534563353018004364e+02
5.025503144907615365e+02
-1.082809950272529278e+02
-2.644684870528748206e+02
-5.987891334831811037e+02
3.038269822151628432e+02
1.531050763524194167e+02
-3.177419488939609948e+01
3.277330508245026977e+02
-6.778663336324808597e+01
-1.611766971650357760e+01
-7.947653796094813572e+01
1.640853304397047054e+02
1.591759605425878021e+02
1.128544995468812857e+02
-7.563698074985941844e+01
1.416401850804067237e+02
-6.251459399456413166e+02
-4.672851891845176624e+02
-1.422825185250578102e+02
2.320260882048633277e+02
3.083126353221877025e+02
3.860633194771651233e+02
-7.411072844652322544e+01
6.097859047030299280e+02
2.794718311283410230e+02
-7.423024769254649300e+02
-8.410510517623575311e+01
-1.406328695037474290e+02
1.540445206257689676e+02
-6.421160610798415291e+02
4.654204080930700798e+02
1.464224384035631488e+01
1.890320227744201134e+02
3.389210541006023618e+02
3.395173637388712962e+01
-2.980027505349016224e+02
-2.077409872253580829e+02
2.863934970820542958e+02
-5.948410239000221509e+02
4.985881216834617362e+02
-5.382186796068003787e+02
3.600807020723008804e+02
2.759709408791017040e+02
1.406715776362638621e+02
-4.039710852148348295e+02
5.686844365547375446e+01
5.463756057435465863e+01
2.821676286258032746e+02
-4.630641267824647684e+02
1.445100886729711078e+02
2.713264573400382460e+02
3.671593324629641586e+01
-2.549145973103106257e+02
-1.493519267657320313e+02
-3.126940124394827194e+02
6.779960358331513817e+02
4.585366386917705768e+02
-3.284631870050204157e+02
2.855953077545661358e+02
-4.988986219507573878e+02
2.162838247587835667e+02
-4.463107081950233805e+02
-1.953287752708783955e+02
-2.637469216644490189e+02
2.869869761224770741e+02
-2.848366696552856183e+02
5.341922453769442427e+02
5.237807968117332393e+02
-8.143407521364713375e+01
1.460750914205941058e+02
-9.592808744549536470e+00
1.656445910484320336e+02
-4.874686549540111855e+02
-2.449472481013985998e+02
-2.031314202883126825e+02
1.767993735236759392e+02
1.728866435669042971e+02
4.295470114277343043e+01
-1.628433631506960353e+02
4.486057993078698303e+01
1.197388656987599518e+02
3.619974136906869262e+02
2.911519737766450362e+02
-2.626779544484278972e+02
-2.835784976971951323e+02
1.158357294691513459e+02
-2.816402617896354172e+02
-3.742346438398251962e+01
-4.815280614179906706e+02
2.873949111255077327e+01
1.319038394785314665e+02
5.427094522541011656e+02
-2.452409893241473924e+02
4.383006053148741898e+02
4.062364930721224141e+02
1.105167011501888510e+02
-2.962460935554533989e+02
-1.615393506108124768e+02
-5.750832832378088142e+02
-2.633233584200627888e+02
8.653000500328048474e+02
-2.635935154009215466e+02
-6.480946202831596565e+02
4.076536369733313450e+02
5.780801099872517170e+02
1.325417595581301384e+02
-4.478360596132981186e+02
-3.356372823808079602e+02
1.854109020663833007e+02
4.297182656856234075e+02
-4.384254644583890581e+02
-9.284015615300944546e+00
4.703310088740685160e+02
-2.447196738323366105e+02
-4.862775860019428933e+02
-9.123385096184992449e+01
5.274368158803521283e+02
-5.098307154292068333e+01
2.605990651477830511e+01
5.416109053763697148e+02
-3.856160413450568569e+01
-1.993404124550888241e+02
-5.801043768126551186e+02
1.682047100354501765e+02
2.351889180124761651e+02
-8.913523046666779237e+01
-1.669594107810789296e+02
7.597102290596765783e+01
1.217791282838181814e+02
-3.940149782959111917e+02
5.020720433772942783e+02
-1.164803724747147555e+02
3.834260792121949066e+02
-2.037753209786221475e+02
-3.566422654039643021e+02
-7.975175462625531964e+01
-7.175320688261405166e+01
4.182206756789192355e+02
3.319764611707768154e+00
3.956281936525978722e+02
-7.578317149467188756e+02
-1.163312725826671823e+02
1.198447604269586435e+02
2.786881806782852209e+02
8.089916691720266329e+01
4.555283959323955401e+02
-2.363787928704960564e+02
-4.434912290816147902e+02
4.726823348087293652e+02
3.939598531112592639e+01
-5.846819895531788234e+02
-1.302698769730870652e+02
-1.993687478636651917e+02
1.414920646120441461e+02
4.177699722732307350e+02
-8.233770711741014381e+00
2.992605623126522829e+01
2.300171232276928208e+02
5.139859239039625436e+02
-8.296723558073966842e+02
-1.855171196923706134e+02
4.009241306606963917e+02
2.569809446510095654e+02
-1.794087085375137747e+02
-2.246030041995922488e+02
-4.533780926685718669e+02
-3.295535186326520147e+02
6.278406608348981308e+02
-2.554414262719944304e+02
2.858561568465615892e+02
4.829711682994881130e+02
3.989608878996117483e+02
2.157553547026757030e+02
-5.524538551180669401e+02
-2.401540704997945568e+02
-2.900125978584331392e+02
3.136510206912063836e+00
-8.681546067298860692e+01
-6.349292709151626468e+02
-2.794709168726926691e+02
2.652063222290213957e+02
1.061820201974838483e+03
3.867915103404311026e+02
2.525298141565609740e+02
-4.522613747126294470e+01
1.585261551791629699e+02
-6.048639938707188435e+01
-9.219630362784134832e+02
-1.610169246941396466e+02
-8.488899109430572025e+02
6.231699476301168943e+02
-3.036764140063853574e+02
-3.536355575484973883e+02
1.086383376019316756e+03
3.593068967127362043e+02
1.316952130725136669e+02
-2.972400283035287316e+02
1.344928783893858736e+03
-7.793325186513188783e+02
2.675029338534429257e+02
-9.840797608158652565e+02
-1.799017697569016150e+02
-8.483457541484416424e+02
-3.758727713416482743e+02
-4.298430334592961799e+01
5.299338473431791954e+02
1.573630621104868396e+03
-2.277874268916741300e+02
2.811174665554763408e+01
8.391897982907576079e+02
1.840634857884968483e+02
-8.343915326049868781e+02
2.395961466378997216e+02
-1.020796164151958919e+03
-8.388123925409694266e+02
-5.431460419766174255e+02
5.708528031902432076e+02
-1.839442101443981130e+02
6.906623683312618596e+02
1.569672240122854987e+02
1.325350910820675153e+03
4.825149014329107899e+02
2.448800753965172419e+02
-4.375189728237164104e+02
-4.322933755017622843e+02
-1.869978872225737803e+02
-1.592591764773944988e+03
-3.941127495498619737e+02
-2.993107645871093325e+01
-4.488074441063049562e+02
8.928541915787776588e+02
1.277814384916275230e+03
6.767468173100161266e+02
-2.142431823985980373e+02
2.004760598812721071e+02
6.684425759252401349e+02
-3.056482892699001468e+02
-1.643216277916966192e+03
-2.570466651426272051e+02
1.587891587884298133e+03
-1.129948172560674266e+03
-1.004648148353939860e+03
-1.042504772985824729e+03
1.276669957045270849e+03
1.078857283174268332e+03
-1.331449224386278729e+03
5.256689536381645667e+02
2.260145602939840501e+03
2.227654700047188271e+03
-1.500905177537588088e+03
-2.006370313962019281e+03
1.076008916889001966e+03
-4.091840963394415098e+02
-3.081200641010088930e+03
-1.015296630871981961e+03
1.354756915638076180e+03
-7.364365321454283730e+02
2.520995876905429213e+03
1.451960181592575509e+03
7.716833281496684549e+02
3.889679022455855829e+03
7.269206603037835066e+02
-1.494312996947987131e+03
-4.432854274465053095e+03
-3.641923733570994955e+03
-1.461442772714972762e+03
2.697631995588330028e+03
4.883107065249350853e+03
-9.655577117198215547e+02
-1.615091217870482524e+03
3.383895259176917421e+02
-8.633697519101926900e+02
-1.667271692695387401e+03
3.264499872272514949e+03
-6.083360483645425347e+02
-2.656699495580705388e+03
4.522283565416625606e+03
-2.719016264102020159e+03
5.739877849324385579e+02
-1.481690745849025461e+02
-1.751710434780792411e+03
3.373371882591828580e+03
-3.159256937786462458e+03
4.836768968581232002e+03
8.468041393562502890e+02
2.888917419876724580e+03
1.957681454993441776e+03
3.359658904707383772e+04
1.453767818981763867e+03
2.497132199009361102e+03
7.511232530183102654e+02
4.554853901663705983e+03
-3.500441740679209943e+03
3.111506007426827182e+03
-2.043856994408233732e+03
-5.529081264434267950e+02
6.270650871980587908e+02
-2.356405077874327617e+03
4.641840881285374053e+03
-2.750358616460491248e+03
-7.495924490803550952e+02
3.079644065073422098e+03
-1.181529298838560862e+03
-1.095581766812653996e+03
1.172648041209576917e+02
-1.418951781719820929e+03
-4.084130913861103522e+02
5.143734697378856254e+03
3.425058514845130503e+03
-2.368987208367166204e+02
-3.353900239372591386e+03
-3.637191279498530093e+03
-2.005909372645738813e+03
1.813684966471338953e+02
1.822516997120925453e+03
1.865834880283528605e+02
-3.457160326321770754e+02
1.711661619678456418e+03
-1.104000679047365566e+03
2.251869477310482580e+03
5.811108215284320977e+02
-1.651936125307098791e+03
5.262368801944991219e+02
5.370819219211293785e+02
-7.907438778642311945e+02
-2.156959692636839463e+03
2.236993461462768209e+03
8.295765322121480949e+02
6.079494644156047798e+02
-2.746060532005597452e+03
1.341711915517752232e+03
1.488296723610383424e+03
-3.705801077090770832e+02
-1.924748611631687936e+03
-6.769150377944408774e+02
2.776257546145629931e+03
4.245438958641467480e+02
-1.742855012902949511e+03
-7.275369666773526660e+02
-3.867554965803662981e+01
5.360072704656611222e+02
1.585805369653470223e+02
-8.704757972689900214e+01
-2.522710436449277438e+02
8.712790029378911782e+00
-1.602897971606049339e+02
1.327526488999607409e+03
1.404116863439338886e+03
-5.354471523040746206e+02
5.045812544858616207e+02
-1.406452004730649037e+02
4.905996316327499471e+02
-5.110512113177188667e+02
-1.009062059189840170e+03
-4.684905975652963548e+02
-1.476137030649904887e+02
-3.731040496470793073e+02
-1.100502891489728199e+03
-8.458144592553326220e+02
4.762384305901087345e+01
4.482465916804417247e+02
3.232850221367894505e+02
-2.479599278743439186e+02
5.230121854913639936e+02
8.980280748923622696e+02
1.356847697639158014e+03
-5.855119759950017624e+02
2.157640098899550196e+02
1.422413959927243468e+03
9.072096481633040810e+01
-5.909301824690260219e+02
-7.485243083623253142e+02
-3.112052085279962554e+01
-6.011227272774490302e+02
-4.998102986960534508e+02
1.176353928251290881e+02
9.184754336198124065e+02
2.471794844139803615e+01
-1.148880605499035482e+03
-3.068256640084621267e+02
4.758145525467517132e+02
1.914863423455541920e+02
-1.215650439588278687e+03
-7.253356089816599024e+02
4.194638027642673705e+02
3.625629362268063005e+02
3.629586283859239302e+02
5.831223513954851967e+01
5.728135643107073065e+02
9.899113440253022418e+02
4.017367326697699355e+02
1.706122407631443139e+02
1.180226832188340325e+02
1.311891695384364596e+02
-1.713407719732975920e+01
-4.540650133314126151e+02
-6.455917411649676296e+02
-4.480437036390858907e+02
2.215658980734947647e+01
1.623671465492325297e+02
-3.284074995814289082e+02
-8.561298214582270703e+02
-1.850160029752695579e+01
1.773491473058270174e+02
3.395384738572527681e+02
-2.292728378270266774e+02
-7.684174057137270211e+02
2.875941589133950629e+02
9.218412432208857581e+02
4.105012855667539498e+02
-3.307149538801785980e+02
-1.877357929138048291e+02
1.172496674914784080e+03
9.165278517234401079e+02
-4.755941594962706631e+02
-4.870888410025243616e+02
1.821888227991984763e+02
-1.083978897054760893e+01
-3.870069471265802008e+02
-3.601949571471193963e+02
2.105338814615922729e+02
-4.353549008495156158e+01
-5.802296817856356483e+02
-1.891780716663421913e+01
1.729203687518508730e+02
-1.690803885985473585e+02
-3.278030881297685823e+02
-2.790913875234191437e+02
2.318025036353906216e+02
2.359297202492207930e+02
-1.071903716647775298e+02
5.867843052612789023e+01
2.700801741208949807e+02
1.412893717944366756e+02
7.522435679222920157e+01
8.187303003410491442e+01
1.363248062263985503e+02
7.245035432080950955e+01
-1.348721644719429378e+02
-8.932650688420228846e+01
-2.250790104252590851e+01
-4.972953988516597690e+01
-6.798302339567275965e+01
-3.263093083625475543e+01
8.358780862431262904e+01
2.265944740286686354e+01
2.067468803240641861e+01
7.020427546389991846e+01
2.024599174325248896e+01
0.000000000000000000e+00
