-4.844349610699474340e+00
-2.763715565472972457e+01
-4.014249779772117677e+01
-6.645895310731874117e-01
9.995662325866717879e+00
3.016611970272140297e+01
4.576729931238970295e+01
-1.233738262014277609e+00
-3.334108691156632887e+00
7.448927925106701764e+01
-4.667284307488929862e+00
-5.681227332583830503e+00
9.213136278403680990e+00
-1.151173600557947054e+02
-1.556725589139616091e+02
1.636459444273617692e+01
4.208729584688262548e+01
-4.236305878678823689e+01
1.380502685834616443e+02
2.708765231169224990e+02
6.936998195471538509e+00
-1.970438523243507234e+02
3.037382202445364499e+01
-1.159055098014016778e+02
6.418673176981116058e+00
-1.355849191028481755e+02
2.622879203412113114e+01
1.008559372823026052e+02
1.763789335080201681e+02
2.954958792834853654e+01
-7.509169243437500540e+01
9.079367701180767369e+01
-3.555177980375481184e+01
-2.152593961432343121e+02
1.810265484433004133e+02
3.977476993603364690e+02
-2.613739588091317501e+02
2.087660333370409091e+02
-9.080298992010247616e+01
-2.138165242590009143e+02
-1.651098218360482122e+02
4.814399151686622531e+02
1.431469840164737093e+02
-2.591798348386402608e+02
4.836998344319767398e+02
2.795665474381859212e+02
-9.699284573866002290e+01
-5.810267263173042238e+02
2.943054425170053889e+01
-3.906478229348506659e+01
3.862270113601636581e+02
-5.480533678906969186e+01
-4.260514026330607749e+02
-2.060135680242109117e+02
3.261448654062520518e+02
7.305792817160239565e+02
-2.736008656495671971e+02
3.096583672484690055e+02
1.392653883015430551e+02
-8.652333339258985916e+02
-2.130281130599897779e+02
3.742113764876370396e+02
7.007550815330905607e+02
-6.755405230201323548e+02
3.420859246637057254e+02
1.768400367740691195e+02
-7.089617757683747357e+01
-4.477144349797319478e+02
-8.378571744670956889e+00
-1.532455008709653725e+02
2.583114548325018518e+02
4.653733973167672957e+02
1.460156715801191751e+02
7.111733817129896806e+02
-1.127779127605016356e+03
-1.312691351826750861e+02
3.945332015058816069e+02
7.642985301464650547e+02
-1.639728981432994942e+03
1.744691287944255293e+02
4.411406054588522920e+02
9.707330883157899279e+02
-1.043682247129991993e+03
7.397000087201416818e+02
-1.718511307366619008e+02
9.863199113902524573e+01
-2.042746113032020787e+02
-6.840013801303254013e+02
8.347351998178488657e+02
-3.875792475436840618e+02
2.982579238569859967e+02
-8.223487330323021069e+02
1.025974053977297217e+03
1.426025615316189317e+02
1.085814247827746385e+03
-1.625846287587997494e+03
8.024202836957671536e+01
-1.226056185522822943e+02
-3.113510768455832434e+01
3.942735713812353548e+00
2.394829744524072055e+02
7.360641280501890833e+02
-3.452168599176687849e+02
2.681348735403784076e+02
-7.270066285000181097e+02
-1.246965667218415206e+02
-3.724826240596040634e+02
1.455754284855461265e+03
-9.577295085313030540e+02
1.089880147552013341e+03
-1.013419894508663901e+03
6.808946015531017792e+02
-3.894796618218325079e+02
2.779279327129374337e+02
-3.608287025462435622e+02
1.698286185005813991e+02
2.166706401692834447e+02
-1.226155106565972346e+03
8.133978888467094066e+02
-3.593012445337613485e+02
1.323360273527088793e+03
-4.824301506193521618e+02
8.844364641615296705e+02
-1.183084478170154625e+03
4.529193860841614878e+02
-7.074801546868586399e+01
-7.872121417500389953e+02
4.113114501174804332e+02
-5.154007555438352028e+02
1.280470884786082024e+03
-7.495019412150115841e+02
-4.524432583099729754e+01
5.734529895589504349e+02
2.589094909515661129e+02
-1.905795601359772604e+02
1.675062784824726947e+01
-3.591352250067537852e+02
-7.589640884251753050e+01
6.882136070235631564e+01
-4.006111626510542010e+02
7.488976937688847784e+02
3.512890708081235971e+02
-7.017206457604846719e+02
4.830886777645397387e+02
-1.053656473470390210e+03
1.054983456115404579e+03
3.597468464537313366e+02
1.944946780710810685e+02
-5.655684164140548091e+02
-5.387367014749207783e+02
1.119636649654235043e+03
-2.828662003705684924e+02
-9.979072553823556291e+01
-1.252920951809699091e+03
1.005439871975126948e+03
4.000346430576970533e+02
8.314475232864820953e+01
-1.517190064629795643e+03
1.488738780062319847e+03
-1.877499116092255633e+02
4.201154564184346327e+02
5.572894496812785974e+02
-3.475080339712022806e+02
-6.590912575784469709e+02
-6.523552096170772074e+01
-8.232367989611755092e+02
5.405240838236711625e+02
-1.705199268039183380e+01
2.246987855623534074e+02
9.649369954289998219e+00
4.027445121373590950e+02
5.169775837424955398e+02
-1.783400358899585854e+02
8.160440197158774254e+02
1.063932245479147554e+02
-7.415014740033199132e+02
-3.958028585946825046e+02
-1.180424664911738688e+02
-8.772771304818463705e+02
-2.289811985677304165e+02
-1.802716718426154898e+02
1.280283876447932471e+03
3.516507513423895830e+02
-3.426556738551142871e+02
6.195867227873031879e+02
6.479114338550364209e+02
-2.579066167729568519e+02
-5.421906337879954663e+02
-2.107024389755174809e+02
2.240344669493152026e+02
-4.788665867461764947e+02
-2.652026364157848093e+02
1.098380853753939164e+02
-3.548386185350302640e+02
1.461912414106067899e+03
-1.764785367119123975e+02
-3.972519947457650460e+02
2.635818854073568929e+01
-2.773256440223159416e+02
3.330197878254070929e+02
4.759505870729303751e+02
-3.060146062157745064e+02
-2.745139668512965159e+02
4.472871961596504207e+02
-2.135566611207158587e+02
-4.235917975261007200e+02
-6.660911398739563083e+02
1.090619929510482280e+03
-1.155364467373306780e+02
-1.153713894906697561e+02
2.365350143159872971e+02
-1.223243303866701410e+02
7.567174993668721754e+02
-2.344694740534122559e+02
-6.006382869358678818e+02
8.813755001486506444e+02
-4.561495018169424043e+02
-3.328340146836402482e+02
-2.218058863011835342e+02
-9.981493377413235635e+01
1.138565643888214964e+02
4.371276958214413639e+02
-7.062107712189120434e+01
3.071017039612615918e+02
-1.930462707881922881e+02
-3.221465707175252078e+02
-5.291978963241956535e+01
-8.945581158728313653e+01
9.966903964728328447e+02
-3.108657109722723817e+02
6.544799900189574373e+02
-7.997877868426916166e+02
-3.252894946433759742e+02
3.545945597489464944e+02
-3.219487262055304768e+02
-1.080844095604378055e+02
7.506036949905874280e+02
5.060918395742796179e+02
-5.517447999038275839e+02
-5.108998040148682662e+02
-2.280615824312423001e+02
4.343455296590039438e+02
-8.543107254586709587e+02
6.807603061522927419e+02
-1.169982736552593536e+02
5.557497027927710178e+02
-2.772041753189074598e+01
-3.113048297927975909e+02
6.265339901276017827e+02
6.669401435605193456e+02
-9.737870705136375591e+02
5.458302441528429654e+02
-5.110935123906681952e+02
-8.720775678061204417e+02
4.050105768088751574e+02
-4.678959488874299382e+02
8.436579744308878617e+02
6.200126056260240404e+01
6.708784191768215805e+02
-7.163874733459637412e+01
-1.599976948831448169e+02
-5.448223780529924625e+02
6.259667127806101234e+02
-4.578986504876536401e+02
3.942748471419446332e+02
-4.920662864727211741e+02
1.298281229495349010e+02
-1.736120522931135497e+02
-9.649700256641934857e+02
3.696341368603397086e+02
3.124716737152902510e+02
1.668581070341130612e+02
9.696570437493935515e+02
1.356320200726341056e+02
-6.660008861185275464e+01
3.646804512415536692e+02
-5.519056024360171477e+02
1.859215963264744005e+02
-7.655073594106850123e+02
-3.799352315739807295e+01
7.044055308941345572e+00
2.507375213774909355e+02
-5.903401342257052420e+02
-1.761581647532067905e+02
4.253551695401822030e+02
1.376036437745895228e+03
-1.692481871518475884e+02
-8.756488337016710375e+02
-1.237000202787204728e+02
2.413913434582108266e+02
5.017548715907061307e+01
-4.807696361889866807e+02
2.700818322052753047e+02
6.968687166078286737e+02
-4.519450797984123369e+02
-3.693934210187192662e+02
-6.806260089445377162e+02
9.863854392516349208e+02
3.037817518012525397e+02
5.775988180842687569e+01
-6.371385897411986576e+01
3.689565564056518383e+02
-2.931252940468153412e+01
-4.646152627095997900e+02
-4.652290491350411230e+02
6.833631692185568909e+02
1.369317362066053079e+02
-6.737046803225745180e+02
-7.375827239878455543e+01
4.851004590601476707e+01
-2.725095532269946474e+01
-3.957012480554345757e+01
3.718468195367702833e+02
6.347068728693280946e+02
-4.853255299523346480e+02
-7.816202887084789097e+01
-9.532927655094319164e+01
-4.738102474386512313e+02
5.173426514860632324e+02
3.963283934428274620e+02
-9.451426099705105344e+01
1.334411308246041017e+02
-9.488025818746082223e+02
1.708945442856494878e+02
1.642820048378336821e+02
9.428996399725679112e+02
2.327984332714127902e+02
-6.188738926030008543e+02
-2.798658829803150070e+02
4.695814988965219641e+02
-6.883153202354975519e+02
-2.711451711137891607e+02
-2.649623348204161744e+02
8.083160056387370673e+00
1.324339905765587901e+03
-5.106439891772187707e+02
-1.077350129528952891e+02
2.398331936435803016e+02
2.132126748546458543e+02
-3.776753666249594232e+01
2.782477107528129778e+01
-2.009003541963110990e+02
2.403635646741410028e+02
-6.986478433991541124e+02
-5.038180957242478542e+01
1.122517385106865788e+02
2.471396803017767638e+02
2.710198859465058945e+02
-5.370287038463398233e+01
-1.144948255346157850e+02
-6.353616073118715235e+01
3.187519777576728757e+02
2.515985330746856903e+02
-1.137611318560082481e+02
-2.699003393423056991e+02
4.275754126453679760e+02
-8.339329935952176811e+02
-1.738192379380209616e+02
-6.050307811243285983e+01
-1.989456464156057791e+02
4.575130886780603419e+02
4.913471431309633886e+02
-4.564432230780914779e+01
3.098468258648465508e+02
5.436373056308761988e+02
-5.310522806681791508e+02
-3.945218398810656595e+02
-2.263435840834786177e+02
1.654159648149559132e+02
-3.002224434436490128e+02
3.928758312482086694e+02
-1.558846697434840394e+02
3.674267304798240730e+01
4.158716198207920911e+02
2.337676268530800883e+02
-3.674424660777885379e+02
-1.205994683971271400e+02
8.846398558702833270e+01
-5.193072244779965558e+02
4.889958801246132793e+02
-4.264541185658562199e+02
4.552492309716459999e+02
-1.159929937446525940e+02
2.521092047301909531e+02
-2.960367950519040505e+02
9.767120278985294135e+01
-1.218561872189991107e+02
5.105914875283598917e+02
-3.157856190565556744e+02
-3.127245947900526062e+02
3.881472320483006229e+02
9.111554029590071480e+01
-1.700704847454268815e+02
-1.387792516051149505e+02
-2.917211809992103326e+02
5.672016763858539434e+02
4.317607258821807932e+02
-1.341257044206470255e+02
-1.087469923818858319e+02
-2.590558931911606351e+02
3.435778483715122320e+02
-6.891051603864891604e+02
-7.583199224486432399e+01
-3.062425838495450847e+01
2.768428882465587435e+02
-7.501000930149699570e+02
7.320851521884763997e+02
5.868873931952383600e+02
-1.177231295469142651e+02
2.673385845397514800e+02
-1.903766409586734767e+02
1.643042346454226390e+02
-3.220043165084663315e+02
-1.561667018372876896e+02
-5.753227314657224269e+02
4.477717691975421985e+02
2.559135595059112802e+02
-2.373634233613371975e+02
-4.204549470696898084e+01
4.418279941063858018e+00
4.325887503487631420e+02
6.941106368857936104e+01
1.248908922453110932e+02
-1.667877101508437931e+02
-2.331055793752569798e+02
4.883559529478475838e+02
-6.540162352641413008e+02
-1.277218500864589146e+02
-2.799292459025241442e+02
4.958541003855393114e+01
3.671220287148041450e+01
4.989425883690192904e+02
-7.081539815065322330e+01
4.434169685198631896e+02
1.339455908393301513e+02
-9.890520154228286742e+01
1.799449546651352421e+02
-1.968382207795414161e+02
-4.724309353181167808e+02
-3.204659721660158880e+02
3.742625993653189198e+02
2.886420291851799789e+02
-7.026944612873757023e+02
2.694161911724972924e+02
4.244434718679173670e+02
1.130740769223773157e+02
-3.450671332607666386e+01
-6.623658826291990636e+02
3.371207558355028482e+02
3.997566224574525791e+02
-5.777915615436672852e+02
2.684890954722329752e+02
1.955001632362154282e+02
-3.874998034378097600e+02
7.874677115252575277e+01
-1.551374592683127389e+02
9.602179876689920235e+00
2.532082180522501176e+02
-3.621608126566813723e+01
5.125297365147662276e+02
-1.230169429439750388e+02
-1.156670375668194310e+02
-2.519908155116063142e+02
-2.831553689829195832e+02
5.808769037100203150e+02
-2.083813069542912046e+02
-2.369833455012428090e+02
3.054591035066393374e+02
-5.524402754602906498e+02
8.361847282625109301e+01
8.110078919799274217e+02
-4.890065633744557658e+02
2.595656110097107216e+02
-1.268493610279662960e+02
-1.014361937910377662e+02
-1.728228651404802747e+02
-2.007335686771507710e+02
5.784071832466706837e+02
-2.099376449594127791e+01
1.288958022882936234e+02
-4.501950644047949481e+02
-2.608423310314598211e+02
1.569143440408188326e+02
3.832359350491157670e+02
-2.716105049981541697e+02
8.540460787984550279e+02
-5.708360439352959474e+02
-2.341571430247777812e+02
7.108922820458274145e+02
-3.782539568288565874e+02
-3.118218966233080778e+02
-4.965088966600600315e+02
1.417992237163456366e+02
4.138248920706241734e+02
-1.587667930665762412e+02
2.986881404050805600e+00
1.640768782751653987e+02
3.112112114206661886e+02
4.546157738997352453e+02
-7.370816987926066304e+02
3.345595343023089896e+01
1.967132131221563327e+02
-9.358336525312226684e+01
2.041350077998620804e+02
-3.849509557141620917e+02
-4.958193953792733737e+02
8.615032344712983559e+01
-5.403214035724857922e+00
1.538074030595274166e+02
3.056537888419090336e+02
2.091157082598187458e+02
7.837060572106523750e+02
-2.022035547813457015e+02
-3.596554589781338791e+02
-2.978492923783486503e+02
-4.751805901006359534e+01
1.110208719505055228e+02
-8.043581591471062211e+02
-8.169911310611058752e+01
-1.848058741081944447e+02
-2.881739659941597438e+02
1.319103497735383371e+03
5.503199627212853784e+02
2.333396670153995558e+02
7.094059962827475374e+01
-2.665499737571705055e+02
1.865446340100504869e+02
-5.952287026942132115e+02
-6.559021076087051370e+02
-7.024987969351406036e+02
3.514451571017059450e+02
2.089486656569075933e+02
-3.033542318664158302e+02
3.595916567870403924e+02
1.042747597055220240e+03
-2.130168977217757345e+02
-2.038961228806879546e+02
1.562840344311813169e+03
-1.120100278099134357e+03
6.609564514246225144e+02
-1.413191516127002615e+03
-1.883458813469302982e+02
-4.896064669237417206e+02
-5.921444356719308644e+02
1.575155982458699100e+02
4.613348439748215242e+02
1.144825435406545694e+03
2.209984459882258818e+02
-2.443338405659529045e+01
6.023728919230740075e+02
5.819330671559134771e+02
-1.130748990724904843e+03
5.178729582895922476e+02
-1.319918850759861471e+03
-9.282318131873973925e+02
8.840524355791686162e+00
-4.691584519103422224e+01
2.217492303838471059e+02
3.266214571678391394e+02
1.628334924158131969e+01
2.322430565471539012e+03
-9.638343977730147571e+01
8.833590775943651607e+00
-3.290293870384896309e+02
-4.354331323293657192e+02
-2.922578735328025346e+01
-1.769829223798233443e+03
-3.132333038289311844e+02
1.373406258203188486e+02
-6.072737070633014582e+02
9.875162339622761465e+02
1.011868016933017657e+03
5.661212754558916913e+02
5.335647040456075274e+02
-4.464948800782366334e+02
6.325051340143565994e+02
1.790634093815636163e+02
-2.043313183116737036e+03
1.937902444178096175e+02
1.085333997700236296e+03
-1.111232034426635209e+03
-6.862537971363349243e+02
-1.314768409440189771e+03
1.617228967574602166e+03
5.843525841986619298e+02
-1.028415157210094094e+03
7.551608199538782173e+02
1.732003042914466505e+03
2.537888024785862854e+03
-1.385675800585113393e+03
-2.215406095531938718e+03
1.111014059739788081e+03
-5.270339188057112096e+02
-2.893929972459540750e+03
-8.134303543082685337e+02
8.296079085230705914e+02
-3.492282367954405231e+02
2.376312512024514945e+03
1.316269636117104483e+03
1.243778861773253766e+03
3.324275164822648549e+03
1.137351272032767383e+03
-1.698555949688174223e+03
-4.662157026352505454e+03
-3.039216384292895327e+03
-1.751238068284827705e+03
2.881243422037455275e+03
4.448930230248880434e+03
-9.751546516370622157e+02
-1.134349574149843875e+03
-2.550265455354383448e+02
-5.005745795773773352e+02
-1.298545141404907099e+03
2.754242241316226227e+03
-5.311425518041008900e+02
-2.579513191365428156e+03
4.338910628629424536e+03
-2.364834420859685451e+03
2.899258432991209702e+02
-1.459858691855145594e+02
-1.607342286638405312e+03
3.153753040723472623e+03
-2.715286542883942275e+03
4.341003114859290690e+03
1.161868011466224516e+03
2.831434586514603780e+03
1.318974205736651584e+03
3.462664062945626210e+04
1.133264182590939527e+03
2.264064754197827824e+03
1.022370483147243817e+03
4.255098745429859264e+03
-3.302497126527649016e+03
2.927685978322181654e+03
-1.987538213866151409e+03
-4.116638100313150517e+02
4.305250737350472150e+02
-2.157470074324444340e+03
4.716932949956494667e+03
-3.090310435549153226e+03
-4.366242123613859576e+02
2.985963659479482430e+03
-1.285366775774711414e+03
-7.506392363365840765e+02
-5.935691188942757890e+02
-8.795647979143554949e+02
-2.990188852273050770e+02
4.738648302153095756e+03
3.594214171758950670e+03
-4.920374940113100592e+02
-2.539350912406728185e+03
-4.029447387970024010e+03
-2.651302489980214432e+03
7.170396025700698601e+02
1.934772031549958683e+03
1.771622359058012250e+02
-5.552238495640626752e+02
1.662100841306265465e+03
-8.033479488505674908e+02
2.042311652675586856e+03
4.042287994172048684e+02
-1.444780642186431578e+03
5.223585572982477743e+02
7.282803499188794376e+02
-1.020615233374899731e+03
-2.399117225386882637e+03
3.008595135152988405e+03
4.361485688749919518e+02
2.817980691133034838e+02
-2.446415183713840179e+03
9.547106028762167398e+02
1.846802535039604436e+03
-4.476365359166490521e+02
-1.696055018507134037e+03
-7.411930726493043267e+02
2.524137921656994877e+03
7.690614946746366059e+02
-2.306242700105126914e+03
-4.254581527484905905e+02
3.308394237940055405e+02
1.768708978449367919e+02
1.127443660602846194e+02
-2.899516720722694174e+00
-3.450772308079397703e+02
1.832423486086067896e+02
-1.895940152408381039e+02
1.018926083779494434e+03
1.698797641783815607e+03
-5.338731654252322869e+02
6.193443994123185803e+02
-3.807257425295971984e+02
6.090676963715243346e+02
-2.084145687304151977e+02
-1.770870510390233676e+03
-7.283771331467988830e+01
-6.486948353120790500e+01
-4.707345526788795382e+02
-9.491122802587187834e+02
-1.215246489157420910e+03
4.814130827491842979e+02
3.703296645798549775e+02
2.202259945426665411e+02
-2.533973319451204418e+02
4.677767896096457889e+02
1.083033694604126822e+03
1.304712325603216641e+03
-8.808103073301099357e+02
3.752366232009250666e+02
1.705624705192817601e+03
-2.204129363211100099e+02
-4.768754690402969345e+02
-8.696750064668614186e+02
2.576460484428411064e+02
-7.139871857530313264e+02
-7.630882599215319715e+02
3.223172622347010474e+02
7.527930596036641191e+02
4.041192569012668514e+02
-1.043439949559834758e+03
-9.713740999232122704e+02
7.840417474283574393e+02
1.837624093257167601e+02
-1.288098374365808468e+03
-5.478209014404424124e+02
3.369360413749346321e+02
4.984479757380762521e+02
5.525053593213019099e+01
5.067517341641054713e+02
3.087526621444799275e+02
9.223499497295879337e+02
3.916097143921913357e+02
3.015985802580633504e+02
-7.867541421695541715e+01
2.238122033594988807e+02
1.189462888269329426e+02
-6.061897236688654402e+02
-1.654167876632542118e+02
-1.066781890397105599e+03
9.385284574153644144e+00
3.584327116495119867e+02
-1.121226360047914454e+02
-9.907802817932365542e+02
-3.084061852444962142e+02
4.996305648925188052e+02
2.560754866141928119e+02
-2.665729743970961749e+02
-7.279088801424587700e+02
3.658889987221004390e+02
9.414094596174318212e+02
1.402484191427409428e+02
-2.299628602676447429e+02
-1.869394534067768063e+02
1.286199676265909602e+03
7.505488862378387012e+02
-2.423590991604586122e+02
-5.487607245930823865e+02
1.400243090699088668e+02
9.996047531843102263e+01
-6.453794792919217116e+02
-4.089419688982691810e+02
3.649838337972830686e+02
1.085154641809685359e+02
-6.734907158974530148e+02
-1.322492374096668755e+02
1.981294998326106054e+02
-1.978304147955597045e+02
-1.792996779257640583e+02
-3.870387906062355228e+02
2.638910438896936057e+02
3.011139271080958224e+02
-1.449548527594375855e+02
6.208252255292538990e+01
3.278292283724346134e+02
1.313467263839719976e+02
1.904054788702215717e+01
1.246363188538233260e+02
7.190859893764188371e+01
1.522138008397611202e+02
-9.682176865864761339e+01
-1.655647536840330361e+02
-9.680866437445033057e+00
-7.302967214662598394e+01
-4.639362264712134731e+01
-8.211645858009583776e+01
1.405217516759372529e+02
4.546982233997974987e+01
-9.000778020106638522e+00
8.771146704193469645e+01
7.541063861838370741e+00
0.000000000000000000e+00
