-1.296821887998701683e+00
-3.438120991725210462e+00
-4.115896853714378079e-01
-1.983887809539752212e+01
-5.778424544648666483e+01
-3.559869744174924477e+01
1.891617164514592275e+01
5.735825707306518950e+01
6.654840897973875258e+01
7.316501466076348947e+01
9.525723830957552707e+01
4.636955683497573943e+01
-1.424829194248402189e+02
-2.822630401939814533e+02
-1.781512393045090619e+02
1.440536852524887195e+02
1.378003892879382306e+02
-1.088318847032714700e+02
2.436504563693879675e+02
4.117766467111303541e+02
-1.091373723149990553e+02
-3.902531256276947147e+02
-1.791832521127867039e+02
1.351688179550372126e+00
1.121944202973269142e+02
-1.620741010352975309e+02
2.125450391461434094e+02
2.798364229142231920e+02
1.254948699598979971e+02
-2.493601775342622773e+02
-3.619977624428766489e+02
1.114248206487069126e+02
1.618043412680949018e+02
1.664591895501435204e+01
2.606271935538441085e+02
1.081655571144665231e+02
-1.058518290190836666e+02
1.520024761289308515e+02
-3.877244678938751576e+02
-3.885252145753274817e+02
2.032165388329478617e+01
9.785565519085412234e+02
1.488429705436612664e+02
-6.447548666261724293e+02
4.994484909206310590e+02
5.515876850184063187e+02
-3.489456543198751319e+02
-7.081409135166516080e+02
3.637947672228987983e+01
2.951300860411723761e+02
4.197964726094786556e+02
-6.426271808393183846e+02
-1.969190470447894086e+02
4.719740487362934118e+02
4.561754825073186339e+02
1.680013046346996362e+02
-4.793716146773450646e+02
4.840048707811019995e+02
-1.119106636161110657e+02
-1.174281307397037153e+03
-1.642749774485712919e+02
1.083084603567423983e+03
9.539375818239819864e+02
-9.594341084839931000e+02
2.611613876574454025e+02
2.589192722880675888e+02
-1.349365809333915536e+02
-9.377554362867699638e+02
-2.412267879391968251e+01
2.501452238091509059e+02
4.196274230230382045e+02
3.545108965019242078e+02
1.418646192617966904e+02
6.959135932062646361e+02
-1.352529709088687923e+03
-2.205969017299110533e+02
3.892829776536504482e+02
1.195231179905829549e+03
-1.542965515619671351e+03
-7.432886989601298922e+01
5.598040954046817888e+02
8.558049031117449204e+02
-1.028157483753648194e+03
5.932660885572697680e+02
-3.295665597010180363e+02
3.722494012824394076e+02
-9.957041736700540469e+01
-7.291528620569717987e+02
7.231412628252406876e+02
-4.065020188128972336e+02
4.365827273236455426e+02
-7.010648703357634304e+02
8.354457370564336998e+02
4.454357394277221260e+01
1.123861535870263424e+03
-1.614736850516213053e+03
1.294275626746457704e+02
-4.204233954807551186e+02
2.845703609407249814e+02
2.779525021613743547e+02
1.634202913825896530e+01
7.024475868628386479e+02
-6.138227761185047484e+02
3.697966720258609712e+02
-5.821286877835243558e+02
-1.766800907432306076e+02
-2.736043504633144039e+02
1.553161861883619849e+03
-9.299785590861099536e+02
9.995305942755513797e+02
-1.143040174956277951e+03
4.715698350478363068e+02
-4.492800879708480011e+02
3.581149128029795747e+02
8.941887907393362411e+01
3.242580041804468465e+02
-6.656786070032106295e+01
-1.180061478647270633e+03
5.305618843021628663e+02
-5.069900982413979023e+02
1.250380797476057978e+03
-4.412004371097733042e+02
1.519808604540546185e+03
-1.050461761640595114e+03
1.561994168091025585e+02
-2.979803346495477854e+02
-7.952264366251689580e+02
4.196650114902978999e+02
-7.130473863322951047e+02
1.239062643430074786e+03
-3.052346141801076556e+02
2.531474311216692001e+02
2.875217983771852914e+02
1.915619461400136174e+02
-2.761357034087970987e+02
1.454559858524268634e+01
-5.742223263293880109e+02
-3.527954325185513653e+02
6.679057312640776445e+02
-2.424983359560946212e+02
5.653093711681116247e+02
2.344970782057669965e+02
-7.419397659443335442e+02
8.009199856115272951e+02
-1.279772895916658399e+03
7.825265174936052972e+02
6.390181434619011043e+02
3.408784392116119193e+02
-7.816215394964009420e+02
-6.357575559851001117e+02
1.162643346884107586e+03
-3.951039024248592568e+01
-7.280785772562298064e+01
-1.526064892442484734e+03
1.190334715046416022e+03
3.179245359823348167e+02
6.897339335007504246e+01
-1.551000997821715828e+03
1.371425997966679006e+03
3.155288115074712323e+02
2.938237162477972788e+02
3.148549365339814585e+02
-4.048639714358226911e+02
-8.961264022364048287e+02
7.353459167202288427e+01
-7.839874348669911797e+02
6.112594696823451841e+02
3.693333566080547712e+02
4.499666669796662291e+02
-2.653589396543458747e+02
-2.079969427559537110e+01
3.865203723851283826e+02
1.102267236446923988e+02
7.258363777799230547e+02
-2.574123289496961888e+02
-3.103423909130245306e+02
3.710003284975780957e+01
9.120285768146416672e-01
-1.407010487522118865e+03
-7.010336566972001719e+02
3.561699398748879162e+02
1.328234362244369549e+03
9.106304862875528272e+01
-2.840174346624710324e+02
1.041705581650622662e+03
8.084199596643361474e+02
-9.541234663945668899e+02
-8.724160320211885846e+02
8.797398057256285142e+01
5.462927955773261601e+02
-5.317879969200405412e+02
-2.947240601507820656e+02
3.780571074713567441e+02
-2.718673350442425090e+02
1.192773000561817526e+03
-3.754590787044836588e+02
-2.842123111508184934e+02
-8.386163320886072370e+01
-3.670548391339584100e+02
3.404327240815725872e+02
6.900460709938016635e+02
-1.632356529778876109e+02
-4.962401266260646935e+02
6.073695327550451566e+02
-1.250835396323600861e+02
-3.839908001743468162e+02
-8.348651604807449758e+02
8.854084394387708699e+02
1.319669524568286434e+01
-3.324554399827122211e+02
3.540813141106707462e+02
-2.507593627601827180e+01
7.201950153716566092e+02
4.747975914680417731e+01
-6.693612821067064260e+02
7.136841520405798747e+02
-5.482865209581565296e+02
-3.581031305693477407e+02
-1.090586484016496271e+01
1.310491419925895684e+01
-7.299639260678518760e+00
5.297922813373804729e+02
-1.422103284059924988e+02
8.077911815385010641e+01
-4.236753141568573824e+02
-5.249266320891213127e+02
5.845790937544416010e+02
8.845026385914667344e+01
9.743027589850879622e+02
3.575506889389342291e+01
2.688427943474858921e+02
-9.911819955408876694e+02
-6.689637324109540941e+02
2.286786802244360501e+02
1.360461488682352353e+02
-1.967320788136655096e+02
8.632421669675777594e+02
7.202181889464683309e+02
-5.935111166968647467e+02
-5.278342751059325337e+02
-5.174407193235406339e+02
4.048997488057046894e+02
-5.661580359702716123e+02
4.519668623991807408e+02
2.142299797417528140e+01
8.383635159507714434e+02
-3.623254317427318938e+02
-3.625579238779171192e+02
3.123123040661007508e+02
8.393216148065620246e+02
-5.908562335464192756e+02
1.869102012983373697e+02
-1.496831917584017049e+02
-7.283630606955956637e+02
2.392184888654743986e+02
-5.898882033255499664e+02
5.125253343976786482e+02
4.688590571747860167e+02
7.608822007392088835e+02
-5.631747914199531806e+02
-2.304293090302980431e+02
-3.299448233361495113e+02
9.495472041643774901e+02
-4.392263736274357484e+02
7.721945513126223659e+01
-1.432729016173356058e+02
3.668444592409051666e+02
-6.344529454938939352e+02
-1.138022632289011881e+03
1.172494211194206173e+02
5.869014647093190433e+02
4.625344884330987725e+02
6.531386834779216315e+02
4.175486849814809602e+02
6.408430262872110461e+01
2.876210235940130815e+02
-7.994539753263195507e+02
-8.713129467697305586e+01
-4.524807805605415751e+02
8.200443824263999204e+01
6.528451297021683786e+01
3.310604642352092242e+02
-6.767861664933668635e+02
-2.646194204418117124e+02
1.947780727824569453e+02
1.087630318668081145e+03
3.999895757450897804e+01
-5.143635624302729639e+02
-1.014388297363660456e+02
4.329023524437674268e+02
1.078645927168659426e+02
-5.590298437598200962e+02
-9.991383152187974304e+01
2.379220112092305612e+02
-2.509798227404130557e+02
-1.103768662705266479e+01
-4.632491196214375577e+02
7.317615741283367470e+02
2.511525754605141287e+02
4.035205035145946795e+02
-1.797217455913873891e+02
2.451864522605493590e+01
-1.551346313390697276e+02
-1.085617781606863730e+01
-3.162364214756950105e+02
2.954951428896448533e+02
1.725448177505562697e+01
-3.801429303602924392e+02
1.589935017428723825e+02
-4.001216504124178073e+02
-2.712410397015670469e+02
3.360525856405706691e+02
6.583982806669386036e+02
4.078278940177149252e+02
-7.312359196326314077e+02
1.388691225756198548e+02
1.162249239408602648e+02
-6.180665473436826005e+02
2.234951539363271991e+02
6.850751786799901311e+02
-1.503531696351912927e+01
-2.792497971917948689e+02
-1.025803057175138747e+03
3.240395473060744962e+02
5.905675761710343750e+02
9.646109061016720716e+02
8.990601877296865041e+01
-6.135714351123644974e+02
-4.697730438346439428e+02
3.812847318244654957e+02
-8.643348576934085941e+02
-1.806552354157020090e+02
5.807090964309163894e+01
1.400493223025082159e+02
1.357284335390724891e+03
-5.678880127620416260e+02
-4.152961391836210510e+02
4.777017705277082626e+01
3.648928873426964401e+02
-1.116520490332265041e+02
2.161495136407588689e+02
9.055852004666417088e+01
2.960591732258110369e+02
-7.782136385774592782e+02
-4.130551969356113204e+02
6.709387848115504482e+01
1.843857676361288043e+02
2.598389505792915202e+02
1.887018087676661935e+02
3.015039645158884696e+01
4.489925435426653166e+01
1.947208712063636256e+02
1.134938278598639130e+02
-1.159748562231820586e+02
-3.702173513474927518e+02
1.731958458899056268e+02
-5.337094968038074967e+02
2.556126984235720556e+02
-2.270892679801063991e+02
-3.879971036347727704e+02
2.624585972357801893e+02
7.014049985767634325e+02
-1.882884759729665092e+01
3.156568164264697884e+00
7.977039024476620170e+02
-4.271625929177180296e+02
-4.734703958326765587e+02
-2.989563007779407826e+02
1.920950847240631560e+02
-5.298954028047711518e+01
3.158114383978900150e+02
-3.902746630006486157e+02
1.266492884115309323e+02
3.395876648411220913e+02
-1.997208349569348229e+00
-1.967499715976302355e+02
3.534501301335053824e+01
3.672902973173572718e+02
-6.934034735237547693e+02
2.167137266451003939e+02
9.858987265040943271e+01
2.052153190342260416e+02
-5.537783231928525538e+02
2.198204543970224165e+02
-1.516817775959663948e+02
6.559876691410131571e+02
-2.897501339030657164e+02
2.727238281509498847e+02
-1.597067022016596241e+02
-4.429150640554344136e+02
2.411134981873574077e+02
-1.032582145878439235e+02
4.908134327429531041e+00
5.228233890933261137e+02
-3.596625496854692301e+02
2.513957472682850494e+02
4.431092780685941079e+02
-4.956119439297565918e+02
-4.552319158209732564e+01
-3.660612393447375439e+02
2.009784035419003203e+02
7.296335997008903007e+00
3.102621868948850903e+01
-5.485454648913770370e+01
7.311256357267959061e+01
-1.010720205356137740e+03
9.889319765821391002e+02
2.381409908198072856e+02
-1.964323122385260092e+02
5.797867133752409927e+02
-1.164335431402028291e+02
2.759034177980830691e+02
-6.441413042797885282e+02
-2.499552816800975847e+02
-1.170617772654313455e+02
3.022643234172483631e+02
-1.020743483770928250e+01
-7.522560186284337647e+01
1.065132821708503172e+02
2.212276804813112960e+02
-6.910696121160214034e+00
-1.817040766621583998e+02
5.459945567883838748e+02
-2.852592015912200623e+02
-2.786522489756488312e+02
3.859767900114583199e+02
-4.768426344199176015e+02
1.562039432438455151e+02
-7.013634139684293132e+02
1.505503749642778644e+02
3.627900985846863477e+02
6.017827125868924441e+02
-3.157542635688748192e+02
-1.083259516872565342e+02
2.657613324529010583e+02
8.295606229739502169e+01
-5.017067805450204077e+01
-3.806862134470640058e+01
1.122399423884186120e+01
-9.455699474658796078e+01
1.122112719222157153e+02
-2.093661957194250078e+02
-5.985556797686978143e+02
4.441698516760105235e+02
1.908816274685207759e+02
2.889036140930394581e+01
6.729653937212268033e+01
-7.688759427212255559e+01
2.202285681781998505e+02
-1.965015405375063438e+02
-4.705028413066431767e+02
2.337113946340515440e+02
4.119985667949835033e+02
-2.897296783347943574e+02
6.879794629020041441e+01
1.772066722931094773e+02
-1.667851733676863830e+02
1.812899432994748850e+01
-3.715998760045101790e+02
2.927777924550098874e+02
2.447278653032396107e+02
1.952740608107296794e+01
-1.271257112228207689e+02
-5.720169004504345622e+01
4.137196916220354410e+02
-9.977929896930636744e+01
-3.363442799480091594e+02
-1.429304996821235250e+02
-3.192334556124098981e+02
4.686952379193049012e+01
8.368286214379197645e+02
-3.744529451098345589e+02
3.647171106837248544e+00
1.867157266429730385e+02
-2.643427455027099313e+02
-1.533158898836116748e+02
1.874357367230633429e+02
2.543527534590559469e+02
-1.064564446612881454e+01
1.876135892211257783e+01
-4.404869586854898671e+02
5.506423187289072985e+00
-2.357163380120531428e+02
4.564083573331421917e+02
2.450103917966150391e+01
5.887913739293106801e+02
-5.792639126338800679e+02
-2.983132541771815340e+02
8.287291480707795017e+02
-3.405423935021119064e+01
-6.877116935169751741e+02
-2.545869145364606538e+02
4.550485897703853766e+02
-6.067572972247825192e+01
-3.312548879044940122e+02
-3.114808987390499624e+02
3.665252391434677861e+02
4.977239739993950707e+02
3.442069253583558748e+02
-4.639359180564204621e+01
9.038213306266874270e+01
-1.960637518719037757e+02
-3.392119667776406686e+02
-6.155533905168928754e+01
-6.854540492297718401e+01
-4.894729628067065050e+02
-1.577379681082503282e+02
4.632094285557028570e+02
3.178762918286459467e+02
-4.089450186289670341e+01
6.506272974384268082e+01
7.015113729503245850e+02
2.471881032714277637e+01
-4.239977543515391289e+02
-3.623774218766466788e+02
4.303660658984076122e+02
6.322574335669699508e+01
-9.424925671298182124e+02
-3.908411892103886771e+02
-4.349242166132802367e+02
4.750190000557313397e+01
1.241829618252277214e+03
5.261903533026489868e+02
4.852144392477442807e+02
1.985645371875581873e+02
-2.273614107898990255e+02
-2.388838207881341447e+01
-7.966637283387140087e+02
-5.268684936907844758e+02
-5.451564304635371627e+02
1.829004674036699498e+02
3.644518713648776664e+00
-2.833453782631576132e+02
7.244693756777339786e+02
1.071822129572687118e+03
-5.718788429732031773e+02
-6.548214626285650297e+01
1.898079931253637369e+03
-1.082928397305530325e+03
1.437948374687778710e+02
-1.695691727147737765e+03
2.545922330564300182e+02
-2.124099205654948435e+02
-7.551238498124674834e+02
9.569286332230717562e-01
6.835865989084941248e+02
1.162971808194748746e+03
-1.451032162502707479e+02
-2.747139945829688941e+02
9.045031828307402293e+02
1.052949313154500715e+03
-1.320968312311290447e+03
4.402622583081407015e+02
-1.112976717191217404e+03
-1.004125980076115752e+03
-3.623570557891973181e+02
-3.464433289099579270e+02
4.607054243181871129e+02
6.131083304954936466e+02
8.838367267575210917e+01
2.356367848409022827e+03
6.952251797258779220e+01
2.838757345267310228e+01
-8.084788628682404124e+02
-8.632670050392083567e+02
2.302569803704784306e+02
-1.226454900296201004e+03
-3.492224462688669746e+02
1.673231989572200007e+01
-5.616260401632127923e+02
9.914287627640563869e+02
9.330544386536291768e+02
2.160449372919640609e+02
5.300048276103188982e+02
-1.237985421772979180e+02
8.289899126356749548e+02
4.414509482262868545e+01
-2.163916561545904187e+03
3.908684275655864440e+02
1.045490323993089987e+03
-1.275995164548765842e+03
-8.199634263099113696e+02
-1.230787766166585698e+03
1.809753106995564622e+03
5.429713355075926984e+02
-1.112000135132412424e+03
6.848217973749252678e+02
1.895971004206939597e+03
2.608414382887064221e+03
-1.537230120870818837e+03
-2.209650079765323881e+03
1.154322886946770041e+03
-5.681033000431395976e+02
-2.962663860618816216e+03
-8.465898696143791540e+02
9.899694634459000326e+02
-1.307996956984714814e+02
2.164566660578218034e+03
1.227214981991500736e+03
1.238984415805585741e+03
3.181321233891954762e+03
1.205589352791680540e+03
-1.851357799412629220e+03
-4.334768524670315855e+03
-2.638104388658552580e+03
-1.943925923816145314e+03
2.819377787972259284e+03
4.137477569457905702e+03
-1.153989220904654758e+03
-1.171976401041995132e+03
-2.845802173410376099e+02
2.928023887790541835e+01
-1.199994016876742080e+03
2.565203421529189654e+03
-3.568515029445928235e+02
-2.795740160944525542e+03
4.166878147263336359e+03
-2.420802299379824035e+03
1.528581304046462037e+02
4.164228760952955781e+02
-1.602421870578333937e+03
2.775103927674459555e+03
-2.432903247605713659e+03
4.253045455537066118e+03
1.070650729826336374e+03
2.444666837028574264e+03
1.292575708375974273e+03
3.545781605552943802e+04
1.003107961630906402e+03
2.175689091323905814e+03
1.074350965851868978e+03
3.956567357917853315e+03
-3.169522942681672248e+03
2.572267952494041765e+03
-2.022472827299880691e+03
1.097965334058558398e+02
1.496001647128259435e+02
-2.180925846146011736e+03
4.938295884234792538e+03
-3.110972499150860585e+03
-2.355950890824616408e+02
2.662231864300692905e+03
-1.212828157007491200e+03
-5.038238800102135997e+02
-1.145659958853217631e+03
-7.955316521777341450e+02
-3.262582105369264696e+02
4.838425071712626959e+03
3.999850928392774222e+03
-8.868959802824647340e+02
-2.347850855614862667e+03
-3.915641677175355198e+03
-2.874178506481902787e+03
8.044558576338197327e+02
1.539786579238621698e+03
3.891072766110671637e+02
-3.387147216274618700e+01
1.455724319657830620e+03
-9.574878599284331813e+02
1.744469496917128026e+03
4.285383675026616856e+02
-1.163488060216047870e+03
7.535544426100322823e+01
8.513316367479330893e+02
-3.980264823267242491e+02
-2.149884490588734934e+03
2.900203042276399174e+03
-2.642735131507072879e+02
3.625908212015957588e+02
-2.300304198264675051e+03
3.254284627337405027e+02
2.029006796541325684e+03
1.286713030719996453e+01
-1.234975944446951871e+03
-8.008897480640437152e+02
1.879743869013528183e+03
9.477037394914555080e+02
-2.155033839338268081e+03
-6.564137934186504708e+02
2.438975347233577509e+02
3.723775697937329596e+02
5.475090922145237755e+02
-3.223879825121560998e+02
-8.209643690039197281e+02
4.691335486822708276e+02
-1.447303046529887069e+02
9.244940686613559819e+02
1.690213328816329522e+03
-5.019210481127598200e+02
1.153101345569076329e+03
-4.317365198434216609e+02
2.693502571656485429e+02
-2.507612445631655760e+02
-1.940228466644461605e+03
5.746845007618585299e+01
-2.691306994540027517e+02
-4.458563708122513845e+02
-6.012493391186465033e+02
-1.407514330076907299e+03
6.252094897038557519e+02
3.564753628556225635e+02
2.289634496171258888e+02
5.816689271503658176e+01
1.466134489364818023e+02
9.055855873703120551e+02
1.307338856359187957e+03
-1.006831916725750148e+03
5.565756398577876780e+02
1.601655834926355510e+03
-7.524224253617573765e+01
-4.543425148224926602e+01
-1.202890057294559028e+03
1.305870551296295616e+02
-8.091746925728353972e+02
-7.543743129806055094e+02
6.139787673548545399e+02
4.366676019750815385e+02
5.954880391186378574e+02
-6.943043552120801678e+02
-1.212029353259247500e+03
6.547812431480214173e+02
-3.210663316100784641e+02
-1.158954364177570824e+03
-4.770926740262396493e+01
8.280383463434242231e+01
7.621900452264681007e+02
2.215545238642748700e+02
4.568919198343121479e+02
2.715686209762144472e+02
4.847396426332520036e+02
2.984054466162735366e+02
4.452666834034608883e+02
-1.347060018212087300e+02
5.379314701473971354e+02
1.546118991016660971e+02
-6.425874493970094363e+02
-7.820261738246870209e+01
-1.415834375685007899e+03
2.733255845079609117e+02
3.338503472443279065e+02
-4.055103954352210849e+02
-6.836992701708396680e+02
-3.948226364001058073e+02
3.357910298279554695e+02
2.336406333444627421e+02
-1.711532197098793802e+02
-1.781485042101418514e+02
3.206893826322902896e+02
4.731423894523301783e+02
1.156942938222180572e+01
-2.789549475048565910e+02
-1.212815035532226773e+02
1.265490928628285928e+03
7.932871643533125052e+02
3.121861311808348205e+02
-6.043534245352914240e+02
-2.415931090685885465e+02
7.415094418038087554e+01
-6.874056681653659098e+02
-3.305662699526407096e+02
2.110677488694017825e+02
4.933467722213940476e+01
-2.300294307510617102e+02
-2.133628139187255215e+02
-1.659897167691907214e+02
-1.737818037523406076e+02
-6.860804385730051536e+01
-2.810127958873199532e+02
2.664565802396045342e+02
2.584394646680129313e+02
5.664329968180159369e+01
1.278881981034664364e+02
2.123279628525367286e+02
1.202135856012118325e+02
3.401083363570050722e+01
1.407294630638746753e+02
5.711643645610263320e+01
2.033166431224512962e+02
4.919663107879301833e-02
-1.858553824247705109e+02
-7.853959640288073274e+01
-1.476809294262457684e+02
-5.357319636767938675e+01
-4.173026883707352397e+01
1.455419020298557200e+02
7.302741326941713851e+01
4.070796321413367025e+01
7.891034253029792467e+01
-1.572112576799822214e+01
0.000000000000000000e+00
