-1.060734264652555714e+00
-2.113769373704370569e+00
2.005306645193265958e+00
-1.859190813655254715e+01
-5.948453642940224739e+01
-3.619527626673622223e+01
2.339922636749107454e+01
6.514095825377306426e+01
7.040180749905240987e+01
6.687165579542217131e+01
8.120074059886125895e+01
3.966862383002764147e+01
-1.418447371124526910e+02
-2.807008402891109426e+02
-1.691902051615045366e+02
1.591669397591799964e+02
1.399824466864462238e+02
-1.112777723577956124e+02
2.467634200997261473e+02
4.172335339209184895e+02
-1.033320827371058215e+02
-3.880885496573412752e+02
-1.906954293020258433e+02
-1.503586446515011232e+01
1.097305269217752510e+02
-1.523719230148226131e+02
2.244212544159915694e+02
2.873507511272769079e+02
1.274644838385966494e+02
-2.547797611498606614e+02
-3.486211598193409600e+02
1.351787278073362586e+02
1.720218128040132797e+02
1.589765216914323176e+01
2.352561542713642950e+02
6.036023935513897243e+01
-1.215066039042421835e+02
1.980091805776273191e+02
-3.519526934725479919e+02
-3.939240234509578045e+02
5.358597806526359975e+00
9.713267834477962879e+02
1.381507819815537914e+02
-6.111513001684958226e+02
5.199679494142347949e+02
5.241793754124166753e+02
-3.787564310197951158e+02
-7.335671902786407372e+02
1.653886263023404268e+01
2.917226151612480294e+02
4.353764927393233961e+02
-6.232799285680484900e+02
-1.678473470939481444e+02
5.080824725330359684e+02
4.695685508617295909e+02
1.362389134951192204e+02
-5.107375007439381989e+02
4.846173045491072457e+02
-1.075975852493066895e+02
-1.167154448551195628e+03
-1.694177546870932360e+02
1.050662622268222549e+03
9.215310123028168618e+02
-9.427621550344382513e+02
3.152812899583945523e+02
2.857295495206626015e+02
-1.232802067207201162e+02
-9.612877172339537992e+02
-5.717813096269495077e+01
2.675371266621905875e+02
4.367748256873334753e+02
3.418206302746968390e+02
1.335322137244391740e+02
6.891935868095825981e+02
-1.383266739738898877e+03
-2.255140004339251902e+02
4.364569401613158561e+02
1.218604542994527037e+03
-1.562532463216040696e+03
-9.996337005902948647e+01
5.370082344798519216e+02
8.785121397655514102e+02
-9.639444167416382925e+02
5.890494126440305536e+02
-3.788187264353579167e+02
3.483423445150372686e+02
-1.169405561984525264e+02
-7.096147668368490713e+02
7.676812136370037933e+02
-3.901276552220595022e+02
4.089779703940506579e+02
-7.245779432359620387e+02
8.478834278657673167e+02
4.646229230393519316e+01
1.135947833543093111e+03
-1.600967801209780191e+03
1.121360412412803811e+02
-4.268608926645521819e+02
2.790091722953508793e+02
2.658010552188302427e+02
2.587959979403367683e+01
7.139046705547152669e+02
-6.224107163102355571e+02
3.578616996963233987e+02
-5.834443882561479313e+02
-1.536626711113571275e+02
-2.628713614491699673e+02
1.541787417043943833e+03
-9.353509849316211557e+02
9.870000806830029205e+02
-1.127917876693974222e+03
4.880038650136959291e+02
-4.648309164012771930e+02
3.474075973241940005e+02
9.420445132780044162e+01
3.443764353984278728e+02
-8.172524296930892262e+01
-1.206284193101884057e+03
5.439872150990236150e+02
-4.941679666682281891e+02
1.274549302060649325e+03
-4.230614315176832179e+02
1.487082620602078805e+03
-1.084093637748024321e+03
1.486555917814491750e+02
-3.004762222137571825e+02
-7.690108971628829977e+02
4.503057248032917528e+02
-7.310899386722572899e+02
1.201487124853011892e+03
-3.054981939056139595e+02
2.842104813938149732e+02
3.035995807438132488e+02
2.221889850363333778e+02
-2.694670803387591036e+02
-4.229636479318234876e+01
-5.942464716868780670e+02
-3.468744681544990272e+02
6.740804854005299376e+02
-2.210408949562630596e+02
5.518233519402690490e+02
1.977682682839934785e+02
-7.371819715593602496e+02
8.541070820025282728e+02
-1.246689975497089563e+03
7.798084630066193768e+02
6.178118077627742650e+02
2.907986749313573114e+02
-8.042992782083533712e+02
-5.959013336397555349e+02
1.186601809582057740e+03
-5.933599102215593035e+01
-9.385273504960500190e+01
-1.551246779112272861e+03
1.198192253225786544e+03
3.670368969505410064e+02
1.050852039974173806e+02
-1.540841090664394642e+03
1.355804108996693458e+03
2.956837029826747880e+02
2.662808876305848571e+02
3.004263003113127297e+02
-3.942045311730643107e+02
-9.021316970052666875e+02
6.604467850808491391e+01
-7.879548414691496419e+02
6.181426995775201476e+02
3.957162081263493292e+02
4.746035416146653461e+02
-2.554130412988407386e+02
-3.677199137074500612e+01
3.742673709085743781e+02
1.194095397415159994e+02
7.159817225460917598e+02
-2.926974711244444620e+02
-3.263796752742453577e+02
3.585025018534210517e+01
1.089040370499874300e+01
-1.377462346076141785e+03
-6.896543617582051411e+02
3.589626023293106414e+02
1.350393654490041627e+03
1.183429793907729959e+02
-2.965589422929739953e+02
1.004654437667357229e+03
7.817708020312546751e+02
-9.886806585094549291e+02
-8.604716918467305504e+02
1.264272018515011098e+02
5.332484389039743746e+02
-5.478895971656372694e+02
-2.816865468658126588e+02
3.906849383656955297e+02
-2.521304702307709249e+02
1.235797029757399969e+03
-3.635694862989083163e+02
-3.187741532321245472e+02
-1.285629378579004083e+02
-4.181398637903006374e+02
3.262464285075402586e+02
7.423877508109205792e+02
-1.270014602689800967e+02
-5.277313442880792991e+02
5.959829000787223094e+02
-9.672767734048987620e+01
-3.532333961067240011e+02
-7.957820054268756849e+02
8.826962106767142586e+02
-3.951927454135856976e+01
-3.764078300761348146e+02
3.478306683790930833e+02
-1.708276383344189142e+01
7.299132173395814789e+02
5.232572293525651475e+01
-6.955614220471671842e+02
7.075568327683183725e+02
-5.071761846236786369e+02
-3.104367781625132920e+02
1.559543203202246175e+01
9.585282683290834882e+00
-4.195850786265731358e+01
4.750328301256912482e+02
-1.667883652383519859e+02
9.090590407622671876e+01
-4.073186543795925445e+02
-5.184618741481928055e+02
5.768321147149366652e+02
8.691826337100056321e+01
9.903614167584295274e+02
7.487949050059806666e+01
2.969581186289780135e+02
-1.003099584086989580e+03
-6.934003762042441394e+02
2.172024634223372459e+02
1.169244830167907878e+02
-2.236415681452159561e+02
8.540916382225174175e+02
7.090191345069321187e+02
-5.786007857816921387e+02
-4.865356238021664694e+02
-5.004975980944230400e+02
4.125520053714827213e+02
-5.536308463269084541e+02
4.545056673412507280e+02
1.008508066908804679e+00
8.339931461800175612e+02
-3.718235787963060375e+02
-4.139082841159332133e+02
3.027548424469268866e+02
8.679652812494613272e+02
-5.808617546116506674e+02
1.993825971060356892e+02
-1.435970363492863271e+02
-7.369501450056791327e+02
2.644887939266972694e+02
-5.546610060784449843e+02
5.069570000238712737e+02
4.530128027505113550e+02
7.355516034026154557e+02
-6.176960808919311603e+02
-2.711815245303454276e+02
-2.929047589570871537e+02
1.006068138147849254e+03
-4.286977254623250246e+02
8.093537100756128666e+01
-1.698263418575374146e+02
3.547542910781081105e+02
-5.831519145959947537e+02
-1.107839688690537969e+03
9.839014319670812370e+01
5.388676526199644741e+02
4.195064420823702562e+02
6.458793750755102110e+02
4.449941551847346091e+02
9.307965458071292630e+01
2.789482715390209933e+02
-8.126269414695291289e+02
-7.013936801621377981e+01
-4.322295788113636377e+02
1.008646860542527719e+02
8.424765184615270641e+01
3.085113050212648318e+02
-7.211866749083121704e+02
-2.979074400643355602e+02
1.880146936698088211e+02
1.118836072393630729e+03
6.295202350193507357e+01
-5.043986810305622726e+02
-1.211297814407628550e+02
4.061667101047680717e+02
1.404395949508244712e+02
-5.191508392601117521e+02
-8.914951716643543023e+01
2.197237852345894566e+02
-2.853674656390778637e+02
-3.094453205697559639e+01
-4.651587291703256710e+02
7.369223504904791753e+02
2.403755328328365408e+02
4.094693189756038691e+02
-1.437534694867743212e+02
3.117607036321351188e+01
-1.640675160762521614e+02
1.405355675034710927e+00
-3.289666763108719465e+02
2.822708760581865022e+02
3.805839933686610266e+01
-3.893709528028622913e+02
1.364467666612352446e+02
-4.042742628506668439e+02
-2.713911424757210398e+02
3.370999323201066318e+02
6.716890265539173015e+02
4.252872759822972171e+02
-7.454176413165049553e+02
1.467434834560001775e+02
1.312480236416437549e+02
-6.369159797998571548e+02
2.406493413043091039e+02
6.951177173924513681e+02
-5.969913719007205088e+01
-3.107089503140595070e+02
-1.013712813655860259e+03
3.554664360281082622e+02
6.224109152676682015e+02
9.703042547003142317e+02
5.176607661909831393e+01
-6.497906657475915608e+02
-4.533523017577365408e+02
4.211651189557847488e+02
-8.459489875142027131e+02
-1.745768950620386022e+02
2.017690862028154086e+01
8.865683357030103195e+01
1.372265349613645867e+03
-5.340558713712485996e+02
-3.922283258320377968e+02
4.231949861079812081e+01
3.345665109711806622e+02
-1.217141029082246462e+02
2.233372805551468900e+02
1.200292163378983474e+02
3.094763434096111610e+02
-7.955740307602428629e+02
-4.260138471069359980e+02
5.439549202246367088e+01
1.849802074538602028e+02
2.847829364159890133e+02
2.072537426424435978e+02
1.105212321521303664e+01
3.717594083607913547e+00
1.800832233692387661e+02
1.429626654164404727e+02
-8.092991414526487404e+01
-3.487281867800788291e+02
1.574190759044986692e+02
-5.786191113535418253e+02
2.637246987427199656e+02
-2.067816556791702567e+02
-3.926807619811846735e+02
2.710590216294913830e+02
6.969497541692252298e+02
-3.835853560796714135e+01
-4.493617692124077578e+00
8.061597510108043707e+02
-4.335572170062339410e+02
-4.725363835213693164e+02
-2.646966545391585441e+02
2.025489798873973086e+02
-5.643425425309466448e+01
3.157637146715116501e+02
-4.181768989843012037e+02
1.093883611948620569e+02
3.617295899628404072e+02
-8.486207688051887743e+00
-2.207461510131156501e+02
5.244945275525030581e+01
3.751007944976894350e+02
-7.038516579715843591e+02
2.292340851499638177e+02
1.248913907997059312e+02
2.139299506516908878e+02
-5.603513302793900266e+02
1.992248703430201999e+02
-1.804307307380089185e+02
6.776102745609741760e+02
-2.637114059949873308e+02
2.396515609867644230e+02
-2.007152462704422931e+02
-4.491724050822916752e+02
2.703627632516819403e+02
-5.256891674979100060e+01
4.754449758939247062e+01
5.054791127084713480e+02
-4.075366478359722464e+02
2.333335412391298291e+02
4.486995771139382327e+02
-4.772277803507077465e+02
-3.838988990409703206e+01
-3.835242775662830468e+02
1.650567875023406543e+02
-1.352933184343121553e+01
5.390182875379561978e+01
-8.697895996827458731e+00
1.111102191106310926e+02
-1.004204897437665750e+03
9.649255982178299291e+02
2.056546177681463519e+02
-1.959584736041544488e+02
5.956849672489134946e+02
-1.276558816969714059e+02
2.476275957629375171e+02
-6.729147850513484173e+02
-2.536538958348411654e+02
-8.192713668250409853e+01
3.623271411504168782e+02
2.911426744221479623e+00
-1.083304978132146772e+02
1.050295574652850803e+02
2.203956972053904622e+02
-1.114179893238528507e+01
-1.704554390235594781e+02
5.308826366536761725e+02
-3.244349536114959278e+02
-2.974837758042104952e+02
3.899486118348307286e+02
-4.676584225042696517e+02
1.939726538080002172e+02
-6.647075455706524281e+02
1.522668126100203949e+02
3.704934314375450981e+02
6.062210840991419900e+02
-3.576345050787657556e+02
-1.386606290586190937e+02
2.766113622988803513e+02
6.611377910604265651e+01
-6.157317362541385108e+01
-2.229098505032161981e+01
1.208900321449944215e+01
-8.876729031385070812e+01
1.336645257512841738e+02
-1.842092647173185469e+02
-5.824425428931567694e+02
4.592347086916059880e+02
1.695888794098001426e+02
-2.768857827131917659e+01
5.409751042660759879e+01
-7.369209048822710884e+01
2.156854374122257809e+02
-1.910603525429155525e+02
-4.773782509656089701e+02
2.282397811286793115e+02
4.486211035635870985e+02
-2.298663172098030145e+02
9.096068732175999116e+01
1.455471959401232027e+02
-2.161080486143093253e+02
-6.641625793596457328e+00
-3.676946788342757486e+02
3.144275129121218129e+02
2.423995874822692258e+02
-1.631588859026419414e+01
-1.434973020991819226e+02
-4.946915847456451587e+01
4.538782763779531138e+02
-4.905533811800223276e+01
-3.035566096390912207e+02
-1.433386061804374663e+02
-3.774493522936836030e+02
3.472373569113507585e+00
8.297112097841070408e+02
-3.664311036261012759e+02
2.691262221733498450e+01
1.675735945143203196e+02
-3.065289850169363035e+02
-1.374067658533771237e+02
2.502693829582712794e+02
2.915033183332991484e+02
-1.401015675274431516e+01
3.399055477743825548e+00
-4.618205552480821439e+02
-9.845131180074316646e+00
-2.244963893055814879e+02
4.473243346863629881e+02
-1.318293075816163729e+01
5.869280213819081382e+02
-5.897236222658617635e+02
-2.959176440179706447e+02
8.882691735298756157e+02
-4.602689021882248710e+00
-6.834906180907522639e+02
-2.500105089769474489e+02
4.393359465073727961e+02
-9.737121329352538623e+01
-3.522751111697011197e+02
-2.999900625212580962e+02
3.536370732776595105e+02
4.877100666378054257e+02
3.568983254769287328e+02
-5.058878221275299580e+01
1.078571277101068233e+02
-1.661543768375007630e+02
-3.448383827052565493e+02
-4.767456411246525505e+01
-3.703105729865380624e+01
-5.096224823655676346e+02
-2.036625157401452952e+02
4.253322467244993277e+02
3.109014275917610348e+02
-2.215214400533229977e+01
8.606448590075363825e+01
7.138292376921411915e+02
6.461765501506341991e+00
-4.155931665148666525e+02
-3.304822556018125397e+02
4.450382841460844929e+02
7.555168320230308154e+01
-9.665656598800828760e+02
-4.332778497895178589e+02
-4.561628282751952383e+02
5.572206809669904004e+01
1.268314060544933682e+03
5.258844809635309048e+02
4.643790864406645369e+02
1.891530409001760518e+02
-2.192388012386956007e+02
1.578018206643603172e+01
-7.464178883101310475e+02
-5.290191753801032064e+02
-5.842478401204150487e+02
1.408330527619415875e+02
-2.920093174955370330e+01
-2.751533259912695826e+02
7.665558822257767133e+02
1.099689424356696463e+03
-6.052719059417744347e+02
-9.698072244064530878e+01
1.911989498961861273e+03
-1.058888461047591591e+03
1.892771916966133006e+02
-1.687505991607575879e+03
2.071855912244758713e+02
-2.347084815355708827e+02
-7.469244977942885271e+02
-8.295646260275851835e-02
6.821097160153234427e+02
1.168606301553657659e+03
-1.673622202833921619e+02
-2.833371135316421601e+02
9.427349531398766658e+02
1.074060363280723095e+03
-1.324934803991251329e+03
4.485969317131790604e+02
-1.124938385929560354e+03
-1.036318030815783914e+03
-3.597921621976660731e+02
-3.415142560891842436e+02
4.638853971264807114e+02
6.291100912543940922e+02
7.357767361269766582e+01
2.330347272643209180e+03
8.032163162172372495e+01
5.973773392503020574e+01
-8.126968140189627547e+02
-8.680247759313343749e+02
2.490817425652281258e+02
-1.230750742813398574e+03
-3.588626449586932381e+02
6.078532784315093807e-02
-5.854237949118992219e+02
9.980708674406405407e+02
9.673249271941241432e+02
2.347668392951235603e+02
5.116941108835372347e+02
-1.513738626263579761e+02
8.172640893087152563e+02
6.347413285579172992e+01
-2.131769681002212565e+03
4.017094415641260525e+02
1.022915936054502140e+03
-1.299739233638224960e+03
-8.160578728810791063e+02
-1.222557939362494608e+03
1.818048354532935036e+03
5.457412088292483077e+02
-1.122607907027516148e+03
6.609118571597277878e+02
1.890406149793751865e+03
2.641717155020130576e+03
-1.516274299081268964e+03
-2.204110264331221515e+03
1.138963012790229641e+03
-6.114751298095795846e+02
-2.971830223755610405e+03
-7.962511033069321229e+02
1.032404497344940182e+03
-1.506196939451464232e+02
2.121990139084053681e+03
1.184691970832240941e+03
1.233514954481281393e+03
3.235207170447907629e+03
1.238389648735222181e+03
-1.863296530560992096e+03
-4.343479476273462751e+03
-2.647182627531178696e+03
-1.962055126757964445e+03
2.843669004001216763e+03
4.170556969883269630e+03
-1.178689587463958333e+03
-1.203541125642103225e+03
-2.903693975793020172e+02
2.586955068913183098e+01
-1.192307744742154000e+03
2.588560766423592213e+03
-3.635845217782553505e+02
-2.802351502661276299e+03
4.188360172659023192e+03
-2.423406092043699573e+03
1.620065892784220125e+02
4.371495779097341483e+02
-1.624052014354194625e+03
2.732910560873876420e+03
-2.447097157530158256e+03
4.267540622601939504e+03
1.074216188923539676e+03
2.454929901515760321e+03
1.303211324025682643e+03
3.545364798540889751e+04
1.019341727788090793e+03
2.189285652889515859e+03
1.061473118067093083e+03
3.952017579487749117e+03
-3.162473291790794519e+03
2.569371914922973701e+03
-2.032758846086708672e+03
7.969593710128268071e+01
1.212283185738654367e+02
-2.181450907651313628e+03
4.970353165126841304e+03
-3.054354805399710131e+03
-2.216688779213797886e+02
2.646907962422922083e+03
-1.229321623620996206e+03
-5.217911441074099912e+02
-1.133658842567857619e+03
-7.870334659305366358e+02
-3.407407428138104137e+02
4.805330958443872987e+03
3.979471517509019122e+03
-8.751046816474433854e+02
-2.337948667547545028e+03
-3.881498061858022993e+03
-2.833813983151308094e+03
7.885480686164014514e+02
1.514470190768361817e+03
3.963523678515791744e+02
-2.247935906661631478e+01
1.475785475331885436e+03
-9.757760707510306020e+02
1.663682564155687487e+03
3.864095362909696405e+02
-1.125598309238309412e+03
1.388574802657556404e+02
8.792119845984441326e+02
-3.904102769568789881e+02
-2.163439035634891752e+03
2.866272883904336595e+03
-2.393822099789206561e+02
3.873875891861640071e+02
-2.318754220154070026e+03
3.148663059294091795e+02
1.991049326491166994e+03
-3.086463661515176682e+01
-1.226784005486367278e+03
-7.650752537794800219e+02
1.904886922964101132e+03
9.709327941798347865e+02
-2.139173003294301452e+03
-6.702429428799129028e+02
2.406002364312663531e+02
3.971007906208476470e+02
5.343862722574669988e+02
-3.731210035988879099e+02
-8.463208790597467441e+02
4.541220570017740101e+02
-1.310461484612835363e+02
9.596860640218186518e+02
1.691830876833252432e+03
-4.964936273785321532e+02
1.172563308337672652e+03
-4.091896572149104259e+02
2.733043610541405428e+02
-2.653396347215770561e+02
-1.947344177511917906e+03
3.280396891778489987e+01
-2.883972061759977237e+02
-4.571102920233521445e+02
-6.228868326966138511e+02
-1.410303384410276294e+03
6.518888853890815653e+02
4.015968547229928163e+02
2.617377397568283754e+02
6.346266613501532561e+01
1.357608918834587826e+02
8.783837945119078086e+02
1.282174680774224953e+03
-9.960157443008429254e+02
5.566816277830890840e+02
1.581003247991665830e+03
-8.439091188395592269e+01
-6.886242266059535666e+01
-1.200547706220401778e+03
1.742982378219831219e+02
-7.634745649746377012e+02
-7.411340074085267133e+02
5.994417116197903397e+02
4.197088430778601946e+02
5.684391462917932358e+02
-6.846018964507628652e+02
-1.187438868271472074e+03
6.105928084893862433e+02
-3.643199965073273461e+02
-1.156512382404998789e+03
-2.962686086524369244e+01
1.283411675440541444e+02
8.043716246497585871e+02
2.127268781354407849e+02
4.206587094801308240e+02
2.651044411956481781e+02
4.979321318764948501e+02
3.176460770006554526e+02
4.472605660722668404e+02
-1.706780894798442034e+02
4.831883392283903049e+02
1.517101745655938316e+02
-6.140119752436656881e+02
-5.964932035310108205e+01
-1.366615545456392510e+03
2.977268178440251063e+02
3.102147511212974109e+02
-4.442408372354707922e+02
-7.025747707408501128e+02
-3.792875970349859927e+02
3.514302645953933393e+02
2.288590207280192601e+02
-1.852649054619524804e+02
-1.830088654813787912e+02
3.251900929669444054e+02
4.781696674684346249e+02
1.328520717880745572e+01
-2.739486422145313895e+02
-1.026051828969176398e+02
1.277710585614313686e+03
7.726418381314006183e+02
2.707230982203611234e+02
-6.065038213703827523e+02
-2.201397616701619029e+02
9.759770196927610186e+01
-6.673622245307832372e+02
-3.546962591849176647e+02
1.784833222026075248e+02
5.628592179954888763e+01
-2.129153576963598766e+02
-2.121392799710332895e+02
-1.826226612310960888e+02
-1.943964843318811120e+02
-6.510630117717293786e+01
-2.596334959070757122e+02
2.792059631787593048e+02
2.699901897961030954e+02
6.367139549129232989e+01
1.261924577444507491e+02
2.156575035761191259e+02
1.328536821763319438e+02
4.335490160249257485e+01
1.389932888361844618e+02
5.087596280512306635e+01
1.932810051222696188e+02
-4.169777666429674845e+00
-1.814740616944472436e+02
-7.645757807236049075e+01
-1.449460541993913125e+02
-4.925820781521321123e+01
-4.127985184838314581e+01
1.428787827543967808e+02
7.428161468840870896e+01
4.355953425783698663e+01
7.932007313319134312e+01
-1.578783133891990076e+01
0.000000000000000000e+00
