5.000549344167541044e+00
1.990783507972739486e+01
2.024190591076876089e+01
7.271913046933750735e+00
-2.793184676019752999e+01
-1.563078284060488699e+01
2.482568416176290782e+01
5.161347704265326541e+01
-6.335264078806566168e+00
2.192682378916982344e+01
6.445945913601282484e+01
2.596910905396807578e+01
-1.306403034683366968e+02
-1.703778544011652230e+02
-9.146060894432156374e+01
2.082114024598503477e+02
1.910870245056186718e+02
-6.543523482992415552e+01
2.047046800574991323e+02
4.004959562433699034e+02
-1.183161943529039206e+02
-4.702388915957291715e+02
-1.668533685810554346e+02
-1.397907669436316525e+01
1.392485471998294315e+02
-1.097121909716382646e+02
3.245243522154268021e+02
3.520991998907934999e+02
2.029020683800546578e+02
-1.348224440155502180e+02
-3.236917099793239458e+02
8.517258233638892762e+01
1.788027049885458837e+02
-1.073432922160727117e+02
-1.251268097585497863e+01
2.108381648097485765e+02
-8.803501574472821289e+01
2.350843719766476738e+02
-3.151616230160821601e+02
-1.385927694091432159e+02
-4.175495213981178466e+01
9.647473502867235311e+02
1.716329755475017009e+02
-8.163462451041398253e+02
3.336561701964694180e+02
3.897995772122034737e+02
-4.948609475994035165e+02
-8.566975186760353154e+02
1.816537734459835178e+02
3.750519282940816197e+02
5.531870495899290745e+02
-4.116814489241030515e+02
-2.918735356552998184e+01
5.639038937472184898e+02
2.809871300755337415e+02
1.297799460107843572e+02
-6.204489133859542562e+02
3.323457784262261043e+02
-6.852988410297135147e+01
-1.266579620452004747e+03
-2.268242296283399924e+02
1.056134023178142115e+03
1.139156375882293560e+03
-9.551479360259713758e+02
3.798148030323598618e+02
4.748646734357637911e+02
-1.900721221906668461e+02
-9.221382205917158217e+02
-2.221706906691814964e+01
1.328132490586246490e+02
3.041678058208631228e+02
4.068827154815122640e+02
-1.566917327506530455e+00
5.592857101256313399e+02
-1.149449664054618552e+03
-2.187878692067651798e+02
3.927829447569532704e+02
1.281691471690901380e+03
-1.512522596972886276e+03
-1.900035258734906449e+02
5.994137969621733646e+02
9.753545451277618668e+02
-1.204464349105310021e+03
6.827819528676186565e+02
-3.799268408116197975e+02
2.017073231085896055e+02
2.038217756949146420e+01
-6.371358266659975698e+02
7.081339690736884904e+02
-4.262641063063872480e+02
5.566905160734755782e+02
-7.584132333308567695e+02
8.262421211898475804e+02
1.243839441251345761e+02
1.063715266206801516e+03
-1.622179994631326053e+03
1.075574334475514746e+02
-4.276102207957376322e+02
1.386762525582421119e+02
3.249450124048980797e+02
1.576880536712817360e+01
6.449102623044464053e+02
-5.068975301087570529e+02
3.378714049247270168e+02
-5.014631192762533942e+02
-2.052563010971017547e+02
-2.419981923921127418e+02
1.569207458475413432e+03
-1.021396732107768912e+03
1.079539361510629533e+03
-1.138043962790628939e+03
4.748473881312464755e+02
-4.904575344128429606e+02
3.932199905241328679e+02
3.723968824930360455e+01
2.740795976901643485e+02
6.150573783013922480e+01
-1.245713810136991697e+03
5.661554107845485078e+02
-3.886503462669533064e+02
1.309134592361534033e+03
-5.834256793884744638e+02
1.411564344366086289e+03
-1.122307997687803208e+03
-3.256768127682316560e+01
-1.287237457250131456e+02
-7.576144020355131943e+02
3.495247176523852772e+02
-5.656913777084649837e+02
1.383115866864841109e+03
-3.329578055516237782e+02
2.451378156602362992e+02
4.688225919017321530e+02
3.180090042985342791e+01
-3.340113675830186821e+02
1.321463764021381948e+01
-7.906370710085556084e+02
-3.511128343193470869e+02
7.435239508626325460e+02
-2.324916228199852526e+02
4.830550275498391670e+02
4.329140533499958110e+02
-6.352604542739286444e+02
7.933506116038031450e+02
-1.097060590824319661e+03
6.316394772567227847e+02
4.386927384927749358e+02
2.946957163983446435e+02
-8.171894295151673759e+02
-7.935961911896177980e+02
1.170536807223780215e+03
5.644894092545447251e+01
-1.100651687415236353e+02
-1.322157538577273499e+03
1.330344246647756336e+03
4.510517240264633188e+02
1.286853529870191721e+02
-1.567448530447705252e+03
1.267457362932728074e+03
5.146984408791415433e+01
2.425262928242143232e+02
1.443072231538741903e+02
-4.302388549728178191e+02
-7.984843245917041941e+02
1.230705596746814479e+02
-6.316194418472357484e+02
6.956016741868049849e+02
5.482004708858192998e+02
4.455071703567003283e+02
-3.459799299643259474e+02
-5.284471641312751444e+01
3.073520569583491238e+02
-5.710054135706207035e+01
5.649709826828939185e+02
-2.575941694637119213e+02
-4.230012612153366831e+02
1.854118895494731589e+02
2.011095496803753235e+02
-1.309953315940088260e+03
-5.048887894302588393e+02
4.824557319823596799e+02
1.354519126137687635e+03
-1.114325899581997703e+02
-3.514642742318005730e+02
7.664192675939112860e+02
5.279405004229108727e+02
-8.373792036909987928e+02
-9.094444443945526473e+02
1.577881125418266492e+02
7.702526131576237276e+02
-3.641138388671335520e+02
-2.946140142126129149e+02
5.386568880625972042e+02
-1.476764896346466287e+02
9.530662042716661517e+02
-4.360473570505722591e+02
-4.565192996763333326e+02
-3.449740778850729157e+02
-4.412068135042551376e+02
4.196196736775914360e+02
7.345982270497686386e+02
-2.073205640147663331e+01
-1.798745041728557794e+02
5.756700445781686994e+02
2.803358672875162938e+00
-2.041699307679816968e+02
-9.629796179790959059e+02
6.607104915487633434e+02
-1.925055779912336789e+02
-4.520696118281593954e+02
1.573656796711985635e+02
6.087750963663217618e+01
7.377697259368393361e+02
8.081248160035669059e+01
-3.600988859863243192e+02
8.709550534130729602e+02
-3.863876410643356962e+02
-3.177909413208212754e+02
-3.260852921836317364e+01
-1.885948791421661781e+02
-2.742706030938927029e+02
3.681000631080010521e+02
-3.091791213625625687e+02
1.262725421910741233e+02
-3.186828758360992992e+02
-3.368441282559681440e+02
6.839978808690556207e+02
2.489443609971946501e+02
1.151829159286076219e+03
1.446195719662967250e+01
2.501885671100802426e+02
-1.147583821271881789e+03
-7.776946355701394396e+02
-1.189961162391365157e+01
3.423579977025894294e+01
-2.187487462397515969e+02
7.017130484441781846e+02
9.677486758307726404e+02
-3.880210584217861651e+02
-3.695678953062421215e+02
-3.224341063482575578e+02
4.732704347245907002e+02
-6.498323069637353910e+02
3.314413543967889950e+02
-4.055536396001812705e+01
4.743191058796396646e+02
-5.185708070416482087e+02
-2.858935833199719809e+02
3.148273590464096401e+02
9.153904970806084975e+02
-3.470010336172055645e+02
3.640963437032351635e+02
-1.586111500774144645e+02
-5.046170002102248873e+02
1.363813608866921072e+02
-7.648701443796726380e+02
5.504146467038493711e+02
2.090654606524258554e+02
5.245678597919708182e+02
-6.304061582491709714e+02
-1.116961406273778010e+02
-2.963925365748202125e+02
1.159164188338502299e+03
-2.046234797088361006e+02
4.491164691074335025e+00
-8.608156732805404943e+00
4.193846318391017576e+02
-7.326404555239026877e+02
-1.261911153272362071e+03
2.443997706524195479e+01
3.790255812176346240e+02
3.105296785330980356e+02
7.815070388454921613e+02
4.006803065157732817e+02
2.079360478382739643e+02
4.601485877887927813e+02
-6.881858969560945525e+02
1.483549381789661226e+01
-4.287425994511183944e+02
7.665063580395349163e+01
-1.825619331526255280e+02
1.999124405103636377e+02
-8.187503584448068068e+02
-3.476173697235267355e+02
2.326218985123473431e+02
1.174771288407859629e+03
2.453231485370079099e+02
-5.184358798199860985e+02
9.943744385352886184e-01
4.831239347679320417e+02
1.125968290727808636e+02
-5.343554336286489388e+02
-1.832687956021652269e+02
1.528626988333749921e+02
-4.370579337735816239e+02
2.627188780173625915e+01
-5.493542780768616467e+02
6.615923620826114302e+02
4.356250544211181932e+02
4.681154892904962139e+02
-9.110606181385131208e+01
1.654711706446842072e+02
-8.850890231018735221e+01
-2.067426307212871279e+02
-3.060553801571974191e+02
2.851930823008722200e+02
-2.121345594191264752e+02
-3.565617673889961452e+02
1.267301539466857321e+02
-4.210794546747804361e+02
-2.157770082182536271e+02
5.187061293667758264e+02
6.477635961131742306e+02
3.882382783333018210e+02
-5.125260796206957821e+02
-3.059702612434367097e+01
8.432303365292295894e+01
-5.577444065362060428e+02
7.642815109473662005e+01
6.062546906039892747e+02
2.919867194892935203e+01
-2.873924341141604373e+02
-1.122697120703163591e+03
5.479460851747276138e+02
6.437031204412348870e+02
8.732128286444147989e+02
1.019749024485187334e+02
-6.258020367320960986e+02
-4.205188284086996191e+02
4.268649329568613666e+02
-8.174761559188171987e+02
-3.966157773906709281e+02
4.471217691743144940e+01
1.941040381315117713e+02
1.237995356530278968e+03
-4.840219534848518492e+02
-3.817793774997218179e+02
1.245826705602386681e+02
3.442559016847716862e+02
-8.342540283706580340e+01
2.385761646924617025e+02
2.696880348772763014e+01
3.478767765935931493e+02
-8.523858467440312552e+02
-4.108871155672043187e+02
2.899710559533999898e+01
2.507925790871318554e+02
2.915576221143471116e+02
6.258886786551882153e+01
3.970941966281927193e+01
-1.451873019419893751e+01
2.400306469910601095e+02
1.910263649317610657e+02
1.232441326604945431e+00
-3.879728377734722358e+02
1.426984616001031156e+02
-4.510979540960040026e+02
8.943282956342127932e+01
-2.342227810446055969e+02
-3.826940276813222681e+02
1.745290885684012778e+02
6.486687955773111298e+02
9.014255324710504169e+01
4.842763287369345448e+01
6.606972987583314989e+02
-1.975404484249564803e+02
-4.492826534692261475e+02
-3.332184744823873075e+02
3.111571407640750522e+02
-1.483062893985582491e+02
2.161349229423954910e+02
-4.363853821076117470e+02
1.253102440207725294e+02
1.541916465957600906e+02
7.371130627036748706e+01
-6.145554664408473400e+01
-8.489186585541840202e+01
4.860814909571168414e+02
-5.402584766630246804e+02
2.339803140144699114e+02
8.987810605469481118e+01
3.174771048555350035e+02
-7.252987759809871022e+02
7.829749448205743079e+01
-1.001640103031871547e+02
4.443069264398856149e+02
-2.941692249661621190e+02
2.948931737471806400e+02
-1.200641754730319377e+02
-3.495974235027156283e+02
4.397904012021149924e+02
1.189120587952921824e+02
-1.053027041238525783e+02
5.172063113613127143e+02
-5.166870484178531342e+02
7.574539213324194975e+01
4.317831839534231335e+02
-5.565756211304482122e+02
-9.008984569821882360e+01
-3.988831018317571306e+02
3.297289499717401213e+02
6.903800737389450148e+01
1.557499715279923009e+02
5.537521627026047355e+01
1.715687114375268436e+02
-9.765546889929289591e+02
8.187005468814859341e+02
1.991696631008756242e+02
-3.999933962646161376e+02
4.811167125946295755e+02
-1.655574817509855734e+02
1.633734274149267094e+02
-5.651550740168843276e+02
-6.946494393648009691e+01
1.822985448172260590e+02
3.315896879852751908e+02
8.952244417011345945e+01
-4.990879792435754325e+01
-1.084139864234387574e+02
1.760021512449925183e+02
-1.446129539326040572e+02
-3.849514960709220759e+02
4.214751344066863794e+02
-1.674016199269295839e+02
-2.860007769401569817e+02
4.795551628097633170e+02
-1.531125508210941177e+02
1.881933427768450144e+02
-5.666807137752296057e+02
2.458534959035740144e+02
2.209369492530060199e+02
3.526459601769982442e+02
-3.875618605459868036e+02
-2.371917501441982097e+02
1.215833351886256075e+01
2.369791989500065483e+02
-1.651352850282597373e+01
2.519618373243437759e+01
2.472125647471204957e+02
5.455051856091996854e+01
1.648495799557897499e+02
-1.436544366711049179e+02
-4.830929536424511070e+02
1.492987761683861265e+02
1.998997506986335537e+01
-1.205459212471426866e+02
-1.900005052277854247e+02
-1.640455097865444145e+01
2.935628808233736322e+02
-1.018382145347822245e+02
-3.234315968069724363e+02
5.612060838516831609e+02
5.589288271209326240e+02
-3.171575170003116568e+02
3.458251764082991997e+01
-5.475511445165226831e+01
-3.517012402308400283e+02
-1.778518685118628184e+02
-4.111350432511103463e+02
2.522573670429263757e+02
3.038996443325236214e+02
1.517426523679449417e+02
-8.768995263898960957e+01
1.941044193819287500e+02
5.460584764208249453e+02
4.993371598619716423e+01
-3.913699148135609107e+02
-3.212896005020781445e+02
-4.261519627666024803e+02
-2.632770379071004641e+02
7.447719449055298355e+02
-4.072564052566033865e+02
-4.257558744047990729e+00
2.620500937328696978e+02
-2.670426331856142355e+01
6.702722776132017657e+01
2.687379279866077582e+02
4.679740369209627033e+02
-1.175109718849675744e+02
-1.865987883605747299e+02
-5.631214259487874187e+02
-1.278886305144733342e+02
-4.360819400514190534e+02
3.576566550383177514e+02
1.340271016922264380e+02
5.306564248840763867e+02
-2.868260892114178660e+02
-4.134331654998140237e+01
8.264883952225017083e+02
1.359872717671239570e+02
-6.500038697619791037e+02
-4.408473002396689253e+02
1.955598355677877294e+02
-7.964351991361536420e+01
-5.406112304710781018e+02
-4.353542897746563085e+02
5.299286116484169042e+02
4.727132267915780517e+02
4.812729322772987075e+02
1.509777339794175646e+02
2.211639910941750031e+02
-1.879465479746396852e+02
-2.221377261353941321e+02
-6.897496940011134825e+01
-3.319732347608085661e+02
-5.279552921702869526e+02
-3.951848340321892579e+02
2.503920883797846386e+02
3.561007621233791838e+02
1.219594323530449032e+02
1.944294134923613910e+02
8.263881514208386534e+02
2.431596829563759741e+02
-4.284360530783040986e+02
-2.739493211328491498e+02
3.589206559672140315e+02
-1.361748265104806705e+02
-1.101616452237235308e+03
-5.418374007279154512e+02
-3.890240063705165312e+02
-2.934500542898940978e+01
1.336280517602981945e+03
6.116824886496351610e+02
5.582149000936681205e+02
3.471801592217788652e+02
-1.972676311416283284e+02
9.584708291382382583e+01
-8.397038090507967354e+02
-5.594202387311972871e+02
-7.200612327276193128e+02
-7.693187190932540886e+01
-1.972613129750953576e+01
-2.176875727301186032e+02
7.436836599554367240e+02
1.062228064996452304e+03
-3.574793089342614962e+02
-5.210751778019105984e+01
1.999223141847404577e+03
-9.217611450438020029e+02
1.833011008296248967e+00
-1.743972727635381034e+03
1.593442938437983400e+02
-3.014180950825169134e+02
-9.222068109498601416e+02
5.536078551497026723e+01
7.350517546221544762e+02
1.049399245068116898e+03
1.276877551254965226e+02
-2.010715272973038452e+02
8.817661980464056342e+02
1.170943060855563317e+03
-1.310814988278400506e+03
2.601269090192375302e+02
-1.182946231552811923e+03
-9.533353164343271828e+02
-5.477977453547439382e+02
-2.673561786179899968e+02
5.169789463184180249e+02
5.278497227717224405e+02
1.294318177376513006e+02
2.452707929236844393e+03
1.070256142474561472e+02
-2.302033692632031148e+01
-6.210418212275699261e+02
-9.446776972341225473e+02
1.670391529608027099e+02
-1.155222048520226508e+03
-5.405464328402832734e+02
-6.600301531235031405e+01
-5.702494515306144649e+02
1.097674879342767099e+03
9.401306054756807953e+02
3.050535807890371416e+02
5.868542237719759669e+02
-2.232561072739178485e+02
9.064228274905528906e+02
2.855394337509594038e+00
-2.147872960815142960e+03
3.615033632185006240e+02
1.029641060973651975e+03
-1.281228562043347210e+03
-8.751662385991311339e+02
-1.155467478539793547e+03
1.764850378328565967e+03
5.286817886359239083e+02
-1.169446685983628868e+03
7.541573390908690726e+02
1.939513607716091201e+03
2.589915671924249637e+03
-1.396154855197526558e+03
-2.274834434974437499e+03
1.124883156353270124e+03
-6.102305435323596612e+02
-2.937141737590651246e+03
-8.765421998582338574e+02
9.708729396645773022e+02
-6.505060830303727926e+01
1.912596668266218330e+03
1.305502786198977446e+03
1.373942393421760016e+03
3.166540710833946832e+03
1.304534704742196482e+03
-1.819900629964788095e+03
-4.387011586425148380e+03
-2.683853987428959499e+03
-1.808771043375106956e+03
2.666404984178425366e+03
4.037784717558593002e+03
-1.052424260988557762e+03
-1.254844728802526561e+03
-3.629438352359493933e+02
7.298323087191303671e+01
-1.104579755879692357e+03
2.490266452500541163e+03
-1.564240800693810058e+02
-2.741863308675598091e+03
4.060287434198419760e+03
-2.209257358637556081e+03
4.539163742446436345e+01
2.354840167018137720e+02
-1.711657838674811728e+03
2.735271565363899754e+03
-2.505648445436534530e+03
4.274569163772552201e+03
1.292290521406139533e+03
2.417462106304694771e+03
1.422728448152874535e+03
3.558708095774785033e+04
9.754021606230936641e+02
2.119213263077898773e+03
1.016973592042322139e+03
3.876615640048980367e+03
-3.292083361422307462e+03
2.627614729971090583e+03
-2.174011003262846771e+03
5.970344315197591811e+01
2.280206948633401112e+02
-2.092355223861248760e+03
5.135035782667615422e+03
-3.056479553116146690e+03
-8.814632830113700379e+01
2.611849085982017186e+03
-1.300218370245205278e+03
-5.932119726490377616e+02
-1.316942916118141056e+03
-8.758964210220991617e+02
-4.499652995650962453e+02
4.907785844957838890e+03
3.952498379890432261e+03
-7.603605675743264101e+02
-2.066655634477732292e+03
-3.817234950270297759e+03
-2.805382808600101271e+03
7.674648287165763350e+02
1.525030203751345425e+03
1.985110413626185561e+02
-8.129798270200151933e+01
1.281292874902466792e+03
-1.208161983643999747e+03
1.851715863868447968e+03
4.722695239716218794e+02
-1.056195576493862518e+03
3.283596134665866657e+02
1.092466625750602134e+03
-4.857663679883847294e+02
-2.160713702869042208e+03
2.964029955474932649e+03
-5.121398640612449071e+02
3.114108015875206661e+02
-2.409015686150452893e+03
1.268050268407295533e+02
1.966876381357264108e+03
1.015578071897094503e+02
-1.143604172449176076e+03
-7.397853202316659917e+02
2.268785396210177623e+03
9.979088599778435764e+02
-2.157979349222293877e+03
-5.374698027796879387e+02
2.724121323302144049e+01
1.456976215062434505e+02
3.737677898226543221e+02
-4.640561110100375686e+02
-9.973167093809026937e+02
6.510543347873161792e+02
5.899190594674301025e+01
1.020473586004866888e+03
1.916638686304861949e+03
-4.058091865608282092e+02
1.226124893013514793e+03
-5.102680535489707836e+02
2.252672978298240594e+02
-4.942723404595814145e+02
-2.132404998073380739e+03
4.424437487643199063e+01
-4.638828711793582329e+02
-3.830709291214178620e+02
-5.505688861789672046e+02
-1.233804507791984861e+03
8.473374296606192502e+02
5.150530140352614126e+02
4.145603116520064191e+02
-4.749729090732020609e+01
4.270605456761383323e+01
7.189267647804917942e+02
1.151083735340045223e+03
-1.218206672595184955e+03
4.832628027829060784e+02
1.682997800228022925e+03
-1.014960037223082310e+02
1.722303886137890743e+02
-1.040737437140359816e+03
3.405035703116041645e+02
-7.136307116146659837e+02
-6.768823902925735183e+02
4.225556126772037260e+02
1.876847688421641465e+02
5.897368194528020240e+02
-9.115436112971515286e+02
-1.344451694912920402e+03
7.008738711166797657e+02
-3.078280603882497530e+02
-1.032056080704689975e+03
2.279252219188743425e+02
2.547745299036009499e+02
7.017719884447236609e+02
2.632404891662253590e+02
5.040875987151499089e+02
-2.616660552284628594e+01
5.436647442933682441e+02
1.186172185332041664e+02
3.559195806384914249e+02
-2.220802735206249281e+02
5.699469527583892159e+02
1.549460020303077386e+02
-5.009557571267493472e+02
2.799784296844275104e+02
-1.447855365836306646e+03
3.790518563232214433e+02
2.694490541862668351e+02
-4.756519120015683484e+02
-9.160944008598066830e+02
-4.507696555066096948e+02
2.127690909015992702e+02
1.814810549437812881e+02
-1.457567701987033004e+01
-1.856341009802783333e+02
4.715082774310119476e+02
5.471587348613404629e+02
2.944281658113237654e+01
-1.893204591556242917e+02
-2.096585505247090850e+02
1.251096073885042870e+03
6.336539159657856999e+02
2.683444726985518400e+02
-6.973916581418081932e+02
-1.372739277179987027e+02
1.840415697308127392e+02
-6.895210048110886873e+02
-2.930966041790295549e+02
2.489762582598806091e+02
-1.375501219231219530e+01
-2.692205711098774259e+02
-1.704587872323955082e+02
-2.820965485898875045e+02
-1.497748890963522683e+02
7.847881832052016193e+01
-2.909043961154416138e+02
3.828794751082704693e+02
2.358080526255282621e+02
1.107313756157546081e+01
1.484409921334287503e+02
1.406072005584552187e+02
1.287072548038831243e+01
-1.701750602176444715e+01
5.436193963469402490e+01
-5.259311306665636465e+01
1.875357534515155180e+02
-3.284813143675201275e+01
-1.745583947219276126e+02
-3.866558772971563940e+01
-1.171333065983711634e+02
-1.164109838470220915e+01
-3.144419525098371793e+01
1.696540813344749381e+02
2.328756024413449666e+01
2.345146420215074912e+01
6.770326684824605934e+01
-5.324119533888722344e+01
0.000000000000000000e+00
