-8.285852963569366736e-01
-5.419056714461087942e-01
4.215017589451001356e+00
-1.953065233883425478e+01
-5.758302050004560613e+01
-3.154966377497907359e+01
2.810377420896495693e+01
6.992435517123722377e+01
7.308755215523299853e+01
5.711145084565195162e+01
8.093792166766914420e+01
3.425283865923438498e+01
-1.567755809470132817e+02
-2.821773701694188503e+02
-1.500604499571501265e+02
1.567752991428924076e+02
1.493920301052706918e+02
-9.511698248232376329e+01
2.530102672102942449e+02
4.174762088061002032e+02
-9.146914203385840381e+01
-3.938602325604811085e+02
-2.028105232505440370e+02
-1.170717879751657797e+01
1.014228498683394832e+02
-1.552075455318711477e+02
2.247397162011654643e+02
3.058886577487642739e+02
1.210413049223509461e+02
-2.318370814349677858e+02
-3.232449310351303211e+02
1.331190744412539857e+02
1.902993620158607655e+02
2.981329969151726900e+01
1.955796282140964593e+02
2.923635575571552891e+01
-8.894220314610730327e+01
1.719218392881286093e+02
-3.611450851964614799e+02
-3.728246072928253056e+02
5.304853828661368453e+01
9.180804571166735286e+02
1.889937030769169723e+02
-6.060511404839171519e+02
4.810083934810070900e+02
5.444390557777263666e+02
-3.919478198475897557e+02
-7.762032100619870789e+02
-1.915469334734562068e+01
2.912658710586237021e+02
4.180071773580011723e+02
-5.986239080814756335e+02
-1.292017274097450468e+02
5.509158720436241765e+02
4.690260088590539453e+02
1.340070775023719989e+02
-4.789000392274541014e+02
4.372564672572290760e+02
-1.165235401762475362e+02
-1.163724174228592574e+03
-1.977107093653742993e+02
1.025274124826970137e+03
9.173315815801012150e+02
-9.075460426053410856e+02
2.785085744349077004e+02
3.415532081023956721e+02
-9.775229976223270967e+01
-9.867472807281906171e+02
-7.736590866178673309e+00
2.561956784118713699e+02
3.916716047650505743e+02
3.547730539798541827e+02
1.582645922225533184e+02
6.294926532505255636e+02
-1.398219503335517629e+03
-1.753462157633587708e+02
4.119230422862596015e+02
1.207087256526505598e+03
-1.530140972960763747e+03
-1.124569602947995577e+02
5.189648391805304755e+02
9.435485455398063550e+02
-9.998308385526847815e+02
5.597286450462230505e+02
-3.085197217855710505e+02
2.900629511265037763e+02
-1.346066530656400460e+02
-6.868233365613538126e+02
7.654757730750034170e+02
-3.953171863441974665e+02
4.178221825977345816e+02
-6.793883447960158719e+02
7.985573841315452910e+02
5.228550098186360628e+01
1.167839709555731361e+03
-1.635206831349316417e+03
1.361335256243768583e+02
-4.229051156341423621e+02
2.467595520068527435e+02
2.691718650843522482e+02
3.901727120508427760e+01
6.837786589982129044e+02
-6.123289513441559393e+02
3.540583635771959052e+02
-5.693030435984597943e+02
-1.448813015969069227e+02
-2.918624216302727632e+02
1.585954163310909053e+03
-9.655383705336055300e+02
9.989296198130463154e+02
-1.106920494531349959e+03
4.481168571893448984e+02
-4.432577363170189528e+02
3.431657743237715863e+02
1.200074980388705228e+02
3.123361868284769685e+02
-1.080160905691724054e+02
-1.154414823967025768e+03
5.104120378954967236e+02
-4.860405424315195546e+02
1.318524019621827847e+03
-4.504217971034200900e+02
1.480822465369752308e+03
-1.058307753372165507e+03
9.174386709851002308e+01
-3.078894459973924995e+02
-7.290514789859605571e+02
4.160531408891101250e+02
-7.346447128320719457e+02
1.222295669598849827e+03
-2.837367979242822003e+02
2.414451125590313723e+02
3.432403208422870193e+02
2.812378510001495329e+02
-3.476405345275263130e+02
7.851022195059201181e+00
-5.959860065027394285e+02
-4.144383468758367144e+02
7.057152349921268524e+02
-2.363967253813024456e+02
5.204385608907671212e+02
2.107444678425393079e+02
-6.926081878728102765e+02
8.363465386221288327e+02
-1.236098487560075910e+03
8.316580266632580560e+02
5.865533092491834850e+02
2.639226334244506234e+02
-7.785369423684321646e+02
-6.202071284710962118e+02
1.135620862879262859e+03
-1.579642926709392015e+01
-1.180349937059963707e+02
-1.571299810176904430e+03
1.240095043143358907e+03
3.550221052508352386e+02
1.424301843552688638e+02
-1.520229173692478753e+03
1.383644619971210886e+03
2.784144395937988747e+02
2.313037493078062425e+02
3.126068617210853517e+02
-4.483316505083728885e+02
-9.058848084898826301e+02
6.362643326243092901e+01
-7.935173139504656774e+02
6.371308307029302114e+02
4.050570363363239039e+02
5.070109864046036705e+02
-2.544315095885414451e+02
-2.540798922386105119e+01
3.963502246593069458e+02
1.046297299032300003e+02
6.657814409029406306e+02
-2.887868774639965181e+02
-3.412928640563987415e+02
-9.846241464815925326e+00
4.667407205216666455e+01
-1.384721711216769563e+03
-6.791702941329459691e+02
4.045288633477516669e+02
1.391855823372541408e+03
1.145074034844441400e+02
-3.150137359458257151e+02
1.039253754834485562e+03
7.009306004971368793e+02
-1.004121713723261792e+03
-8.315780557869186396e+02
5.430169951890256641e+01
5.429288016202700646e+02
-5.006165422061287131e+02
-2.901053463512521944e+02
3.810551629782386840e+02
-1.809048132485750955e+02
1.251597045116274785e+03
-3.795309665377355941e+02
-2.900255971095161840e+02
-1.795824085239793249e+02
-4.721552590236302080e+02
3.366717012317973285e+02
7.383922772220182651e+02
-1.910842056522016605e+02
-4.766034568477979292e+02
6.537432319164236105e+02
-1.314697586044485433e+02
-2.925521339095748772e+02
-7.748449114575969361e+02
8.663734996446207788e+02
-3.972837432603279240e+01
-3.857116169925268423e+02
3.050906163940806550e+02
-5.775738989026952197e+01
7.524998749840754044e+02
1.008310532121242176e+01
-6.905648596914073778e+02
7.494234546737416167e+02
-5.001527292748043578e+02
-2.805579702114443990e+02
5.056110502100325732e+01
3.744985803480341247e+01
-7.778942518914560367e+01
4.594842594987521238e+02
-1.952053344633777954e+02
5.095537539934187521e+01
-4.167556159955752833e+02
-5.265828773539615213e+02
5.981897296256992149e+02
8.688878929557094466e+01
1.027294920017477125e+03
1.026460789558446862e+02
2.999967670158598025e+02
-9.842844162103123153e+02
-6.767280812731553397e+02
1.978820402331973014e+02
5.651938751638176228e+01
-2.164262739473484771e+02
8.040033348076001403e+02
6.876042333080844173e+02
-5.332808869596620980e+02
-5.046914277064264525e+02
-4.686184011316785245e+02
4.596146119053937014e+02
-5.253682694892714835e+02
4.293464270382700079e+02
2.186206540655065567e+01
8.490219854489589579e+02
-4.701791575877906553e+02
-4.061232023016319204e+02
3.150885163580613835e+02
8.112927426647214588e+02
-5.659452649908411104e+02
2.384287518901776082e+02
-1.649769000125211846e+02
-6.979589502719650227e+02
3.209543827384047177e+02
-5.933438231060787302e+02
5.379776787046845357e+02
4.701431235288746393e+02
6.795872773938290266e+02
-6.772222624446164900e+02
-2.625186118508204913e+02
-2.871109081230971469e+02
9.486364339525309788e+02
-3.497237567865540768e+02
8.817999190703758927e+01
-1.919113523565039827e+02
4.345250556920547069e+02
-6.001136012200345249e+02
-1.116875858949827943e+03
1.075403393339556288e+02
5.252059606639382991e+02
3.861034551416941554e+02
6.255653113261040517e+02
4.410952802667436004e+02
6.731234359420555791e+01
2.944224490959564946e+02
-7.742343809279391280e+02
-6.132580297800029001e+01
-4.347224953843020216e+02
1.543088570337980627e+02
7.684773755144637164e+01
2.874958704238610494e+02
-7.203171523124135547e+02
-3.502961888915227178e+02
1.951495017363943418e+02
1.088010033575975058e+03
7.841008310262905923e+01
-4.833938837930863883e+02
-1.551206882043676956e+02
4.686296082629449984e+02
1.395381265008719254e+02
-5.243677555287927134e+02
-6.489715219315465333e+01
2.201597199288449360e+02
-2.921360668475593343e+02
-5.567653496337653962e+01
-4.727247289396507313e+02
6.912410404611182457e+02
2.403935566776522421e+02
4.546007782921697071e+02
-1.572820841530571840e+02
2.281115271541089129e+01
-9.784143359083924452e+01
-1.292389357894574431e+01
-3.666000833962923480e+02
3.498706715242211658e+02
-8.549936412643717176e+00
-4.166873545818605180e+02
1.650556533246027868e+02
-4.299450600294198921e+02
-2.864069579910116659e+02
3.371115981166157667e+02
7.091733969972349314e+02
3.831990715440012991e+02
-7.111046788617840093e+02
1.932942641739510918e+02
6.045840052274337495e+01
-5.813440795770166005e+02
2.634241374026007634e+02
6.264914381224891713e+02
-6.179015099958187562e+01
-2.910759239868966688e+02
-1.043087310689232254e+03
3.578803926106671724e+02
6.564026281163482963e+02
9.530525380535406157e+02
5.145279390744798320e+01
-6.351261872620966642e+02
-4.511048107342858771e+02
3.939913751056171805e+02
-8.034163481473274260e+02
-1.667036014020862353e+02
-3.878487963711820896e+01
1.377854772222269446e+02
1.341399907112355095e+03
-5.513770423177935527e+02
-3.702210404068860043e+02
2.727233286770858456e+01
3.643554350551376615e+02
-1.431163099117875390e+02
2.378023641959715633e+02
1.220817363864318850e+02
2.940054306358181861e+02
-7.676727584431517926e+02
-4.355531293711882768e+02
4.002920507591801424e+01
1.910367692994454387e+02
3.001314464727559539e+02
1.900349193336779194e+02
4.082237266939046094e-01
6.356035891536055971e-01
1.859910231760249246e+02
1.304862870393214394e+02
-7.090846222346958427e+01
-3.139456000861065945e+02
1.141049325237702021e+02
-5.263783575034296973e+02
2.655564574964521967e+02
-2.727653352883464208e+02
-3.462420741170370206e+02
2.684884758764255821e+02
6.764251094356511658e+02
-4.200858453773939516e+01
1.314289496484497199e+01
7.735048629135405918e+02
-4.527288724343420654e+02
-4.092326697791701235e+02
-2.881317989062789025e+02
2.096985257716333422e+02
-8.337035010846165051e+00
2.869990598792434753e+02
-4.436848791839080945e+02
1.515890735574394057e+02
3.229195681895132566e+02
-6.543056645798432669e+01
-1.546575452905453290e+02
3.161315476204369190e+01
3.417798012878243412e+02
-6.688298922175730468e+02
2.529538450237495226e+02
1.210940037820142834e+02
2.245705867569959082e+02
-5.333570124819036664e+02
1.479532131572618709e+02
-1.493295302865263352e+02
6.894932975619980198e+02
-3.342729599578653961e+02
2.418967493054878446e+02
-1.980506525044628177e+02
-4.594977146487376558e+02
2.681089584634084986e+02
-2.357587551015001281e-01
5.523606702413442804e+01
5.058098339257901443e+02
-3.696551833670396832e+02
2.019470726884825353e+02
4.342982533613659939e+02
-4.892434969541166083e+02
-4.146488083130456914e+01
-4.017671441569165722e+02
1.449907210508204116e+02
-6.867209543906685809e+00
5.010241117272619249e+01
1.491282406775360414e+01
1.326097934110856613e+02
-9.693808117194091665e+02
9.596772363384782238e+02
2.149278844135250779e+02
-1.918887827114633069e+02
5.437730794936444454e+02
-1.325269868458849203e+02
2.243009976820706299e+02
-6.899495341396232106e+02
-2.656831257820385872e+02
-4.338461632819726077e+01
3.799288784189442367e+02
-1.842242752742562217e+01
-2.126070239759198444e+01
9.554754016887464729e+01
1.839562784206156039e+02
2.029156043514135277e+01
-1.923576530749557492e+02
4.887471067530525488e+02
-3.293168088924287531e+02
-3.012165866268128980e+02
3.355630946463582518e+02
-4.357924945657759963e+02
2.318634813663370835e+02
-6.740414736510552984e+02
2.067451561091257872e+02
4.200333939903810005e+02
5.637241677716282311e+02
-3.839944506081563986e+02
-9.351590215595088296e+01
1.918804473508402282e+02
3.374093059511678661e+01
-1.846016792874912227e+01
-7.076261015959730116e+01
2.246635946250163229e+01
-6.152606283103115459e+01
1.577637993388084965e+02
-1.754538631314198085e+02
-5.342932685903584797e+02
4.778253012871982719e+02
1.106150369580239214e+02
3.739956423124088047e+00
2.070630513681791740e+01
-1.373657867630601004e+02
2.245788665901353909e+02
-2.018613823901768853e+02
-4.982882734999955119e+02
2.604774734108997336e+02
5.026546727611319056e+02
-2.195747930383476501e+02
1.155617094795960895e+02
1.510946783746538244e+02
-2.165860704676147179e+02
-3.682833964578318842e+01
-3.928589983315531526e+02
3.052552472447957257e+02
1.932289853340767820e+02
6.379041330410867516e+00
-1.595455672157860079e+02
-4.823555053002777271e+01
4.880705673547447532e+02
-2.578293127982534827e+01
-2.350645077193844372e+02
-1.704367687260020716e+02
-3.676587158056152020e+02
-2.144875244996131691e+00
7.619696165973587085e+02
-3.592381372682952474e+02
-2.177039706591244794e+00
1.260830065792664243e+02
-2.796295231195130668e+02
-9.423174932543355453e+01
2.358802476293078030e+02
3.128436695657131281e+02
4.130847269762116980e+01
8.554578153236491289e+00
-4.802283724796714068e+02
-4.183434417485925039e+00
-2.412957833225086688e+02
3.720708277558442774e+02
2.786383853288396040e+01
5.512187603818092612e+02
-6.510388298000252689e+02
-2.018149628317726751e+02
8.700192176980010572e+02
9.322680850927330454e+00
-6.126352291708574285e+02
-2.390165155382617002e+02
4.138315881180012070e+02
-1.191320585022725567e+02
-3.324812272584380821e+02
-3.715165868834861271e+02
3.345285198871067109e+02
5.209360131099419959e+02
3.122408128790675050e+02
-3.543794092381435945e+01
1.595295795280455877e+02
-1.962715015879423106e+02
-3.160407905270412812e+02
3.261182292993081688e+01
-8.198599753362543652e+01
-5.148425491945199610e+02
-2.076417413289919978e+02
3.855195367147034062e+02
2.930705326612387580e+02
-5.371624023243926871e+01
1.137090382142321658e+02
6.885052820840927552e+02
4.162964025058873574e+01
-3.695273417968761578e+02
-3.580773307664068170e+02
4.987582405227324216e+02
7.022332198700212302e+01
-9.843231124137989809e+02
-4.414927900032869843e+02
-4.823440848932033305e+02
5.189799916053920725e+01
1.243411071831018489e+03
5.184696570230396446e+02
4.771287706594707174e+02
1.897266820075910800e+02
-2.140400563328575743e+02
6.989140410642819745e+01
-7.484830020650783808e+02
-5.227758372562138902e+02
-5.564906634884259802e+02
8.925669677216080800e+01
-5.208167086435379645e+01
-2.862039117472068028e+02
7.785772980687934250e+02
1.066090263620789983e+03
-5.992553040801957422e+02
-4.285211159306552986e+01
1.862524833717523506e+03
-1.014049427473937499e+03
2.145029426213152135e+02
-1.724166266570029393e+03
2.424681456602499736e+02
-2.228423517886157583e+02
-7.954958997067267319e+02
-2.596453561357912676e+01
7.189106120116988450e+02
1.123164699931949372e+03
-1.810024540373427158e+02
-2.264789913923807774e+02
9.255777758998970057e+02
1.062439960250270133e+03
-1.268973746938601835e+03
4.589936479005324941e+02
-1.178614306250728760e+03
-9.965827732611872989e+02
-3.812125359725737326e+02
-3.824724159750508079e+02
5.101671639174460324e+02
6.030211347621334426e+02
5.459915068843788788e+01
2.348780345482273333e+03
1.063971729398344479e+02
1.907008925256992171e+01
-8.058370035972584446e+02
-8.031734176915455237e+02
2.102055558624129503e+02
-1.217392620412387487e+03
-3.548511624235864019e+02
-3.610524257132171044e+01
-5.879479061777682318e+02
1.008761268569142544e+03
9.686528139726947302e+02
2.198857363656030657e+02
5.323776039846974300e+02
-1.597851639622259370e+02
8.189146226294569715e+02
6.843500984043745916e+01
-2.130444048414615736e+03
4.040941029744226967e+02
1.019763585135255198e+03
-1.273808333304905545e+03
-8.438361497732216776e+02
-1.226535524301088117e+03
1.823458645997194935e+03
5.464145645599356840e+02
-1.134086965092418268e+03
6.400883302528478680e+02
1.931886208010677592e+03
2.614894160546211424e+03
-1.503790758305417739e+03
-2.172532295437559696e+03
1.102641730233800899e+03
-6.125513710429030425e+02
-2.946857685860248239e+03
-7.878628088648126777e+02
9.953787058414586681e+02
-1.173751855654182066e+02
2.113165846075547051e+03
1.137751027743148370e+03
1.266672372843428775e+03
3.215360776509897732e+03
1.220844317695584095e+03
-1.814722857773205988e+03
-4.315532759369435553e+03
-2.699605734261135240e+03
-1.934743307774973800e+03
2.881389110909222836e+03
4.107352188188120635e+03
-1.164037422160149845e+03
-1.181519696247913544e+03
-3.245606148050870274e+02
5.643505366063124029e-01
-1.159845378755686625e+03
2.565873017332633481e+03
-3.765435532111787893e+02
-2.727570414509148122e+03
4.143609003225748893e+03
-2.409837744707219372e+03
2.176508676860874232e+02
4.027608522326810316e+02
-1.643686173024136679e+03
2.733164955476997420e+03
-2.446338213506015109e+03
4.212295608606880705e+03
1.085579531127695873e+03
2.478690058008170581e+03
1.282384206748459974e+03
3.549349429798060009e+04
1.038961658619097989e+03
2.171410379472155910e+03
1.074710049533668098e+03
3.977950426342972150e+03
-3.191664044142100920e+03
2.573143893164961810e+03
-2.050565925333650739e+03
4.235287842495876731e+01
1.199632631553811137e+02
-2.208528434490649033e+03
5.016476968744045735e+03
-3.055288867362191922e+03
-2.033717938170631783e+02
2.701449634922940277e+03
-1.259582326669389204e+03
-5.006364649178023569e+02
-1.149976647732425135e+03
-8.055156531647285192e+02
-3.620813822526644685e+02
4.784699765649849724e+03
3.992968982353675983e+03
-9.243025959504024058e+02
-2.319109843334124889e+03
-3.825317769655295251e+03
-2.847572424682794917e+03
7.984241822061947005e+02
1.572412182991493864e+03
3.668722333109095644e+02
-1.488244763205523213e+01
1.496518387395606624e+03
-1.065522334943571650e+03
1.654732234066832461e+03
3.910687583856970377e+02
-1.145708051903991645e+03
1.215403459864100881e+02
9.268700920998910533e+02
-3.279233931624813749e+02
-2.209391218714652950e+03
2.930073867949113264e+03
-2.313264553842310818e+02
3.175129919627172512e+02
-2.262911410820787751e+03
2.848320608558368008e+02
1.927930172332099346e+03
-2.673040111654133355e+01
-1.231589261008627545e+03
-7.992315447705526594e+02
1.939281044571444909e+03
1.028374159242357564e+03
-2.146435416407592129e+03
-6.443343689013147468e+02
2.868282749300582850e+02
3.773385920099692612e+02
4.766543913474915257e+02
-3.475190457955185934e+02
-8.958966536786731467e+02
4.075239569995021611e+02
-9.274346838141340754e+01
9.140108087932319449e+02
1.727171853936529715e+03
-4.571147079114049347e+02
1.192400602337607324e+03
-3.888747557999578248e+02
2.675497052813653909e+02
-2.270816566571128590e+02
-1.986974239609543474e+03
1.594425114269214916e+01
-2.999755122495881210e+02
-5.104834436653720786e+02
-6.377564655055813319e+02
-1.411073954189518645e+03
6.743144263203402033e+02
4.212690002955254727e+02
2.986198023610672863e+02
9.868315492360818553e+01
1.485756321034331222e+02
8.495272997002268767e+02
1.295521200941736652e+03
-1.017366267817788980e+03
4.946088380163562306e+02
1.615776172743285315e+03
-1.362028956969249975e+02
-8.204499782085329684e+01
-1.170957645064549979e+03
1.880552937875792452e+02
-7.435767425172626872e+02
-7.170171910587806678e+02
6.481897106336014076e+02
3.832595379718492268e+02
5.673164901309868355e+02
-6.503722268579987258e+02
-1.279271544609045350e+03
5.964343566601202156e+02
-3.362251331135084342e+02
-1.211937591352461823e+03
-1.688047075572459477e+01
1.728155485694375102e+02
8.186931090574407790e+02
2.047708292787969526e+02
4.797596158208731367e+02
2.411513833141354155e+02
4.973364461407203976e+02
3.189634656983105288e+02
4.348254770478740738e+02
-2.152317109748206008e+02
4.834524222665419870e+02
1.571174206846115169e+02
-6.916699087141737436e+02
2.154866455245591084e+01
-1.341628156806910965e+03
3.043994044764605746e+02
3.285399769277385644e+02
-4.454700662638995254e+02
-7.062790115707327914e+02
-4.032420848559664819e+02
3.381811818259097322e+02
2.202658312749619256e+02
-1.746419274646199540e+02
-1.859940664827465184e+02
3.148016117825923175e+02
4.849468034345325123e+02
8.916057723265675250e+00
-2.440994207663226518e+02
-9.451440778097102680e+01
1.280796997341319866e+03
7.362704501393807277e+02
2.936445302831181721e+02
-6.189303296340103770e+02
-2.493789336151301654e+02
1.392045053463833426e+02
-6.816073947663202262e+02
-3.650850633826068474e+02
2.124937082204893954e+02
4.154473010553104473e+01
-2.362640344927961280e+02
-2.115423599485742159e+02
-1.923577133093679947e+02
-1.982303134742458894e+02
-5.316052448167070565e+01
-2.788250875389589396e+02
3.006083203654469571e+02
2.954930190603582219e+02
6.678921597170131008e+01
1.418649209109220237e+02
2.328719503149524428e+02
1.396820473077259237e+02
4.259434266306119810e+01
1.512121866279510130e+02
4.483056533587063797e+01
1.868274710813523143e+02
-2.525025667891950043e+00
-1.945281035570660606e+02
-7.526371933019603944e+01
-1.384278715963292541e+02
-4.624199060474401080e+01
-4.291271413709758775e+01
1.506963318560276832e+02
7.677480332949173203e+01
4.005575985073382839e+01
8.248562762139536630e+01
-1.484201867615608883e+01
0.000000000000000000e+00
