1.603734379610381122e+00
6.413120708569721273e+00
1.464111003556106816e+01
2.918394256622280736e+01
-6.768361922349575011e-01
-8.393990457457585208e+00
3.657128408277538600e+00
1.248976027343908513e+01
1.725687305193829957e+01
5.777765186044264567e+01
7.590324388781795939e+00
-1.398625578490914556e+01
-7.702452060062523742e+01
-1.317191202581046525e+02
-8.900417733665398146e+01
1.445360900880794190e+02
1.862581582987293132e+02
5.925391160862266560e+01
2.090834957407009824e+02
2.328923002374650935e+02
-1.751461617030288664e+02
-3.192163720010453289e+02
-5.110654551565843917e+01
-1.686252217454448612e+02
3.854456729335263532e+01
3.377737309209720706e+01
3.626651053166884253e+02
2.911668030231810462e+02
1.496345489088344607e+02
-6.810232479628825786e+01
-2.109877966376099891e+02
-1.075865766575747706e+01
3.612435039835612827e+01
-5.594482515402734180e+01
1.508591364397877328e+02
2.091717968748871499e+02
-2.724943813783265796e+02
2.049403983333246799e+02
-2.156029755527162877e+02
-5.431309813566595324e+01
1.346584396615378694e+02
7.090383918673402377e+02
-2.784314969216056923e+00
-4.677207950812694435e+02
4.113233078397896065e+02
-2.726345509887507390e+01
-6.484803417949159439e+02
-5.071121405643148705e+02
4.698790236421229451e+02
6.568775444203345160e+01
3.243026939902257482e+02
-1.322282936950636056e+01
-1.842097240384973911e-02
2.103762570200306357e+02
2.660494175309544289e+02
4.596208581855315742e+02
-5.523060049973636296e+02
-9.994396982591965184e+01
-1.185450837374507955e+02
-8.173191491335793444e+02
-1.472182079436872186e+02
6.173846668517537637e+02
1.070499318377548207e+03
-4.666505019044898290e+02
3.163146991531656909e+02
-1.412142393438850618e+01
-6.112101540510602860e+01
-4.557707228069854750e+02
-1.660362828879762560e+02
-2.072343449414282759e+02
4.180607659952950144e+02
6.121745955751619022e+02
-8.693256698429239293e+01
3.822143482551138050e+02
-1.026496148797720025e+03
-4.286332176591706400e+01
2.429618270109455693e+02
1.027516608855409913e+03
-1.247763470186867835e+03
1.477029210224107203e+02
1.757199643095222541e+02
7.499244109574066215e+02
-9.142123651704696385e+02
7.961185218800300163e+02
-4.394675300823071780e+02
9.026756332954593631e+01
4.762489846305606278e+01
-6.080502864915863483e+02
7.498144663295940973e+02
-3.710575420171524001e+02
3.561142774707439003e+02
-8.378542654375520442e+02
1.078434316558056025e+03
2.827315262168534105e+02
9.129575913074569371e+02
-1.957766053983082884e+03
1.526047937793466645e+02
1.374518818063374397e+02
3.642275315452258866e+01
-2.663673226194351287e+02
1.164826826610393624e+02
1.058650213243146027e+03
-3.630178671316889449e+02
-8.442485242366649345e+01
-6.872044275583260742e+02
1.985594366194506506e+02
-2.237348321223599328e+02
1.440641874314532288e+03
-1.086812148234279448e+03
1.037919107926526749e+03
-1.030516415561987742e+03
5.478659931509473608e+02
-4.040317293222079797e+02
2.421736418305198981e+02
-2.848805584361043657e+02
4.937308783135755448e+02
4.649119356984004980e+02
-1.401835517038814032e+03
2.118043029729704472e+02
-4.812339207753876735e+02
1.782588234539427503e+03
-3.375032000770146965e+02
7.833266358743408091e+02
-1.226978091531045493e+03
3.760351465490975329e+02
-4.067946678668525351e+01
-9.593247429143145837e+02
7.903366893230182200e+01
-3.434256855204453700e+02
1.647840496971105267e+03
-3.601083195577112974e+02
7.588487202494106043e+01
2.291213587852839169e+02
1.847970885185823136e+02
-1.022678573385896925e+02
-8.626234445061146516e+01
-8.597004588455331486e+02
-4.377107899854154880e+02
6.828750387237000723e+02
1.084657615687191310e+02
4.802253418186573981e+02
1.079236763655940479e+02
-5.721382083634950959e+02
8.821370927740185834e+02
-9.919966492892883707e+02
5.666009153528352726e+02
3.247390550709523040e+02
3.606067485829730117e+02
-8.105678408600526836e+02
-6.862090429435462511e+02
9.945044649484764250e+02
-1.242843866677612397e+02
1.490030835796674467e+02
-1.183282495279857812e+03
1.277781912137633981e+03
3.664701005195888683e+02
-6.736375855572079629e+00
-1.466299663860283090e+03
1.469614764412131763e+03
-1.474982516186466626e+02
1.096274114586699397e+02
2.273841107433061381e+02
-3.208800711673870296e+02
-7.377477223551059069e+02
-7.585566790552680061e+01
-5.539189519617307269e+02
8.114974989611929459e+02
4.801811844258866131e+02
4.191930673653901636e+02
-4.378665684537975267e+02
8.937959756455494187e+01
3.314037171476766730e+02
-2.512157965124385441e+02
6.106769041174696895e+02
-8.073026763256633842e+01
-4.511686208381113374e+02
-6.467231864146717157e+01
1.752278574609404700e+02
-9.282114885140264278e+02
-3.609183353615163696e+02
-8.463183141427533585e+00
1.257713518186636065e+03
2.910808195701284831e+02
-2.445806995977846157e+02
5.104862981477965604e+02
1.887480256583250764e+02
-5.646169547244212481e+02
-5.862537817541198137e+02
-7.143054752559733345e+01
5.368332340669813902e+02
-2.076305758350555095e+02
6.244841083256560665e+01
3.622996727499577787e+02
-4.168469872085272527e+02
1.042473996913808378e+03
-4.392229862575841821e+02
-4.636354548559016280e+02
-1.660298115739487343e+02
-4.464110282278526256e+02
1.457065351823172819e+02
7.492923564695266805e+02
1.911161357554191227e+02
-1.964747977169871973e+01
4.244372204751701929e+02
-3.073442495139809125e+02
-4.702421784637118662e+01
-6.646309343452459188e+02
6.243466509543030725e+02
-5.533536244657593670e+02
-4.343405001126477600e+02
4.141102281328203389e+02
-1.234259814046899351e+01
7.218384379685868453e+02
-2.181761645707924302e+01
-4.007140395197102407e+02
1.130594037785797354e+03
-1.548304723036648625e+02
-5.854763949144573871e+02
-5.209122990532198401e+02
4.036868062859167594e+01
2.269125019507686716e+02
2.969923180728731040e+02
-8.895473746005843623e+02
1.970345324615515636e+01
3.416969729945204790e+02
-9.335190347875607131e+01
9.175857499034060538e+01
-5.499666031891329965e+01
1.721834930305930129e+03
2.462113716357954445e+02
-1.672676434877974998e+02
-1.409673298584117447e+03
-5.188926655107965189e+02
2.465084706171979860e+02
-2.365721376395324569e+02
-2.115737180712106351e+02
7.918098866785982182e+02
8.283506027232091355e+02
-3.628590094291669743e+02
-2.116318820539846399e+02
-1.630299836931950495e+02
1.443573397146020909e+02
-8.048678181897572586e+02
7.233230582013566163e+02
3.580855565645293126e+01
1.385135839080064386e+02
-7.148159104575427136e+02
-1.047213696960731610e+01
6.036858414029421738e+02
6.651251535805453159e+02
-6.413526666930354168e+02
7.355632091721449797e+02
1.753253041401883650e+00
-7.497320377078124238e+02
1.336342276751763052e+02
-8.431959165441855930e+02
5.375009526131672146e+02
2.013057480443089844e+02
7.223318038892597315e+02
-5.462454769398594863e+02
-4.890269183348520414e+02
-1.848758888044466460e+02
1.346556584199450754e+03
-2.281697218653495725e+02
-8.034041225380953222e+01
-1.577006889805500123e+02
6.669251384848749922e+02
-6.382855887176773422e+02
-1.621833197098027995e+03
5.892505995230999361e+01
7.185617310566623246e+02
1.242014723124900826e+02
5.604377964777621628e+02
5.469780292497636083e+02
4.298941503553666621e+02
3.328528663289484371e+02
-9.345115547615218929e+02
4.148560049367818010e+02
-3.837331996101436289e+02
-2.807173896289190225e+02
-2.693493463593547972e+02
2.962907872063399850e+02
-4.418769162898749414e+02
-5.657201410704324189e+02
-8.938067663545201924e+01
1.464305192338993265e+03
3.766013842918247860e+02
-6.449485800515872143e+02
-4.419604745723233918e+01
5.614442902010098351e+02
6.982028592639778708e+01
-6.571800119357114909e+02
-9.179866657319504952e+01
3.696579949212425618e+02
-7.052903703018706665e+02
-1.531712869987040335e+02
-1.721713490116112837e+02
7.546821438096346810e+02
2.359221431978484134e+02
1.166780491490402909e+02
1.320573413898596300e+02
6.703991032655775371e+02
-3.653144434994162566e+02
-5.160470286065977916e+02
-3.148079556130117567e+02
5.993076348287439714e+02
-5.683439586168771029e+01
-7.464010567124129238e+02
-2.640840073451268211e+01
-1.727863984252337275e+02
-1.004788474794313125e+01
4.823223880831947099e+02
4.685586215261603229e+02
2.002923072070246917e+02
-2.531295394184565168e+02
2.262119974470993498e+02
-1.764805415400329878e+02
-8.818304807395602438e+02
1.042961433618081912e+02
1.129287968617449678e+03
3.660918842423340891e+01
-6.378853284352302353e+02
-1.189053700657418176e+03
5.818313889230269069e+02
9.420392175888703150e+02
7.925071046240792612e+02
-1.618962944922465965e+02
-5.223969432195752916e+02
-2.752548654424851975e+02
4.080410399303646614e+02
-8.747190756970421717e+02
-4.200085026491547069e+02
-7.624687795123918477e+01
3.154373101486704627e+02
1.406023351652454267e+03
-5.708306036232152110e+02
-6.514512458377161011e+02
1.662047511386313374e+02
7.419331018664379371e+02
-1.024796875671153202e+02
9.157443389269118939e+00
-2.976273548251026000e+02
5.060046027039801970e+02
-3.091108648637911642e+02
-5.972102105770941307e+02
-3.967482759399900374e+02
2.569449196267224238e+02
7.350187723149271051e+02
1.338717536874676171e+02
-3.691459048110543222e+02
-1.377393361661380027e+02
5.131277548584713486e+02
4.455909558780542739e+02
-2.760008176144846743e+02
-6.278643211911614799e+02
3.421521016987462644e+02
-1.528519168541738509e+02
-5.073899617605064094e+01
-5.257721467924684475e+02
-2.458757574152033101e+02
2.446977358914900549e+02
6.206850259295814567e+02
1.678667247443604538e+01
1.665749719742757406e+02
7.430301907191367263e+02
-3.995821804137523827e+02
-3.925566375537121644e+02
-2.789526843962469798e+02
3.294114988731737412e+02
-2.615813793391870377e+02
1.877193434481025633e+02
-2.859570258936564073e+02
9.702692510262309611e+01
1.719411120770897980e+02
-3.372110966189335102e+01
-5.612735488913848059e+01
-2.365305677152884645e+00
4.672067507184785882e+02
-5.236559240341107397e+02
1.562976891232700893e+02
4.190456317829744393e+01
4.688800711616697754e+02
-5.061912815788410285e+02
-2.157962884696632671e+02
-3.403390309174739059e+02
6.572503407534560438e+02
-1.325494745468544977e+02
2.057738720904195020e+02
-2.983841702583824826e+02
-9.048701857396928006e+01
4.317106002236830591e+02
-3.533649237390820730e+01
-2.800492837828799964e+01
4.779706523398578497e+02
-4.106834046055331555e+02
-1.199624931592760078e+02
4.236262584366857595e+02
-2.350738155054870049e+02
-2.762455505401724167e+02
-7.046206106984458302e+02
5.809595105345456432e+02
5.128413872507214819e+02
-1.462694253735907353e+02
-4.836536591976361024e+02
4.007256726636551889e+02
-3.482777587290171368e+02
6.376648647523498994e+02
-3.092863257050999550e+02
-3.458952572414336828e+02
7.334181650808297945e+02
7.443709202824112481e+01
-2.184311093407117141e+02
-7.088930265367364427e+02
2.641512829398743634e+02
1.091285452364415107e+02
4.263021977093085297e+02
4.001612214949016533e+01
-1.840488352720914520e+02
-1.065373898285246668e+02
2.889139461931966366e+02
7.081811818703947381e+01
-7.633184922784979562e+02
8.617506241488646879e+01
2.888745258584241355e+02
1.509127896880231106e+02
1.470146931120668512e+02
-5.411875957953333227e+02
3.113546546265131383e+02
-1.304657720299951791e+02
2.065099175870165595e+02
-2.986840388274519569e+02
5.076486989726369075e+02
-2.112570194325365946e+02
-1.786257977245926440e+02
8.813925038521791322e+00
-3.393011352910051670e+01
9.873890790544695051e+01
8.128181659561036554e+00
4.081752056772169226e+02
2.161042022655191772e+02
-2.445117799485977343e+02
-2.459110131119945208e+02
-7.540968089817077669e+01
3.995997512061159682e+02
-4.398447256708458895e+02
-5.011130917303281080e+02
1.894416105352708826e+02
3.658631120434209265e+02
-6.673790144327200835e+01
-3.248122897938612823e+02
2.061320110963073660e+01
6.764612848097337974e+02
5.088093465339068189e+02
-6.410040953592075539e+02
1.171211574659263874e+02
2.139050550650395053e+02
-6.401565980632635728e+02
-1.082716484657274236e+02
-2.750357526839472371e+02
1.351451860628886550e+02
1.187567802641772658e+02
3.513393710177886646e+02
2.979800062657113244e+02
-1.502483327722479771e+02
2.060628606160971117e+02
3.043940435962358038e+02
-8.021339373992536537e+01
-4.985624577229646093e+02
-6.470334089473974473e+02
-2.255329202658165855e+02
9.382340696211367685e+02
-3.913236589642652348e+02
-3.492745698016799452e+02
4.595561989136725742e+02
1.664364957502084224e+02
-5.232725118100093908e+01
2.290938777014103493e+02
4.607492143866058996e+02
2.046144331622482682e+01
-3.424380069310112731e+02
-5.613489986798065274e+02
-5.767471418049881038e+01
-5.775115105331576615e+02
3.688525398754175626e+02
1.974257533708030508e+02
6.145719144206590272e+02
-2.939936718857294409e+02
2.538713257469634854e+01
7.625932669018650358e+02
7.140219477815176852e+00
-6.933493470218475068e+02
-2.921299760121972326e+02
3.869724371404747103e+02
-4.168992621518145256e+02
-6.362126133280986551e+02
-1.986233509339886609e+02
7.575653825092151692e+02
2.922279616297453799e+02
2.462448481536939937e+01
4.710522332771232072e+02
6.276011625241116008e+02
-3.308752885122217435e+02
-6.766518899416053046e+02
-2.136300290018976611e+01
1.373482632314646708e+02
-6.050062297703572085e+02
-7.057397845881806688e+02
1.039287774761078680e+02
5.858200213520880197e+02
3.162580036177462262e+02
1.433645297435733710e+02
6.783764726983903302e+02
2.385848608790367962e+02
-2.373042525920303945e+02
-3.888631314734401485e+02
3.464522759575979762e+02
-1.931041852360416442e+02
-1.192763862317056692e+03
-4.365244678078600487e+02
-2.432424025814545985e+02
2.313886402161941191e+00
9.871859406512995747e+02
6.812838374971281610e+02
8.104841165150331790e+02
4.605244104073942140e+02
-3.032491701731088938e+02
-3.592952444357269997e+02
-7.095826158121179787e+02
-1.255670304142082188e+02
-6.431564194166377320e+02
-5.277565248060915337e+02
-2.271256791694487163e+02
1.998122100671444059e+02
9.122673366432536568e+02
8.387235086175655852e+02
-6.250630558887244206e+02
1.122087705624139318e+02
2.325200649033703030e+03
-8.804455324427472078e+02
-4.140890190560476185e+02
-1.912721683489498218e+03
5.569520819421575197e+02
-2.282493882167781578e+02
-1.004262550871701023e+03
-2.828178556842134981e+02
7.449196984174309364e+02
1.504004630411010567e+03
1.694075319389289405e+02
-3.448828755225629834e+02
5.021861485932311666e+02
1.330419182676167793e+03
-9.614543178560873002e+02
3.176698921203313475e+01
-1.334170039202935868e+03
-8.879620753474259800e+02
-3.505614466585291211e+02
-2.811147281667197717e+02
3.447055556872969078e+02
5.153917577238163403e+02
2.403913612324251972e+02
2.369136415754239351e+03
1.713812323546362393e+02
1.246207613018673470e+02
-8.420802806474138151e+02
-9.349535428949207017e+02
1.509139887644605267e+02
-9.352563500920597335e+02
-5.400739279468065206e+02
-5.656899951240319524e+02
-3.083969422061836667e+02
1.371067663007470173e+03
8.790762465900035068e+02
5.176962275103957012e+01
5.790592014938321199e+02
1.848343404421075604e+02
6.802606859855515040e+02
-2.579551593815533579e+02
-1.964306631908423469e+03
4.665628918976715909e+02
9.364470900230584220e+02
-1.299075176294517405e+03
-8.240018745365059658e+02
-1.050738412849454335e+03
1.625692017073950410e+03
2.999926400423668156e+02
-7.492523500169787667e+02
7.661444481680331364e+02
1.611845989987663870e+03
2.552451100204279101e+03
-1.215831695251557449e+03
-2.012141097585018315e+03
7.808259284251221288e+02
-5.737308024863868923e+02
-2.781129033032969346e+03
-1.124801459716484260e+03
1.056503179094091820e+03
2.460782974240906640e+01
1.944499891310779276e+03
1.199272008910774275e+03
1.344199980988030802e+03
3.352007841999215088e+03
1.332686135687663182e+03
-2.159497170282387287e+03
-4.422369055174056484e+03
-2.238984963906272242e+03
-1.842492754166939903e+03
2.359925880398971458e+03
3.878347581381903638e+03
-6.376659210122253398e+02
-1.076303149174706732e+03
-7.854209672898537065e+02
9.236237406471133227e+01
-1.124133551157987540e+03
2.556018130286794985e+03
-1.801552707268648135e+01
-2.705239115052765555e+03
4.001690804051030227e+03
-2.509226960128391511e+03
2.341384983971443887e+02
5.608642164769670444e+02
-1.919041996862664746e+03
2.246140181112301889e+03
-2.290973058726247928e+03
4.880268232163087305e+03
1.172103778433792741e+03
1.822568650900140028e+03
1.308880212711414970e+03
3.636973696305890189e+04
1.027147282832466317e+03
1.442852660289726145e+03
9.211373251285236847e+02
4.284127728568996645e+03
-2.996192880267251894e+03
2.222640956283515152e+03
-2.283403980035376662e+03
2.444476711237367681e+02
2.295281279524447200e+02
-2.036835721093901384e+03
5.071814302189438422e+03
-3.116480774209117499e+03
-1.641107085949636257e+02
2.774026750299509786e+03
-1.135027639163882668e+03
-6.667459759516104896e+02
-1.647004908499152180e+03
-9.480830440013487532e+02
3.935279565866378704e+01
4.878200949870423756e+03
3.633867443051827195e+03
-8.702437094865366589e+02
-1.763538797564181323e+03
-3.640924842472282762e+03
-3.034404213987448202e+03
8.127120796418910231e+02
1.363655826383838075e+03
2.310036892381414759e+02
7.207538014636867274e+01
1.219371191651207482e+03
-1.336024237200780362e+03
1.798468895518238696e+03
8.133355299017824791e+02
-9.619190688855109101e+02
3.597718998604895546e+01
7.557057943564930156e+02
-2.117214899000714468e+02
-1.671379800556193914e+03
2.693875967449350810e+03
-9.770985327550287138e+02
4.513224379005993114e+02
-1.894865460821745046e+03
-6.137213125872773389e+01
1.591260942789560204e+03
2.218795235484691375e+02
-9.398865287000337503e+02
-7.040295471363500610e+02
1.986943534801290070e+03
1.180478735521822273e+03
-1.967880480392962909e+03
-6.715896538341102087e+02
-1.292672901154990655e+02
3.928856999736744626e+01
6.612294658211249043e+02
-5.830015061870254840e+02
-1.118241336523222117e+03
8.099237516169462197e+02
1.526505026019920876e+02
1.016076178389002507e+03
1.702997215881182683e+03
-3.498094859451714456e+02
1.357610708536429684e+03
-4.962624469586295959e+02
9.512219615721305388e+01
-5.615345760876201666e+02
-2.127362356460871069e+03
2.031277934297456511e+02
-3.573714343424201729e+02
-6.902289946486532699e+02
-4.825291561082042335e+02
-1.171682666942008154e+03
9.403815973770797427e+02
5.404287769512421846e+02
1.752730849197862995e+02
1.216672729142158715e+02
4.489980466333147291e+00
8.319722035693514499e+02
1.083500508101913283e+03
-1.506891485192389609e+03
6.727872689930272827e+02
1.732151519736616365e+03
-2.557538595192017539e+01
1.846896071119146256e+02
-1.178805830068522937e+03
2.830930442949260168e+02
-4.359663923697206087e+02
-6.787699371444024337e+02
2.381037219206440909e+02
1.099480101563704793e+01
6.280051641976959900e+02
-6.062593738971124822e+02
-1.460796278416405812e+03
6.184271477878901351e+02
-3.671468004124982372e+02
-9.372431367834997218e+02
6.112007726334940116e+02
-9.330875936242844659e+01
3.150840088614737624e+02
5.787917068956843423e+02
7.208807665977086572e+02
1.773173168849400270e+02
-6.843215194422711534e+01
2.417815216338638962e+01
7.604141499223499068e+02
-1.228314477078913036e+01
3.588977598565779772e+02
-2.002351217757056929e+02
-3.318850199397247707e+02
5.645438779770074689e+02
-1.419610846772220384e+03
7.836301463303018977e+01
4.369021714950670230e+02
-5.962511722315533689e+02
-7.873274208220682340e+02
-4.446744432597128593e+02
-5.556637446705289918e+00
1.442884657475177903e+02
-8.500818298401377149e+00
3.044768873536469300e+02
4.438762446934180730e+02
-4.249560553689870801e+01
1.478137683980302199e+02
2.297228961042618494e+02
-1.035808354293103832e+02
7.404048956746661361e+02
4.742705926110221526e+02
5.747737792252347617e+02
-4.482240783925231540e+02
-4.071976829045053705e+02
9.011053799876094672e+01
-5.311466355117561307e+02
-1.627812505778139212e+02
2.210106645620177801e+02
-2.362077381793382926e+02
-2.201920549010959576e+02
-1.127561527990168742e+02
-3.084060869439198882e+02
-7.374070000286356219e+01
3.101624560705596423e+01
-2.669188968530166903e+02
3.076062934557090784e+02
2.039373665415129722e+02
8.351605555037345141e+01
1.826058354214919746e+02
7.147218040836879993e+01
-2.293890645256018246e+01
1.053144871804465588e+01
6.541712557937188421e+01
-3.300695114733497348e+01
1.535673509094554561e+02
-1.338833712865646142e+01
-1.686484631092167490e+02
-3.388687123401818013e+01
-7.341434366069343298e+01
-4.104988805370888372e+01
-1.593011251538459483e+01
1.480051559159785768e+02
9.536554676078889514e+00
1.295462802713839778e+01
6.363065705115208459e+01
-2.884766823272402192e+01
0.000000000000000000e+00
