5.557892990400052469e+00
2.839242474617337564e+01
4.124111409249333349e+01
5.589158776263478678e+00
-4.867523881368973093e+01
-4.438678124185931750e+01
1.745816799737521308e+01
7.649413693788153523e+01
3.459830895124625272e+01
2.471844413214228098e+01
6.500721403233302453e+01
-8.116326243188467515e-01
-1.474064058979018625e+02
-2.268302969692097406e+02
-7.156704439765111658e+01
3.036998046604205115e+02
2.040206528367633894e+02
-6.764442290862960760e+01
2.726735166990273456e+02
2.752272996765241260e+02
-1.988797370599756391e+02
-3.697657890321221430e+02
-1.618865413281465351e+02
-4.443031249881454414e+01
6.320768432582509888e+01
8.140818285088410278e+01
4.344505798581148497e+02
2.286903989722490564e+02
1.447459432361100937e+02
-2.201083925407668005e+02
-2.729282059022328326e+02
1.077257060741012253e+02
7.786114395372939612e+01
1.798755303078516761e+02
1.194235509535936046e+02
-1.233185568970927477e+02
-1.387876282224843578e+02
1.612287584258034485e+02
-1.452180446875370876e+02
-2.443026516239763737e+02
2.316775716011863153e+02
1.096277842939173070e+03
-3.170871444279439402e+02
-6.495900397679973821e+02
5.387354177315181687e+02
-2.931377576978877642e+01
-5.907295201041032442e+02
-4.274960777159489567e+02
3.830799695264050797e+02
8.723268956258141316e+01
1.442654844779232235e+02
-5.170741588177109804e+01
3.157189910103172110e+02
3.190220387879072632e+02
1.656064907531074368e+02
5.143471986267954321e+01
-2.953818688557821588e+02
1.384969620037593927e+02
-5.111994729300316749e+02
-8.520948155451621915e+02
-5.323036326042965527e+01
1.094065701867737289e+03
8.785704058778896979e+02
-9.057159901330570619e+02
5.711678979992173026e+02
5.793070570349304660e+01
2.014114208162808950e+00
-7.088304406093008083e+02
-2.366596626060392055e+02
2.002333759764759691e+02
3.564844364576962903e+02
3.863841525050557379e+02
-6.013543556161192782e+01
4.944283022331754296e+02
-1.057625502135236047e+03
-2.933143077242098684e+02
2.946073176307068593e+02
1.509962551277860484e+03
-1.398295711763522377e+03
-7.852776473160146509e+01
1.240462203685488447e+02
6.891421145421345500e+02
-4.340889562185460591e+02
4.454858287900308369e+02
-7.020996938851576488e+02
5.412410080073399286e+02
1.094420960668332441e+02
-6.581834548675027463e+02
2.803947371285327677e+02
-2.554724714692317207e+02
8.302693579546091769e+02
-9.267183339743376109e+02
9.162387637989405675e+02
-7.027988923288000933e+01
1.150313130757316003e+03
-1.496249849706766554e+03
-1.755233119012503096e+02
-1.464668433268961394e+02
2.594766196753257077e+02
-1.966298185631832212e+02
1.721480600842867830e+02
9.742500472805592153e+02
-5.476851538065004661e+02
1.159057801042095548e+02
-7.536739635767357868e+02
2.966900894498405705e+02
-2.268320062341482242e+02
1.289177453745949379e+03
-9.229387649565596803e+02
8.769340581804480053e+02
-7.910556910422561714e+02
4.369126654986175708e+02
-8.274275180155124190e+02
5.608988628809884176e+02
5.186527628116444077e+01
6.315078132519810197e+02
-2.348048639572206042e+01
-1.765018118955614000e+03
5.755001199273364136e+02
-1.588204326509947464e+02
1.612572422080178967e+03
-7.179661660053106971e+02
9.824535313823822662e+02
-7.696297236202589147e+02
3.762940661261678770e+02
-6.576161730336290248e+02
-1.165847831955204583e+03
5.776490870359532437e+02
-3.390898164555265737e+01
1.443133676256026320e+03
-7.840957479458803618e+02
2.793516003755653401e+02
5.531774220362498227e+02
1.973752779883712378e+02
-4.474299968513934118e+02
-4.176316886002088609e+02
-4.999806775572545234e+02
-1.395037177152431696e+02
6.894945458900634776e+02
-2.155948089708157625e+02
4.628653453866807581e+02
2.968057390295517166e+02
-6.743835975039621644e+02
9.566510570224083949e+02
-1.299169963231304564e+03
6.886017231870472415e+02
7.291299523149345987e+02
2.418990606212956322e+02
-9.646916337431858892e+02
-9.491039082222520165e+02
1.127580839449901532e+03
1.408635048569176433e+02
2.122015785649758755e+02
-1.335499310411723400e+03
9.443541969856571541e+02
5.464433765826128138e+02
3.800103101419508675e+02
-1.651144450876746305e+03
1.183929777799661906e+03
-2.281151836754028750e+01
1.751866816500665607e+02
4.580374264732317897e+02
-5.495835082275177683e+02
-1.104138022199108036e+03
3.536838041993925685e+02
-4.634301536345116119e+02
7.843196842234162887e+02
2.080321960526592022e+02
3.908254319020050502e+02
-3.688340196331932219e+01
-1.643094786278111599e+02
3.668379551324215981e+02
-3.802864188192459096e+02
5.189457199619013181e+02
2.859643256685089909e+02
-5.032230864553376932e+02
-3.471665409829662252e+01
7.224028935592872358e+01
-1.158671130458134712e+03
-2.503038473524086385e+02
1.138004132950380267e+02
1.215993251990613089e+03
2.972591409797700521e+02
-2.299125398578187287e+02
6.673321719754242167e+02
1.577920801887312905e+02
-9.697494623272025365e+02
-4.558989684531729836e+02
2.610244133697005964e+01
6.601354306542281165e+02
-1.445752397993514649e+02
-1.949545200088932972e+02
5.826864665934771210e+02
-5.617026003377281995e+02
1.046525148474788921e+03
-3.721020088278369258e+02
-6.827233051954378880e+02
5.158073246464604722e+01
-5.238310249243700127e+02
2.327269700079827714e+02
8.736480362736696179e+02
4.390238183848411779e+01
-1.080260103073151470e+02
3.319909939111216772e+02
-1.211563990470311296e+02
-6.065201518210088238e+00
-7.667230738359644420e+02
6.227141030962810646e+02
-4.969866157906035369e+02
-3.480216036491797809e+02
4.050608515208980975e+02
-3.669625244854280481e+02
7.035026395974922480e+02
5.621318132677914718e+02
-4.447640726593039631e+02
7.831104353398367266e+02
-4.275338139257652301e+02
-3.222354683045713273e+02
-5.756744814818137002e+01
-2.570837339529459769e+02
7.421874726072275053e+00
1.991181887724478372e+02
-4.629882060731315505e+02
1.088292399956333867e+02
-2.843206869925895717e+02
1.142300316843941346e+02
3.537434037036379095e+02
3.782655113661633095e+01
1.605088017007568851e+03
-1.849404789016632833e+01
-6.287536450590352644e+01
-1.343148093914365518e+03
-4.581072682139267158e+02
1.807987942065380480e+02
-3.446023236119680178e+02
-1.676754227015486549e+02
9.393337497782364380e+02
9.312205090779914372e+02
-3.546178314845855652e+02
-5.918815363786105763e+02
-3.905320493202444823e+02
6.584937036499370606e+02
-6.810339656003295659e+02
6.286745066568201992e+02
-2.249729161811639813e+02
1.270833228705484004e+02
-2.389467875601831111e+02
-2.880167927744317922e+02
2.747411976515712126e+02
5.630665432250224285e+02
-1.781023318848208135e+02
1.241575407526609069e+03
-5.236551064002836711e+02
-1.159719837263695581e+03
2.350956273620050467e+02
-3.157457016929384963e+02
5.479101167656089046e+02
-4.327284911236686185e+02
6.941168309425104326e+02
-1.880548779873232945e+01
-1.911852946892778675e+02
-6.143633647859426219e+02
9.604301877441736224e+02
-2.311795678799567355e+01
3.785946782036287459e+02
-3.099547739955633574e+02
2.123689116009094278e+02
-4.747235543075797750e+02
-1.313959641985000644e+03
1.231818828152403000e+02
4.025376720660422052e+02
7.414921813564464514e+01
6.110638423932066416e+02
5.928445921450368132e+02
6.452779690037834825e+02
1.530264836720961057e+02
-8.896549096080830168e+02
2.644407045192093619e+02
-4.345402746698371175e+02
2.668922680565288275e+01
-3.055113607316527009e+02
2.040556972988159714e+02
-7.042489182575591258e+02
-2.664720679619465500e+02
6.620129487343331220e+01
1.043670885601696455e+03
4.118287743032437334e+02
-4.932263946129611440e+02
2.640784913784355012e+02
5.532657768935828244e+02
-4.447634325260348191e+02
-7.516139191018739893e+02
3.331666017223519134e+02
4.909399749520839578e+02
-9.708013618352221101e+02
-3.426676788354676546e+02
2.250784382962061869e+01
1.136326006168759477e+03
-4.004538759345039978e+01
-5.439861014445227738e+01
6.201573395632667030e+01
7.630943771994421922e+02
-4.163143967503279441e+01
-9.504681132758875037e+02
-1.213913764382405986e+02
8.418378812746881295e+02
-2.624234895830351206e+02
-7.529960718225163419e+02
-3.554418433426166075e+02
7.109193166963478916e+01
1.194058091505640675e+02
3.479224565276503540e+02
6.740617145941048420e+02
1.787229642107583629e+02
-2.987487903958483457e+02
3.498163412974304265e+01
-3.072750598324083739e+02
-5.772586193399212107e+02
2.275874986651407994e+02
8.413617190141852689e+02
5.288533848516579638e+01
-5.365452147739924840e+02
-1.023232364995327202e+03
5.369294247950685985e+02
4.724884330200306977e+02
1.108448747673019170e+03
-2.040866610090883171e+01
-5.930520624968654602e+02
-2.713748360269861450e+02
1.143587856581408744e+02
-5.399496193455262301e+02
-3.891364002120878922e+02
-2.098436200498753692e+02
2.429487635629857891e+02
1.299020792720493091e+03
-2.538297281478449747e+02
-6.948347475219674152e+02
1.310119956788592788e+02
6.524387800828826585e+02
-2.690832678172939154e+02
2.386652597074763662e+02
-9.992809935604350358e+01
3.473769215354057565e+02
-5.292903898243823733e+02
-5.273569306467258002e+02
-3.201538522631762476e+02
3.723774515021432876e+02
5.662384463124253671e+02
2.804807504030131682e+01
-9.332236183726116963e+01
4.660963342540881627e+01
3.669662636970719518e+02
-7.255812138912062892e+01
-1.367023812205724198e+02
-3.195526356548449485e+02
4.608107677046301660e+02
-1.835963670989022205e+02
-4.585462519593596653e+02
-3.384916779420624948e+02
-2.473712155038659688e+01
2.544796674399163692e+02
3.068549360146095637e+02
-1.987929423347317481e+02
5.982497796855423076e+02
8.478235960058700584e+02
-3.755893079268291785e+02
-6.597407076570017352e+02
-4.312528751611779398e+02
6.656905370421171710e+02
-2.949010956991751300e+02
-3.676111852698736016e+01
-4.071947773328079165e+02
3.335939622615772464e+02
5.121984843761522370e+02
-4.095667378788753155e+01
-4.918399805994526446e+02
-2.215565419732524504e+02
6.841812093937140844e+02
-1.954474299260618295e+02
2.119786154565907452e+02
-4.776885846866809970e+02
5.561078299606191422e+02
-1.836586979743258325e+02
-1.004867912777178134e+02
-5.556678932699753659e+02
1.133302686168199358e+02
3.746942783596424533e+02
5.216758999631189226e+02
-5.188419214050431947e+02
-3.552836045776596166e+02
2.607068823467568564e+02
5.329553808529967682e+02
6.239575087182629431e-01
8.994201474407131514e+01
-5.265314165426560749e+02
6.956433736023382153e+01
6.928457739305003997e+02
-4.129911153342107468e+02
-4.323082337903847474e+02
-6.591816302267675383e+02
6.524654503002313959e+02
5.639952503178980123e+02
-7.152240773678590813e+01
-6.703797419221019709e+02
3.889671089675017015e+02
-2.768445079038258427e+02
5.283339649625523862e+02
-9.455681850511464859e+01
-5.364763456978487284e+02
7.217763415402109786e+02
3.019511607298761078e+02
-1.649676597966000315e+02
-7.617804677011464491e+02
-2.093643740681875727e+02
2.548237768804916357e+02
6.454024041690342983e+02
1.850820758834143192e+02
-1.453880262126039327e+02
-5.346365791209116196e+02
4.812907814862947475e+02
2.634226459616624538e+02
-9.092901297593235768e+02
-1.684155014932871950e+02
3.132163234019153606e+02
5.658142332970692223e+02
1.709927075030473702e+02
-7.921818763758419664e+02
1.613667094465102991e+02
7.955310366317993953e+01
3.433340077303228099e+02
-5.450125898420844806e+02
2.324569125566515879e+02
1.197143506072822419e+02
1.299978076255439987e+02
-2.650611656116159907e+02
-2.952171640182405099e+01
3.890173244148097353e+01
1.114818054083772125e+02
2.406362702366501765e+02
-1.016101321525539447e+01
2.808739786846583684e+02
-2.305342672778828614e+02
-2.243519132349892402e+02
1.024721507017547566e+02
-3.695643632503429785e+02
-1.435147718805680483e+01
-1.569039905740604013e+02
1.980277661178227220e+02
3.023864347763448990e+01
-8.551664794570071138e+01
1.267457634966019953e+02
2.196515670503251840e+02
4.557766531618872250e+02
-2.321413726932523787e+02
2.076407903008746416e+02
-5.792989686336748889e+01
-8.250854704368745161e+02
-7.329784394770169342e+01
1.413538034706959650e+02
5.418243922298251647e+01
-2.326574145893184209e+02
4.455390402250575903e+02
4.080488437171126748e+02
1.458391022263147647e+02
-1.348050278908631583e+02
1.433382821897667441e+02
1.448097680942402974e+02
-6.589582566222284186e+02
-4.070414630786979728e+02
-3.479788687344790219e+02
9.321341320896849538e+02
-2.423665840355593559e+02
-5.186630098273409430e+02
5.609834009598743023e+02
1.074733331691781331e+02
-1.978389492201024780e+02
1.210261640167106236e+02
7.676875510385038979e+02
3.780536709797650019e+02
-6.112753624284522402e+02
-9.944625714891629968e+02
-2.317467512991157719e+00
-1.804202818730302624e+02
3.281552919140361837e+02
-6.324271150689685328e+01
4.493161067779204245e+02
2.030865148380609924e+02
3.433043567157575353e+02
1.694677257212471488e+02
-2.970454270284931226e+02
-5.060182312288275170e+02
2.231353100377617693e+02
2.391196356581139639e+02
-8.647449690776231819e+02
-5.631512289755376059e+02
1.211180920572410287e+02
1.126220063172584560e+03
-2.296164205008687986e+02
-3.172191829615740062e+02
6.943030759592835466e+02
8.962862467718090329e+02
-1.594654430142141450e+02
-1.053189708371553479e+03
-3.595281781921578812e+01
2.701697989356561038e+02
-5.351590549049996071e+02
-7.722686767974080340e+02
-1.337934020010841891e+02
7.491937106380476052e+02
4.825938123732944405e+02
1.564679985957031363e+02
5.433479792163291222e+02
9.202575338742822453e+01
-2.319199438611322535e+02
-8.437585214226400865e+01
3.732292076643589667e+02
-4.234724434663946226e+02
-1.254946743233600728e+03
-5.888069843709248516e+02
1.748301625906515824e+02
1.655968972138573037e+01
6.875920571060186148e+02
7.391351644796025084e+02
8.113573242693061047e+02
8.429875272332684517e+02
-5.843866256771789267e+02
-6.311365972168366625e+02
-5.665977033104987868e+02
-9.887040571643132125e+01
-3.329657959104789029e+02
-8.034382221100950119e+02
-3.675100644941825294e+02
5.102685508174253641e+02
9.175676295753321483e+02
6.844877304068421608e+02
-7.856237479242661266e+02
8.283257413712134110e+01
2.555834770503394338e+03
-6.817707373531604844e+02
-5.754731281084854118e+02
-1.949172420438697372e+03
4.426487288398790838e+02
-1.734000454579042412e+02
-1.003223270874978084e+03
-4.521672566299053528e+02
1.018693521433918363e+03
1.396169627228527588e+03
3.703690583094513045e+02
-2.925715050865676403e+02
1.096797407154252397e+02
1.436629650764514736e+03
-1.033696082800098793e+03
2.127626170595360691e+02
-1.316189609618369786e+03
-1.015020653814210846e+03
-2.464021686922067147e+02
-3.107987906599336725e+02
4.334128763979834957e+02
3.695209445640041395e+02
2.242325816744383644e+02
2.432638139418508217e+03
1.096240181185031588e+02
1.437667355503740794e+02
-7.030841985743278428e+02
-8.722563789758189614e+02
-5.260533512845626802e+01
-1.002181805176078228e+03
-5.520438237668251986e+02
-3.332696237191125874e+02
-3.573404613712215792e+02
1.180497070635833097e+03
1.030530889079021790e+03
1.061210484329616435e+02
6.362751488833483791e+02
-1.509569739782667170e+02
7.564291358736727489e+02
4.189134290296126295e+01
-1.966294440203511158e+03
3.688208711800229480e+02
4.480066246375365608e+02
-1.007392577307410647e+03
-4.683063957750461554e+02
-1.134785832196130286e+03
1.482608159625445751e+03
6.893489877143065314e+01
-4.257490796000607816e+02
8.525957243606812881e+02
1.385823924233024627e+03
2.362392618690492782e+03
-1.122829296711788402e+03
-1.659709266875434878e+03
7.121224872425968897e+02
-8.123073281158629015e+02
-2.739303145104505802e+03
-9.864902552640966178e+02
9.240471298740586690e+02
5.732255989108392669e+01
1.830023315957943623e+03
1.249488530558575349e+03
1.602709430737202638e+03
3.207402524310284207e+03
1.521498972660615664e+03
-2.428692130791027921e+03
-4.681849609210294147e+03
-2.072491084572467116e+03
-1.662804782404212574e+03
2.641258013131869575e+03
3.378414878013729322e+03
-6.304171551116885439e+02
-6.387343091466181022e+02
-8.454908257123948943e+02
-1.742475338315934437e+02
-1.544082195372676097e+03
2.909835523021966765e+03
5.366870488008610209e+02
-2.893992150780912198e+03
3.457280767757890317e+03
-2.473006284246818723e+03
7.017406426430511601e+02
6.604374554557783767e+02
-2.311724753388494719e+03
1.920869051375643721e+03
-1.841978943724383726e+03
5.154817633097824000e+03
1.034542754801798992e+03
1.413488652765350707e+03
1.278316062782531617e+03
3.694502546784863080e+04
8.559361203272555940e+02
1.181734022055793275e+03
7.791639214396114994e+02
4.551699159642258564e+03
-2.635393295087997103e+03
1.833468686370915975e+03
-2.419025235100310056e+03
2.917834661356765196e+02
4.892278450022207608e+02
-2.043885181297486270e+03
4.888085874104300274e+03
-3.029320128666960500e+03
-3.441806121098712765e+02
2.792655099765299383e+03
-1.053128682002879941e+03
-4.787889767841962225e+02
-1.598009160237233573e+03
-1.210760339897095037e+03
-1.963226437300050975e+00
5.054587821328348582e+03
3.655130695324395674e+03
-1.216727548614734360e+03
-1.653356883393608541e+03
-3.305456319853558398e+03
-2.924245368867564139e+03
4.787142579140064527e+02
1.101139011948057941e+03
5.801562627246053125e+02
1.252527382559596276e+02
1.189407033579956760e+03
-1.727513709526377397e+03
1.949398783325253817e+03
1.419909196522324009e+03
-1.235657361765348696e+03
-1.432983533905783418e+02
5.274226135238545794e+02
-8.038074206398857768e+01
-1.460731845898065330e+03
2.470652681056383244e+03
-8.923236648364684243e+02
5.609479519142009849e+02
-1.719613278866714381e+03
-2.160447147157328232e+02
1.255963593840063368e+03
3.570496494654913704e+02
-7.461073980910292676e+02
-8.225699920588480154e+02
1.951136200689760926e+03
1.328965098375622119e+03
-1.953549244115633883e+03
-6.240318813459098237e+02
-4.969084212047752089e+02
9.918291916476303527e+01
1.017769389185440104e+03
-7.774735455457345097e+02
-1.132548348858033705e+03
6.666287370477388095e+02
4.855479440860665363e+02
1.066090578895421686e+03
1.280924939836345629e+03
-2.301275166387594595e+02
1.376007173027042654e+03
-2.548481227458034368e+02
-7.363232358121544507e+01
-8.040891914660423936e+02
-1.867854711451816456e+03
2.999791152307302013e+02
-3.628552055353910646e+02
-8.846921036594484349e+02
-5.271358809963710428e+02
-1.066617417687487887e+03
1.102780462452436495e+03
4.465100736971374999e+02
1.972583384865043854e+01
1.189868696578738110e+02
1.708924876379542468e+01
1.076891518481582807e+03
1.023662833461290347e+03
-1.547928623567967634e+03
5.012502473741611766e+02
1.766602765002267461e+03
1.683198801681923555e+02
-3.498766222328803366e+01
-1.042453780291037219e+03
2.091902894558443222e+02
-2.332897382623459066e+02
-6.473807140639606814e+02
-7.152174482570534053e+01
-7.124406713345987896e+01
6.670711409754144370e+02
-2.036063118138960135e+02
-1.597596082989959541e+03
3.661540290688284927e+02
-2.549258144780479256e+02
-8.400357438337919120e+02
8.505581068056320646e+02
-3.620714891599204748e+02
-6.689037810811446150e+01
7.929341687267715315e+02
9.352254126302792656e+02
3.537901428014945395e+02
-3.582583477707411816e+02
-2.854572719662209934e+01
8.179926259010659351e+02
1.736012418237439761e+02
2.358101198420999367e+02
-3.939590119398215506e+02
-3.260138617005898709e+02
8.418944176030863673e+02
-1.184247605772210818e+03
-4.225078467050103654e+02
4.385192018104436897e+02
-6.623716792358234215e+02
-3.552179933015402753e+02
-3.753300989123159184e+02
-4.956809814139057266e+02
1.807160100763175876e+02
1.185429442425584057e+02
5.132725562855289354e+02
2.803010204004639263e+02
-2.788443635143119081e+02
4.161354605594218583e+02
4.748106101655182556e+02
-1.194243546174861308e+02
2.830098760691178086e+02
2.786760415938073265e+02
8.443075733469740953e+02
-6.247270191295500297e+01
-6.486705777634058450e+02
7.849506670359346572e+00
-4.790475196062170653e+02
-8.250632525435581499e+01
3.167793055042683363e+02
-5.990925114759091912e+02
-1.556238859644717536e+02
1.106176968338634907e+02
-4.347953269221474670e+02
-3.646130624449961743e+01
2.632527407432070632e+01
-2.636599168238566335e+02
3.004651750804844141e+02
1.161661855374674133e+02
7.383102189885080691e+01
3.301402848043961740e+02
2.815185779789746334e+01
-4.963827364304719936e+01
5.597949827084353558e+01
6.489929634350272636e+01
-1.329931367135106512e+00
5.956624272763355066e+01
3.096706756067023747e+01
-1.115875732678638599e+02
-3.831414405087816277e+01
-3.975735839939623872e+01
-1.016447983901362306e+02
1.427962999590250348e+01
1.274990237946530414e+02
-2.345254424783526659e+01
3.247635799360144659e+01
7.073020971146399916e+01
-1.422005393455462752e+01
0.000000000000000000e+00
