9.925312198944627795e+00
4.361087406316013926e+01
4.824943260765991226e+01
8.307105882079619974e+00
-4.680763478909164377e+01
-6.104265963437988773e+01
1.895469139430200656e+01
7.604010311134460665e+01
9.749922812767859881e+00
4.768099994339310399e+01
8.831992280719927635e+01
-2.011451853511846721e+01
-1.234865118984736512e+02
-2.359180240329149569e+02
-5.384173417837773457e+01
3.153718661890927137e+02
1.716345788735433473e+02
-5.188541974833164971e+01
2.994850822644187929e+02
2.607196853645324950e+02
-1.449020454461863778e+02
-4.196299675575299943e+02
-1.196649860708422466e+02
-4.004587110392907334e+01
-6.941335184411201453e-01
1.672393311213973561e+02
3.873715903583083104e+02
3.097743057885927556e+02
1.545326880978612678e+02
-2.734329236559327683e+02
-2.215999342723039831e+02
5.632982192200692140e+01
1.430667081384892185e+02
1.966598558143468836e+02
-1.799223223859331711e+01
5.717598202368401417e+01
-2.012074053974139929e+02
1.299429629534334936e+02
-2.931870176729979960e+01
-4.403963690371357416e+02
4.610112718480913259e+02
9.082423915394938376e+02
-3.353338008053721069e+02
-5.938689332080234635e+02
4.764544119972987914e+02
4.439551042794745683e+01
-6.371593096336798681e+02
-4.266743214367123187e+02
4.104819496942451451e+02
6.810757980253001165e+01
8.604456926308191100e+01
-4.738135437471414946e+01
3.234952185830071585e+02
4.530626603244426747e+02
6.956564132590548866e+01
5.004211761067875130e+01
-1.593856065375821345e+02
-5.710707171729256970e+01
-3.183702724475726882e+02
-1.049301881636998587e+03
-4.432385640062068433e+01
1.278843112390168926e+03
5.732668767447298706e+02
-6.407580964073033556e+02
4.355054297364658851e+02
1.432731968346918734e+02
1.089559763690947136e+02
-9.468509871882877178e+02
3.800464956122056037e+00
4.937912711913017461e+01
3.708356282592249045e+02
4.729641932652683067e+02
-2.233873685189631431e+02
6.526767481982423078e+02
-1.125127440853608505e+03
-4.053906836001302167e+02
4.467603534643924945e+02
1.451886642827315882e+03
-1.445421424937760094e+03
4.749009520891688396e+01
-4.674770637484461133e+01
8.403136644135888673e+02
-4.393742863422812661e+02
3.199612168644590611e+02
-5.031272879071104285e+02
3.144114315551724417e+02
2.819557333420285659e+02
-7.343516369777839827e+02
1.771680029541920476e+02
1.301452606271925561e+01
5.826281818180452774e+02
-7.322945834959990634e+02
8.369436366381017933e+02
-1.799996615569362177e+02
1.373557605847819559e+03
-1.680591630510096138e+03
-1.114017283323287728e+02
-1.672197013175056668e+02
2.455096559900617024e+02
-1.290495645794030963e+02
8.898662417716820983e+01
9.724001479241584320e+02
-4.843423351067233398e+02
7.661520499465393641e+01
-7.536864670666133179e+02
3.002007716100061998e+02
-2.904280831703457579e+02
1.483733697401514291e+03
-1.077018920866998087e+03
8.884293110878572861e+02
-6.813091478014378026e+02
2.457360832295906334e+02
-6.309129993925660074e+02
4.026018664590430376e+02
1.196396207278545205e+02
7.192849142101216557e+02
-1.698218234985335187e+02
-1.592718710160219871e+03
4.002292284432417659e+02
-5.875182335669252609e+01
1.576735339845531144e+03
-7.998640153225037466e+02
1.125475117079964321e+03
-9.206418364802765382e+02
4.578812802266380686e+02
-6.559979685793138060e+02
-1.164851554294941025e+03
6.043100493643822801e+02
-6.549554032969993500e+01
1.441681452015031255e+03
-8.004637964007690698e+02
3.222230658230006384e+02
5.188887362622535875e+02
2.499299294329027816e+02
-4.823144966429657643e+02
-3.785880805975955923e+02
-5.464389467339890416e+02
-1.524298967318368341e+02
7.355643955019884288e+02
-3.204677364075021160e+02
6.413110377620523650e+02
1.598964549488269142e+02
-6.512797060079926723e+02
1.015894874544953041e+03
-1.393917148906443572e+03
8.422159232020568425e+02
5.280641876099862202e+02
3.434504378256721679e+02
-9.986497537289759521e+02
-9.769680742976991041e+02
1.267565330061364648e+03
-4.772855219369506585e+01
4.086439081570898679e+02
-1.420314500488672593e+03
8.873158343038907105e+02
6.508108736353099175e+02
2.670298600531937723e+02
-1.555249134517867788e+03
1.171074082852946958e+03
-4.013906516509386790e+01
1.902162997978208807e+02
4.280304580638635912e+02
-5.540250477918740444e+02
-1.052349611578337544e+03
2.787232076005293493e+02
-4.405717208035894146e+02
7.988882802769504679e+02
1.394492783137922913e+02
5.904043154638463875e+02
-2.539935641456393114e+02
-6.890594137206690561e+01
4.351748403403072984e+02
-5.937247342870534794e+02
7.622851012210014687e+02
5.043960226949596404e+01
-3.617710704174896819e+02
3.458394957257073798e+01
-1.080991640852938644e+02
-9.412548038218491229e+02
-4.647320259436951346e+02
2.547617985086559713e+02
1.214926350412630200e+03
1.563957637610561164e+02
-3.863581105388081482e+01
5.244097503880726663e+02
1.989660532346186699e+02
-8.999820911447066010e+02
-5.825968413982703851e+02
1.009532232009785702e+02
6.864073723907176827e+02
-2.762122196996608636e+02
-5.919410199900528369e+01
5.082608485068823256e+02
-5.693391128392592009e+02
1.196274963062649704e+03
-5.788930875238252156e+02
-4.815101487087106307e+02
-8.835056516263978210e+01
-5.597261270807202891e+02
3.979574978175069191e+02
6.156313212982895493e+02
3.396214714357241746e+02
-2.725922162414253762e+02
3.014053917987827163e+02
7.814317095670648428e+01
-2.413223927007136353e+02
-5.770223005841476152e+02
5.110333542544625516e+02
-5.174865162738009303e+02
-2.429166240703915776e+02
2.806720078043767899e+02
-3.053200493293821296e+02
6.978276084151541454e+02
5.773961908790630559e+02
-4.228912421342860171e+02
7.064140168132415738e+02
-4.449683434124399355e+02
-1.998811069545535872e+02
-1.508752818907452138e+02
-1.996730912634580761e+02
2.533711603411762781e+01
8.799875099423870495e+01
-2.733554115197623560e+02
-1.021192733391887799e+02
-2.226050734016154422e+02
1.806908028930101580e+02
2.545874313732946632e+02
1.745469592745893976e+02
1.426874515364829904e+03
1.481343547284503757e+02
-8.792339397307944182e+01
-1.385797029554072424e+03
-3.903985870273222645e+02
8.421517322506161918e+00
-1.765805621011490985e+02
-2.601127687346668154e+02
9.331496968646467849e+02
9.834881092840280417e+02
-3.824089353152369313e+02
-5.336414811895969024e+02
-4.823039297678826642e+02
7.183188712420828779e+02
-7.086193983066152668e+02
6.658619507875974932e+02
-2.223479910210738524e+02
7.992568275260381938e+01
-2.041070426802523912e+02
-2.829530919785399874e+02
2.578446754021075549e+02
5.185065228766668497e+02
-9.497193774652345155e+01
1.140592882065977847e+03
-4.456384708830904628e+02
-1.177636863111009006e+03
2.022334454181709020e+02
-1.634144829919100061e+02
3.747244618537687302e+02
-3.060779021697693452e+02
5.800876267134499358e+02
-1.371406509165257859e+00
-1.089769895624975362e+02
-8.384411330384457415e+02
1.225552932885580503e+03
-1.565006411781394320e+02
4.171138475315021878e+02
-2.398735243818736080e+02
2.017397498412245227e+01
-2.429407895827933999e+02
-1.420397735212290627e+03
8.008313511764372095e+01
4.529572761734860933e+02
2.570071386187729701e+01
6.953256042438939630e+02
5.383239453807947257e+02
5.868509357714372072e+02
2.546751414555761812e+02
-9.203973844851299191e+02
2.133238119706862790e+02
-3.494566733291288756e+02
-1.091243423069130642e+02
-9.527321665374000759e+01
1.476395167008389251e+02
-8.697276250716295181e+02
-3.238804784156891969e+01
-2.042968042312486432e+02
1.225192499574056455e+03
3.801350511794240106e+02
-6.287734325667562416e+02
5.272297220518569247e+02
3.123405003670275164e+02
-2.560126463911879569e+02
-8.108889824712836116e+02
2.556903476862757714e+02
6.779513421330169649e+02
-1.203650881496988859e+03
-2.200171708323331643e+02
-1.258442183860566388e-01
1.052048713295688003e+03
1.104324892656202763e+02
-1.273579415252003741e+02
3.150240288122677512e+01
8.596393123133507288e+02
-1.481540077370965491e+02
-9.211361014078357812e+02
-3.443418058270471249e+01
7.208281672590939024e+02
-1.151323927031578478e+02
-9.095687280960191856e+02
-3.144467173759668412e+02
1.707890613034124385e+02
-8.980709834298116334e+01
5.684373505821424715e+02
4.732037600212794928e+02
2.947849545551668484e+02
-1.979388540406372670e+02
-2.044029996605968051e+02
-4.485600984098226718e+01
-7.171531726513371723e+02
2.696346680390766437e+02
8.345019057920876548e+02
-8.322612785564132309e+01
-3.841537411826666926e+02
-1.109558295486560382e+03
5.874578655112690058e+02
4.637993482130681855e+02
1.100147708744199235e+03
3.606228403553421202e+01
-6.325940316894240141e+02
-2.979040025791495623e+02
1.639981304439776011e+02
-5.660430892794440751e+02
-4.273650688584385193e+02
-1.099159914964665319e+02
1.044141951897106537e+02
1.393551655352975558e+03
-2.682341938563178587e+02
-7.505284969158403783e+02
2.438875799140447782e+02
4.958603448050146199e+02
-1.167964220301869602e+02
1.674222055204661785e+02
-6.253661917453283081e+01
3.970959231757534553e+02
-6.821311481063846713e+02
-3.488430436239627852e+02
-5.092487893329675899e+02
4.337599395104037967e+02
6.007998543484453648e+02
-4.360340139689040484e+01
4.262368485321444211e+01
-6.493158584614982942e+01
4.572409338245293497e+02
-1.256554220267049544e+02
-1.286685291122513490e+02
-2.807554497444045865e+02
3.756376127981121726e+02
-1.260879979803830508e+02
-5.122511626829071929e+02
-3.247569293466341378e+02
1.612271171082208809e+01
2.522159818373876874e+02
2.536558095122562690e+02
-1.149557269918914670e+02
5.399564516697627141e+02
8.222518750739679945e+02
-2.803623050967562449e+02
-7.647053994755613076e+02
-2.804806570475111585e+02
5.205023905132686650e+02
-2.699276971049036433e+02
1.709742790937993107e+01
-5.532428317427844604e+02
5.467773554062739549e+02
2.907108661375793872e+02
1.078133753309488156e+02
-4.548274434705770091e+02
-4.005789450220581784e+02
9.395839475088539530e+02
-3.826613235433503633e+02
2.836093027547359497e+02
-4.842255081888637847e+02
4.370958131329332446e+02
-4.128929784765631439e+01
-1.983000209031755787e+02
-5.120720485706384579e+02
1.597893171286935399e+02
3.246049097923680620e+02
5.697298375794434833e+02
-5.513215393605121335e+02
-4.277977297526179541e+02
4.246057057103880084e+02
4.133878488035691703e+02
-1.966437063938586860e+01
2.274978652952991354e+02
-7.472212756760443426e+02
3.105296012369993264e+02
5.482244093583112772e+02
-4.750440922001685067e+02
-2.232164407459978577e+02
-9.056492024460119410e+02
8.987510748341733233e+02
4.036288352992932005e+02
-5.941056207980838622e+01
-4.886920278754060973e+02
1.386931384964138942e+02
-8.620568982980273631e+01
3.610747466117142608e+02
-8.552969361898686884e+01
-3.698474795337574506e+02
5.398758321544473802e+02
3.988768301572591781e+02
-1.347474443659291126e+02
-8.190792105658096034e+02
-1.428573204721495813e+02
1.913764094430935074e+02
5.974276472203434878e+02
3.295440171178801165e+02
-2.803539353526084597e+02
-4.902097821571893519e+02
5.010136734097550288e+02
1.761597323550010401e+02
-7.067793939263459606e+02
-4.033226023969674543e+02
4.542217888183622563e+02
5.743102627304967882e+02
4.406860724506401539e+00
-5.432045191128936494e+02
-5.559958787984174933e+01
2.381069358120081745e+02
3.329144564529392483e+02
-6.947355372978252035e+02
3.822019992464024654e+02
-4.576492516834662183e+00
2.286605047186789079e+02
-3.299869387818962991e+02
-2.063011246715113600e+01
1.226654509700941986e+02
3.996496716606178268e+01
2.689779159070233163e+02
-3.229986815250947529e+01
3.014411743000433717e+02
-2.270994106564084234e+02
-2.396014172263820683e+02
4.955890243452344635e+00
-2.563843504921825343e+02
7.899093210406626042e+00
-2.118494192765981552e+02
2.521165052310788042e+02
-7.457209801231689994e+01
3.588568788948468580e+01
4.565584279080525221e+01
2.320286563929134616e+02
4.732838034555045965e+02
-2.679007820824301689e+02
3.577623683675344637e+02
-2.716478574249350117e+02
-7.059172888418102048e+02
-9.822729859432003252e+01
1.070363948004172556e+02
1.582515210357852879e+02
-4.166820922098420397e+02
6.136749581670952693e+02
3.403972905569669365e+02
1.857136496624223412e+02
-1.141552306006663002e+02
2.715527868655770760e+01
3.009920135380502870e+02
-8.009464299068281434e+02
-3.846124127508559809e+02
-2.975724672311337144e+02
8.831653693723945935e+02
-1.745778712759630764e+02
-5.374423046042885517e+02
5.063011691278192075e+02
1.751243135550500938e+02
-2.112528453905962067e+02
3.346731212621156715e+01
8.973186452009497316e+02
2.744955475439372776e+02
-5.210922046994502352e+02
-1.033731269038077016e+03
-9.200087886295770545e+01
3.951069805720399586e+01
8.240739954016808611e+01
9.781367513732024577e+01
3.789785239409668520e+02
1.170252327086419086e+02
6.112447661892533688e+02
-1.303076911804865006e+02
-9.731220258984970428e+01
-5.120026481202513651e+02
1.071243971620815785e+02
3.846189736089147004e+02
-1.066494748310299656e+03
-4.328919966162687274e+02
1.314620383988375636e+02
1.058704718841684326e+03
-1.447331579218806610e+02
-3.906899277829301127e+02
7.215435298961800754e+02
9.663169592997622885e+02
-2.920003835061237965e+02
-9.750825743210091332e+02
4.578231445631516294e+00
1.115218698317946746e+02
-3.216783531536685814e+02
-9.500107632964936784e+02
-7.927569981020333501e+01
8.929518619999163320e+02
2.183050475679974056e+02
3.769210410693287940e+02
3.596897478942382804e+02
1.850920114090666857e+02
-1.258004467325508529e+02
-2.983217306113733116e+02
6.263467101508140331e+02
-6.246924898895158549e+02
-1.179347641440731195e+03
-5.508036930073287749e+02
-3.108400367676296128e+00
2.201729354476653384e+02
5.807960746147184636e+02
7.275736801339763815e+02
8.860855269882086986e+02
7.981178436086790953e+02
-5.550950318191336237e+02
-6.083203882184913027e+02
-6.374064673241131231e+02
-5.206014078949163348e+01
-3.627687300197441118e+02
-8.452309150051752340e+02
-2.361854503365804305e+02
3.750715197708315145e+02
1.034564813932019888e+03
6.004195750827651636e+02
-8.297307208444879052e+02
2.654398549274696961e+02
2.314644012642864254e+03
-4.897212344171616110e+02
-6.285111575320495376e+02
-1.982356206106918762e+03
5.599565272393311943e+02
-3.612583235014869842e+02
-8.431004835451110466e+02
-5.576014951538153355e+02
1.045362105316818315e+03
1.411852799346143001e+03
2.874068776097038835e+02
-1.531165734736484865e+02
1.729954832990071623e+01
1.507379022405271371e+03
-1.033200565758432504e+03
1.630398050546660045e+02
-1.306262083613620007e+03
-1.013570401439708121e+03
-2.634161719675522022e+02
-3.285199220998857754e+02
4.854150826892583268e+02
3.263778183343606543e+02
2.929080349588591616e+02
2.356755876216163870e+03
1.383390934241135994e+02
1.516085825731839805e+02
-7.168842806093567788e+02
-7.905635025619292264e+02
-2.113603782266327187e+02
-8.410871954585954882e+02
-6.535380530727384212e+02
-3.261072644390155233e+02
-2.544582037744585250e+02
9.769578347564051910e+02
1.203483753856095746e+03
-1.443883997253846019e+01
7.157583139741172999e+02
-1.229696024377096251e+02
6.522182084544807594e+02
2.367461072305125924e+02
-2.130941173095181512e+03
4.367971409384090293e+02
3.930990319002985416e+02
-1.079569799335583411e+03
-2.965705390745443992e+02
-1.242216067673509997e+03
1.465580360021623846e+03
1.296782337227502921e+02
-4.350481528821885604e+02
8.666188358957882656e+02
1.405954149264026000e+03
2.272078654349958015e+03
-1.018597797606109793e+03
-1.718669574669182794e+03
6.650175352407482023e+02
-6.942399744222263962e+02
-2.897486918254875036e+03
-7.851468949047780370e+02
7.584112233916865762e+02
4.043592831491103823e+01
2.018241283049974300e+03
9.770474058225838689e+02
1.886276654895614911e+03
3.073738739753207938e+03
1.501184643275025337e+03
-2.269646818687308041e+03
-4.938340159121081342e+03
-1.873706254338537292e+03
-1.768028449303374146e+03
2.628369665056876329e+03
3.461983085354591822e+03
-7.704050544136276812e+02
-4.932361701788177015e+02
-8.562256744303630285e+02
-2.300908201761232590e+02
-1.449887574201327652e+03
2.830972236248794161e+03
5.174722770228809168e+02
-2.781450700999888340e+03
3.244334441682900433e+03
-2.339984889876541274e+03
7.559209831681372407e+02
5.071961156592636826e+02
-2.104861649717481669e+03
1.681962750587373648e+03
-1.676155086015435700e+03
5.189645872093024082e+03
8.488314143344715603e+02
1.643128961003452332e+03
1.059433330134438393e+03
3.713979491614999279e+04
7.916429875714437685e+02
1.015399748966089533e+03
1.024673756160020275e+03
4.365375175635042069e+03
-2.554931613596714669e+03
1.818534272854821438e+03
-2.483958231541805617e+03
4.430197862020419279e+02
4.514057006465930044e+02
-2.082410859456922481e+03
4.919968826303653259e+03
-3.048507704403457410e+03
-3.791389741747943845e+02
2.805077974205094961e+03
-1.129115481161536763e+03
-3.422463685905847797e+02
-1.656310342870263412e+03
-1.229892242510852157e+03
9.145203459373523458e+01
4.897081969287184620e+03
3.863038265208184384e+03
-1.356676655048764815e+03
-1.670551134140933300e+03
-3.187879699066182638e+03
-3.086159047053891300e+03
6.334541821632808478e+02
9.718540624069781870e+02
6.608627299890263203e+02
1.214790009597428906e+02
1.106306689691860356e+03
-1.626532633618880936e+03
1.828573534706367354e+03
1.583933570318397187e+03
-1.288623189373164678e+03
-1.723014926080287808e+02
5.793322875408425716e+02
-1.475387039704854715e+02
-1.432504688954491940e+03
2.405702700412248305e+03
-8.495143681298956153e+02
5.599889885911013607e+02
-1.701597878641776560e+03
-2.321980978554783803e+02
1.259379684495687570e+03
4.019366070671287048e+02
-7.331308658525211968e+02
-8.537022289523890777e+02
1.859549170782592228e+03
1.460868312792211555e+03
-2.063274951015585430e+03
-5.634080704469580496e+02
-4.896835881025911021e+02
-1.312508154803975913e+01
1.245801625889248044e+03
-9.993184683196197966e+02
-1.040064475483561409e+03
6.700225719260304231e+02
4.342257831767484504e+02
1.260656175596126104e+03
1.017982992169266709e+03
-5.056298764101228471e+01
1.320541981376121612e+03
-3.253961875293782668e+02
7.261821034420438536e+01
-1.022457815929060530e+03
-1.717472723675207135e+03
3.106708708767232565e+02
-4.536146928856526301e+02
-7.723567795768290125e+02
-5.620413599977347303e+02
-1.085064371920134136e+03
1.172948812889315604e+03
3.385570269141206836e+02
4.657679291509391817e+01
1.557834862530555711e+02
-1.112990252866808447e+02
1.285204310779017987e+03
8.526985113513890155e+02
-1.473186120326905211e+03
5.734806448803670946e+02
1.526354921098749173e+03
4.990342737732902947e+02
-2.997031944487590067e+02
-9.489839893473640586e+02
3.107845948457049872e+02
-4.624160504888050127e+02
-3.837539248787756492e+02
-2.775645017588165047e+02
-9.136141483888295056e+00
7.281449628691357248e+02
-3.489927570388617823e+02
-1.436475437369623705e+03
2.290900585680668939e+02
-2.125222176514872103e+02
-7.296482112580270041e+02
7.371723845223013996e+02
-2.608795234101972937e+02
-1.540483024938674816e+02
7.658064733843559679e+02
1.021331970677210620e+03
3.061905341988760938e+02
-4.329464920759965025e+02
1.158080432931706127e+02
6.935519991318283246e+02
2.601824157395061548e+02
2.431842223887922501e+02
-5.032384162810415091e+02
-1.215841731427470904e+02
6.146837335352543050e+02
-1.030425967284506669e+03
-5.364455314960403030e+02
4.585177974075740508e+02
-5.298890105024677268e+02
-5.088126098861154105e+02
-2.197192343515579580e+02
-5.997021696881852222e+02
1.249470903486614759e+02
1.844257037497565364e+02
4.826172623504654098e+02
2.820341306564408796e+02
-2.732155197553707922e+02
4.609334182560134536e+02
4.538239287392340202e+02
-7.736198085393081669e+01
2.093140475187473726e+02
3.574379899601104853e+02
7.890407544956595984e+02
-5.236403955613470629e+01
-6.697974641873055361e+02
-7.467671226744882063e+01
-3.242607310820316115e+02
-1.762554216304872625e+02
3.660710882568424154e+02
-5.560314447589838664e+02
-2.405130036879571662e+02
2.459788257840212964e+02
-5.194043795358639954e+02
-8.805044356630278912e+01
1.340950071975291280e+02
-2.973595733696211028e+02
2.603855024298302965e+02
1.537397708913724159e+02
-1.125138897471579469e+01
3.567329859419838272e+02
3.047372628389359051e+01
-1.404435753411895575e+02
1.195105010561789101e+02
3.261073245925778963e+00
-4.555595301418710719e+00
6.451496474992929109e+01
-6.380012207013997738e+00
-6.194717232087536729e+01
-8.952032508884765605e+01
-1.663450255877962647e+01
-9.877044964017947848e+01
6.843105314711690923e+00
1.580586511486019106e+02
-5.306670893775543618e+01
3.898360876723921109e+01
6.965319110767923405e+01
-3.201363028035066804e+01
0.000000000000000000e+00
