1.118093391790262459e+01
4.231167646626482082e+01
3.099605248989988482e+01
-8.605483117089525180e-01
-4.875839200666770523e+01
-4.799854472519771065e+01
3.154315363348898416e+01
7.078005031545961856e+01
-3.919844189277482016e+00
7.944614691768762782e+01
8.092308938292012499e+01
-3.731678105736806117e+01
-1.573111634310723446e+02
-2.195395428511285445e+02
-2.307179780084127430e+01
2.948305353532346089e+02
1.213808808750204662e+02
-1.073610093193406101e+01
3.133502171281443793e+02
2.659092224245241027e+02
-1.952895024904876209e+02
-4.787992746059972546e+02
-4.717654671131948163e+01
-4.166857977763896770e+01
2.518352062802755142e+01
1.075263168973958585e+02
3.813032527804749066e+02
3.576294444739186247e+02
9.935519708891770563e+01
-3.050551569727320498e+02
-2.359554310008161906e+02
9.267550264736527765e+01
2.254831216121123418e+02
9.346109580276730355e+01
-9.617464161203811557e+01
2.040735137149522416e+02
-2.366858053944390861e+02
1.772195972597198192e+02
-2.723454350452703920e+02
-2.868705947125143894e+02
5.581156603304594910e+02
8.348998638070106608e+02
-3.495096849889831674e+02
-6.092640454615336694e+02
5.947101081332215244e+02
5.438715680019906529e+01
-7.162133834067623184e+02
-5.316106744024298223e+02
4.896916750213911200e+02
1.888133152326609547e+02
8.216450781412001447e+01
-1.400243801590943349e+02
3.217085732414219024e+02
5.165973819562453855e+02
-2.704194126546941845e+01
1.106394466559600005e+02
-2.621093186073849779e+02
-5.020952191227062933e+00
-2.421262591499132100e+02
-1.181890334715357767e+03
1.357713737396449005e+02
1.162599665796243926e+03
6.612995589545923849e+02
-6.572798309167410480e+02
3.219463724682889847e+02
3.061714696345944162e+02
-5.783674742671404090e+01
-9.343898445128744470e+02
3.082440464431224925e+01
4.498555433009848059e+01
4.757888161217015863e+02
3.564652048134861957e+02
-2.162482401223614374e+02
6.893706297548644670e+02
-1.125894316803844958e+03
-3.696615891417507669e+02
4.386091381540707630e+02
1.379891220362736021e+03
-1.354082031110132903e+03
1.418266658358003340e+01
-8.180954952172794492e+01
9.396718584665088656e+02
-6.061967222425605542e+02
4.126275001553310631e+02
-4.962158342750141742e+02
3.004926593484161117e+02
3.350617392857863024e+02
-8.727222845737962871e+02
3.527599431840716306e+02
-5.583688051241556849e+01
5.619641259808312270e+02
-7.358644906823109295e+02
6.784194679006589013e+02
4.974030441756108445e+01
1.388407981229534016e+03
-1.758256295409704990e+03
-1.947801501378601188e+02
-1.627900797269867326e+02
4.061217271581507475e+02
-1.188588434992139753e+02
-2.194769041051339542e+01
8.705214993474762650e+02
-3.633470520801203634e+02
2.038213030144155766e+02
-8.021854547969290934e+02
8.352020286132523097e+01
-2.109520590378569409e+02
1.657384309371028849e+03
-1.150037029682741604e+03
8.448652188557873615e+02
-8.702758176230933032e+02
4.366644242418036583e+02
-4.665874369441375507e+02
2.715901379302581518e+02
4.102705278786618948e+01
5.747333461596774669e+02
8.533151084253108820e+01
-1.559372313969323613e+03
2.733347489716184668e+02
-1.108807225339029401e+02
1.519046860201316576e+03
-5.252259773975516737e+02
1.109106189384582422e+03
-1.068640628728328238e+03
3.843592536512283573e+02
-5.763730801601536768e+02
-9.903760070310662513e+02
4.835071043742165671e+02
-2.159458601830133375e+02
1.444068894929457883e+03
-6.003280860209082448e+02
3.773773138916991456e+02
4.027724186836631475e+02
7.453056752224019021e+01
-4.425796291947190184e+02
-1.582516827847813374e+02
-5.867314910423926904e+02
-2.340473925965573869e+02
5.884347395267192269e+02
-1.469237346580395069e+02
7.885990989430271156e+02
1.762075732234410452e+01
-7.277811031895092810e+02
8.790575232520408235e+02
-1.116980339967984037e+03
9.148327534408257407e+02
3.242760314747242205e+02
2.874410322067835182e+02
-9.589802114462196414e+02
-7.023194939257981559e+02
1.143735797949000698e+03
-2.214898973746729496e+02
3.593579229666320884e+02
-1.330648891024969544e+03
1.129906414324036859e+03
4.985240810535013907e+02
1.074012691153810124e+02
-1.528810059562478500e+03
1.324700540760498370e+03
-9.293716197965423476e+00
5.506034851203551739e+01
3.350558832226649315e+02
-4.668079681728082164e+02
-8.512181767876575123e+02
2.006830620737646598e+02
-5.924546350294406238e+02
7.300923176547128151e+02
3.805276201627744967e+02
6.403915449932212596e+02
-4.724824901894631921e+02
-6.873449198495885071e+01
3.745737788854735300e+02
-3.284707787633437306e+02
7.582666030740797396e+02
-1.561811611059700908e+02
-3.105066607420860123e+02
-9.705749988200977896e-01
8.071313007943683715e+01
-1.066858223072277042e+03
-5.562744484374284184e+02
3.450641931935419962e+02
1.173952134357583418e+03
3.010959668075117293e+02
-1.505121990152409808e+02
4.326284563304134281e+02
2.983455169974714067e+02
-8.572419937093852695e+02
-5.874540960829074265e+02
4.813953356810175421e+01
6.253090310585182579e+02
-1.949884145018839376e+02
3.721590086067298131e+01
4.197917670688230487e+02
-5.559237129124260264e+02
1.062128286574236427e+03
-5.000010796105510167e+02
-3.717909266980482244e+02
-2.322264517146768412e+02
-4.451978561940939016e+02
2.781170650282936663e+02
7.327543789457852199e+02
4.011764301605552987e+02
-4.676163258820247961e+02
3.995605076473841564e+02
-1.949026708393733998e+01
-1.096608160302645700e+02
-5.775017249129946322e+02
3.546933319750973510e+02
-3.942105193960131260e+02
-2.437844826151243183e+02
3.062945748895131146e+02
-3.353192329891725763e+02
6.626683616703008965e+02
5.958491888332259805e+02
-4.031791013423737127e+02
6.891335363246839734e+02
-4.139011815694781262e+02
-1.862168534616343436e+02
-2.056288021727126534e+02
-1.875221035747860014e+02
-7.244899624079570799e+01
2.395829329575043403e+02
-2.900376767969418665e+02
-2.171909478574767434e+02
-8.948128771116353164e+01
1.200548163342190975e+02
3.553986108803231900e+02
7.391199406605352351e+01
1.347782156673803456e+03
2.474765405653696746e+02
-8.225438458687408172e+01
-1.328853205034828761e+03
-6.119910901564009009e+02
7.644837349847645669e+01
1.457807600144747084e-01
-2.658732094451456760e+02
8.767458829749973575e+02
8.303785907382765572e+02
-2.812832275257227934e+02
-4.478959471690354235e+02
-4.685610789026368934e+02
5.709671870739205133e+02
-7.499970179560153838e+02
8.334169928415958566e+02
-2.291992841309068467e+02
2.101194228940779141e+01
-2.909238578547970064e+02
-2.184519843158015817e+02
3.270759481194292562e+02
5.647804076774114037e+02
-1.956058786502989051e+02
1.046922863936385966e+03
-3.026822645229341902e+02
-1.154532388882777241e+03
2.389976465444747191e+02
-3.640377307212719984e+02
3.373379286449979872e+02
-1.644918360054387279e+02
6.198781847463452550e+02
1.047426946743024416e+02
-3.684339067743808300e+02
-7.788360525092639364e+02
1.380400018037279779e+03
-1.883147412890143073e+02
3.988601518932823069e+02
-4.946891352766457430e+02
1.782543546959660716e+02
-7.307550212506788512e+01
-1.480260909217731296e+03
-3.881832764307086592e+01
3.275400230979820435e+02
2.465744496402241168e+02
8.522351160068426452e+02
3.622587063472853970e+02
3.836929650838466159e+02
3.637841137322639042e+02
-7.302270386746524764e+02
2.777273692559187452e+02
-6.008471561871562017e+02
-2.416557677955858878e+02
1.424755648214828057e+02
1.722329642941099905e+02
-8.418462934855396043e+02
-2.820110718502489817e+02
-1.752358229186746712e+02
1.569213206079701422e+03
2.463372027963610833e+02
-6.641140499675718729e+02
3.329286309712518914e+02
3.854034927989990251e+02
-1.615853984307615576e+01
-9.502408782319316742e+02
1.839375379277061882e+02
5.378325936838430152e+02
-1.008112486110729719e+03
-4.492721815685862907e+01
-1.647564909216083038e+02
9.752058500047098732e+02
1.032578019238493852e+02
-2.419663981464200475e+01
1.131160486486517129e+02
7.416662285926697677e+02
-3.074116746648317076e+02
-7.604194428283572051e+02
5.354174129062801057e+01
6.906498600419461127e+02
-2.341215585200626492e+02
-1.022726318091341795e+03
-7.482651979222700334e+01
1.975040301400292151e+02
-8.481262302925615870e+01
3.834638387679297580e+02
4.030770338309793033e+02
6.303520661376854832e+02
-2.997286746640829733e+02
-2.930208272718467697e+02
-1.837034112321732380e+02
-6.721545654268670660e+02
5.053336233086673133e+02
7.232819360837798968e+02
-1.281947620001104156e+02
-4.358443819016957832e+02
-9.541165837157407168e+02
6.550526790778757231e+02
2.746635172992477578e+02
1.044742188879803962e+03
7.986584711394831970e+01
-5.096809552952964282e+02
-3.046494254827475743e+02
7.471514685799706967e+01
-6.542332940554384777e+02
-3.009209515805250703e+02
-2.968300662027903059e+01
4.521665281517076096e+01
1.334447297892384768e+03
-3.420859876294681499e+02
-5.601208992441257806e+02
2.037323599624012616e+02
4.523481679260160035e+02
-1.410045914576623147e+02
1.099747448458041390e+02
8.809347453961879637e+01
2.677510020739626384e+02
-6.509990782436025256e+02
-3.526636002523002844e+02
-4.860187336822150428e+02
5.564605747780524325e+02
4.628469100590992298e+02
1.572589300823911884e+01
-2.446210903963672934e+01
-7.282448355182904720e+01
5.215764491433933472e+02
-1.708132887426654918e+02
-1.181142178255084190e+02
-3.346001480754385966e+02
4.485564335310681372e+02
-1.203858073531565651e+02
-5.047303435221241443e+02
-3.227407841969747437e+02
-2.033211629176940960e+01
2.404723737897908507e+02
2.785847186368130792e+02
-8.055128241067490080e+01
4.470980419966597310e+02
8.963958404745546886e+02
-3.249291691808085716e+02
-7.325895564949788650e+02
-2.448697923963850371e+02
3.836373073269410838e+02
-1.820047682950866772e+02
1.150437465407586046e+01
-4.266121388650878998e+02
4.479498447458695409e+02
1.875714259007812359e+02
2.523576625369744022e+02
-5.553746010529647492e+02
-2.826390615555395129e+02
8.429139052046097049e+02
-4.766528776783883927e+02
3.932442979338707687e+02
-4.836027136691939745e+02
5.371905879431743642e+02
-1.299287455361011894e+02
-2.288269311706926032e+02
-4.813351680845747183e+02
1.733662488160442763e+02
3.431294775350659734e+02
4.706588184997960980e+02
-5.956800719517383413e+02
-2.766578347659370820e+02
5.108130488845094987e+02
2.316859623083180111e+02
-3.743633595640609713e+01
2.065671704568951554e+02
-5.768888551796502497e+02
3.835823134167973194e+02
2.760287463739955456e+02
-4.123404928513062373e+02
-2.141524112525916337e+02
-7.040165903122311875e+02
8.494717036679326156e+02
9.330650586003883973e+01
1.004407520948643366e+02
-4.557265895507683240e+02
2.774798921832799579e+02
-2.103014371337714579e+02
1.670132197484690266e+02
1.599244789198404533e+02
-2.893902313142423282e+02
5.014308947429271370e+02
1.896650891757367674e+02
-1.972075417882594479e+02
-5.759050047369232743e+02
-5.835767991791962572e+01
-1.543839824656137338e+00
5.107888008411867986e+02
4.033361401255984902e+02
-1.532105089306450338e+02
-4.017021107103811346e+02
2.455152111074872892e+02
1.752692778767203095e+02
-6.202803487135726073e+02
-3.271252613653364847e+02
5.046841337114792623e+02
2.944793096813451143e+02
1.311006243040878871e+02
-4.793983766747704749e+02
-8.019128189103568616e+00
2.414778513873722545e+02
3.357221567211243496e+01
-5.373840689415020506e+02
5.388889182793484451e+02
3.760037265569518183e+01
8.372811275461535274e+01
-4.858229273369547059e+02
1.469351358562725522e+02
2.219390985650232437e+02
3.404875687968588238e+01
4.907510222966456581e+01
-7.904107757912828447e+01
5.143768984252433256e+02
-9.798602315934255103e+01
-4.064733587713635643e+02
-1.623575907469692652e+02
-1.031601941853718785e+02
1.171096403772261851e+02
-1.825268018271661958e+02
-2.672021475365724541e+00
-1.456551312860167968e+02
2.903894774659540872e+02
1.617559894016640953e+02
1.338440502638873397e+02
1.904461457432938687e+02
-1.241017019206287557e+02
4.974747961351444019e+02
-2.700026140185382815e+02
-7.890658588968673257e+02
-2.671206583145808509e+02
3.292519982421948725e+02
1.988678048046416507e+02
-4.439997232270698078e+02
4.834118349067271083e+02
2.936587853517021927e+02
3.917342932266842581e+02
-1.991101176080815094e+02
2.384374612794362491e+01
2.138600203108951519e+02
-7.784154601232993400e+02
-2.075482145184630554e+02
-3.497818468820075282e+02
8.063739467393287441e+02
-2.584478239683917309e+02
-4.827785226339644282e+02
6.071077650383365381e+02
1.876094554410091462e+02
-3.337148763600465600e+02
3.279051395156305659e+01
9.404092292450112609e+02
3.226164938887848166e+02
-4.730655065550071754e+02
-1.249916648632018223e+03
1.448641964211311972e+01
8.819676606517865025e+01
9.127783824343720198e+01
1.135936059821517148e+02
1.760527321606640783e+02
3.429317306321274259e+02
5.935381868956887956e+02
-1.756377860041974941e+02
-1.144134903539276564e+02
-6.749972885823641491e+02
3.428926641325708147e+02
3.637401916703992697e+02
-1.131741383667853825e+03
-4.122923899079719376e+02
1.081866981799924332e+02
1.129358485145186478e+03
-1.893009060989918453e+02
-4.190246696424696893e+02
7.319318474172686138e+02
9.697902778143744627e+02
-2.911439319240940904e+02
-9.334506189495252784e+02
-7.353165186066308934e+01
1.837352196964643838e+02
-3.148690424996266870e+02
-1.073878429874404901e+03
8.589865470779028556e+01
7.762088219875790855e+02
2.464080646691944878e+02
4.111576012029508433e+02
3.019191803706536348e+02
3.479180742509532820e+02
-2.797328343439851324e+02
-2.894250153295064365e+02
5.556689277781282499e+02
-5.890401716728234760e+02
-9.857678629554286545e+02
-7.376472377065969113e+02
1.393833152898452710e+01
2.473351275599811174e+02
6.269845903860949647e+02
7.597750795551247620e+02
7.700102123659778499e+02
7.706091556481129601e+02
-5.002464770592456489e+02
-5.282021940631939287e+02
-7.092309041836923598e+02
-1.059142662481856547e+02
-3.583756802506002259e+02
-7.121647903668661002e+02
-2.459289932062072523e+02
2.748765471837190830e+02
1.007007005601573042e+03
5.582212387783090435e+02
-5.844364205664354586e+02
2.035238320367291749e+02
2.180672437929041280e+03
-5.122957569928810244e+02
-6.230307656635925468e+02
-1.765816653306829267e+03
3.922941608791226145e+02
-4.200395995168303216e+02
-8.259318888458697074e+02
-4.797861263394999014e+02
1.192356417058770376e+03
1.205657920850610481e+03
2.737969098127596226e+02
-1.214056842438913009e+02
1.262925357536365851e+02
1.505500146009069795e+03
-1.245153725030064834e+03
1.727146121452075533e+02
-1.194255958561227999e+03
-8.607473128189640192e+02
-3.371032545739861348e+02
-4.913510335228071995e+02
4.583118371790469610e+02
5.277842234006529907e+02
3.666228459834384807e+02
2.148957113070510786e+03
6.694734594147475093e+01
2.044232587403761272e+02
-4.899702518254443930e+02
-8.789242341311844484e+02
-3.824718279664780312e+02
-8.524654537880304588e+02
-5.680809432622691020e+02
-7.558318733655698907e+01
-5.028563362603256337e+02
8.630252092764837926e+02
1.310918936536603724e+03
1.125511298520337817e+02
8.315743159223948169e+02
-4.320192841159107502e+02
5.868655041534669863e+02
3.262040421304138249e+02
-1.935357243211034302e+03
4.334160663179358721e+02
9.370591128409449766e+01
-9.612979377959256908e+02
-1.231647706229523465e+02
-1.206254846529784572e+03
1.312505740671425201e+03
-1.614126843775262898e+01
-3.327492279586143695e+02
1.046814954918492049e+03
1.361335079152116350e+03
2.060676814084847592e+03
-1.002620784700464924e+03
-1.602738382920133063e+03
8.221190950396854760e+02
-8.399472583714340317e+02
-3.010593925272890374e+03
-7.426374715312970238e+02
7.919850489440344745e+02
2.724916462320722985e+02
1.782003087147888209e+03
8.927071046363731739e+02
1.987831686734026562e+03
3.076776337029298702e+03
1.633921687832129237e+03
-2.526679512597626399e+03
-4.910699771823452465e+03
-1.736044587593711412e+03
-1.722324149456824443e+03
2.666529207706760189e+03
3.210188127308527328e+03
-6.979970448462898958e+02
-3.321467387268190805e+02
-8.670707849721491129e+02
-3.426891418205947275e+02
-1.591354896158361498e+03
2.897062502465110811e+03
7.318245726391811559e+02
-2.798273535962123788e+03
3.074483514328878755e+03
-2.320074440199011406e+03
7.858348826354571202e+02
6.885024604844591067e+02
-2.262578681779439648e+03
1.516198918872752756e+03
-1.472300098268149213e+03
5.161363428327442307e+03
9.396680307808829866e+02
1.456287967002095911e+03
1.016145418542308676e+03
3.734800633774351445e+04
7.022389871443491529e+02
1.081635750468261222e+03
8.830984438782052166e+02
4.419650212962404112e+03
-2.413576079262893472e+03
1.705830205028816181e+03
-2.450701516876456935e+03
3.856645798441499551e+02
4.171285053447999189e+02
-2.066015161906441790e+03
4.954608967565352941e+03
-3.055246573996608277e+03
-3.537543177387871083e+02
2.814201514342257269e+03
-1.137261320316379624e+03
-3.021766247683661391e+02
-1.722706774729385643e+03
-1.202143707315584379e+03
-6.200728180594623495e-01
4.982599085090600965e+03
3.926290406046606677e+03
-1.505579500638013769e+03
-1.583207250797192273e+03
-3.258513319884683824e+03
-2.989660093814096399e+03
6.614831447959556954e+02
8.702184515944571785e+02
6.837818125228927784e+02
9.121678293330374743e+01
1.259213441925168581e+03
-1.729860682057261556e+03
1.806716692395305245e+03
1.608985296028730090e+03
-1.360602335203749590e+03
-9.446794084309202333e+01
5.251040866815802701e+02
-1.057095586802051344e+02
-1.454287800653056593e+03
2.446119481134062880e+03
-8.020501993391850419e+02
5.079404751829760016e+02
-1.702363558407740356e+03
-3.058964202996129416e+02
1.313342271835311976e+03
4.602412494418823599e+02
-7.750636948399300081e+02
-9.879269227614635156e+02
1.916326834986558197e+03
1.608422121125707918e+03
-2.056385753379443486e+03
-6.087064789886134122e+02
-6.877598448982607806e+02
1.430720225391455358e+02
1.339306915597132274e+03
-1.051254648692309047e+03
-1.090668626835694113e+03
5.035297966748938734e+02
7.188535665084515358e+02
1.237060554881693406e+03
8.735176494540559133e+02
-8.741092826111847103e+01
1.295856070193829964e+03
-1.594117842408280694e+01
-4.301759159206740435e+01
-1.175398335734756301e+03
-1.708743184537164097e+03
3.830268503039130792e+02
-2.699497401332800450e+02
-9.409467999248577144e+02
-7.595729849356457635e+02
-9.991792017962241061e+02
1.334957431735562750e+03
3.517414106107023031e+02
-1.233397293797015593e+01
8.133665304543583829e+00
3.282060241796948219e+00
1.436189115861837990e+03
7.378306096938389373e+02
-1.517010583382396817e+03
4.033930169439101405e+02
1.785188446500964574e+03
5.933635507770762842e+02
-5.216821680709084603e+02
-9.168999008418692256e+02
1.547950993929931656e+02
-1.749354611059656577e+02
-3.412173232830193683e+02
-5.065058866715960448e+02
-2.887407107801639938e+01
7.566585012872053539e+02
-9.967363926601802859e+01
-1.517334125655190974e+03
3.680251184789389640e+01
-2.016702757577071736e+02
-6.524733918232850556e+02
8.788389502436815519e+02
-3.721772032678713344e+02
-3.733035202114549520e+02
8.861486255300335415e+02
1.230165688946335422e+03
3.163605271981512601e+02
-6.365980778381067466e+02
4.888526753548779880e+01
7.839773107296869057e+02
5.041787965731699614e+02
6.250511600954952485e+01
-6.473807120833097315e+02
-1.511981228926197502e+02
7.994342383712438505e+02
-8.584394673319349067e+02
-8.013571661259053371e+02
4.696834840543160112e+02
-5.818150586248806349e+02
-3.142349605619722297e+02
-2.704476642504375832e+02
-7.701383080309718707e+02
1.641464005869140124e+02
3.102192644292750288e+02
6.410097600706493495e+02
1.360473672243767567e+02
-4.489263971300559888e+02
4.810163002586760399e+02
6.259951501444862743e+02
-2.951687989121127487e+01
1.219744595550717747e+01
3.246964567402744706e+02
8.448537718716144127e+02
1.105698700415043874e+02
-7.366512760575982384e+02
-1.068527106195303986e+02
-3.740187342563449420e+02
-1.211360706528384554e+02
4.433592585750674289e+02
-7.014944897802253081e+02
-2.560970710041340226e+02
2.586911342013522130e+02
-4.908270541516238836e+02
-4.279011329892215088e+01
6.310004609276204945e+01
-2.976400064185237397e+02
2.862988956159250620e+02
1.581466748261400994e+02
-3.895193115743627033e-01
4.174019858963197862e+02
1.519456076472669181e+01
-1.188460038462973927e+02
1.251275722899506917e+02
2.527089784107893067e+01
5.328614972293790686e+01
2.681863726933325864e+01
1.456358568897482364e+01
-6.950717082175626160e+01
-7.823249268928623223e+01
5.447932229637270751e+00
-1.387177264278895166e+02
2.656511474716578647e+01
1.438300906402232329e+02
-5.229218945216936021e+01
3.952165195649333640e+01
7.233973278946928076e+01
-9.387552262706931216e+00
0.000000000000000000e+00
