1.206305017647330224e+01
4.388252455056326085e+01
2.801378433161857018e+01
-4.410754869303147307e-01
-4.855134880111059204e+01
-5.019816719135909011e+01
3.285737471667298593e+01
7.352308928931158505e+01
-1.227391325274550482e+01
9.056070620967575735e+01
8.058953847620300337e+01
-4.744591083486319150e+01
-1.525016959236158129e+02
-2.085801234859846431e+02
-4.041076218770020034e+01
3.008043246382901543e+02
1.261436700940713962e+02
-1.481744331925366964e+01
3.091605969145430208e+02
2.788550563681211543e+02
-2.015760820203081778e+02
-4.914473183776670453e+02
-2.681391511315121789e+01
-5.502197172863174046e+01
2.150581519481251647e+01
1.175142425687093493e+02
3.867051393627199900e+02
3.420687664202030192e+02
1.098385959867204349e+02
-3.032991302139535037e+02
-2.521913425550159786e+02
1.044173689919302745e+02
2.392389157324541316e+02
6.334864649334577535e+01
-1.016940955818498367e+02
2.679730041511401737e+02
-3.019650756923049357e+02
1.845526023805605575e+02
-2.417274019433146464e+02
-2.874799293722176117e+02
4.977454570208610107e+02
9.011684311982627378e+02
-3.651680991013985818e+02
-6.472807938393908671e+02
6.455760865398398209e+02
4.656126936137460604e+01
-7.392550947516688211e+02
-5.264589486478394065e+02
5.136341084749692527e+02
1.529170682712914981e+02
9.179568061075228513e+01
-1.120631237201359909e+02
3.016785224902372988e+02
5.263275809493118231e+02
-4.621713645319231745e+01
1.328345031207082059e+02
-2.750600493012079255e+02
-1.224469607675019844e+01
-2.221820418869619118e+02
-1.214516359446726028e+03
1.606300882697019290e+02
1.166610473791754430e+03
6.523892565678083884e+02
-6.742017265629323219e+02
3.666939561687519813e+02
2.900309773992548230e+02
-9.891545514074405787e+01
-8.804920467766294223e+02
1.238639636639463149e+01
1.868714924291733581e+01
4.980576916104299130e+02
3.735632793374305152e+02
-2.491444780459438562e+02
6.923148620343996527e+02
-1.081827868705248420e+03
-4.355276658305200499e+02
4.786561612228062472e+02
1.402940475922053565e+03
-1.419604351467943388e+03
5.447680695658132777e+01
-5.370694368781112615e+01
8.899539674903176092e+02
-6.123434727609110269e+02
4.787884915704428863e+02
-5.524871437389164157e+02
2.827760833336085398e+02
4.041216316262691635e+02
-9.201184599118113283e+02
3.398115255838364419e+02
-7.442740236668782927e+00
5.513296797430053857e+02
-7.842104792192682226e+02
7.266823082812717303e+02
4.912847002243521644e+01
1.336288149111834400e+03
-1.690033053145204576e+03
-2.239261139797324631e+02
-1.909141061217984259e+02
4.478533167695011343e+02
-1.181845539612761087e+02
-6.055457651283221310e+01
8.843204012468509063e+02
-3.149566947141368018e+02
1.385768254720397579e+02
-7.860398677835878516e+02
1.202895945718635744e+02
-2.500173994493578675e+02
1.668529775183878201e+03
-1.142000113286342867e+03
8.396658028507124527e+02
-8.844051501957826531e+02
4.579561237072592803e+02
-4.785590405411922461e+02
2.691176965373681469e+02
6.487690414064640265e+01
5.465285985596023011e+02
9.357219489791823719e+01
-1.560045876695132165e+03
2.860567373760760006e+02
-1.285287174687445031e+02
1.514397522329856201e+03
-4.966304875681074691e+02
1.081997121946019661e+03
-1.059307515963434753e+03
3.837429048924728363e+02
-5.595967766172777829e+02
-1.008140687116109348e+03
4.695204728472000397e+02
-1.731229876534506786e+02
1.403525756722046935e+03
-5.962713052055889875e+02
4.026334707319244330e+02
3.906361254611562686e+02
6.181472236502366258e+01
-4.238701045769230404e+02
-1.605273893365535969e+02
-6.199989837116320359e+02
-1.829695224685529240e+02
5.626989584533450852e+02
-1.716757737517908424e+02
8.364875126639519749e+02
6.912665595000845542e+00
-7.607784412257949498e+02
9.008034974294158701e+02
-1.081095443070956662e+03
8.403889599487691839e+02
3.570055164107413930e+02
3.333282757903024276e+02
-1.034609402710422273e+03
-6.660149756850631775e+02
1.171853731600053379e+03
-2.612543941777313421e+02
3.559663004399035913e+02
-1.289651882325570568e+03
1.089796807688037461e+03
4.869665290307086707e+02
1.771240086758560324e+02
-1.588437875005312435e+03
1.318677445673126158e+03
4.286937401037514661e+01
2.318334464576067688e+01
3.029197045225512852e+02
-4.163135734695493966e+02
-8.459715588378718394e+02
1.308335779723731775e+02
-5.207102658721872785e+02
7.254521044149753379e+02
3.259727300744850709e+02
6.927714694703103078e+02
-4.806824848581041465e+02
-9.152631593845538305e+01
3.843973434672793701e+02
-3.094549782514314984e+02
7.218440845754416841e+02
-1.366292848469322507e+02
-2.773379101191847553e+02
-5.578200581126694146e+01
9.783345254096032306e+01
-1.044825958103192534e+03
-5.734675939014310870e+02
3.303777977172741203e+02
1.204436776052648156e+03
2.905108699430776369e+02
-1.759505872914510860e+02
4.745464067244160447e+02
2.679971266718959555e+02
-8.503277611940462748e+02
-5.810219242582003289e+02
4.162406983395414528e+01
6.367995605370374506e+02
-2.230770325799695399e+02
6.826656878897659908e+01
4.106685583520848013e+02
-5.612178980889013928e+02
1.073673277092754461e+03
-5.118339637849073256e+02
-3.716696109444552008e+02
-2.374222675393437783e+02
-4.240763734356147552e+02
2.538026523833810302e+02
7.395066755231358684e+02
4.214715887350521371e+02
-4.877639264201229707e+02
3.959470398286727573e+02
1.159360579234405719e+00
-1.110412008166198206e+02
-6.246824300783525814e+02
4.141763763541002845e+02
-4.068463488198121354e+02
-2.931488807151960714e+02
3.710943443554202190e+02
-3.577873269255062496e+02
6.430301441711573034e+02
6.174462357216334567e+02
-3.962688353441426443e+02
6.529162167383062751e+02
-3.931186473591371850e+02
-1.419096895841087758e+02
-2.801061374158170452e+02
-1.586757471212600308e+02
-3.400084423664396382e+01
1.821331099237694389e+02
-2.836470449748403553e+02
-1.732199035961595541e+02
-1.296938625809938230e+02
1.075693800656663939e+02
4.293221519299966076e+02
6.986322158778150992e+00
1.340061488282368146e+03
3.147645182028863360e+02
-1.301456736985974487e+02
-1.344180870448644555e+03
-5.791349370939420851e+02
8.053016459033727870e+01
-4.963723429710918822e+01
-2.179719275963848304e+02
8.875744198199970469e+02
7.680243733235349737e+02
-2.207627898002197071e+02
-4.576957124031725925e+02
-5.073553081482202742e+02
6.057213018886517375e+02
-7.353392554569617232e+02
7.892007311222001817e+02
-2.148094687526981375e+02
5.947341740980336766e+01
-3.500239814856386147e+02
-1.945557801774838538e+02
3.471691240594628312e+02
5.406859517407934845e+02
-1.923259330738455901e+02
1.053608398893609774e+03
-2.957131132849314099e+02
-1.181412714451262218e+03
2.765450887699504392e+02
-3.774844845787563372e+02
3.131803742528018120e+02
-1.380347695555003043e+02
6.018238888504960187e+02
1.152183088226561267e+02
-3.747889275020666560e+02
-7.702209310322014062e+02
1.380017542017307960e+03
-1.923380521303528212e+02
4.080290810504229171e+02
-5.069397428763048197e+02
1.824780170129363057e+02
-7.780763152489822687e+01
-1.458909211706705719e+03
-7.366538683380514385e+01
3.342905650513070555e+02
2.877473904615097240e+02
8.053849725499383112e+02
3.730265975156016793e+02
3.991863777298315199e+02
3.600749514046240165e+02
-7.542952877762251092e+02
3.021501761004531090e+02
-5.833531946023413184e+02
-2.924155237302953196e+02
1.904857310149148759e+02
1.565920817370856355e+02
-8.780598521287986387e+02
-2.355830211839051174e+02
-1.800565405824282550e+02
1.529697294011317808e+03
2.792001725693299932e+02
-6.289213296625163139e+02
2.593120831858128099e+02
4.208480418699298866e+02
1.891296645790426112e+01
-1.013936761156417560e+03
2.049165081383313805e+02
5.684956307869497323e+02
-1.040471938697174210e+03
-6.856337442157267503e+01
-9.656321690947302727e+01
9.369976391512116152e+02
7.176805747859027917e+01
5.167840294640659948e+01
5.667996788984966372e+01
7.374497885913591517e+02
-2.601472174401222333e+02
-7.905453520336841393e+02
2.828331186770901340e+01
7.375265527458922179e+02
-2.341819570169060967e+02
-1.090489780994234252e+03
-1.027616895628200666e+01
2.016914595993773673e+02
-1.371439987515399821e+02
4.204503681807879047e+02
4.178183445613108233e+02
5.976994285136285043e+02
-2.984816582003075496e+02
-2.520399458485663899e+02
-2.295550076266337101e+02
-6.595429409224708479e+02
5.246430002180479732e+02
6.787051437378437413e+02
-9.649340465047320947e+01
-4.289835977436562189e+02
-9.659374796516077595e+02
6.437805241705360686e+02
3.056980238186280303e+02
1.037551729163752952e+03
4.278203560164436681e+01
-4.693022137136666174e+02
-3.179693139620335955e+02
7.124404029941652539e+01
-6.561416318226850990e+02
-2.962167597167934900e+02
-2.359634431927248244e+01
2.478296973068629683e+01
1.358527686679157796e+03
-3.508706895849960006e+02
-5.638743377141449855e+02
1.987800398694754733e+02
4.681136497475627607e+02
-1.413888433651849823e+02
9.234298902815493193e+01
1.157504500019496447e+02
2.324471021976430052e+02
-6.378590894193259828e+02
-3.353828803631972164e+02
-5.137387546070857525e+02
5.612302410028592021e+02
4.895787065075329565e+02
1.568165233568346828e+01
-7.513186476936922986e+01
-1.757013134831151291e+01
5.175523282281977799e+02
-2.236991580767111429e+02
-6.522826199958025484e+01
-3.400280581619580857e+02
4.124953243929568885e+02
-1.012934723165687387e+02
-4.707608686565143898e+02
-3.743295630112326080e+02
-2.441696290335645614e+00
2.785989040901067710e+02
2.115010379557513147e+02
-4.053455712900230168e+01
4.681030518344143161e+02
8.469048387315564241e+02
-3.174214990854242160e+02
-6.822749195498806785e+02
-2.856406389420482697e+02
3.451127882687921442e+02
-9.519496348157426269e+01
-3.802743477799803884e+01
-4.535830582986890249e+02
5.154255463449624131e+02
1.547592499419275782e+02
2.286604804753380336e+02
-5.182288999241742431e+02
-2.789608830858469446e+02
7.943538189195624000e+02
-4.303134822458856661e+02
3.875070719889653219e+02
-5.315552758908709166e+02
5.927006164659200067e+02
-1.354939498146842993e+02
-2.619129116706022842e+02
-4.629281571607219803e+02
2.116623975418921475e+02
2.894495538221351012e+02
4.671772600657840826e+02
-5.410609778584773721e+02
-3.323682489726555218e+02
5.331634887791619803e+02
2.453196242533321936e+02
-6.166754137217843379e+01
2.146824969806363015e+02
-5.730640286537634438e+02
3.906371400897170361e+02
2.523036153912800899e+02
-3.886140266125258904e+02
-2.203284215169911704e+02
-7.138060775692481457e+02
8.660479501497000001e+02
8.574262811625571601e+01
9.929623893898188669e+01
-4.641519079756681094e+02
2.950634366484915176e+02
-2.317279540336197670e+02
1.714282395485554389e+02
1.756279587479303359e+02
-2.930401266818117847e+02
5.018795762890988499e+02
1.672252029845032553e+02
-1.545217081302027111e+02
-6.107554880138336557e+02
-6.877991404569254996e+01
4.700574504932794895e+01
4.696548235452756899e+02
4.072374508006375891e+02
-1.373227767928241008e+02
-4.048670234730157063e+02
2.276256669371822454e+02
2.009190932685998234e+02
-6.210388969472865028e+02
-3.699022879635240884e+02
5.578607981878104738e+02
2.851542618956297019e+02
9.141498593998591105e+01
-4.463676273281096769e+02
1.547676894716022744e+01
1.862310469278208132e+02
4.707695787371460483e+01
-4.846897166675746575e+02
4.610217689173830422e+02
7.569778485347940489e+01
1.181911676906449316e+02
-5.493153891634700585e+02
1.718700164166685340e+02
2.518450000142468070e+02
4.864893958943337537e+00
2.289973143397678612e+01
-1.686398191804550351e+01
4.789375496903519434e+02
-1.329071531733372638e+02
-3.338817953406903030e+02
-2.013725646291618432e+02
-1.233110639950981096e+02
1.658567208600302081e+02
-1.937653405697731444e+02
-5.243425399079899307e+01
-9.254145365624025033e+01
2.954986339857692315e+02
9.436247020533470220e+01
2.017857081609326997e+02
1.857337063360575655e+02
-1.632351548507056691e+02
5.206919152033569844e+02
-2.607926524239966284e+02
-8.078221487164336168e+02
-2.737435269222384591e+02
3.718399171300562784e+02
1.519211887863004335e+02
-4.348584795337011997e+02
5.229030106450363746e+02
2.503496133295049617e+02
3.985613253402698319e+02
-1.831053162352569075e+02
1.643118530739184635e+01
1.954200888276630224e+02
-7.529587708780070443e+02
-2.166468566038880965e+02
-3.579465171670009909e+02
8.321495233477809279e+02
-2.820276284571536962e+02
-4.755456365028111350e+02
5.932757945120622480e+02
2.091143386400474924e+02
-3.346446561180448498e+02
5.787329953321673770e+00
9.756987290056024449e+02
3.039338649381927553e+02
-4.731820069923443839e+02
-1.252388967754598980e+03
2.723412741070569609e+01
8.468470334911717146e+01
6.724662621290356412e+01
1.516685710503129485e+02
1.522533856807479538e+02
3.389236750283439505e+02
6.186730756448993134e+02
-1.901871857613420218e+02
-1.312271496645263369e+02
-6.435917369378556714e+02
3.357963520660838412e+02
3.144953734268758012e+02
-1.062767958474500801e+03
-4.273196110038984443e+02
6.336835392092716290e+01
1.173404500275509236e+03
-1.880401458594232054e+02
-4.455119407529042519e+02
7.351526483856137020e+02
1.013211735887736381e+03
-3.522968686169008947e+02
-9.209470864089155384e+02
-1.478478608874836198e+01
1.086538039193776513e+02
-2.899877647744108344e+02
-1.037355751694459059e+03
4.109465511369876367e+01
7.727947192988881397e+02
2.931411651000977940e+02
3.710422065604439013e+02
2.810313950664980780e+02
4.281157884435464211e+02
-3.320938984879354052e+02
-3.157039456051412571e+02
6.112577562073025774e+02
-6.036411506442153723e+02
-1.026913777757004709e+03
-7.038519227440946224e+02
3.864927424944644230e+01
1.821849287501960930e+02
6.802678057420118876e+02
7.651386637564239663e+02
7.176866438398453738e+02
8.187873780814497877e+02
-5.085929572423593754e+02
-5.536426014616428120e+02
-6.961910808729625160e+02
-7.880447948868898322e+01
-4.016711005018970582e+02
-7.046098816965802598e+02
-1.969218731863873586e+02
2.209301012549729819e+02
1.011684172492152015e+03
5.798271912113805229e+02
-5.890371150083457223e+02
1.895880687990717774e+02
2.194386619529350810e+03
-5.031651899350491703e+02
-6.509810401739063082e+02
-1.739928583180556416e+03
3.742650707397976362e+02
-4.168717331818410798e+02
-8.186528374984466154e+02
-4.899355339601679589e+02
1.206341505323533511e+03
1.187569733795305638e+03
2.946594329866977091e+02
-1.331649341544930394e+02
1.248806195275833772e+02
1.518853123503030474e+03
-1.254372823205932036e+03
1.632466254950902851e+02
-1.201843744482000830e+03
-8.179546382490226506e+02
-3.747480347918013308e+02
-4.984768962147778666e+02
4.994374801237522661e+02
5.018153704851225712e+02
3.556117555730600657e+02
2.168578203674742326e+03
7.998493532136703266e+01
1.590016857790285485e+02
-4.527159515803471663e+02
-8.728314567383324629e+02
-4.329206333661342114e+02
-7.975990109405629482e+02
-5.822912379565725587e+02
-1.058916213581773320e+02
-4.747217584311644032e+02
8.780649012219691940e+02
1.262916310478918604e+03
1.326240125434633228e+02
8.902816084854381415e+02
-5.133105126256256199e+02
6.060014050165663093e+02
3.750676427877390893e+02
-1.992289491917968689e+03
4.289588196181443891e+02
1.421127683216096216e+02
-9.845647546356032080e+02
-1.570272896290600215e+02
-1.137657839147198501e+03
1.272178871619944857e+03
-3.636134456557280714e+01
-2.730563145856546612e+02
1.003025387187203592e+03
1.347891750695964674e+03
2.100038988770984815e+03
-1.001240484864719178e+03
-1.662283586909608630e+03
8.733386542748106649e+02
-8.144019131642405682e+02
-3.090469864412523293e+03
-6.894227149348712373e+02
8.005313366435282205e+02
2.350553573660125721e+02
1.803794758582367649e+03
9.090060995703664730e+02
1.963238733267024372e+03
3.072677391425555015e+03
1.667356906454525642e+03
-2.569046091716124920e+03
-4.898876439163228497e+03
-1.714524712729632483e+03
-1.745855209882553709e+03
2.670299693594145083e+03
3.224447675261963923e+03
-6.967585855538272881e+02
-3.641116381114383671e+02
-8.257975168530582550e+02
-3.530189138835779090e+02
-1.616625973090849357e+03
2.920876119249662679e+03
7.153122975067119569e+02
-2.781436761348367327e+03
3.053412556014914117e+03
-2.303063682775660709e+03
7.970107309400607392e+02
6.572174811742202110e+02
-2.241759232116715793e+03
1.516504068069601772e+03
-1.473734342961105312e+03
5.150116567925235358e+03
9.568012242439206148e+02
1.445246551474606576e+03
1.008474095837845994e+03
3.737514467946419609e+04
6.692013244406039121e+02
1.089602737886217028e+03
9.050583287007215176e+02
4.409941207921260684e+03
-2.448272027722413441e+03
1.748775762017150100e+03
-2.429905126838044907e+03
3.153214974187607140e+02
4.737782807558286322e+02
-2.073107363571683891e+03
4.907482661546217059e+03
-3.012331768944760370e+03
-3.499346453220142052e+02
2.782229553544425926e+03
-1.125519051950491985e+03
-2.571558037888125341e+02
-1.782911839191153604e+03
-1.190203752282272262e+03
4.768661100780946072e+01
4.920847211328667981e+03
3.939787217538824734e+03
-1.466129022690016200e+03
-1.619656651802367605e+03
-3.283376487217780777e+03
-2.918782321010035957e+03
6.235367743245426482e+02
8.265503471511223097e+02
7.685618472333073896e+02
4.215324113046747101e+01
1.240552621118595425e+03
-1.678453581604508827e+03
1.795539178940458442e+03
1.574179021665038817e+03
-1.336461493626434503e+03
-7.308604784948367694e+01
4.641518779794462262e+02
-6.156268946204991011e+01
-1.445306604060284826e+03
2.398812252879579773e+03
-7.626780028192805503e+02
5.246185060496796950e+02
-1.745113290251176750e+03
-3.035261329232641856e+02
1.364311761022275959e+03
4.099947586560247146e+02
-7.727042270481089190e+02
-9.559522334891415767e+02
1.876333370519872460e+03
1.630610252509834254e+03
-2.055148125131011057e+03
-6.095869363057931878e+02
-7.011009536876765651e+02
1.563467700119787196e+02
1.355084266332413790e+03
-1.092344286028452871e+03
-1.058913876462602957e+03
5.001969574054679128e+02
7.111656861554686202e+02
1.241264226740442609e+03
8.670932072210589467e+02
-8.109467225583462380e+01
1.283589067617849423e+03
-2.893068479652178837e-01
-4.917130634734722605e+01
-1.176622784246573474e+03
-1.712104804867119810e+03
4.009623314161799499e+02
-2.816668291755916584e+02
-9.572030617082764365e+02
-7.115717062609434151e+02
-1.050713453949687846e+03
1.337653567106120363e+03
3.872143937399411016e+02
-3.968972014438234908e+01
6.132761757020343651e+00
1.692398582285156294e+01
1.455507914575993709e+03
6.873075901007447328e+02
-1.481566943926313343e+03
4.172441715826511199e+02
1.728228613904438134e+03
6.461061148330937840e+02
-5.219992045334943214e+02
-9.573276296121044879e+02
1.696270402929666830e+02
-1.312510707701206343e+02
-4.042672690233037542e+02
-4.887910820686661282e+02
1.752525027050803885e+01
6.888479295505788969e+02
-7.460892212617855535e+01
-1.480369443101244087e+03
-5.470804637232120626e-01
-2.178773547495254377e+02
-6.017439650899474373e+02
8.586474979198053461e+02
-4.167362526574501089e+02
-3.176769585604698705e+02
8.819006889936432572e+02
1.177600015465504612e+03
3.846136002673288203e+02
-6.713591432791322404e+02
4.117319438489694505e+01
8.051148899453806962e+02
5.096137125466542557e+02
2.804725255032246167e+01
-6.212676053485590728e+02
-1.358172951702955231e+02
7.428954541759368340e+02
-8.122290112544275189e+02
-8.091735885949969997e+02
4.742753233272124476e+02
-6.043390203531059797e+02
-2.812283728568141328e+02
-2.904131328086896815e+02
-7.810537722456314214e+02
1.806814533442305333e+02
2.949831048221670926e+02
6.663519646153457643e+02
1.188977556628227319e+02
-4.518500441063804942e+02
5.076028089761617821e+02
5.936900545178694983e+02
-2.474044316685588996e+01
2.775869252485284022e+01
3.295397086538791882e+02
8.016854287332650983e+02
1.528772883677521577e+02
-7.440409449997753200e+02
-1.283675452719606085e+02
-3.424881353022420853e+02
-1.297370493993025775e+02
4.211201702670193185e+02
-6.773873602893496582e+02
-2.504544960324851672e+02
2.295491897468723721e+02
-4.700386283749884342e+02
-4.316871583477917795e+01
4.613431006591548567e+01
-2.691805981681753224e+02
2.584819920433223501e+02
1.590812922332422943e+02
1.827483634149680825e+01
4.040852309027956153e+02
9.516624949007086443e+00
-1.043880936129817201e+02
1.188567237115504724e+02
1.660471132186653165e+01
6.866728995898520793e+01
1.799420710593287609e+01
1.421231106249516962e+01
-6.225509676888602684e+01
-8.350263392450891331e+01
4.685475927267210849e+00
-1.362530645227083710e+02
3.156629741639691389e+01
1.328036010918554837e+02
-4.648032627689192253e+01
4.125578382833467117e+01
6.643411744067068980e+01
-5.793667123214959247e+00
0.000000000000000000e+00
