1.311996241423991627e+01
5.044499851678946811e+01
3.510227920832227966e+01
-1.184488466832241826e+01
-7.057659017514731659e+01
-1.052382511528365541e+02
5.372353575152231997e+00
8.591884699469922282e+01
-9.414073166698081252e+00
1.083363484463968263e+02
1.361622972244615255e+02
-5.115470311811624526e+01
-9.016025192571488844e+01
-2.367499505155727775e+02
-1.072455559226358162e+02
3.365859612895274608e+02
1.165777550290624731e+02
-1.014046947150077926e+02
2.840187925033850433e+02
2.156539797883798428e+02
-1.538417899922852712e+02
-5.720448191206982074e+02
-1.150822481222582780e+02
1.242972611074701774e+02
-7.421810565399724169e+00
2.531015707929726659e+02
4.185086674628367973e+02
2.632952783757340285e+02
1.236844700913284356e+02
-5.971941855095433311e+02
-3.594804058456903704e+02
1.307298446859695105e+02
1.355942877513471956e+02
2.519819400959476070e+02
-6.752847408500105075e+01
3.148283737557309792e+02
-2.216570977823508315e+02
-8.824378364325227153e+01
2.179874206117867743e+02
-6.128028316579285502e+02
2.656717454594977426e+02
1.150369870299241484e+03
-4.017826388209280708e+02
-6.240840160533950893e+02
3.797075036514762019e+02
1.942151648901827343e+01
-3.552090959626606832e+02
-5.972377786264468114e+02
6.034011063105200492e+02
6.351298855669356271e+02
-1.457581181708464158e+01
-2.765283707074171389e+02
8.816282533452179848e+01
4.276872846995253212e+02
8.346168774899636844e+01
-3.611175703103593833e+02
-1.547890939998627573e+02
1.239771908022499218e+02
-2.758098088560902283e+02
-9.683073083170411337e+02
1.159871005852038763e+02
1.651393971060530021e+03
4.101495035439809840e+02
-9.041528325308138392e+02
7.309188696257884885e+02
5.285471830120002323e+01
-3.481098271845842760e+02
-1.162445527249654333e+03
2.287928928689677548e+02
2.577772348541868723e+02
1.552200900266165888e+02
5.096713095005970331e+02
4.556061014313290514e+01
7.154459704206341257e+02
-1.295348064829545592e+03
-5.529253860596378445e+02
8.836717547933285459e+02
1.541236962605555163e+03
-1.994111479370484631e+03
1.529106617341473111e+02
1.799115763251199098e+02
6.432345457184063662e+02
-6.043030998744911813e+02
3.693974048856769059e+02
-1.849669225828607750e+02
2.339821886827805031e+02
1.351253795337763677e+02
-4.452918253746935875e+02
1.987556614999578528e+02
-1.099702812191431462e+02
3.239678918491749755e+02
-8.590944383761202516e+02
1.103830345590538400e+03
-2.998016536143115900e+02
1.416484307781717234e+03
-1.429506956920082757e+03
-4.063395964631345691e+02
-2.501540704907567658e+02
5.117932957348521654e+02
4.777620843693002683e+01
-2.928863166835351350e+01
6.817694625859671760e+02
-2.583295769466014349e+02
2.858938856897909773e+02
-1.080650564318967326e+03
2.115178159489945813e+02
-8.802242312848699157e+01
1.572149223090196074e+03
-1.207838048444060405e+03
7.048354993402334685e+02
-4.303969272701424984e+02
3.727109262127500529e+02
-9.131221533108928270e+02
4.758993257169115623e+02
1.965571152452759236e+02
5.432106932039556568e+02
-2.094326932018119010e+02
-1.477599987745648832e+03
5.996556047613096325e+02
-3.201935714208705122e+02
1.200015003277610049e+03
-3.158881900268463596e+02
1.547268689868615411e+03
-1.283756949374228270e+03
2.478658302541141154e+02
-4.935597696208043317e+02
-9.242970142172996475e+02
4.743839008301955573e+02
-4.880403881627767646e+02
1.695464532473775762e+03
-5.678074050866465541e+02
2.301259177236867686e+02
5.061514846243321699e+02
-6.306659264439069545e+01
-3.687993600687938738e+02
-3.300788805058156754e+02
-7.099249231979795240e+02
2.164245371967907658e+02
5.319383184776684175e+02
-3.187290845822406027e+02
1.153761915490288629e+03
-1.601351208016117766e+02
-9.758961794454095298e+02
9.248633721231338995e+02
-1.236245575336314459e+03
1.196105052048717880e+03
1.074202956218360754e+02
3.263128588746050127e+02
-5.982202081199554868e+02
-1.072599070143734934e+03
1.427594383049641692e+03
-3.721779698299430379e+02
3.201466817546178163e+02
-9.900170350662656347e+02
5.185019406373087349e+02
9.349609186252193922e+02
3.266569284708497207e+02
-2.193701405395795518e+03
1.381176870872243398e+03
-4.103905210801427472e+01
2.859079504848106126e+02
4.400927681101991311e+02
-7.526333049447217718e+02
-3.709007185419862935e+02
2.568263098498521231e+02
-9.115762302785354905e+02
8.792204694423230649e+02
9.140207852150922463e+01
8.881998913204869268e+02
-4.909510016357051541e+02
-6.805052458833338278e+02
9.299515328005470565e+02
-4.154171866777635387e+02
7.127586682229856478e+02
2.283685143156094455e+02
-6.741815378088733723e+02
3.132578831953180725e+02
-4.619484464745255536e+00
-1.152171790582262020e+03
-3.132502827418153970e+02
-1.814212196430163999e+02
1.221863464918953014e+03
3.408607244502848630e+02
-3.113717401808735303e+02
6.910801177516270855e+02
2.457222612971175977e+02
-7.597646232618674276e+02
-3.707715105562473354e+02
-1.706496101220108130e+02
7.678302723214915204e+02
-5.240241321404018038e+01
-1.984926805102221294e+02
5.153759724781721161e+02
-8.516362831208169837e+02
9.290259339715656779e+02
-3.512159433265967436e+02
-6.145230289030589574e+02
1.042017821581493990e+02
-3.059279538403083620e+02
2.109775080016834750e+02
1.005314635968559173e+03
4.238794061043215038e+02
-5.296192106454196846e+02
1.620744087677559833e+02
-2.395088323817985838e+02
-1.215264573784187689e+02
-5.575056728482137487e+02
3.017766439901353692e+02
-3.110523368405238216e+02
-2.039420862743558303e+02
4.064544261683638524e+02
-7.146693423437707793e+01
3.881864744693971829e+02
8.421944929965728761e+02
-2.089922360401437231e+02
2.894928018572378505e+02
-2.541728024014391281e+02
-4.999847622375846186e+02
-3.581592197818392833e+02
-2.851666893449408491e+01
-3.619696909939604552e+02
4.294016183121498784e+02
-9.115508230211349883e+01
-2.023799042171816609e+01
1.622296383538155737e+02
-7.568056862203040680e+01
4.183599734955686245e+02
-2.149470508268795044e+01
9.245885527722900861e+02
5.091291150389518521e+02
-2.925431906951021688e+02
-1.653225588179138867e+03
-2.085448182470799168e+02
-1.433847222427933445e+02
3.146935531571406841e+02
-1.037020295618287946e+01
6.633332323861750410e+02
1.341574418047493509e+03
-5.796223867968463992e+02
-5.899556916862054550e+02
-4.721927660173306549e+02
2.487557770343041170e+02
-5.080592054063430965e+02
3.310929475634829942e+02
-2.256407148837354271e+02
5.431696680352827116e+02
-4.778032270952693921e+02
7.260680709761703611e+01
4.510724945207281280e+02
4.683280627184134346e+02
9.455235913828852645e+00
7.645298360897159000e+02
-3.116617817484771535e+02
-1.065115710089013191e+03
-3.038985824542870091e+02
-3.647937679901054366e+02
3.158099383975383034e+02
-1.574031572948146334e+02
1.018163953940830652e+03
5.182293603134871773e+01
1.041701987165836272e+02
-7.183815357234573185e+02
1.028246470540146674e+03
1.861195630014691460e+00
1.088116548698972679e+02
-6.144265234890735883e+02
-1.043884546750074946e+02
-2.105946970237653204e+02
-1.072996165599410006e+03
-1.954289825402503311e+02
4.280842890847874287e+02
5.683845668392576727e+02
8.639332776680882944e+02
3.405762840814342667e+02
4.526774179411850128e+02
4.939698316876317676e+02
-8.455593802800792673e+02
-4.934829731558338040e+01
-8.158921562153428795e+02
-2.104278039528687714e+02
4.312596953002423561e+01
6.039448154759784870e+01
-6.381981708229556034e+02
2.308302443500869572e+02
-3.173424706037522469e+01
1.289636211178861913e+03
5.395067645704406232e+02
-5.315661837771173168e+02
-1.040984344672519057e+02
-1.706455091288160020e+01
-1.590017506370060119e+00
-8.146065891434050172e+02
-2.742322550490760591e+01
5.884464599955550739e+02
-9.172555146324607449e+02
2.567571319679101407e+02
4.661777130244138334e+01
8.235928292046702381e+02
4.242637776000561871e+02
-8.908987572662823595e+01
-2.208239888024780839e+02
5.933179291388125876e+02
-3.781065548448862046e+02
-8.470495868890945985e+02
-2.451384626351486986e+02
9.912226204059251131e+02
-1.629271999409951377e-01
-1.158517388483659488e+03
1.880033878657810362e+02
4.905334326009401593e+02
-4.399795473118575728e+01
1.794392477303814815e+02
1.815392094464203012e+02
6.728083021835525415e+02
-3.349369597190692502e+02
-7.154423635157681929e+02
-2.716455623046674646e+02
-4.801183085878025167e+02
5.520759249305488083e+02
7.956208000653998624e+02
1.550927737417133301e+02
1.253473611116270376e+02
-1.205769424567990200e+03
2.883181562854016988e+02
4.299397500120638256e+02
8.891557160057844840e+02
-1.387572647864284079e+02
-9.160320475903687338e+02
-4.436350336438538022e+01
4.134353352668821344e+02
-1.015675600641260985e+03
-1.244669136387346953e+02
2.900432481342086817e+02
3.312375740921665965e+02
1.168257774608284080e+03
-6.591961647248468807e+02
-2.122237254523448087e+02
1.377239363662143887e+02
1.129841766981119662e+02
-3.502602791461384300e+02
-3.593415392971817823e+01
2.223363588027624189e+02
2.342919052721945263e+02
-4.958259706701826417e+02
2.026612066147293092e+02
-5.902122097773761880e+02
5.182949358735742180e+02
7.552081831575155775e+02
-3.562992970421768177e+02
-1.994396556409850518e+02
-2.627084267277297158e+02
5.245806151173359240e+02
-8.555122019576270986e+01
-5.840557582730930335e+02
1.105357828505862301e+02
6.887428453176595440e+02
-1.489829356672734662e+02
-3.009703351883516120e+02
-5.775978698743734867e+02
4.939133416855573842e+02
1.074274043033478847e+02
-3.721913099452293636e+02
2.198331852008887211e+02
2.866940969511169328e+02
5.931913664676686722e+02
-2.972572997373671910e+02
-5.343833586754559519e+02
1.139983516866422519e+02
1.731540988515260722e+02
-1.768288900510618191e+02
5.368581704710638860e+02
-5.851006947040816613e+02
2.882699062538309818e+02
6.760179460408276952e+01
7.367982046759078685e+01
-2.729813785220407567e+02
-8.588417755390061075e+02
7.145549340022214437e+02
1.111277020202362991e+02
1.832853444684071178e+02
-3.368966710064042331e+02
7.015054707141234758e+02
1.037817884558840689e+02
-8.024544888501345952e+01
-9.213229433073634027e+02
1.621783499758251423e+02
1.615091742694364711e+02
2.511836671408997006e+02
-4.336280907456547880e+02
-2.597468476087988165e+02
5.280518193038234358e+02
2.837830361208254999e+02
-1.319764908016702520e+01
4.422183233329591303e+02
-4.694711875465465596e+02
1.168075093513890579e+02
4.868311939593202737e+02
-3.521674779083168687e+02
-5.570982733226601340e+02
-7.608362251790628079e+02
7.386663707552623919e+02
2.142861364927059924e+02
-4.118774028697183098e+01
-6.520421045070219179e+02
7.743549667722667209e+02
4.617914417837374685e+01
7.875313948318220980e+01
1.903912863817419634e+02
-3.292612589339630063e+02
3.607681993112809096e+02
3.937777057751259946e+01
-3.929017294203038659e+02
-3.509425866692505451e+02
-7.956330820990478969e+01
-2.704998318989852351e+02
8.367183646095027143e+02
3.497275870934030877e+02
7.183191259282466490e+01
-3.465457431263216677e+02
-6.979264707908222931e+01
7.050221307966445465e+02
-9.739909785794774280e+02
-5.770200370508712240e+02
8.230870325425362353e+02
-6.543387661023382407e+01
2.268315686041000276e+02
-5.654752922678951563e+02
-2.859495897537475173e+01
6.370250686434826548e+02
-1.495513402565231331e+02
-3.886814526131804541e+02
6.088825631612178313e+02
-2.428503133232112532e+02
4.383792579944566796e+02
-7.323647724271396555e+02
-3.354266581758409416e+01
5.490854542724614475e+02
-5.499192276521683880e+02
3.158436747793238624e+02
1.318703438127433856e+02
1.168771139652275650e+02
4.372824740222508808e+02
-5.478485763014255099e+02
-5.706624092789749625e+01
-1.578414793367188906e+01
-3.028179987580481338e+02
1.882955053070151621e+02
-3.606812473976352749e+02
-2.140525759938832664e+02
5.609953809930132138e+02
-1.551309396280931026e+02
5.698128015342908839e+02
1.377701765063855817e+02
-4.997605764636143704e+02
8.343681973228643756e+02
-3.829001769355001557e+02
-7.498957164001909632e+02
-2.681339921598130616e+01
2.939454351024689061e+01
3.528499259104480075e+02
-5.069337702061777122e+02
2.666800602657036734e+02
5.080546424968495103e+02
9.838180021315136514e+01
4.689694421809633695e+00
1.371582509605616167e+02
3.206146051946110731e+01
-3.970403379928202412e+02
-4.216344097328130260e+02
-3.621146479203097783e+02
8.769542745537833071e+02
-5.425233172596076656e+02
-3.594669148146774660e+02
6.355567990810170613e+02
2.829592418256698920e+02
-2.637529600958088736e+02
-2.199190360366691550e+02
8.723691858361453342e+02
5.553862403686559901e+02
-5.153598173855825735e+02
-1.302039876946963432e+03
1.330931306460129804e+02
-1.434270962697735285e+01
2.321743949705827390e+02
1.332788085760810759e+01
9.574745096767721009e+01
5.620036706615162529e+02
3.991608832891102452e+02
-2.191090153276634567e+02
-1.081239303282497985e+02
-6.233914089507032941e+02
4.172629106292226879e+02
1.567139276711571370e+02
-9.650256289280420106e+02
-2.294418967944073984e+02
-1.895927945926211748e+02
1.241230690894531108e+03
8.676510295568732545e+01
-6.899020984170356314e+02
7.154202495086647104e+02
7.941883956328828162e+02
-2.784658686522412836e+02
-5.263317054443590450e+02
-4.504065219711479244e+02
2.343106736318685250e+02
-1.945010234994505254e+02
-1.135612149187619480e+03
2.233134353823879792e+02
4.849574175088903303e+02
6.358317343437233831e+02
4.063856446871953949e+02
-1.316327411877493603e+01
7.377020912708010201e+02
-6.260748887180752718e+02
-4.766853682135890153e+02
7.492337647156289222e+02
-7.480812946330150908e+02
-8.189023947624033326e+02
-7.064308014315867013e+02
6.442718601312466831e+01
6.495343275370913716e+02
3.651401774151584618e+02
5.036045822759784869e+02
8.546736224577568919e+02
7.615048880464398735e+02
-3.418897322912850996e+02
-9.968852263781919874e+02
-5.980781253505599580e+02
3.648382936522147588e+02
-8.536135706274260428e+02
-5.612253564111273363e+02
-1.138060073305090327e+02
3.311941564255337767e+02
1.119717369797360107e+03
2.427019964609636702e+02
-1.767971801858431320e+02
1.825250076916362900e+02
1.736329530992786886e+03
-5.686210506761962051e+02
-6.560808627885909345e+02
-1.600589188279187283e+03
2.520576083123998501e+02
-3.755462189939514133e+02
-3.488009101201937483e+02
-5.244635462741011906e+02
9.445873049785076319e+02
1.309753533940277066e+03
3.970379167072966879e+02
-1.436408761628981949e+02
-2.243679310157051532e+02
1.349788757787648819e+03
-9.988469409342279732e+02
-5.320511611906027838e+01
-1.126818376166295820e+03
-6.124786993090496026e+02
-3.573931233587234146e+02
-3.772134419792990911e+02
4.442954190000052108e+02
7.898282540776981477e+02
1.947289708800204835e+02
1.856189564718380552e+03
1.819345664120070865e+02
1.412022293968720987e+01
-5.095550859588304320e+02
-1.065919768957516908e+03
-2.105049594628737850e+02
-4.190326068954024095e+02
-8.998770972800499521e+02
-1.719889637961337883e+02
-7.433235621740615784e+01
1.144671233159291432e+03
1.004439345561168579e+03
-1.534709762203111723e+02
1.025080415245142149e+03
-5.762951994020660322e+02
1.512584811101878586e+02
3.136741416862637948e+02
-1.658894720094050172e+03
5.624315648661261093e+02
1.582102502386936749e+02
-9.586207772488550063e+02
2.645080648646980421e+02
-1.085111019193943321e+03
7.766161156245146913e+02
-2.171179344133069122e+01
-2.438104674807074446e+02
8.509819029648564310e+02
1.100177942492543025e+03
2.191160006792910735e+03
-7.415171264701488099e+02
-1.876890618307814066e+03
9.343576212864805939e+02
-5.649032265204069745e+02
-2.844692785740603995e+03
-7.133197888550789685e+02
6.606532209340177815e+02
3.583964188950992025e+02
1.594991931873977592e+03
6.623070262866607436e+02
1.778853782320417622e+03
3.107546509958404386e+03
1.702352984557562650e+03
-2.688026926224694307e+03
-4.439890194603946838e+03
-1.436566310797836422e+03
-1.880658973182552472e+03
2.697434245398182611e+03
3.298558346019812234e+03
-7.067195361792958010e+02
-6.874745072495563818e+02
-1.118174017629263744e+03
-1.203863312513464621e+02
-1.713912292561063850e+03
2.512298492309700578e+03
1.008046372679177011e+03
-2.426686355324600299e+03
3.341977799139096078e+03
-2.428123462770784954e+03
6.132840131164881541e+02
1.204655134036385334e+03
-2.592091300601492549e+03
1.171542007230703348e+03
-1.440759681712572274e+03
4.896818172726059856e+03
1.167738660981530529e+03
1.071787733592302175e+03
1.164477000803367901e+03
3.796089834249358682e+04
3.523287435780516148e+02
1.324467766536211457e+03
1.076775128031530812e+03
4.359741664411870261e+03
-2.316164083830920390e+03
1.371761352016719684e+03
-2.443139824034116828e+03
1.481209652206948419e+02
-1.179795633212211499e+02
-1.741665167204827867e+03
5.094273754625573929e+03
-2.906542437308250555e+03
5.369351692210608462e+01
2.580971834336779011e+03
-6.983903437177966680e+02
-3.156858618143655804e+02
-2.335201044752728194e+03
-8.424603171217266890e+02
-3.831603100212823847e+02
4.750539434043213078e+03
4.044963990883872157e+03
-1.631781290634474317e+03
-1.217387686924020727e+03
-3.534440335226290244e+03
-2.778910149236463440e+03
1.103588350159706124e+03
6.140895227525236351e+02
9.649651385373364292e+02
7.561373491423090343e+01
1.085535096262310844e+03
-1.754540435837688392e+03
1.177922844798753204e+03
1.487094177029328876e+03
-9.624714957952942314e+02
-2.940819582823129394e+02
6.324915760539014400e+02
2.562351715821009179e+02
-1.278814438680695957e+03
2.691568802855960712e+03
-1.068114131327374480e+03
5.212267204333596737e+02
-1.771350895116809397e+03
-7.052885370030912782e+02
1.409429717801343941e+03
2.299461549946644539e+02
-8.199346581628955164e+02
-8.290136560889120574e+02
1.853935385391668206e+03
1.919700827042380979e+03
-1.848968683225781660e+03
-6.208739679797540703e+02
-5.025345041986432193e+02
1.835956920657328624e+02
9.771206514755875787e+02
-1.176997690367477844e+03
-1.246885483100852980e+03
4.173603412251629265e+02
7.898584513013136075e+02
9.046557518892218468e+02
1.224172944135321131e+03
1.734566434710658882e+02
1.301255834733031861e+03
3.568050635094115250e+02
-2.752196716515706498e+02
-1.073756159409163729e+03
-1.698013465192378362e+03
-4.431749859096754562e+00
-2.210891769263218976e+02
-1.268200444321551231e+03
-8.749429351043798988e+02
-8.027635122294248049e+02
1.186653166450025992e+03
7.831907471011442112e+02
2.745830393911026590e+02
-1.683655973182295895e+02
4.054242267635926851e+02
1.124267433208567809e+03
4.925334216452247347e+02
-1.250091600564617693e+03
-1.169928817803905190e+02
1.955253976898445217e+03
4.414824938295824950e+02
-7.536849664001016436e+02
-4.317970322418437377e+02
-7.243046383905428343e+01
2.446886608603666105e+02
-3.541114990371066824e+02
-6.832515464549707076e+02
5.464030602676815533e+02
3.159754457333991695e+02
-1.602162428290538969e+02
-1.408209763767014920e+03
-5.420071180213681146e+02
-4.996559638079263976e+01
-6.757992065494817098e+02
7.769402646184264540e+02
4.115505465530698359e+01
-4.467254881152411485e+02
1.111616356101151723e+03
1.352783005203504445e+03
6.186348399183613367e+01
-4.344625928011173528e+02
-8.442568852265131341e+01
6.606108788784906665e+02
5.024388734604017372e+02
-5.014465613526821244e+02
-2.037096830407292885e+02
-6.614945111320344040e+01
4.695268508718464773e+02
-4.197807756659313441e+02
-7.637172202418296365e+02
7.396327812580394720e+02
-7.551970227362138530e+02
-6.626647702394208181e+02
-5.806022398528111950e+01
-8.421538324837309801e+02
-7.779699942633678234e+01
4.677507586462147628e+02
7.536814832077104711e+02
1.879768083893865196e+02
-5.775069632299085924e+02
3.232554152498383928e+02
9.246096224237113574e+02
-9.306068889656813781e+01
-5.559710890394332239e+01
5.333360166039644810e+02
6.073268953696425569e+02
2.095684412713907250e+02
-8.111143698069207630e+02
-1.475825330422434263e+02
-1.998522626983804003e+02
-3.517541453546042476e+02
4.661797912002728594e+02
-4.373167328602731914e+02
-3.687969734536280839e+02
8.004538518680313075e+01
-5.566561706812614148e+02
-5.559461969836100081e+01
1.529309828542720595e+02
-3.066169082261180847e+02
3.039139638871292277e+02
3.322032091900171054e+02
7.529398097488815722e+01
4.807505934553014413e+02
2.884679736838212705e+01
-1.463186497197459346e+01
1.402667908363506797e+02
-5.693066019200131223e+01
1.117156049463347358e+02
8.038561815229797958e+00
6.862167287993869991e+00
-9.926467440775914497e+01
-1.209710896892599123e+02
4.152430103596923772e+01
-1.309374459404447464e+02
4.516626932837777986e+01
1.565744608184686228e+02
-1.410582572494691433e+01
4.288074748960539750e+01
5.538645314135845865e+01
5.976015284273032968e-01
0.000000000000000000e+00
