1.101043860460081980e+01
3.477423331327221945e+01
-9.724492007868654753e+00
-8.342403485619296077e+01
-1.496827145726395827e+02
-1.526359312869452936e+02
1.901505723925324176e+01
1.720432239752598491e+02
1.165314261762579093e+02
2.266187868343172340e+02
1.810230215709159154e+02
-8.722969386369143763e+01
-1.782228475849336178e+02
-3.283959607089966539e+02
-2.523177182414996196e+02
1.675010582374817432e+02
-1.056307852987904283e+01
-1.285939991846299506e+02
3.247119845968207983e+02
3.119880021460594435e+02
-1.775065314917669212e+01
-4.294615919389503347e+02
-1.177887162202119526e+02
4.176556116785073769e+00
-7.728118948598705629e+01
1.905401548457947456e+02
3.241685085111134299e+02
2.615041255091509953e+01
-1.102987420618694046e+02
-7.364027194789360919e+02
-3.984661059169116584e+02
2.792705172800754667e+02
4.045252393774555912e+02
4.800524463470721912e+02
-1.733461121003912808e+00
2.209326905936575827e+02
-3.200524065142624863e+02
-1.319023653254322994e+02
9.193053787354298834e+01
-7.427067716285290544e+02
-1.238563173818395171e+02
9.426508163067276200e+02
-2.538346012506808620e+02
-6.393225703209777322e+01
9.278724492419088392e+02
2.868188848131368331e+02
-1.138531743952062527e+02
-5.520017818182653855e+02
2.808625481247464677e+02
1.671768426708061384e+02
-2.807855717615277058e+02
-4.632322505694195343e+02
-1.483253246022117935e+02
2.904249879123182723e+02
2.979525532724550203e+02
1.082153509388026720e+02
5.411766844371011409e+00
1.269648326722414140e+02
-9.696637263297709808e+01
-6.176699683717171183e+02
1.178784905016881908e+02
1.190286776664032004e+03
1.281933950669752278e+02
-1.004802961529041227e+03
7.166665353436612804e+02
-1.369246120229858832e+02
-4.522626207792320656e+02
-1.004681021242305519e+03
3.192796267651630160e+02
3.847912452629638551e+02
3.019842765388976886e+02
7.782153438287331255e+02
1.983196259664516106e+02
4.924424113734527850e+02
-1.557890977791086925e+03
-6.664432363473187024e+02
1.001812400379252381e+03
1.560494687813078372e+03
-2.161410174889681002e+03
5.429374484393578371e+01
2.865622728730514268e+02
8.452173199681255937e+02
-4.661562469019614809e+02
4.830123207682613611e+02
-1.575985439678900377e+02
1.212689854495793469e+02
-2.346433870212350996e+02
-5.957789110482584647e+02
4.901517981804337296e+02
2.327733340119492667e+01
1.053996497600609672e+02
-1.183070933206613745e+03
1.219163574586690174e+03
1.636330129662770005e+01
1.496394108757759568e+03
-1.424981382371633799e+03
-3.885546267494251538e+02
-1.509702576355125245e+02
3.595563744820313445e+02
-1.185537953191527691e+02
1.404474149901911915e+02
8.257237598948599953e+02
-4.507154031297991423e+02
-2.109731174084785366e+01
-9.661858081580005546e+02
5.222352081320905199e+02
6.047042463258031830e+01
1.497723311562374874e+03
-1.350107778652654360e+03
6.615495368264147373e+02
-5.562973334773206489e+02
2.762604825279734087e+02
-8.566698494930720926e+02
6.635420881607284400e+02
1.877292907715276442e+02
3.206187769707931920e+02
-2.297456008878425848e+02
-1.322680649832758263e+03
7.668597476096422270e+02
-4.113841489006233587e+02
1.062658364878150678e+03
-2.283416024640091564e+02
1.770680143110586187e+03
-1.195387300663728411e+03
3.653277240903289425e+01
-4.842033810019604516e+02
-7.908597744473032662e+02
4.067401393872842732e+02
-7.493317539187677312e+02
1.495242640951989870e+03
-3.761372531813037199e+02
3.331277025730365722e+02
4.090124966427732147e+02
-1.020610487554742036e+02
-1.969571597458837573e+02
-1.232910796678183942e+02
-8.454875861662693524e+02
8.947584713803807688e+01
6.410344689469887953e+02
-2.187619967156416010e+02
9.910818629668373205e+02
-3.846235956886956728e+02
-9.996278271447361021e+02
1.027010525358637324e+03
-1.162443382904118380e+03
1.206381766703535277e+03
2.503389193832719002e+02
3.496038960629307439e+02
-6.146656615818328646e+02
-9.331445964929554293e+02
1.593839186990659528e+03
-2.846844783387233520e+02
-6.974676964262685885e+01
-1.436059307728328577e+03
3.914299863112468643e+02
1.023448729280826342e+03
4.972241094146654063e+02
-2.191836786632348321e+03
1.529266216246452814e+03
1.676360343586092085e+02
3.662843783111013067e+02
4.718055022406601893e+02
-7.422190973579656657e+02
-3.128371322900432006e+02
1.255828978409329437e+02
-1.304445071254848017e+03
5.623229199584737898e+02
2.741981320618649534e+02
1.224074829888912518e+03
-4.797657333342237393e+02
-8.711094819796353477e+02
9.024271878079216549e+02
-3.174382950156019234e+01
1.045316320479719025e+03
2.996293219814111808e+02
-8.420118821227459875e+02
4.373348077260443745e+01
-2.484059955367040118e+02
-1.532162684142261014e+03
-4.290310814062232794e+02
-2.343121461201693734e+01
1.386237871141335518e+03
4.540162055144002125e+02
-1.827858045300052936e+02
9.775452539943360080e+02
4.944725563792871412e+02
-6.184978147232970969e+02
-5.310277537357811752e+02
-5.182824018237276960e+02
4.371461459062668951e+02
-3.110469769765650767e+02
-1.857219567846366886e+02
6.003759618429638749e+02
-7.728173866534724539e+02
9.552861174855534045e+02
-1.498624583149259593e+02
-1.933516302231222994e+02
3.167944834204681683e+02
-3.011301000799071517e+02
2.138022104168528159e+01
7.913935628776324620e+02
2.167171663502935246e+02
-8.399724457408649414e+02
-1.226572852174861765e+02
-2.869213725201302623e+02
9.145679603670704694e+01
-3.660930374417118287e+02
5.208581571348557873e+02
-4.659333665744026121e+01
1.365442862010054057e+02
6.025614298869259073e+02
-2.147017824502528356e+02
1.484455453308829078e+02
4.552001534719515234e+02
-5.135506643025884159e+02
-3.772052671924626566e+00
-4.711365015223268529e+02
-3.137380720881375282e+02
-1.218841464443632638e+01
4.450187894702405060e+02
-7.155472891015071468e+01
4.852029584172726686e+02
-5.101090303313745267e+01
-5.790400867463807089e+01
6.030139627466174801e+01
-4.107444919356115633e+02
-6.552309631842531701e+01
-3.539817712509756689e+02
9.072104339406743065e+02
6.673806180719687973e+02
-2.933522412669383428e+01
-1.356563073285308292e+03
3.572696918348851369e+01
1.417841827779321022e+02
4.621690063399354926e+02
8.634034131406157542e+01
5.556969376804606782e+02
9.551097244798330621e+02
-1.076710483535479625e+03
-1.188777814781773941e+03
-6.221211568884915550e+02
5.019502182909063777e+02
-1.010675426495173781e+02
7.467221360211644878e+02
-3.800091733744592659e+01
7.548209486866209090e+02
-2.540331228329064004e+02
1.716164270726612813e+02
2.440360220085612184e+02
2.288256730969181518e+01
-4.931208597325374967e+02
2.993784323747790950e+02
-4.337005104724617581e+02
-8.201011120837266617e+02
9.303112872765827035e+01
-1.396170538576623699e+02
5.347498346748086533e+02
1.754871048749074305e+02
1.296565229754327220e+03
1.831969042415506408e+02
-1.682654412627624367e+02
-1.109371842673343281e+03
5.976573759187213000e+02
-4.971622847461246124e+02
-1.362295040168942819e+02
-4.634984447495516520e+02
2.927677769393450262e+02
1.380240387924862233e+01
-8.520561061732164490e+02
1.936187079496658043e+02
8.342975051997142373e+02
7.138340333892584795e+02
5.818805902089520714e+02
-1.117492485618733582e+02
-7.133409071284765446e+01
9.659341564437450245e+01
-1.128946686726090093e+03
-3.715091546004843792e+01
-4.294589188418815411e+02
1.531586565086377902e+02
4.706044566017676516e+02
4.200046932359169318e+02
-3.936367236362538620e+02
2.834708515679444645e+02
-3.295969869633133840e+02
8.828205258450229849e+02
1.355781937104792974e+02
-8.017472575073741154e+02
-3.455716059009048422e+02
-1.927643836335522280e+02
1.535085917010244430e+02
-3.342702271609144873e+02
4.229678554738828780e+02
8.226188715876154447e+02
-6.578679837442341523e+02
4.582219282690397222e+02
2.621718138658257047e+01
3.526626109426825906e+02
-1.415219068730148706e+02
-3.582267167433332133e+02
-5.532996756156574065e+02
3.318963577400063514e+02
-3.352985264591950454e+02
-2.147418664492231528e+02
5.640098690679380979e+02
1.223277896522206674e+03
1.854430291907456230e+00
-1.122111577152982363e+03
2.021189804791740698e+02
2.111728029949457834e+02
-5.657014574017388213e+02
-2.263179025297941394e+02
-1.239288781600446043e+02
5.049533053939160254e+02
-2.243910251981650390e+02
-2.253711486721181245e+02
2.919582383007702902e+02
-1.400923029118454508e+02
6.070436101471167376e+02
8.295196897506002642e+02
2.556436003847229586e+02
-9.953061378633941558e+01
-1.596511081376768971e+03
-2.119903961055753427e+02
-1.270131863272356654e+01
7.367421421508216781e+02
-4.263133332191324598e+01
-4.508618443735646792e+02
4.964087154207366552e+02
8.223729503581698737e+02
-9.356141915750536100e+02
-1.791219028882992461e+02
4.740045997099576880e+02
3.338545776935297340e+02
6.676782687057475414e+02
-1.451430028012627417e+03
-6.464741840935076880e+02
1.995849340377990018e+02
3.462233842429910737e+02
-1.200284899564577614e+02
3.254010567317203595e+02
8.572480877246742921e+02
4.937082979213632825e+02
-6.896872694784364057e+02
7.329965996074051304e+01
-5.445635058875883487e+02
3.209349251820059408e+02
6.412459369505182849e+01
-8.463126330886254891e+02
-1.807612563104073899e+02
1.885789320302973948e+01
7.228646886344196218e+02
5.259535916352958651e+01
-2.037593602480808102e+02
5.179442150090393397e+02
8.727958387609837700e+02
-2.141302386708586027e+02
-3.989030783526146138e+02
-8.923975078671592200e+02
-5.937576050473324329e+01
-3.037160363220119166e+02
-5.651033362944624514e+02
3.519829590837163664e+02
5.052595315481088960e+02
9.472598770824898793e+02
1.940969084405720650e+02
-1.930874074783995411e+02
2.560045401670121237e+02
-4.407251903673865456e+01
-4.187148095749884078e+02
3.550666561880051972e+02
-8.986495327950585761e+02
-7.684707684480642342e+01
-1.713292571733001353e+02
1.902679990451262881e+02
-2.862181265812830944e+01
-6.667259384050712470e+02
9.613138129661600715e+02
5.679512272455592665e+02
5.037188964671332769e+02
-5.181571429978546348e+02
3.049184945909017301e+02
-1.022372571141993234e+02
-1.178109772182355641e+01
-1.217815365028234282e+03
-3.820627987468957940e+02
3.151059662753380053e+01
5.550275740566262357e+02
2.817725666523799077e+01
-2.793804249516641391e+01
7.950332018747805023e+02
5.444462492188604301e+02
-6.084663191822413353e+01
2.023235390891696852e+02
-7.467310732996504612e+02
4.096683652641085160e+01
2.903555802603720508e+02
-7.749050570702057712e+02
-7.899545756770497746e+02
-5.374809018125721423e+02
1.215789580677340837e+03
5.952905312433476865e+02
2.269528551688112543e+02
-6.427554554480448132e+02
6.354411082925389564e+02
-1.209232892097771668e+02
-3.383060893456544704e+01
1.500316294515116340e+02
-5.115510572189913319e+02
7.992800603476229071e+01
-2.358975369502118724e+02
-2.599785420389147248e+02
5.681147684520091445e+01
1.733132940279980971e+02
-1.452635548898551008e+02
8.633512817828969901e+02
4.571251264122617499e+02
1.183792665315271222e+02
-4.540855633405103049e+02
-3.077966903559940874e+02
4.551298264597467096e+02
-1.169310005326983855e+03
-8.685575147754299223e+02
8.560191141559407697e+02
3.567056966483824567e+02
6.691021981424019032e+02
-4.312734557822956276e+02
-1.426424847279714641e+02
6.450852899729344472e+02
-1.356161404812654609e+02
-4.494825374525956931e+02
3.801711985418528457e+02
-4.523062514983253095e+02
4.008348083408641287e+02
-8.001750381927168974e+02
-4.668600573647480445e+01
6.738546829216214746e+02
-3.171023536609041003e+02
4.099159785516686725e+02
1.671628868507802395e+02
2.084382760091582156e+02
4.778706260626832432e+02
-5.879727149641328197e+02
-2.658576489626038324e+02
-1.441314944838256054e+02
-3.844225408951060672e+02
1.209170029178899739e+02
-4.011352032314342182e+02
-2.336896151520325873e+02
7.752145831946037333e+02
2.301800279538408844e+01
6.818340399042972422e+02
1.825186426984614343e+02
-5.391474398532077430e+02
7.841555436654265350e+02
-5.409004943501550997e+02
-8.244623676352235861e+02
-6.270089231344473291e+01
2.179417078675371044e+00
3.084923294951429398e+02
-5.579379789157412688e+02
3.515722487493059703e+02
7.030553746118079061e+02
3.066289371413507183e+02
-3.188179381500891907e+01
-1.913661397867265990e+01
-1.216382769682625025e+02
-4.269708148267917522e+02
-2.494073422143184473e+02
-2.576971199065815199e+02
8.246189751839426663e+02
-7.754269652872123970e+02
-4.635316079502155731e+02
6.872338871219611747e+02
3.823692693094315587e+02
-1.063218957545538927e+02
-2.345512857196318919e+02
8.423927781476081691e+02
5.396567886258860653e+02
-4.883955506018397728e+02
-1.237179694044547659e+03
1.659064935075436154e+02
-6.100887577818572538e+01
-2.732702734547817158e+01
-9.254985750975646397e+01
2.088827709640117973e+02
7.778163279943524913e+02
5.522081265406310422e+02
-3.647891223021399583e+02
-3.487863489525903447e+02
-7.093741244553284560e+02
6.239582770024929914e+02
3.631781956813698002e+02
-8.797692577347847873e+02
-2.464907978395866053e+02
-3.654310372336141199e+02
1.118371619070555198e+03
7.665720732094055734e+01
-6.381460600376091179e+02
6.424063231307180786e+02
7.100805831960039995e+02
-2.929417940016793409e+02
-4.541012604671044528e+02
-2.399267180646081670e+02
3.098491468800456232e+02
-9.482269978006053179e+01
-1.089659513074665028e+03
6.157286606163984288e+01
2.589946256271953189e+02
5.503306614510019017e+02
5.940201054003995296e+02
-5.723474742075365640e+01
4.930863558576793366e+02
-6.980628829763941212e+02
-2.903752841687603450e+02
1.039054795221704126e+03
-7.081678268681997679e+02
-8.609759818490288126e+02
-6.227830614233038204e+02
1.804445394890267949e+02
5.278381215054562290e+02
1.138992559772186297e+02
3.895686201076273960e+02
8.261077194511449306e+02
7.300510376458294104e+02
-4.614805128519710138e+02
-9.522724761772351485e+02
-4.296279464155836649e+02
5.799986296784633168e+02
-6.205559316162305095e+02
-4.880193940261819989e+02
-4.275917265067046458e+01
2.146956318395770893e+02
8.153631901105057977e+02
-8.698992972303915394e+01
-3.652172619176385524e+02
2.707485524333339981e+02
1.810504355883567086e+03
-4.611173676342578460e+02
-4.970004561753831922e+02
-1.430931489591979471e+03
3.935181366162883023e+02
-2.721272634605919052e+02
-2.367805728793375124e+02
-6.175368924607007557e+02
6.214856447330012088e+02
9.030288039838699206e+02
3.605601189352389611e+02
7.620486356239777592e+01
-3.163960496675299510e+02
1.105597951871194027e+03
-9.487323383805508001e+02
4.210863408887352080e+02
-7.615200996676995828e+02
-4.850934768447755232e+02
-2.511616063765187619e+02
-4.229962682986845834e+02
1.114717440284794634e+02
1.993071748874153855e+02
-1.010487025517706741e+02
2.027161561884947787e+03
3.739796612842302466e+02
-1.083942409672011991e+02
-5.543911355152814622e+02
-6.319467017211944722e+02
2.541303724946318994e+02
-1.549920110302925025e+02
-9.669317145624644354e+02
-4.351751585705835055e+02
-3.421796030919958866e+02
8.279126223044903554e+02
8.193393578149882615e+02
-2.706345650856015936e+02
1.058339080433895333e+03
-5.509901523979724516e+02
1.400341430242269212e+02
6.535980809192052448e+02
-1.160684227005445109e+03
9.084306106904804210e+02
1.602239192089180619e+02
-1.218686379711489280e+03
-1.229940575534826941e+01
-1.308868479746941148e+03
4.619454940104542402e+02
-3.118676397825055915e+02
-2.280419687000322710e+02
9.448719557479762443e+02
1.175710483368664200e+03
2.388240129065946348e+03
-1.522058935823503987e+02
-1.308536552890451048e+03
8.577231171360530197e+02
-8.696072762390123216e+02
-3.116422599194140730e+03
-9.004724908666214560e+02
2.791981343982186559e+02
-1.836636561361951863e+02
1.579031366067896670e+03
1.004862048166532873e+03
2.078434451854977851e+03
3.281155468854247374e+03
2.012281643664104649e+03
-2.233232785991774563e+03
-4.336654954568922221e+03
-1.691242663397532397e+03
-2.140573516228928383e+03
2.505834101622525395e+03
2.939439300808567623e+03
-1.100223478243590534e+03
-8.781788106286367110e+02
-9.725871445836110070e+02
2.024645141529880448e+02
-1.509580445821810372e+03
2.828362584364719169e+03
1.406319417190880586e+03
-2.067949352308032758e+03
3.374797908497103435e+03
-2.829163741743835544e+03
1.733859921380555136e+02
7.022349746787409686e+02
-2.999446714228930887e+03
1.022256663415119988e+03
-1.263478230151497200e+03
5.354557039649384024e+03
1.527644989654754909e+03
1.235608731192098048e+03
1.366521155239015570e+03
3.841524047308229638e+04
5.309730979900871262e+02
8.911829330509558531e+02
4.420194624328935902e+02
3.946279268658643559e+03
-2.483539237225790657e+03
1.175675597392857981e+03
-2.412504465701923436e+03
4.473052564215307143e+02
2.443797184473390587e+02
-1.452860566001241750e+03
5.280474254826287506e+03
-2.469580672907844928e+03
3.643148889170237794e+02
2.251895734455969887e+03
-1.391054501297600609e+03
-8.255252558093646940e+02
-2.566458072966538566e+03
-9.796144640585396246e+02
-3.610587960733709565e+02
4.926152582404218265e+03
4.357773202367370686e+03
-1.298992333705462443e+03
-7.890345697723886360e+02
-3.073398322317691509e+03
-2.604118961464092081e+03
8.464933484060090905e+02
-1.335598822249561408e+02
3.994677813231532468e+02
-1.447349713003313241e+02
9.221208545701931598e+02
-1.707314422018864661e+03
1.325762591816586792e+03
1.867297659121657489e+03
-4.816167720809509092e+02
4.213849655585501353e+01
8.578082050248283394e+02
3.180686253962439309e+02
-1.378507577853823022e+03
2.269785286658554014e+03
-1.667298543501833365e+03
1.944908764912487982e+02
-1.796838990382402699e+03
-7.859980179277831667e+02
1.351743386390848400e+03
4.248951126372576255e+02
-3.023642390496630128e+02
-1.590405568593813825e+02
2.119484780031412356e+03
1.945981293285366064e+03
-1.937924361191870730e+03
-9.681927558643834573e+02
-1.013875973901516318e+03
-4.508834615658030316e+02
7.140525102912758939e+02
-1.137197748812583313e+03
-1.088223322218124622e+03
8.450195450475445114e+02
1.234477444460568222e+03
1.289190802703718873e+03
1.430238069956036952e+03
2.275852209439967169e+02
1.251694426093332368e+03
8.807653276958194510e+01
-7.173678347742873029e+02
-1.533896146953478592e+03
-1.996861006013473570e+03
-1.215253095247386028e+02
-1.223780220938984797e+02
-9.831843898048281289e+02
-3.778027746021004418e+02
-3.884976328379007100e+02
1.320900543505810674e+03
9.395068201737007030e+02
3.438551382673961712e+02
-2.984670893493853328e+02
-4.374602812713276734e+01
4.717098194876710409e+02
5.137171310223254039e+01
-1.305375002684382480e+03
1.784073844496255958e+02
2.232348511623983995e+03
7.165853628507577469e+02
-4.229507583403932927e+02
-1.388253936204058050e+02
1.435342791453982443e+02
2.709301119038934189e+02
-5.272581853127577460e+02
-1.141082109139282466e+03
9.552217065347213065e+01
-9.157893854255455324e+01
-3.424665334623089734e+02
-1.127396722946268028e+03
-2.068482856683887405e+02
2.205016048202710124e+02
-5.172214110668992362e+02
9.092579793226785796e+02
2.735192201713275608e+02
-2.920917118322555552e+02
1.060108035682267655e+03
9.667398217105871936e+02
-4.214349564535521040e+02
-6.387113371780171747e+02
-1.525034580240345861e+02
6.914853116441283873e+02
5.713600928694003187e+02
-3.940810016127151698e+02
3.575423506954862063e+01
2.964423549897659882e+02
6.918289725520156708e+02
-2.838243026977361296e+02
-7.768696669957147378e+02
4.403241815366200171e+02
-1.193420095327420540e+03
-1.143239968148509206e+03
-9.891891298662451959e+01
-6.714128563867800494e+02
1.261272161575786015e+02
6.811948397999614144e+02
8.939493638404311469e+02
3.730475956074789678e+02
-5.273344798661858022e+02
2.512164112696960672e+02
8.571709218521791627e+02
-2.137389886649834523e+02
-2.342443246752073094e+02
3.240938509540554833e+02
5.295387811349053209e+02
3.576607788964187762e+02
-5.872499484379000023e+02
-2.183934388468213683e+01
6.691015680389721609e+00
-3.348102339402396979e+02
1.710242673073723836e+02
-7.282985594215352876e+02
-3.857910424214729801e+02
3.469434356499819501e+02
-4.282070670067256515e+02
-1.133491694865381163e+02
1.865061551742174402e+02
-1.830083002867598623e+02
4.077565083217930351e+02
3.203500643667626946e+02
-1.508586742116665391e+01
3.582803382829807219e+02
-1.491810341455797868e+02
-2.138878742817414604e+02
4.920187370142395622e+01
-1.248500473795474619e+02
2.333543496620759683e+01
-4.614765444751573398e+01
7.715779550967851286e+00
2.023994246033228706e+01
-3.661324092290997090e+00
1.014974574790167310e+02
-1.072185264701920744e+02
1.124077766804253109e+01
9.643204454076381182e+01
-9.286285387335266250e+01
1.090368383611230740e+01
5.714509003489769157e+01
-4.411700716543927925e+00
0.000000000000000000e+00
