1.268176280120212596e+01
4.772527609200447074e+01
8.958983775174235831e+00
-1.012837640548800522e+02
-1.580867464184530888e+02
-1.416918937366184537e+02
4.194181250021561169e+01
1.685700024975167537e+02
7.880370432086468213e+01
1.770609396580796897e+02
2.524848486979128950e+02
-5.310895090729392365e+01
-2.134050316559662974e+02
-3.907867947174283927e+02
-1.253097496741775672e+02
2.448139812332357224e+02
-1.492651703450884497e+02
-2.258278643100193790e+02
4.733344828316240864e+02
3.348530913585491362e+02
-5.340906735482252543e+01
-4.781303674349162520e+02
-8.893903976207032258e+01
1.762428762940033948e+02
-1.999584007109773438e+02
1.776455211775261205e+02
2.774268278520853528e+02
8.841730465202333278e+01
-6.467529110779510404e+01
-8.286303505154999129e+02
-2.163545757332814219e+02
2.471166855544303189e+02
3.136879964714706830e+02
6.488500118037289894e+02
-2.292236976049464658e+02
4.454755043732897235e+01
5.436629350655041293e+01
-7.893716615589138996e+01
8.917382640517399750e+01
-1.236198765628942056e+03
4.686395912704784337e+02
9.847823794444871055e+02
-7.992318189864229225e+02
-4.354997643927090678e+01
9.901065981578911988e+02
6.137186646971669006e+02
-2.679915820605636441e+02
-6.984431636867251427e+02
5.339754773508218477e+02
1.437358401157268588e+02
-5.488991934010617797e+02
-5.687361676314448005e+02
1.554590983861677387e+02
4.416909049702105676e+02
-3.399437899464312807e+01
-5.222845792241677998e+00
6.314802519868012496e+02
-3.967371631518891206e+01
-4.888163633620507653e+02
-5.949618877714933660e+02
1.942777684219672381e+02
1.526219608641648392e+03
-4.210444770448725649e+02
-7.667178428507905892e+02
9.937698302382260636e+02
-3.563105297902060329e+02
-2.901546638964655926e+02
-1.441498978755528242e+03
6.400500057083862657e+02
4.599345024868788414e+02
3.526274216579210474e+01
1.085525696124254409e+03
-1.649493096556356164e+01
6.177301416186157894e+02
-1.623596960315540400e+03
-6.679781826803385911e+02
1.027746035446941733e+03
1.238420624946585804e+03
-1.832469811479643113e+03
1.850410438108969799e+02
-1.627719343845608080e+01
9.898837347055257396e+02
-2.310316331324094108e+02
2.024093393791652602e+02
-3.391772293056712329e+02
1.911150718475362851e+02
8.341074429488386954e+01
-5.655060402792797731e+02
2.986715345986681314e+00
2.502252269964267839e+02
4.023069294749258802e+02
-1.129058132470961709e+03
6.660140933148391014e+02
-2.048350306221117592e+02
2.445026062107674989e+03
-1.736378400196179427e+03
-8.160677710709845769e+02
4.019437088534835567e+01
6.302611924706372974e+02
-5.671996857261390801e+00
-4.663400286090643476e+02
9.283523525082607648e+02
-2.471467624617348235e+02
7.493729784023230422e+01
-9.593176736185389473e+02
2.591323984346312272e+02
3.468120307762339394e+02
1.392663452339384548e+03
-1.501042398225816896e+03
8.292039343773971041e+02
-5.542883278250321837e+02
1.010673379717377429e+02
-8.015489803888202687e+02
9.892242918380403580e+02
4.914997687462494014e+01
1.227766211072802776e+02
-2.282221063157428489e+02
-1.194227873073619094e+03
6.787027786674142362e+02
-3.744292831079301891e+02
1.187618201467687413e+03
-3.986513239035191418e+02
1.881385810659905246e+03
-1.286710852950023536e+03
1.479139901705920863e+02
-6.790831460425242767e+02
-1.037019351584329343e+03
9.801954044650439073e+02
-6.724651102487397338e+02
1.322540330691179179e+03
-9.065316714276241328e+02
6.496475333867207382e+02
1.122399534525212630e+03
-8.451173678267899732e+02
-5.557359015599183749e+02
1.849309346514782533e+02
-1.298333106873241150e+02
-2.348448640234565232e+01
-2.642815616842914324e+02
1.021762395288796768e+02
1.358361454281130818e+03
-4.808807739947056348e+02
-1.271962752619415369e+03
9.372923475465352112e+02
-7.148001189071790122e+02
1.332123375700943825e+03
-1.023317735664150803e+02
2.513881863907642469e+02
-5.749431478701702645e+02
-1.010906767337293104e+03
1.827861661954881583e+03
-3.065757792963642032e+02
-4.772374157774243031e+01
-1.554673683993827581e+03
4.402456465474701872e+02
1.489270320488685684e+03
-2.163261879560016610e+02
-2.276128082886626089e+03
1.866302648042262490e+03
1.545158361477894573e+02
7.356414980285341016e+02
9.321348002208429762e+01
-7.083078183099344187e+02
-3.330663582030842917e+02
7.560812312262598311e+00
-1.049270949274097802e+03
2.339401825850270598e+02
3.618527844901902313e+02
1.316222134309324474e+03
-2.220184102148468241e+02
-6.329394527312676928e+02
1.589307356360525318e+02
-3.098569588062202911e+02
1.770197336194833497e+03
5.078609284680125029e+02
-1.549147101189709019e+03
-5.104618659909060341e+01
4.171624362169824849e+02
-1.082101989998053568e+03
-1.065476380279111254e+03
-7.151512029824568799e+02
1.793123629537360785e+03
9.144297754638766946e+02
-1.253086346245704021e+02
3.548953399385427474e+02
6.346460606063316163e+02
2.095122098796687382e+01
-8.340047065485925941e+02
-7.014856436782085893e+02
1.863637783664603944e+02
-2.332284512627147137e+02
6.936366752051661422e+00
7.646728095045448299e+02
-6.837238235998663640e+02
5.205944113937601969e+02
1.174956681496043132e+02
-1.095623191415042186e+02
1.575374113075006335e+02
-5.178470393348588914e+02
-1.779947075398133336e+02
1.390585518180476583e+03
3.447770296524848845e+02
-9.786112699552165850e+02
-3.708933082471496050e+02
-3.678726981527713065e+02
3.747176253134051649e+02
-5.502542389756072225e+02
4.822437289677683339e+02
-3.610613935340185776e+01
9.256467676907539044e+01
9.217492831697509246e+02
5.225607268132428374e+01
-2.814068446469797209e+02
1.118450646219656619e+00
-3.791218607870187043e+02
5.172626426771021215e+02
-3.480890566546851801e+02
-1.118880662493845421e+03
2.976808463898130981e+02
1.088451255617642346e+03
-2.415556300029751071e+02
4.836651088938202747e+01
-7.239749770019074049e+02
7.829148291877254451e+02
4.999046251214291487e+02
-9.829563619280104376e+02
-1.431585499185416666e+02
-3.480117912352042140e+02
1.554011647169980506e+03
3.407537527961292199e+02
-6.175551685893061631e+02
-1.124668060889718618e+03
1.479234283670216143e+01
5.911359091067076861e+02
5.675724707936456070e+02
-3.649397658236765665e+02
5.179099660005756505e+02
1.140763950695108406e+03
-1.042075854806369989e+03
-1.337518273951530546e+03
-8.588131445480913726e+02
7.023718614942495151e+02
3.457585212213981549e+02
6.455616638565758194e+02
-2.421609654459144849e+02
3.843974490136827171e+02
8.486674075481900559e+00
4.556414409299845261e+02
-2.163870554498557510e+02
2.965801195891675093e+02
-5.322852531423884557e+02
3.722837954238186740e+02
-1.319508959732776248e+02
-1.157082986628498475e+03
-1.811278839099085189e+02
-3.530494168053056114e+02
1.136268365170343031e+03
4.091163533025181778e+02
9.067774317716887253e+02
5.951377844036595377e+01
-1.496638229765352150e+02
-6.053327948034389010e+02
3.161967881872632802e+02
-1.102606277060372122e+03
1.609160633636252413e+01
2.019237303899889753e+02
4.869066288917299516e+02
-6.554755748007587499e+02
-8.888541905773389544e+02
4.551277479489813800e+02
8.898345306017121175e+02
5.516123685611045175e+02
2.847945212694011730e+02
7.943524833559274612e+01
3.960653950038395124e+02
1.752831036074794326e+02
-1.566116382866464846e+03
-2.293060533975339581e+02
-4.252756487040861657e+02
4.584551346396549434e+02
5.087956725895726322e+02
1.648126738806915910e+02
-2.541221375492547736e+02
3.080892959514205813e+02
6.325447548054004443e+01
4.946263495345514229e+02
-3.622066596097533875e+02
-4.253764584243468221e+02
-3.568975072429612965e+02
1.857048122556204248e+02
-3.823751061970787646e+01
-5.082346478381438146e+02
7.419711161486055744e+02
5.581384355406513578e+02
-5.701774011063496346e+02
1.349009795298538279e+02
-7.130418595366788281e+01
9.051486991113937393e+02
-3.296039671845879582e+01
-4.333545359905722876e+02
-8.518283893700577210e+02
2.000517125326339851e+02
-5.901972243020196629e+01
-1.821487345857785840e+02
2.307027028480509614e+02
1.232437720926125166e+03
2.848344340998402231e+02
-7.005293239728263188e+02
7.712865704300114089e+00
-4.534325934924353305e+02
-3.060731150640349369e+02
-1.971035154241429836e+02
-3.493482516562067275e+01
5.631089845492974746e+02
-4.961554440709827531e+02
2.712552885829176716e+02
3.237439127965689636e+02
-3.407692735006328348e+02
2.199574656491876397e+02
7.227130156454535381e+02
7.541670426010550727e+02
-2.256500090248250956e+02
-1.473232569788279989e+03
-2.797407890559853740e+02
-5.920357734565615715e+01
1.019274247444431921e+03
-2.727144181149384394e+02
-7.501814496645539521e+02
3.597906837936616853e+02
1.206342054945702102e+03
-7.120772643619482096e+02
-2.052079727329364687e+02
4.159606637781371319e+02
6.780438467729827323e+01
7.874448609127110785e+02
-1.364538195358220037e+03
-9.403242763006877567e+02
6.095424062115430530e+01
8.121911937362683602e+02
1.120051885073334574e+02
1.895996379753573251e+02
6.488909448684549943e+02
2.974558631721304209e+02
-4.655549346843446301e+02
-3.646939359981094242e+01
-5.900383126829555067e+02
2.525488961396399645e+02
3.186094506750729920e+02
-3.724149080439296995e+02
-7.020629818258132673e+02
-1.381237772620769988e+01
5.610575896746253193e+02
-5.563980397154338675e+01
2.337962650196460004e+02
3.069153639316509725e+02
9.988195907972655050e+02
-2.033323907470278016e+02
-2.930548931989703192e+02
-8.297853580352546032e+02
-5.856131686419425932e+02
-2.579290109347851967e+02
-4.276225674353921704e+02
4.834899089155935599e+02
6.516283041740600765e+02
8.348153459090116257e+02
2.192557601212899385e+02
-9.159582156276466947e+01
-7.237928870206786769e-01
-2.287537616957259274e+02
-3.289392125855992504e+02
3.760736176821899335e+02
-5.455339251530934916e+02
-7.981802551422018155e+01
-2.458618042666089991e+02
6.463071865742553257e+01
-3.220465814442482042e+02
-2.578841573788536721e+02
8.008028571480509754e+02
3.628915819282036637e+02
6.834094697637347053e+02
-2.425667230693140652e+02
5.563258529407236210e+02
-7.126867961783048031e+02
-1.217547306721373559e+02
-1.032434708914232942e+03
-2.921265781986716661e+02
8.157424448772829351e+00
3.133245094277700673e+02
4.864756910195620208e+02
1.431215645032354473e+02
5.120916108648606269e+02
1.578426610925026523e+02
-3.086159572312705990e+01
5.458644118212945386e+02
-9.157044610548306309e+02
1.673753322567101804e+02
3.658098688864799328e+02
-8.626634463567454532e+02
-6.850118108394681258e+02
-6.247955471601623003e+02
9.707707405806518182e+02
5.667920966788682335e+02
4.278650318780286739e+02
-5.103804727349547647e+02
7.313289845818139838e+02
-3.146893141477354447e+02
-5.363870775841732552e+00
1.163124716562646341e+02
-6.516014305747307844e+02
7.539732598552038212e+01
-3.771492120047225853e+02
3.607422085172975699e+02
-8.910369296664975991e+01
-1.472231460989558229e+02
2.635794319543035726e+02
4.269358329877612732e+02
4.335028278242615443e+02
1.468732501037779059e+02
-3.196823728730577159e+02
-7.219115255324587110e+01
6.210605994506203587e+01
-8.481379071303787214e+02
-7.405079331986866009e+02
5.627067172580711940e+02
1.159482321248309802e+02
5.143292623140370097e+02
1.624267902641731212e+02
6.028535437128066121e+01
5.584471593168510850e+01
-1.115588758520398116e+01
1.782916508028506541e+01
2.998171710614208507e+01
-7.862845315433706901e+02
3.112668211220077410e+02
-3.676403100975434199e+02
2.856730041414341486e+02
2.328261531151319161e+02
-1.880641905074360523e+02
3.967382244389293646e+02
1.884033789418835170e+02
1.603714587852251157e+02
2.666627594204669194e+01
-2.520512415584834400e+02
-1.443825532429731027e+02
2.339972694525120289e+01
-2.811705747418446890e+02
-2.581978660660647620e+02
-4.470943369105385727e+02
-1.638469382402311965e+02
8.523514961402987637e+02
-2.269436169395815455e+02
7.542270234321196085e+02
5.790436773775360280e+02
-4.355888290830094434e+02
4.671975383403595856e+02
-8.786583478103389098e+02
-4.352321556308971253e+02
-1.722072465023119889e+02
-2.529397461832568297e+02
5.204832791101500788e+02
-3.433497987345078855e+02
5.545692543313266469e+02
3.642302829530138979e+02
2.381600214471020536e+02
1.317729262407384851e+02
-3.198810512916570588e+02
-3.164943938949016911e+02
-8.021657135254106663e+01
1.658935855291302346e+02
-3.848396462855428126e+02
3.891960394762666056e+02
-6.906027695482680429e+02
8.066527552156799175e+01
6.439478993597538192e+01
2.078584265573990564e+01
4.814508971123149195e+02
-1.124552917128864209e+02
1.085412767583949062e+03
1.678856375760824804e+01
-5.457151641481617617e+02
-7.523697801211018259e+02
-3.088351106615918980e+02
-7.521484364493615260e+01
-1.795186878120512119e+02
2.622368559692378085e+02
7.090486552143743211e+02
3.022700957586060895e+02
5.991164334993922012e+02
-6.091932395523499508e+02
-5.075989502402580911e+02
-1.784164581568956010e+02
3.131381932595897979e+02
6.253844018659617632e+01
-3.161526269834785126e+02
-2.290428073122377484e+01
-5.216924164233589636e+02
6.506901971710299222e+02
-9.818619360968349952e+01
1.049908895071705217e+01
3.549802754457575134e+02
4.955469178714358804e+02
1.147789977755941493e+01
-3.254148355523581699e+02
8.520105483047441908e+01
-4.868553973482913761e+02
-1.554204945002355203e+02
-5.139557738406496128e+02
-4.146450650759638847e+02
4.017434739748580910e+02
8.427571497752803680e+02
6.928256834354452849e+02
-2.488537429308692310e+02
1.603338598571547209e+02
-3.953334660571198924e+02
-2.343244041835439191e+02
6.126069644441043920e+02
-7.245701223911667057e+02
-2.993644074688390901e+02
-4.490125638536737824e+02
-1.067970638058435782e+02
8.761611486654868486e+01
3.132314790353630087e+02
8.234266901318217151e+02
2.819446204880391065e+02
7.288899298939553546e+02
-1.642090314228867669e+02
-8.260796407715263285e+02
-2.720214590594970900e+02
8.500565440367124381e+01
-7.393480277586979810e+02
-3.202404486951428453e+02
7.662175449566758800e+01
3.821567057323179597e+02
5.172677573321305999e+02
-2.152758500917135507e+02
2.207361308695946320e+02
3.267611698485124521e+02
1.150187624092614442e+03
-6.180677534503774950e+02
-3.114895020802158569e+02
-7.765428427470147881e+02
1.795276295955166290e+02
-9.539978457163384746e+02
4.209070527237794295e+02
-5.555888555257147345e+02
4.324019157263018087e+02
5.438059774381461011e+02
2.281572718200512213e+02
9.968256042215750767e+02
-7.610876987319077216e+02
8.751619443136419250e+02
-5.053128217359544578e+02
7.319877185296806488e+01
-7.061240284188648957e+02
-5.531765668408023657e+02
-2.574930999522713932e+02
-1.652542949970870723e+02
-2.211519294526444241e+02
3.893020193509652245e+02
3.554845680240450179e+02
1.578638581604176807e+03
1.254335642160660171e+02
-2.104862352294350103e+02
-2.192702259736409474e+02
-1.569303796966865434e+02
-5.671111096060056980e+02
9.299998795840663490e+01
-5.045940035000771218e+02
-8.434712844698153731e+02
-1.349511607624926910e+02
3.037694614197359897e+02
9.145284623008479912e+02
2.726547145243023920e+02
8.810579076957770894e+02
-4.959847111927267065e+02
-2.530240718244724576e+02
8.207544780917893377e+02
-7.169067290717713377e+02
4.751379805319077718e+02
-1.535946789646845332e+02
-1.141122122235771030e+03
4.869894197213140501e+02
-8.685388224454379724e+02
-2.414114326456803497e+02
-8.261945080197657489e+02
5.829298167060719607e+02
9.786307893839572216e+02
6.814611765539732460e+02
2.301832596691459457e+03
7.393783093344140411e+00
-6.483333839292864695e+02
5.170332773292278716e+02
-1.258642489465605649e+03
-2.883434524883786253e+03
-1.010827324284498673e+03
4.009087808819484167e+02
-3.005126584290115943e+02
1.583927103871299096e+03
1.251700313203212090e+03
1.932666762248206169e+03
3.379614123518191718e+03
2.148793369310197249e+03
-2.767669518762430471e+03
-4.455355729602209976e+03
-1.165866680984530603e+03
-2.116415537855888488e+03
2.540791706111725034e+03
2.590729398203041001e+03
-1.031007379898079762e+03
-2.844539334080222943e+02
-1.579250684565232859e+03
8.120976702333294384e+01
-1.536056863299173983e+03
2.909479598937188257e+03
2.097427443054124069e+03
-2.528683063117235633e+03
3.235527253250989816e+03
-2.737975244414865301e+03
8.183023756376378799e+01
1.068990657341136966e+03
-3.487342936735521562e+03
7.614337200186163273e+02
-6.343066536079438720e+02
5.561063024446638337e+03
1.465367708999427805e+03
6.971247841838744534e+02
1.079483577510309942e+03
3.935058667156712181e+04
3.170267731311399189e+02
2.257692362565379653e+02
8.037379902971872525e+02
4.066028762777462362e+03
-1.933089517670016221e+03
7.842198285269599864e+02
-3.073806484622397875e+03
9.430328648630776343e+02
1.157424148468544871e+02
-1.240066180372763483e+03
5.193811784081945007e+03
-2.689840046755131880e+03
8.891107696897082633e+02
1.984419458021511218e+03
-1.363666497706587961e+03
-8.283259379731166518e+02
-3.096575264387582138e+03
-5.913965393508415218e+02
2.880159735757581529e+01
4.654482888530794298e+03
4.269925482712204939e+03
-1.359231334006508860e+03
-6.210011597298683910e+02
-2.830169637149072059e+03
-3.137991124546101219e+03
7.457010091331953845e+02
1.326678488347818075e+02
6.579397089363882287e+02
8.908423233874546554e+01
2.870495616602640325e+02
-1.684874740165225148e+03
1.594439736094467889e+03
1.743118922935195087e+03
-3.010390420614067466e+02
-3.425500655606757050e+02
8.373290275032682075e+02
9.165018384318790368e+02
-1.398463399437907583e+03
1.824870224718175223e+03
-1.811234525330091174e+03
3.709663124332133748e+02
-1.437303866506426402e+03
-9.002090517492084700e+02
8.301899711202119079e+02
7.502732162010752290e+02
-5.748048749302829918e+01
-1.122624951958213160e+02
1.864438693209733628e+03
1.417699801326157967e+03
-1.281826013074350158e+03
-8.672519332329832196e+02
-1.232265886868196731e+03
-3.612917573164163514e+02
3.162456131166330806e+02
-7.018222291769776575e+02
-9.718756953623542358e+02
4.649538960135016623e+02
1.291195485035372712e+03
1.150903639531619774e+03
1.754540283721709329e+03
4.514726410379579420e+02
7.684203707376491366e+02
8.985348465812253949e+01
-5.666091597746587922e+02
-1.490793036063947739e+03
-1.780667692715640669e+03
-6.281161291624702017e+02
-8.362992996572619120e+01
-4.932210567830913419e+02
-6.044542680913392587e+02
-3.290335942336662924e+02
8.806917451342974346e+02
1.068807943695432186e+03
9.340889599866358139e+02
-7.291160364797739248e+02
4.751624144313741027e+00
2.876652557598945918e+02
1.394947007720276133e+02
-8.203116359679980860e+02
-2.890991275421901037e+02
2.082872799207720163e+03
8.527053169974111597e+02
-2.879705604581280909e+02
-2.342782917162480771e+00
-5.051756217082271405e+01
1.094460730118440495e+02
-3.807215858375243442e+02
-1.047889533577333395e+03
9.918474227616093231e+01
-2.277454387425603102e+02
-5.488927918022295671e+02
-6.729348359801855395e+02
-1.766007890002831857e+02
-6.215170954523974700e+01
-4.914206011881272502e+02
6.891484502172669409e+02
6.192361649024843473e+02
-1.187090008039449458e+02
5.736026536448340494e+02
1.049714321137882507e+03
-2.395020001992967877e+02
-4.527071843366293251e+02
-2.557341956984854221e+02
3.815990829225992798e+02
6.441549257348212905e+02
-3.007843874256006416e+02
1.505133066126864492e+02
2.776469293143842947e+02
4.626764322273675134e+02
-2.202989595544827921e+02
-3.755748949821607425e+02
1.383831858140588622e+02
-1.334773416614950747e+03
-1.176081686942933175e+03
-6.268985483728938846e+01
-2.171316093951514858e+02
-2.257875113666483742e+02
5.417942097152451879e+02
1.158699614356976099e+03
4.420952031529129727e+02
-5.806918771706269808e+02
-1.500444823653219828e+02
9.836932341763028944e+02
7.115213752730819863e+01
-3.701452851587732766e+02
3.035165611073481386e+02
6.594472581563051108e+02
2.961373508950115934e+02
-6.085092375358015033e+02
-9.263074755709895669e+01
5.345477357013407271e+01
-2.378019736200390639e+02
-1.431415841804372064e+02
-5.212781279053143635e+02
-1.532665178661500249e+02
5.975349404455807445e+01
-4.253998167204205174e+02
-1.187657213774088802e+02
2.033611617453148597e+02
-5.607086768744681393e+01
3.062093062695962544e+02
2.952035014904305967e+02
1.440470728933204896e+02
2.783624559205034643e+02
-1.882580355838198045e+02
-1.098840789316135442e+02
9.504127525228920348e-01
-8.859529781077898747e+01
2.490575275196695415e+00
-3.072017847327112605e+01
7.050930688716002237e+01
-3.497191829981935740e+01
-3.668187557825799416e-01
6.445479731559983350e+01
-7.272799306041682144e+01
1.441444173126135020e+01
4.784783222690848703e+01
-2.602068348038778822e+01
8.640410091887563482e+00
3.289677551727545790e+01
9.764983424901894082e+00
0.000000000000000000e+00
