1.539392341857870861e+01
6.442299615456559536e+01
4.664297223054936836e+01
-5.084120025420129707e+01
-1.098687221432263925e+02
-1.517404794827386354e+02
-3.876594634612310841e+01
1.132088489772012281e+02
4.653957287547762434e+01
1.732360107888209200e+02
3.344918130718787666e+02
-2.098576050033347684e+01
-1.963335484549704120e+02
-2.750627232303482401e+02
-1.592473590227100999e+02
1.855820988857632017e+02
-5.107736626693017001e+01
-2.580082663871551745e+02
3.665927080265316818e+02
3.807732052813549899e+02
6.124831566027074814e+01
-3.479131369128761548e+02
-1.901505148088538988e+01
1.812596714275464080e+02
-3.770967474041838159e+02
3.054364916936308205e+01
4.190339505824622961e+02
1.608604186308334647e+02
1.819679540694720572e+02
-5.638957322498233680e+02
-3.878266658631054611e+02
6.660666346215327849e+01
2.250983972049422732e+02
6.311663489394993576e+02
-1.336139515721205555e+02
2.272199690922383013e+02
1.194298912748019745e+02
-3.914129557866329492e+02
4.019323372135669388e+02
-7.827500913291664801e+02
-5.684063050586027543e+01
8.683495696153569270e+02
-9.176023959494327755e+02
-5.056461069302557689e+02
1.163094148578983777e+03
1.090235467696699061e+03
-6.826956148175500516e+01
-7.984142902454252635e+02
3.681224930890173823e+02
-2.714064937858072426e+02
-7.167239800590556342e+02
-2.233410598368899116e+02
1.977172466478553190e+02
4.923285320400914316e+02
2.778968515145416518e+02
1.639623894810269533e+01
5.521878646396212389e+02
-1.792334653585094770e+02
-7.452559570363745252e+02
-6.167903176357723396e+02
1.635183653815845730e+02
1.793206660016950082e+03
-1.875170737231985356e+02
-1.015379220879156151e+03
1.039989385820034613e+03
-5.573193429242184038e+02
-3.335948291934452641e+02
-1.137111058730168224e+03
6.201022864698030617e+02
5.588261064526952850e+02
-6.347563578146819907e+01
1.199558515402722833e+03
-1.387004317424332456e+01
3.100143508319515604e+02
-1.446869297247817030e+03
-9.862141081791576198e+02
8.931090064015356802e+02
1.662419026302968859e+03
-1.818773043364753676e+03
3.640350670756579916e+02
1.017671190640011218e+02
5.286465321008936371e+02
-6.216725807728247446e+02
4.959560848713434780e+02
3.240669307861240611e+01
1.138981440101532883e+02
1.889842434785466310e+02
-6.032562111147949508e+02
-4.161023444794982424e+02
4.513737415680059257e+02
6.318856259173195440e+02
-1.388221997464018159e+03
8.715069153826893853e+02
-2.133375472796302006e+02
2.101225606901312403e+03
-1.426242312863261077e+03
-4.457630811288922814e+02
-2.151911570188161988e+02
2.234033870168296403e+02
3.942750145555778829e+01
-6.419559724441608068e+02
1.054407161015208430e+03
4.573963893854378284e+02
-1.960433554712090825e+02
-1.243899837821273422e+03
3.164508575712590073e+02
1.214262864280049214e+01
1.471869737367535208e+03
-1.069375692276503287e+03
9.830413003187148888e+02
-8.599708970689857779e+02
9.914213734140736278e+01
-7.473832993459662930e+02
7.457646750616938789e+02
4.233780488223972611e+02
1.123766508263594659e+02
-6.919401682332180599e+02
-9.234000229088906053e+02
8.851038367551968804e+02
-4.411949254709993511e+02
1.343434920034048446e+03
-5.155989005031548231e+02
1.425376686245841483e+03
-1.492147474646029877e+03
3.921670425195537177e+02
-3.944308550422659891e+02
-8.979515934322105295e+02
1.188681848224148098e+03
-9.397625160959690902e+02
1.049515169624558666e+03
-7.442790275807375338e+02
3.414091930769378678e+02
1.191632909878241207e+03
-4.482030934818097307e+02
-5.323544388294462806e+02
2.577550498890211657e+02
-2.609394241205068283e+02
-1.590217565623257912e+01
-4.392608595702006369e+02
-1.980630103293064792e+02
1.468882501313385546e+03
-3.895298284736744563e+02
-8.509958521481602247e+02
1.136938162003609023e+03
-9.829584437022006114e+02
1.136013240950248928e+03
-3.417000159191026682e+02
2.150857519129795037e+02
-6.586593810385334109e+02
-9.983937062213418585e+02
2.265805183299112741e+03
-3.381130334486930167e+01
-2.381265338360194050e+00
-1.680053109578959265e+03
-5.045070226198888008e+01
1.193719697634859131e+03
-6.855018805000663917e+01
-2.089252426046183700e+03
2.194780017136582956e+03
5.454993717669234456e+02
7.370938212551368451e+02
-4.627424800564939460e+02
-1.042849732117947951e+03
-2.971184552340404252e+02
-1.633387768928751029e+02
-6.456911215663656094e+02
6.120594801461965062e+02
1.834656670945814483e+02
1.459698496380590768e+03
-2.367732787635127636e+02
-9.083439261820914226e+02
-1.006586519692412196e+02
-4.626625928988041778e+02
1.597544152839797334e+03
7.997831486786465121e+02
-5.199157923225905051e+02
-4.892317517493455625e+01
-1.199044883480917179e+02
-1.247793451114186155e+03
-1.641158927455321873e+03
-8.264143600071000719e+02
2.336643451719309724e+03
1.234889029185140771e+03
7.079580831904507932e+01
5.464041017826436928e+02
2.640888264550108033e+02
-6.659320698880342206e+02
-7.115578201089647337e+02
-3.713056252381189779e+02
-6.081037810794306608e+01
-8.555088821638889840e+01
3.089117249325980765e+02
6.947635232812535833e+02
-2.554738042330372139e+02
4.083432884765546191e+02
-8.317033654459310128e+02
-2.597587108706578078e+02
4.451517860032024601e+02
-2.353098785831060979e+02
2.142324147872709545e+02
1.749037032371906207e+03
1.229522570644268029e+02
-1.606961334550592255e+03
-4.131427542497498848e+02
-6.153400857945986218e+02
4.635858450007455644e+02
1.917750717389187116e+02
4.341672174162084730e+02
-1.325520985752085323e+02
1.242910131759074659e+02
6.229095583616478962e+02
-1.220404988512276105e+02
-2.236825835232530153e+02
2.077676292579480588e+01
-5.482961140981919925e+02
8.637391344134478004e+02
1.645536340556867003e+02
-1.243082765252643185e+03
1.739003431918748177e+00
7.130062544456992555e+02
-5.173156070900803343e+02
3.699559859511282411e+02
-4.321547379136038671e+02
7.770874347249680341e+02
6.827980533775718186e+02
-8.739298520443695679e+02
-2.900845626883370301e+02
-7.759080095291391217e+02
1.305659620261942109e+03
5.776983285731383830e+02
-3.817276118685408619e+02
-8.432325087881706622e+02
-2.887810586968497617e+01
4.718830770508179739e+02
6.132772654034632751e+02
-6.517997950033179677e+02
2.765897109570394719e+02
9.811246081366205090e+02
-6.073010450361014136e+02
-7.779779837162685681e+02
-1.068616821291986525e+03
5.727030994656433904e+02
1.868885680082720455e+02
5.154065687130395190e+02
-1.808946272058717000e+02
2.801799613877543038e+02
-4.568381588633880597e+01
6.005245545445690141e+02
2.462356808522273752e+02
3.882291268917869616e+02
-8.369094452191242226e+02
2.395381994346536203e+02
-5.838959121931555956e+02
-1.321680220804873898e+03
4.332861860440493729e+02
-1.155340135054801465e+02
1.164956534407921026e+03
6.721728175087844193e+02
5.509682168285116859e+02
-5.374371649652701990e+02
-2.811744580735385739e+02
-3.910292062124668746e+02
6.288841393547472762e+02
-7.578848532991605680e+02
1.096669580594456050e+02
-3.490713351818324099e+02
6.591144824173959478e+02
-2.516226995161411537e+02
-1.585218211272292365e+03
1.951893060721003508e+02
9.894610788199361195e+02
7.525673819048281530e+02
1.001922574461902514e+03
3.374285090637777103e+02
-1.045212641176596264e+02
-3.758139553696463508e+02
-1.551690020164629004e+03
-4.887982155611596795e+02
-5.357366561161468326e+02
1.398657084666306218e+03
9.203377870364608953e+02
-2.898250207118459087e+01
-4.806567919383720096e+02
-3.921694805392444891e+02
-1.889736912466418914e+02
1.008045913089416786e+03
-2.679459326009709912e+02
-5.959060812192159347e+02
2.862291786822546769e+01
5.816323666671422643e+02
-1.592660752461262632e+02
-7.313783020051599806e+02
3.586249002990852546e+02
-1.202477616709068968e+02
-3.472289457368906369e+02
9.047455566525696895e+02
1.153981050717774792e+02
1.198497588264137903e+03
-1.088301145664181035e+02
-1.013372855625928310e+03
-1.219896343851773054e+03
-3.644899623880657202e+01
3.332961590429177079e+01
2.601769298553715544e+02
9.982613252292799189e+02
1.302059118274548837e+03
-2.991791675154212840e+02
-8.512649775262892717e+02
-2.924858779987770845e+02
-6.125258764425404934e+02
-2.749475226037824314e+02
-1.699347578083716996e+02
5.519220826742854342e+02
1.142700967923899043e+03
-4.897981938137418183e+02
-4.158607293089287964e+02
-3.318066926018803997e+02
-2.661522847743715943e+02
4.280471308341067243e+02
8.472374870337220045e+02
9.927156374109154058e+02
8.197849168539957532e+01
-1.214353943580472333e+03
-5.482602744374213444e+02
-7.453178705615945319e+02
6.600471247186429764e+02
-1.877279136951419787e+02
-2.087290577381105550e+02
7.021783270560758865e+02
1.236393005504824714e+03
-3.874272146014758960e+02
-5.191175360323067025e+02
-2.176437427479150983e+02
-2.256512046954848643e+02
6.606404590383026516e+02
-8.744237136236113201e+02
-3.120787400247438654e+02
3.467739067089630112e+02
4.100080425382030285e+02
-2.749583867753217419e+02
3.181184415669649184e+02
3.531281248110965407e+02
2.932546649888409434e+02
-3.703463356074021817e+02
-2.080426668847558460e+02
4.825592212673555537e+00
7.617319798161539666e+02
-7.931119401204341557e+01
-9.352574841554421710e+02
-8.897482604044214440e+02
-1.118155563270907322e+02
6.795387228564629822e+02
5.212733750884417532e+02
4.719328368532048330e+02
2.924491753804622363e+02
1.117013777311240574e+03
-9.252889112391806066e+02
-1.099725921177724558e+03
-2.469466734207440766e+02
1.458349227860475139e+01
-2.307528063630880411e+02
-4.001097378266510418e+02
2.465927062575204900e+02
6.523562033947378040e+02
1.135569754578034235e+03
6.610414533916929258e+01
-8.489740826243796619e+02
9.649083182243927581e+00
5.345061421739690104e+02
-3.409601398568329387e+02
5.479958579573246880e+02
-4.286292949764195441e+02
-6.700246788880589293e+02
-4.042618199305431972e+02
-1.247046238041662747e+01
-4.162490732661249808e+02
1.588149068658734677e+02
1.501140834884040260e+03
3.576725122491239972e+02
2.690767671017388807e+01
-4.453061887592015751e+02
3.408290980113679325e+02
-6.932525416845151085e+02
4.088262232436866270e+02
-1.132986927710011287e+03
-4.580342446694074852e+02
4.709472233289409928e+02
4.765632355127524420e+02
1.754463199674289910e+02
-2.314477092608334203e+02
1.936959221934666289e+02
2.440268024374424840e+02
4.373588857713417610e+02
9.279936959856783005e+02
-1.090122812738749190e+03
4.272101764416171221e+01
5.086791666196438086e+02
-1.342542699239414787e+03
-1.020956609051031137e+03
-5.392436675845640366e+02
1.350041476584721977e+03
1.271390237727302519e+03
3.743301277612919193e+02
-9.035294780181533270e+02
4.434523705584310846e+02
-3.967026298816188614e+02
-5.512606703018287035e+00
-2.923995744606027642e+02
-4.357516435326372743e+02
7.931011293173899048e+02
3.943758716035981138e+01
2.099210860245990489e+02
-7.734200382165707879e+02
-4.688606199260864287e+02
2.705614677617374468e+02
6.116707309424901950e+02
6.608804372937776179e+02
1.057052760682701660e+02
-2.576565744657167301e+01
2.731002440489376113e+02
-2.987773054704038032e+02
-1.321029436410493190e+03
-9.938453795859494448e+02
4.456015314350037784e+02
5.082231246713093924e+02
1.042572713902884516e+03
3.649815370465667570e+02
3.101762766867868493e+01
-1.904255572417596909e+00
-5.096705423426533343e+02
-8.423819339473960781e+02
1.942161026403985602e+02
-2.258416396525191772e+02
7.960848530966048884e+02
2.666712914566790573e+02
-1.534136927295419923e+02
-4.738616458804693252e+02
-1.584639166890542583e+02
5.460346866936649803e+02
-6.875382212043814434e+01
-2.968981249143994106e+01
4.643855344414869251e+02
3.201045515043374223e+01
2.651257320494257783e+02
6.022175347425600478e+01
-1.275614321606435851e+03
-5.087377655833426502e+02
-1.759587636226882239e+02
-3.516811130300103514e+02
1.148560501654263589e+03
6.003625522393008396e+02
1.022383724186340260e+03
1.476377000223457117e+02
-1.072657807158014293e+03
-2.272480881264257846e+02
-8.890270449361844385e+02
5.122369290657911733e+02
1.850578284134992089e+02
-6.280351755194363932e+02
7.797535787770545994e+02
-2.859134455432913455e+02
2.125926297550228981e+02
3.514322697439437206e+02
-2.307615087328269965e+02
-9.232774322890730900e+01
2.563286801849400831e+02
1.983783696186735028e+02
-8.093137472570265345e+01
-4.321688995697037683e+00
-3.788047797173509252e+02
-1.865313761463765729e+02
-9.732219224208798778e+02
3.821448383165097766e+02
1.253009315657953664e+02
6.888812048428493426e+02
8.999341242492417905e+02
-6.461353805472508611e+02
5.335477372572975128e+02
-1.960280077742067135e+02
-4.025128669634150924e+02
-6.110773691914616847e+02
-1.795925005415758164e+02
-3.454441070317404439e+01
-2.999458629149739863e+01
7.216306914341384982e+02
4.935756989910048560e+02
-4.622457122442938271e+02
4.433291914612278788e+02
-3.106627038437301280e+02
-2.122940313169556248e+02
-5.896898732864168835e+01
1.804599743413430701e+02
1.787622797429312982e+02
-2.541992463662229795e+02
-2.868411463820440304e+02
-8.317108456027561942e+02
4.902123741946066389e+02
4.085409903208811784e+02
3.807102657328165378e+02
2.522599298442425493e+02
3.926497597637694525e+02
-1.275670958117129175e+02
-3.138234414622449435e+02
-2.333106133352264351e+02
-6.724644018821409190e+02
2.775550429986267176e+01
-2.126057536999469164e+02
2.247396040068423986e+02
2.021686431680981002e+02
1.771812317959821428e+02
6.149212309195592070e+02
-1.379097312513512748e+02
3.074380136020334930e+02
-3.255907780872765329e+02
-2.455919372897512005e+02
4.874565304246482356e+02
-5.617481522002253769e+02
-1.029034549008994048e+01
-8.669138083885983406e+02
-3.928039420169394589e+02
3.152544004085376059e+02
2.490672524727945074e+02
9.951004727743966214e+02
6.702210331529523728e+02
5.668679381531778745e+02
-1.496620001606510471e+02
-8.586666448558958109e+02
-9.764373294757739359e+02
-2.505120081582915077e+02
-6.444069127059134416e+01
4.305520305157249936e+02
-8.726077835800286664e+01
1.525475925784383833e+02
2.219827179212713304e+02
-5.234187042176922660e+02
8.203925679690249808e+02
2.324790790044178834e+02
6.110828896934946215e+02
-2.497541350392711763e+02
1.307722589730769158e+00
-8.003214290957010917e+02
1.140578816322079376e+02
-1.008288433616415546e+03
5.390893933682056627e+01
-6.574826217326747155e+02
7.330800989390986615e+02
3.748074588684175978e+02
6.617850716212028601e+02
1.700112155568325761e+03
-1.272610748712363602e+03
1.747206532142650417e+02
-7.233224869184674617e+02
1.273333945049419214e+01
-2.460828739554309550e+02
-1.433042425774321060e+00
-3.969784318906295084e+02
-4.086379115624607152e+02
-3.851380647521182965e+01
4.013958511171998111e+02
-8.657273864396289298e+01
1.483118342995622697e+03
1.485135084811899446e+02
-2.023586367688123460e+02
4.357850564405351292e+02
-5.785234936388362570e+01
-9.716625911263712396e+02
6.435021411821210791e+01
-6.673938462509846659e+02
-1.068760129646027053e+03
-2.811342034741315956e+02
6.690800310617316882e+02
1.433541705432467779e+03
4.810689189294491257e+02
7.785974321427092946e+02
-1.233242325716082178e+03
-4.814890499784806934e+02
1.076983338257477953e+03
-7.555511421674669919e+02
5.362171224795994249e+02
3.206689174635086204e+01
-7.102371083331915997e+02
6.662338797515182023e+02
-1.274771455016370737e+03
-7.228951602151365705e+02
-1.105209106791985050e+03
8.207771277780319679e+02
1.435864113131264503e+03
7.382860565807294506e+02
2.227044253085246964e+03
8.053243094143796554e+01
-6.524884784472978936e+02
2.912728834390704264e+02
-1.594833541307821179e+03
-2.808286093151922614e+03
-8.076231912114205898e+02
5.775080614953591294e+02
4.272925039475359199e+01
1.356203343443770564e+03
1.173760471739061813e+03
2.011497563613555712e+03
2.836814034225013984e+03
1.925473267002774946e+03
-2.556583740402864350e+03
-3.984947399408546062e+03
-7.976085942991589945e+02
-2.062688623284672758e+03
2.170049064947918396e+03
1.870359766720723655e+03
-7.024083785776912237e+02
1.340613929151617469e+02
-1.866836113539763801e+03
1.938292306241832534e+02
-1.548463494103349376e+03
2.835069094693869374e+03
2.390010471395759396e+03
-2.570039514848903764e+03
2.848188348889025292e+03
-2.704792815600238555e+03
3.241403668011594732e+02
8.201939553486390651e+02
-3.456534192900156086e+03
1.348761683018708254e+03
-6.992613856623515858e+02
5.185189786046872541e+03
1.347715074076728342e+03
2.119077367910531109e+02
1.312479261960067788e+03
4.022667101664323127e+04
1.709041372524900737e+02
-2.027555456188195535e+02
7.596165322067301986e+02
4.129783829051981229e+03
-1.883863825319819853e+03
9.734235392363096935e+02
-3.134190813508974315e+03
4.551708242547858845e+02
4.505605582109743636e+02
-1.071829772727065574e+03
4.843262219355000525e+03
-2.329506710555731843e+03
9.360334024882457697e+02
1.679067579340590555e+03
-1.382770985240203345e+03
-7.644894854508302160e+02
-3.071122558774796744e+03
-4.016509127915907698e+02
2.865434649701884382e+02
4.157048862419464058e+03
3.926236046213292866e+03
-1.000165420245513701e+03
-5.214860968288079448e+02
-2.712509363265832690e+03
-3.109647062979529437e+03
3.597898212097383066e+02
2.001258082255830857e+02
1.027540647848368508e+03
3.725694956887828369e-01
5.790274418900574460e+01
-1.689221345627852315e+03
1.763166593954980272e+03
1.690650735124808534e+03
-3.673036136399662723e+02
-2.868439906027441566e+02
6.853192278398137205e+02
1.134275750651598855e+03
-1.392137761706922447e+03
1.570723536682864506e+03
-1.614781407128580895e+03
4.364691507181697148e+02
-1.312112466109923162e+03
-1.073956517865659862e+03
5.982894743655303955e+02
9.335315083124246485e+02
-1.098731976468307607e+02
-3.253173910400695235e+01
1.766663901419811282e+03
1.318389431190928008e+03
-9.496879520206541656e+02
-7.483763044981623125e+02
-1.356498385286894973e+03
-7.222412834575372926e+02
2.741839374978723072e+02
-4.268942808367361863e+02
-9.366085738454299872e+02
6.220528572688710938e+02
1.202681723713445308e+03
7.980544482519962912e+02
1.911304910420947635e+03
5.849059817534473495e+02
5.745588771721531884e+02
2.000903315183690552e+02
-4.539771971353038680e+02
-1.576711924874711940e+03
-1.765494240374212723e+03
-5.158419168637486791e+02
-1.285667355088326644e+02
-5.752250473434924061e+02
-4.891896012332297801e+02
-8.124935402644473470e+02
7.150641837820431874e+02
1.829593022766425520e+03
1.067328822928440559e+03
-8.473538192901661432e+02
-1.357748195102340389e+02
-1.173457382049346762e+02
8.425928574838131624e+01
-4.072913090591284231e+02
-5.205618572139984224e+01
1.710737729383040005e+03
9.903325603141713600e+02
-1.993133200740434461e+02
-3.939376772494626948e+02
2.331370630447129599e+02
1.532887242349431460e+02
-6.717972419593694440e+02
-9.020644824668361252e+02
1.810428848742610626e+02
-3.761952650161839529e+02
-3.024136431517132451e+02
-2.839751093564049143e+02
-5.613405400210390326e+02
-4.944620033488465083e+02
-4.078696748126308194e+02
6.416105078314825505e+02
8.447301251159130970e+02
3.379240407140794105e+02
2.852306064594120585e+02
7.335260605911860239e+02
-5.545105811461915124e+01
-4.610259315747084088e+02
-2.354631824719272117e+02
4.948366488278393263e+02
5.020288214922525185e+02
-3.543405328902003930e+02
2.373669136658807020e+02
3.327499572725126313e+02
3.078468220325433435e+02
-8.118489934416130893e+01
-2.204990891356627856e+02
-1.553984392780803887e+02
-1.384801281967591876e+03
-1.213800954738928795e+03
5.131030409176014473e+01
-1.262322704426577147e+01
-2.725263862437710145e+02
5.626943022901659788e+02
1.194365453792740254e+03
3.426679973603706912e+02
-6.417235973358306182e+02
-2.009269765910116519e+02
8.257394217499524984e+02
1.903370432933517122e+02
-1.392096913336476689e+02
1.494616632168431636e+02
5.214330798380614169e+02
5.191215644418905413e+02
-4.286129560965457017e+02
-1.932640658181385618e+02
9.257556304887889098e+01
-5.255312399133377994e+02
-4.843278981433549006e+02
-1.472231194402631900e+02
4.905565706167439544e+01
-4.302502882906419757e+01
-4.632439953534362189e+02
-3.805657529594046764e+02
2.291078295950673294e+02
2.307057453973422980e+02
2.266500422840880731e+02
3.288713715637938435e+02
2.769341476618802744e+02
1.689597421506409773e+02
-9.861073397829885323e+01
1.610976251225823219e+01
3.325928889411846257e+01
-5.666848242635133914e+01
-8.366117120983131983e+00
-5.953708961861154059e+00
8.141992110268158456e+01
3.876422987978083512e+01
-1.975873616164242463e+01
-2.791989985305190913e+01
-4.000035512706429586e+01
-2.130550532978925915e+01
1.893538993119799585e+01
3.705378396648394812e+01
4.677478456435302689e+01
4.409648582463823629e+01
1.315992382816190442e+01
0.000000000000000000e+00
