8.816520727934085144e+00
4.424408280985914388e+01
4.063184530718922360e+01
-5.800112370276750084e+01
-9.252529613724875901e+01
-1.305230795947196327e+02
-4.045873128246175554e+01
1.087762402528407080e+02
6.362115455124098418e+01
1.315473995920328605e+02
3.414260974519523302e+02
-4.128922255916673123e+01
-1.898893695060000084e+02
-2.630767536514797484e+02
-1.796031061420918036e+02
1.717344549258004633e+02
-1.740747955826934401e+01
-2.898155631132858048e+02
3.899785243966391590e+02
3.292650939236566501e+02
2.906496651462267522e+01
-2.774714257052551147e+02
-8.579072628962533997e+01
2.698927028713231380e+02
-4.394565273359145294e+02
8.730397303532349440e+00
4.221367658681534181e+02
4.558151263905638473e+01
2.620217999007876415e+02
-5.623147309201924600e+02
-3.452617626138152218e+02
1.112015373155439164e+02
4.891693220091543282e+01
6.952064815277394700e+02
-8.274590430945664821e+01
9.059433070718020531e+01
3.170593343648851032e+02
-6.792175925070796438e+02
6.436869192102687975e+02
-8.558695973710655380e+02
-8.131093919904013489e+01
1.032861034389027282e+03
-1.070414069446220992e+03
-3.429525049206750964e+02
1.026529602049520690e+03
1.088085553679655050e+03
4.271963354806011637e+00
-8.411347816083564339e+02
4.683949917791987900e+02
-4.065426204282121603e+02
-6.420070725533562381e+02
-1.695169625904449333e+02
8.910177249355385243e+01
4.735016603614448059e+02
3.048628250830602155e+02
-1.351556031738068242e+01
6.783616095404297539e+02
-2.663141197474633941e+02
-8.119709199174901642e+02
-4.158441258633874895e+02
-5.718854356248097304e+01
1.967346186303966761e+03
-3.054252394210757302e+02
-1.007056610643773979e+03
1.245611962496754813e+03
-9.095057557099311225e+02
-8.927793789282486614e+01
-1.288911953962250436e+03
6.567311768534880230e+02
7.420367013026166205e+02
-4.262103218750477254e+02
1.533281196974876138e+03
-1.716616212297035986e+02
3.564621232040935865e+02
-1.332374534349937903e+03
-1.213035111335575948e+03
1.142152561936194616e+03
1.452336732854464572e+03
-1.783349372316733707e+03
4.502033042032279582e+02
4.408522547607977771e+01
6.758339857093786804e+02
-8.321054083585735270e+02
5.161963777343352149e+02
1.136373287858081085e+02
7.255217248010787046e+01
2.402176214362396252e+02
-6.611329414107337925e+02
-4.125138884626956042e+02
5.314915438426424998e+02
5.081624552600404741e+02
-1.382041238726807478e+03
9.778211978221542040e+02
-2.864729672399162723e+02
2.174827602685319562e+03
-1.613458175263725025e+03
-3.217135376050529771e+02
-7.775481041338814236e+01
5.300736771603974518e+01
1.848845305879230523e+02
-8.907627423014680517e+02
1.240519671846276651e+03
5.086870612348500345e+02
-4.082032562263878503e+02
-9.580375982484905535e+02
8.450161682088108250e+01
1.617736762918368925e+02
1.362021246574221777e+03
-1.207865996184556252e+03
1.303976352868877484e+03
-1.094583273277045919e+03
2.708429965367024579e+02
-8.813403337073007151e+02
6.893912727363928070e+02
6.734523787508927626e+02
-1.564155136952411169e+02
-5.775533856491247207e+02
-9.384273595070391139e+02
8.624948259306718228e+02
-3.230020018480141175e+02
1.205476624073713538e+03
-4.128795024007998791e+02
1.485006588648426487e+03
-1.610640490233598030e+03
3.943569245048494736e+02
-4.443102658546865200e+02
-8.411483270414964863e+02
1.331135307988826526e+03
-1.166077550373458052e+03
1.160594464740478543e+03
-6.956559213234544359e+02
2.070356368766761932e+02
1.329000298430740486e+03
-7.016594049497888363e+02
-3.001871508874040160e+02
2.976482620069346012e+02
-4.387715067712243808e+02
1.698528284255324650e+02
-6.611629403160544598e+02
5.814780432321407488e+01
1.308281279651543628e+03
-5.322008391484557706e+02
-5.693932726586665467e+02
9.479318148340928474e+02
-7.644873169940163962e+02
9.527952786739166413e+02
-3.494440594876195973e+02
4.266375855278328686e+02
-8.809424265313328988e+02
-9.043596214604542638e+02
2.125426714433841425e+03
7.515409618844364559e+01
1.022972567102895738e+02
-1.849058370337027554e+03
5.695374971944013964e+01
1.155793851752199998e+03
-7.647212502305697512e+01
-2.114786409108173302e+03
2.104060970975127020e+03
6.740586750564917793e+02
8.459714334991145961e+02
-5.932484653334734048e+02
-1.038737408452263253e+03
-3.213710907978057776e+02
-1.347114953112971421e+02
-5.631702072376145907e+02
3.872813520828614173e+02
3.766013011992271231e+02
1.437455743724955028e+03
-2.736509389143593580e+02
-8.091192484000844161e+02
-3.142053852208909461e+02
-1.409623529138816309e+02
1.380994810007499609e+03
6.820460794196173993e+02
-3.625227636630783081e+02
-1.850087629281612180e+02
2.235275569163704574e+02
-1.525806518445052006e+03
-1.653792675828087795e+03
-6.840681425531564628e+02
2.149453347500212658e+03
1.423431551875232344e+03
-1.424846211974601715e+02
7.226066568840896025e+02
3.638910750348443344e+02
-9.003872427234662155e+02
-6.073584212471985211e+02
-4.385654285012482774e+02
5.639825726956293295e+01
-8.107734196863825105e+01
1.201949235688132518e+02
7.796749470569459390e+02
-1.527562790550132377e+02
3.857195300741219057e+02
-8.335027282319053938e+02
-3.379349113826125404e+02
4.916891611704935485e+02
-1.907035649968635198e+02
1.101074091653045173e+01
1.918622750269639027e+03
1.159076725351840764e+02
-1.561645613741167381e+03
-3.905802370765605929e+02
-9.074973818104341490e+02
7.682994759718928890e+02
1.006911003680554018e+02
4.145101736859047037e+02
-8.482242787237585446e+01
-2.670796129373063366e+01
9.401669812248442213e+02
-3.911239834438164280e+02
-1.855019483129360651e+02
8.626329764258119326e+01
-6.435729935217148068e+02
1.075912739986778888e+03
-1.574441814218798754e+02
-1.062734883143592015e+03
1.153539929524369541e+02
5.852626899305907955e+02
-4.681962513758677460e+02
1.923885148713331148e+02
-2.357555326731614684e+02
7.645366533188042695e+02
5.541649436280844156e+02
-8.022275762509710830e+02
-2.806803795289268919e+02
-6.917717276389978451e+02
1.229286616804177584e+03
4.442606969546870914e+02
-2.472013602210332692e+02
-7.719378956767006912e+02
-1.576674953081314641e+02
5.438651461664761655e+02
5.563030344965183076e+02
-5.394868417054765359e+02
2.594498524953023662e+02
7.332931295559301361e+02
-3.667480350508917013e+02
-8.558995826292498350e+02
-9.585268493659228852e+02
5.004082777440059999e+02
1.221962720022519022e+01
8.675634871618894977e+02
-4.371212494375237156e+02
3.598494151536799563e+02
-8.868525129205094970e+01
5.308809883247037078e+02
5.275159054419183349e+02
5.165802827383916451e+01
-6.700875303332004478e+02
2.815190215923904020e+02
-6.246550456034906347e+02
-1.261650311356930160e+03
1.384939483026394953e+02
1.349586948275572240e+02
1.217749054810213238e+03
6.060439281596534329e+02
5.661955138923535742e+02
-6.420065321022132139e+02
-1.453352895067801569e+02
-4.492171550328533840e+02
5.035355822054157215e+02
-6.361882192346030251e+02
1.904595018437738076e+02
-4.139631789421697476e+02
6.281772413263413455e+02
-3.358382167639313707e+02
-1.402942779052125161e+03
2.169194582320173765e+02
7.641168895426579866e+02
8.565235038583523419e+02
9.226343492238667068e+02
5.429111377520699762e+02
-1.804323114045464536e+02
-5.295444668511053123e+02
-1.274667408969950657e+03
-7.285420602806779016e+02
-4.313368718593304720e+02
1.280229920434003361e+03
9.358197272989571047e+02
2.894069026632500936e+02
-7.921291604964445696e+02
-2.926718103831527742e+02
-3.022945562186589541e+02
1.101644875747106425e+03
-1.378507088677752392e+02
-9.172799268725607362e+02
2.566336059045673892e+02
5.371774983922371121e+02
-1.305905274799663971e+02
-7.129951649627538472e+02
2.011812460179971254e+02
9.784453274927884081e+01
-4.140228039257622186e+02
7.778000204114445069e+02
1.224210319087185042e+02
1.266500505090898287e+03
1.648016173340049662e+01
-1.091711015613689597e+03
-1.359785370590823959e+03
1.033085627721620199e+02
4.058757504045897235e+01
1.717087638902477806e+02
1.044266410014428629e+03
1.196228001756763433e+03
-4.053206095712167212e+01
-9.656596181313069565e+02
-4.645712171952260974e+02
-4.010823867190637202e+02
-4.132609177951926540e+02
1.087244947233102721e+01
3.215468391703294060e+02
1.145582940494469312e+03
-2.104694593463437968e+02
-6.577339095661209285e+02
-1.624872850160447797e+02
-4.869925068242689576e+02
5.515796200496594111e+02
1.008672121174744461e+03
6.605682306754384854e+02
2.704103958272519890e+02
-1.292591991460034706e+03
-4.109709613599060276e+02
-7.528548483026570466e+02
4.500716961128233038e+02
2.759314419451142442e+01
-2.756028347333640340e+02
6.960415152910678671e+02
1.178044692834330817e+03
-4.045343982677304666e+02
-3.184718564911796079e+02
-2.925293784361458620e+02
-3.788018713017901860e+02
7.260332302222766430e+02
-8.185033555384143256e+02
-2.885362746561711447e+02
3.131077511561240954e+02
2.707916986452120227e+02
-5.535122056328680173e+01
2.546314836268173281e+02
2.601533247455343485e+02
3.828717861367759383e+02
-4.573459713356559746e+02
3.331226548338013060e+01
-2.797507516113339534e+02
7.405491467475368381e+02
1.355873299533735690e+02
-1.055569937178826194e+03
-6.875747431807816383e+02
-4.439498346956391970e+02
8.122723479184511461e+02
6.707999585153077078e+02
2.488015610650032272e+02
4.776861774382803105e+02
9.287020208103340337e+02
-7.189238135744094507e+02
-1.154249137944607355e+03
-4.715404959620529439e+02
2.450976541089502234e+02
-2.895524328770840157e+02
-2.689594555752139513e+02
9.645424276477650949e+01
5.232175669494632757e+02
1.360801496378106549e+03
3.191157768006726769e+01
-8.900265811278740102e+02
-7.973222957706347813e+00
5.347403678565394785e+02
-2.568053564642294759e+02
4.811585636906048080e+02
-5.404025554063011896e+02
-4.851366201938553786e+02
-4.256417370552952661e+02
-4.825408299201208706e+01
-4.828850411277650210e+02
7.870591138976101320e+01
1.836664885141009108e+03
1.433947622852312520e+02
7.791004098368432551e-01
-3.955963313457986601e+02
2.342337304887238361e+02
-4.323245052315629096e+02
9.389699431183447587e+01
-9.852518310717350687e+02
-3.503201216928697477e+02
3.317154072847961288e+02
5.954098058316078550e+02
-1.178546967607954912e+02
7.789518170995981450e+01
1.814702364749477681e+02
5.124270666466708946e+01
5.805090785763593431e+02
7.890965451164663591e+02
-8.531631048020283288e+02
-8.184100221155841837e+01
3.826047042980575270e+02
-1.183610797968966153e+03
-1.061555482816537278e+03
-4.978967227682134080e+02
1.228899903565489922e+03
1.300262817453743082e+03
5.346673357692318405e+02
-9.919988632161745272e+02
3.442035682799420329e+02
-3.340405803205906068e+02
-4.582252750096685645e+00
-2.139243080494050275e+02
-5.285559532371453315e+02
6.906226883337029676e+02
3.078193327032323623e+02
7.425498771263954723e+01
-7.725418484862376545e+02
-5.351144002637889798e+02
2.448855729841787934e+02
8.861017817457125147e+02
3.538375598005960683e+02
2.395369708851338544e+02
-3.726257000573258438e+01
2.471152400987956810e+02
-1.382749378939310816e+02
-1.676443418582027107e+03
-6.921424424042554620e+02
4.253500760351881809e+02
4.105469823955675110e+02
1.102929060734339600e+03
1.611928219895364123e+02
3.685004487605489203e+02
-1.316591725688839460e+02
-6.084107262167069621e+02
-7.670539390378532971e+02
1.186825413091048773e+02
-4.831013467773456682e+01
6.339853380079154022e+02
2.629692338688137170e+02
-4.428685378183144117e+00
-5.530039318604717664e+02
-2.134828986760747398e+02
5.182903308070091271e+02
-1.671065116047292420e+01
1.244393651957333446e+02
3.430815788048055310e+02
-1.081499102571502533e+02
4.151297659720456181e+02
7.844105395353068388e+00
-1.170078437541043058e+03
-6.235973770311771887e+02
-2.046662005851280242e+02
-1.310662873244197328e+02
8.794755163563512497e+02
7.340487973962598289e+02
9.445756001660030279e+02
2.172578700810435635e+02
-9.071655162528063556e+02
-6.131831573581439443e+02
-6.491726989917367519e+02
4.722557908183837867e+02
2.511705960503658446e+02
-5.906928609695806927e+02
4.959419891615655160e+02
5.652163486697048711e+00
6.436272341880439285e+01
3.809439281330535323e+02
-1.953185360478493919e+02
-1.759663963421972994e+02
5.023115117265023173e+02
-4.563833128320192145e+01
-1.191430460645527489e+02
1.021414024592877183e+02
-3.647788038622779254e+02
-1.315939769624816336e+02
-1.112277490216826664e+03
3.971589111694678422e+02
2.513347956957475731e+02
6.346486386464265479e+02
8.366562933014517967e+02
-6.259379704405555458e+02
5.191721673345183490e+02
-6.758556993338667951e+01
-5.753813207521693585e+02
-5.988719327200923317e+02
3.494627335405105839e+01
-2.159830657836018304e+02
7.637085821617185388e+01
5.181340374232813701e+02
5.778663306642440602e+02
-2.783118718043079980e+02
1.792521147498520691e+02
-1.018069171581691421e+02
-3.647180268674330819e+02
9.713988185033822731e+01
1.831799470603311875e+02
-1.189868947455233439e+02
5.546910661110536012e+01
-4.498847283571805633e+02
-7.224546346988370260e+02
4.601699025945911217e+02
2.802517456934446045e+02
6.591207831911068524e+02
4.636077271318842463e+01
4.057052754670020249e+02
-1.518659687415747612e+02
-2.963053788104646173e+02
-8.584819942716126207e+01
-8.584377633474709910e+02
6.410006831065929589e+01
-1.135100356945425233e+02
1.997256534183970587e+02
1.796710676567249436e+02
9.445426329722833714e+01
6.007844542579963445e+02
2.136538236847511030e+01
1.950294891113520634e+02
-3.239815490372145632e+02
-1.263618164582144345e+02
3.950897286036575906e+02
-4.632918592877152264e+02
-2.649472201409448076e+02
-7.583514364652153290e+02
-2.289128138407093616e+02
1.462937208568783944e+02
4.150141379540033881e+02
7.472490905043983958e+02
8.738492530606633863e+02
5.893281406179952455e+02
-3.817081054482733862e+02
-6.175180115431908234e+02
-1.181315580029053081e+03
-5.897779306000481370e+01
-1.560749909334719518e+02
3.281141620080092025e+02
1.990743589231256010e+02
-4.948645880352268023e+01
2.935992116992463252e+02
-6.835222889313504311e+02
8.345528623060512246e+02
4.612764274761746037e+02
4.554789355792114520e+02
-1.782201147590804453e+02
-3.348300029349716311e+01
-8.213405195817657614e+02
1.562377151786055549e+02
-1.118011859806922985e+03
9.975408674653374419e+01
-5.304131814396750997e+02
6.356551482571243241e+02
3.497435748419910055e+02
6.671846177205486583e+02
1.711873569632930185e+03
-1.121187200946351140e+03
-6.681598468514027900e+01
-6.515279508217404327e+02
5.624916080002937235e+01
-3.121300588383033414e+02
2.041407091031967980e+02
-6.770603655467484714e+02
-1.968218318875831869e+02
-6.871431942249631675e+01
2.051361434305927389e+02
1.084679490601359788e+02
1.293203267026795174e+03
4.496226612931274076e+02
-3.384194571733570456e+02
3.096979450271390988e+02
1.298375354767651970e+02
-1.171671228290965018e+03
2.952512928505047967e+02
-8.537752643976775744e+02
-1.078600944523178214e+03
-8.426122742187112635e+01
4.909518985437109677e+02
1.528715951570614379e+03
3.967959955910632175e+02
8.277654331480763403e+02
-1.172337448367222578e+03
-6.192685010955406142e+02
1.130397002755277981e+03
-7.087718053168982806e+02
5.398654426255722001e+02
5.235007792224457290e+01
-8.144613696857501282e+02
6.770078003672838349e+02
-1.146908655820773447e+03
-8.984386212709443953e+02
-1.010024740882866013e+03
8.227067668331008008e+02
1.420480112221924401e+03
8.858564998178500218e+02
1.956179272414033449e+03
2.631136618266736491e+02
-7.175174738331035087e+02
2.535772574796283720e+02
-1.454422776288881778e+03
-3.049365046022723618e+03
-4.803873835276685895e+02
3.932698299791660475e+02
-2.192944503594600292e+01
1.481902656623862413e+03
9.771788253677402736e+02
2.320270750905970544e+03
2.613687678647934263e+03
1.952601985462199991e+03
-2.439730006086562298e+03
-4.136577455865678530e+03
-6.188016355121860670e+02
-2.271012990735328913e+03
2.255731346005219166e+03
1.935448371414097437e+03
-8.498317841793541447e+02
2.500632250128237217e+02
-1.892677639629827809e+03
2.604085790879819911e+02
-1.524096933859250839e+03
2.661881975404639888e+03
2.411586057517507015e+03
-2.487194951073537140e+03
2.794774975321303828e+03
-2.591069502287344676e+03
2.308148792950603934e+02
8.301388128435352201e+02
-3.375907694851544875e+03
1.128966695149235420e+03
-4.900354265005462366e+02
5.085475762182853941e+03
1.391974468254117255e+03
2.866899826269663549e+02
1.056120248754112481e+03
4.055230435007964843e+04
-9.091624921154561889e+00
-1.592026606347700408e+02
7.915189052689621576e+02
3.883348382798837065e+03
-1.574026329030599300e+03
7.663406016589268575e+02
-2.992209882596165244e+03
5.037915290191717759e+02
3.009491212487404255e+02
-8.991766467969615633e+02
4.555861792544259515e+03
-2.169119518486498691e+03
9.882383794420640015e+02
1.601045146518062666e+03
-1.260172964391866572e+03
-9.322433050653944520e+02
-2.974018413772530039e+03
-3.738111801711385169e+02
1.997036541172350894e+02
4.199268221600502329e+03
3.900536081931831632e+03
-9.864963049241591762e+02
-4.776252912725626629e+02
-2.785301371532633766e+03
-3.010476985288760261e+03
3.649080542559278229e+02
5.198379278436028983e+01
1.138622247132233724e+03
-1.532319034918666318e+02
2.091211033805679449e+02
-1.625349645625283756e+03
1.587121655441477515e+03
1.918594001833369475e+03
-5.941250581663492767e+02
-1.591050298881027061e+02
6.445736404703308153e+02
1.002251038812301999e+03
-1.117868462049427762e+03
1.291041714430114780e+03
-1.386828590198839265e+03
3.559881387197790445e+02
-1.399480521709155028e+03
-8.485760595164872484e+02
2.997894650976547837e+02
1.135717408882296468e+03
-1.833657266108033639e+02
-4.706047006011847600e+01
1.904962999871049988e+03
1.126392353618332436e+03
-7.868825512718535720e+02
-8.369619394570236182e+02
-1.380042884550612598e+03
-6.566643016312884811e+02
1.680126807217725968e+02
-3.252146321037740790e+02
-9.264669105227394539e+02
5.701953277230935555e+02
1.272779753061337487e+03
7.671993829248183374e+02
1.845847374401003663e+03
6.437571690480439202e+02
4.709823240253646190e+02
3.281783578449972083e+02
-4.434298067734159758e+02
-1.676520734781709962e+03
-1.635310175284807656e+03
-7.086501858120151383e+02
4.831748129601265873e+01
-6.306417920813823912e+02
-5.582255350429628606e+02
-6.284765147962281162e+02
4.632572920930872442e+02
2.039610684949609549e+03
9.494266043479670998e+02
-8.430098252018245830e+02
1.081462423986502230e+01
-3.665086597598289586e+02
2.998551431520329515e+02
-5.795236650005299452e+02
4.537470842719426400e+01
1.801857611640088408e+03
8.358448247073025641e+02
-2.533223670500564140e+01
-6.253082699848738457e+02
3.488535277793618548e+02
1.566145041841580223e+02
-7.041876057744476611e+02
-7.995239526968844075e+02
5.649077109687145537e+01
-3.327762499518344725e+02
-3.106580001684027934e+02
-2.761222463187196468e+02
-5.247805788071142388e+02
-4.944135271797500195e+02
-4.359039879200680048e+02
6.436745967891646387e+02
7.982883836683238314e+02
3.934493918721005912e+02
2.824696093262433010e+02
7.059790444206939810e+02
-3.460158699754732936e+01
-4.888992644384201185e+02
-2.628765842343843815e+02
6.370133743235101065e+02
3.784470915695789017e+02
-2.555481322387063017e+02
1.594053770695641674e+02
2.836776824154554788e+02
4.158825610240888864e+02
-2.132419052876542480e+02
-1.118217005599717595e+01
-3.451075118414715917e+02
-1.285736842535754704e+03
-1.275873622678267338e+03
1.059069725597841227e+01
9.468057696724098093e+01
-3.311651481633512049e+02
6.168414300660749632e+02
1.181576290090097245e+03
3.698074582973691804e+02
-6.860767044579561116e+02
-2.306366554353042204e+02
8.692303372083268869e+02
1.517849185519037007e+02
-1.000820619087713794e+02
4.410184709056913022e+01
6.242373165428824677e+02
4.734508667963608559e+02
-3.486336393792122976e+02
-2.061260711477412428e+02
5.060264249364701072e+01
-4.448634799481195614e+02
-5.896033870007908035e+02
-1.590215852808215118e+02
3.391183501193147976e+01
-5.603285586694963172e+01
-3.497533172136597841e+02
-4.039256226477394875e+02
1.339214832765704557e+02
2.724684803553492998e+02
2.485720964457714217e+02
2.970767425143179707e+02
3.766697331167199536e+02
8.363002490618275431e+01
-3.447903870214051381e+01
4.605105160011748211e+01
-2.437827131423116711e+01
5.296328970520748669e+01
-5.990215092497670923e+01
2.846223484851772056e+01
7.562896034381842014e+01
1.655729688470441729e+01
4.389999280181702090e+01
-7.391852858974550600e+01
-1.187780390637773564e+01
-4.857277849520189505e+01
8.949350161822289706e+00
5.586352798430486644e+01
2.803441827391189278e+01
6.382555096186820265e+01
2.444758198532315419e+01
0.000000000000000000e+00
