1.223252878135103039e+01
5.977291066057747315e+01
6.184630788788844313e+01
-4.206154999977880493e+01
-9.513795118972757336e+01
-1.564860730545890135e+02
-7.769695244292975644e+01
8.494422388795459256e+01
4.366831508948925489e+01
1.376293072343472659e+02
3.737677809043169077e+02
-3.554759901337257944e+00
-1.721184845569951563e+02
-2.478599671513384237e+02
-1.702349516756477499e+02
1.913739353729676225e+02
-1.534666621888420046e+01
-2.950618759097539510e+02
3.694137640990727505e+02
3.003930821810367888e+02
3.248402122502350053e+00
-3.078840486504649903e+02
-9.765241901203677344e+01
2.730508065609815276e+02
-4.024773013890898596e+02
7.223752630158813304e+01
5.153215076314969565e+02
1.127958617865952533e+02
2.803582833012476385e+02
-6.200397292351962051e+02
-4.704290756006264473e+02
-1.381887594036417255e+01
1.395214496377663949e+01
7.569791748655213723e+02
-4.537677549375210617e+01
1.543086119001489749e+02
3.554622978053039333e+02
-6.470569901607002521e+02
6.197823895589672247e+02
-8.373153680901798452e+02
-9.486799897909897084e+01
1.040101223269644152e+03
-1.139728562948399485e+03
-4.338215240241765969e+02
9.495383001615675767e+02
1.001523579581452282e+03
1.619977296019357027e+01
-7.713525403204706663e+02
6.008615558614997099e+02
-2.701437198119383538e+02
-5.602138418768176962e+02
-1.404313319787293892e+02
5.427797122365832649e+01
4.525020048138841275e+02
2.062176053010553574e+02
-1.271826529031827846e+02
5.740113400581462884e+02
-3.588632602561148701e+02
-7.985961065433557451e+02
-3.519535776399449674e+02
6.818873420893154957e+01
2.093458682707232583e+03
-2.055595395302938471e+02
-9.820258125300756546e+02
1.208856637469206589e+03
-9.821959561627892299e+02
-1.766163239617094405e+02
-1.347675655444491895e+03
6.187571232305318745e+02
7.453690536555257040e+02
-4.207054328542997155e+02
1.562872259667682783e+03
-1.414457653831401274e+02
3.414725396649218396e+02
-1.306100887032577248e+03
-1.227234314789533300e+03
1.186036197995653538e+03
1.530720582409692270e+03
-1.766717404346341482e+03
4.341598765551607357e+02
-6.505655263268164390e+01
5.845635972791161521e+02
-8.984582645864239794e+02
5.168555587154532986e+02
2.051893084442051816e+02
1.653427846132892114e+02
3.570566822293997120e+02
-6.331507528793764550e+02
-4.517127937966772038e+02
4.668552974561254700e+02
4.235008047078560480e+02
-1.420495388158443347e+03
9.567037527907057211e+02
-2.637686067389827826e+02
2.206781817071145724e+03
-1.572905320038431910e+03
-3.040152744720334113e+02
-1.142875982490419347e+02
1.526209312613215552e+01
1.718371629864396652e+02
-8.518400757201292208e+02
1.302602514239576749e+03
5.596145944078364209e+02
-4.159366108060773968e+02
-1.012037646656881179e+03
-1.095968134484916590e+00
7.890683332613708956e+01
1.369094827174116062e+03
-1.152595668060966091e+03
1.411243723717118428e+03
-1.012908001752525820e+03
2.985437184882853785e+02
-9.005507410444811285e+02
6.016182366644584363e+02
6.263927857061750046e+02
-2.125597314126108017e+02
-5.869492370035862905e+02
-9.121682302209330828e+02
8.698268085380964294e+02
-2.682137648018177742e+02
1.195286507587417873e+03
-4.301414548411184455e+02
1.468611074243485064e+03
-1.624313061229409186e+03
4.335436432555416104e+02
-4.258217982127807204e+02
-7.906010190500699082e+02
1.345187406678154048e+03
-1.192622864503858636e+03
1.125157161427388928e+03
-7.633866465164402371e+02
1.891094457813493932e+02
1.351720511079337939e+03
-6.581884383941985561e+02
-2.585934991818256776e+02
3.113932179019183764e+02
-4.615147931787592483e+02
1.468357630968351373e+02
-6.725734667314213766e+02
4.593294589569386943e+01
1.322635575391522480e+03
-5.219090742521065067e+02
-5.549505985940228356e+02
9.259905409611085361e+02
-7.825364814628509293e+02
9.524070227655503231e+02
-3.780124571618989080e+02
4.394549642102100506e+02
-8.927585123816902524e+02
-8.808176883086994167e+02
2.179133049531595589e+03
9.617607116064269235e+01
1.334162602824087855e+02
-1.878939153265826235e+03
2.860463927172464693e+01
1.110813740552825038e+03
-9.271099244048355104e+01
-2.077981919735445899e+03
2.094356491022151658e+03
6.916667307097745834e+02
8.271282861498990542e+02
-6.176190919102068619e+02
-1.036074341561303982e+03
-3.224393636807362782e+02
-9.290108581513558761e+01
-5.390608323499576500e+02
4.091219529810140330e+02
3.724760453202908934e+02
1.419778289036861679e+03
-2.868008551023715427e+02
-8.628442223857219915e+02
-3.614891144608278637e+02
-1.649429721651885643e+02
1.396050106287055996e+03
7.470106580236499667e+02
-2.639831872426739778e+02
-1.323185765773969820e+02
2.194883977255169043e+02
-1.573886330245792351e+03
-1.734764220204574031e+03
-7.207468285948453968e+02
2.128296991812198939e+03
1.454949271180643791e+03
-1.096820477858084644e+02
7.223419256970242941e+02
3.552048088801927861e+02
-9.535571270681982696e+02
-5.923145294361346487e+02
-4.244741998292833500e+02
8.976984395186430277e+01
1.155889585027008337e+00
1.524098778509309682e+02
8.089635014415570140e+02
-2.147798905423521774e+02
2.823731187647588854e+02
-9.403317039748252455e+02
-4.278864937944899793e+02
5.242819358098935254e+02
-9.331072841104852955e+01
1.760876187776634367e+02
2.038569284842630623e+03
1.320946251146565942e+02
-1.614503600082451158e+03
-5.218870445729287439e+02
-1.017736929418522095e+03
7.252965197267145641e+02
1.356037171166012740e+02
4.776433043369909797e+02
-4.166767901961576825e+01
-3.194099925882517610e+01
8.949008161114303448e+02
-4.312379437924197418e+02
-1.979542838037371837e+02
1.492931581443358482e+02
-5.456519677216671198e+02
1.180252300911517068e+03
-1.242218064668309268e+02
-1.120119585474492396e+03
-1.129395541737537201e+01
3.915531135705271026e+02
-5.693784503995584600e+02
1.822748677684547260e+02
-1.277460796112603418e+02
9.609089679458755882e+02
7.156563630221959329e+02
-6.957150880738882961e+02
-3.396693985928315556e+02
-8.246804467071909812e+02
1.080204549801435860e+03
3.463032438272508102e+02
-2.260196623211137137e+02
-7.433965790877889503e+02
-8.289494563614391609e+01
5.666889165406897746e+02
5.111648860579382472e+02
-5.681429937722808745e+02
2.515600988553738375e+02
8.061866422120200468e+02
-2.723495970037512848e+02
-7.577079614901291507e+02
-9.179333469848880895e+02
4.384923502476139561e+02
-1.139495273249756053e+02
6.972715869917454938e+02
-5.651108161404981729e+02
3.229625107257033960e+02
-1.753038701868581484e+01
6.919743426187607156e+02
7.342372701969742366e+02
1.772143941417910469e+02
-6.632321896845585343e+02
2.058701929600624112e+02
-7.781768410608884778e+02
-1.377180113749833708e+03
6.982537169224839602e+01
1.386740225808206901e+02
1.245793842293234547e+03
6.080744297058556640e+02
5.950525195465876322e+02
-6.422975797247122500e+02
-8.299741397615539995e+01
-3.706451957306634313e+02
5.708369982491857400e+02
-5.565978537011910703e+02
1.652925261293259496e+02
-4.718548131365898826e+02
5.194598724579103646e+02
-4.606771599902438084e+02
-1.508835161038763317e+03
1.423489472825002622e+02
8.209175545173968658e+02
9.672083048195250967e+02
1.088499464850983259e+03
6.972793960324927411e+02
-1.128081346562528609e+02
-5.357879888810915645e+02
-1.380257196132180070e+03
-8.567604553608441620e+02
-5.424854857100036725e+02
1.204962537156058261e+03
8.891256944900818553e+02
2.867723781976672512e+02
-7.459262356255463828e+02
-2.201746406236998155e+02
-1.964985984856453172e+02
1.207818029896210874e+03
-5.040027233070476598e+01
-9.071622263228690599e+02
2.243673108597014334e+02
4.607726982237563220e+02
-2.451706819619652151e+02
-8.105088423347492608e+02
8.313484873294237332e+01
6.082936091203906415e+01
-3.984446050267171131e+02
8.532569175372742620e+02
2.834941207378304853e+02
1.410615979797996260e+03
1.487936439193702540e+02
-1.076837365724622714e+03
-1.416087406101145007e+03
-9.203853456368234376e+00
-1.319891452488454320e+02
6.330668670472485360e+01
9.541240122996684931e+02
1.190220411536029133e+03
9.827516204567331215e+00
-8.871418651368156816e+02
-3.240570845513451559e+02
-2.846200165694566522e+02
-3.210404247533069224e+02
4.217457779809230800e+01
3.033193840013742602e+02
1.068862950582182066e+03
-3.465264507750407574e+02
-7.863214557001779212e+02
-2.757418807372433207e+02
-5.568545369149676389e+02
5.504226682720808412e+02
1.101975885406315683e+03
8.145209885703952750e+02
4.615462959510188625e+02
-1.147740075254379235e+03
-3.660692808608421274e+02
-7.937878988252767840e+02
2.852131472977525846e+02
-1.451047891389033282e+02
-4.169491149559167411e+02
6.223551287018362927e+02
1.177237270063616506e+03
-3.744355979296153123e+02
-2.105014065676163568e+02
-2.081641504111782979e+02
-2.643316987700343930e+02
8.466199315373366971e+02
-7.596985508956230433e+02
-2.539460290026434564e+02
2.306511198993935068e+02
1.486099144928251690e+02
-2.142134897633587514e+02
8.963265271856140259e+01
1.611140260499387580e+02
3.506605401715971766e+02
-3.455881587710122176e+02
2.041814878245495493e+02
-6.095168039210167876e+01
9.433931887587177698e+02
1.962789682854113948e+02
-1.121494424882931753e+03
-8.607995389166873110e+02
-6.392494699741851036e+02
6.540557995969717240e+02
5.942800561198738478e+02
2.463444835951689242e+02
5.276571709510617438e+02
1.005441925501010815e+03
-6.357378445884597795e+02
-1.035717813699483258e+03
-3.499086344377846558e+02
3.488755410862987105e+02
-2.706310978281999269e+02
-3.109065104307802585e+02
-1.853226797737993081e+01
3.255455975763000538e+02
1.202110359903261724e+03
-1.083672914681843196e+02
-9.227637305303046560e+02
7.162532715780213266e+01
7.029040856626805862e+02
-1.145230809437343567e+00
6.683922653635588631e+02
-4.277261473176844220e+02
-5.270625692782469969e+02
-5.760496663691242247e+02
-2.329750057967931696e+02
-6.944956327148752280e+02
-1.929691174121963115e+01
1.791276670027988530e+03
1.621347151300108180e+02
8.752426902324002356e+01
-2.775177738680916946e+02
3.995588831034058330e+02
-2.976003958475630498e+02
1.990704109766124361e+02
-9.615050833823096355e+02
-4.215918331477350307e+02
1.886529137666619818e+02
4.100243686150345184e+02
-2.729152954501018939e+02
-3.080860820554401869e+01
1.495432177557417788e+02
1.115919281773497858e+02
7.361220908263767342e+02
9.677958220493425188e+02
-6.704420751329118957e+02
5.804958096484024566e+01
4.077271872593067883e+02
-1.247431662522233637e+03
-1.240469376833953675e+03
-6.942756463285123800e+02
1.041255084746717330e+03
1.164686399017236909e+03
5.195270776444860985e+02
-9.262542144459787323e+02
5.370083662454868545e+02
-1.341481274877509122e+02
1.910177701379576547e+02
-6.958515836404933452e+01
-5.485531594814635810e+02
5.911256779799429069e+02
1.100309932404063176e+02
-1.177753169707813470e+02
-9.163812556072944062e+02
-6.138336513606432163e+02
2.749259748071104354e+02
9.391578951546476901e+02
4.632575282695883629e+02
3.586209167948057370e+02
1.016234714159374448e+02
4.034497389892615615e+02
-5.924961582674586680e+01
-1.672690890207401708e+03
-7.951523073510637687e+02
2.225126089660156197e+02
1.619263825626097173e+02
9.120799573344893361e+02
7.834058368979917475e+01
4.187388112016508899e+02
5.300355879594343378e+01
-3.531541488936364317e+02
-5.044569673669454914e+02
2.731956014029995004e+02
-2.459653076944148609e+01
4.960436056949972681e+02
3.920437534731291862e+01
-2.218598130617441484e+02
-7.358810674788348933e+02
-2.419434654475996922e+02
5.458157512170333803e+02
5.083137338024109653e+01
2.254897480119969089e+02
4.354367910162785620e+02
3.244329609167428430e+01
5.308844901221835926e+02
1.325653986079345259e+02
-1.133563006527802145e+03
-7.188283506671482428e+02
-3.731906295426688303e+02
-3.917319083860684259e+02
6.805272829027012449e+02
6.136865115925812688e+02
9.515752660751262511e+02
3.866797944362135127e+02
-6.613787002126459811e+02
-3.397154246341445969e+02
-4.612543814088155045e+02
5.415644431930260225e+02
1.544278569296623402e+02
-8.145275265897975032e+02
2.593847710589465692e+02
-1.843869181309006535e+02
-2.899322228487302766e+01
3.800561034808962972e+02
-1.213974032912507823e+02
-7.135851574995814417e+01
6.429037222936195803e+02
9.203353323625508153e+01
2.007776129531553977e+01
2.193737751349469818e+02
-3.615880511688984029e+02
-2.089289409878279002e+02
-1.295822793260773096e+03
1.845935325918898684e+02
5.281818415860810489e+01
5.032885794807227740e+02
8.599089909622966843e+02
-5.253841560375850577e+02
7.436439172323965749e+02
1.763350766913674192e+02
-3.786512784213795157e+02
-4.773762632814658105e+02
-2.723893050972696983e+01
-3.623435435388351493e+02
-1.559256301413669235e+02
2.901700096664471857e+02
4.286629202735329045e+02
-3.418498153618910465e+02
2.476661802465022220e+02
6.879360464742838133e+00
-1.927901713970704520e+02
2.823833144793708243e+02
3.266516464291813691e+02
-1.809487848795498621e+01
5.638017510403122401e+01
-5.344428891567198434e+02
-8.906496214472656447e+02
2.497087023966089987e+02
8.513546570074350939e+01
5.505427221834647753e+02
3.379662506151292689e+01
4.938760992725546544e+02
3.918941194942019024e+01
-7.326257861476952371e+01
1.274433682508164196e+02
-7.409464516111682997e+02
8.468446530450938781e+01
-2.357429517983176765e+02
-3.313514988072171974e+01
-4.952091122481347440e+01
-1.167013654799549585e+02
5.385653626602330633e+02
5.928551418075301171e+01
3.150826236487606593e+02
-1.323277112134377944e+02
3.072058341563440820e+01
5.503884212184187845e+02
-3.841475239750825494e+02
-2.286696501024804320e+02
-8.092265701299259035e+02
-3.907273281275409431e+02
-2.572248789588632434e+01
1.955990364029850070e+02
6.012348794634199294e+02
8.297090873086942793e+02
6.494467030676358945e+02
-1.978177704771201775e+02
-3.898826889503460507e+02
-9.371147825601270824e+02
1.028278045012039428e+02
-1.204066038099565077e+02
2.031659198545361278e+02
-5.014471442765684372e+01
-3.078069191901928434e+02
9.351624584535886697e+01
-7.577066797356750385e+02
8.982570376948974626e+02
6.133193575390145043e+02
5.984976008844761282e+02
-3.882904299629025502e+01
7.407110979197466349e+01
-7.464766060855904470e+02
2.208935804940581136e+02
-1.136561997093687751e+03
2.906423186178055573e+01
-6.999171352072326044e+02
4.222690553122999972e+02
1.576441019068092544e+02
5.397774808673618736e+02
1.757242132839608303e+03
-9.845353683655536088e+02
2.024653757076648048e+02
-3.526075476275004803e+02
2.475235190557747558e+02
-2.429943787163100524e+02
5.422949558103952938e+01
-9.322660733552619376e+02
-4.916443289993552526e+02
-2.820542681287334403e+02
1.595464977298478289e+02
1.728460788593730797e+02
1.461611589891766016e+03
5.921647803647230148e+02
-2.274241908203549372e+02
3.927293230969506226e+02
1.763547138821821818e+02
-1.111523632425329197e+03
3.246672565180141419e+02
-8.879630011367197540e+02
-1.204438052071626771e+03
-2.752079482108428010e+02
2.719573867686800668e+02
1.368868490882311789e+03
3.667450976087746426e+02
9.558396171144548816e+02
-9.050821475259534736e+02
-3.266905944792977721e+02
1.374477314097507588e+03
-6.350418726750011729e+02
4.438632910446904134e+02
-1.927712980834775749e+02
-1.125154154215292692e+03
4.731747513378415420e+02
-1.255890642526560214e+03
-8.411937411711634240e+02
-8.629862280141487645e+02
9.779254412222129531e+02
1.571172484935837474e+03
9.510384494614702362e+02
2.025064259121350915e+03
2.930073610300646578e+02
-7.005945051541561952e+02
2.353866888493047611e+02
-1.579043388976532242e+03
-3.196386614010428275e+03
-6.892160057357001506e+02
2.401835641920826276e+02
-5.114264082579062176e+01
1.569367105864515679e+03
1.196361266589710795e+03
2.569444033596648751e+03
2.839224548654280625e+03
2.057849249804028204e+03
-2.475847486234719327e+03
-4.302025141051470200e+03
-8.767150472916375747e+02
-2.511223336237931107e+03
2.102375048954010254e+03
1.912467000153391609e+03
-7.529629669674689012e+02
4.250042885547709375e+02
-1.732160009534939036e+03
4.047604480994055507e+02
-1.433213690886110271e+03
2.680792370371518700e+03
2.415758510430358456e+03
-2.558819713077542929e+03
2.681805296753165294e+03
-2.759854106247392338e+03
6.939771742182630021e+01
7.405227602565822735e+02
-3.410140562719349873e+03
1.231828758826070498e+03
-3.541774538952049625e+02
5.270624021064287263e+03
1.581947850595929822e+03
3.819212521897848092e+02
1.100835188888419907e+03
4.045530497770493821e+04
-1.913291688309611516e+02
-3.926433274716169421e+02
5.883702371603885695e+02
3.806003953476213155e+03
-1.556304724021726088e+03
9.238646070267999448e+02
-2.805699098328699165e+03
6.753031463696255514e+02
4.386210062658306015e+02
-8.524766896870023629e+02
4.540176433161589557e+03
-2.258726487834371710e+03
8.488893239235185320e+02
1.434813486583391295e+03
-1.394175234663092169e+03
-1.008658818225404275e+03
-2.974886670847937239e+03
-2.987962081734091271e+02
3.140510996901240901e+02
4.345133002553192455e+03
4.041081571330708357e+03
-8.543857830110626992e+02
-4.376253258296779904e+02
-2.832710104796370160e+03
-3.142481100162233361e+03
1.419208562589176381e+02
-1.307690498936809718e+02
1.003179880750193888e+03
-1.495633838721441862e+02
3.295540355071573231e+02
-1.463993195597561225e+03
1.781337025998579293e+03
2.037191742346245746e+03
-5.075867713183021124e+02
-1.723377491274465569e+02
5.605642038709335111e+02
8.999386189211066949e+02
-1.281833300473899271e+03
1.176150837784399528e+03
-1.486659231570034535e+03
3.235406777115460955e+02
-1.349821092858391921e+03
-7.527484814965783926e+02
4.588238605542904338e+02
1.285109807927547763e+03
-4.962673412531752604e+01
5.411569177741299086e+00
1.861791497667300064e+03
9.978580155243914760e+02
-9.854875445362162054e+02
-1.017515014215904557e+03
-1.494018513351765705e+03
-6.640177012124032672e+02
2.552172125574250856e+02
-1.653281258858467879e+02
-7.788377268029197467e+02
6.785693372942751012e+02
1.340159084780712192e+03
7.641972185760839693e+02
1.825679869647593478e+03
5.670327580727589520e+02
3.720430661308992057e+02
2.049991714295152292e+02
-5.738738513100860246e+02
-1.749481685698737465e+03
-1.656520574367072641e+03
-5.945161331934509690e+02
1.994453739325161621e+02
-4.671602008860068054e+02
-4.062596682784781024e+02
-5.827351548387523508e+02
4.453511914815326236e+02
1.907468156691311833e+03
7.816554137393388828e+02
-1.007637441945763385e+03
-1.039970994082813434e+02
-3.678720282058628754e+02
3.496758688706238445e+02
-4.396059319438356852e+02
1.678281778122190531e+02
1.882489242579875508e+03
8.928222816518110676e+02
-2.291616155353084139e+01
-6.185987468160748222e+02
3.191608348742886960e+02
1.066167384144256687e+02
-8.182123751654049784e+02
-9.221193079834160926e+02
-3.459108336510877990e+01
-3.678821801278697876e+02
-2.497442478134834118e+02
-1.629242872929020507e+02
-3.809394971111674408e+02
-3.805189946938698995e+02
-3.630089435807622635e+02
6.383171726363976859e+02
7.415457108648788562e+02
2.879729625331281113e+02
1.454912083083426637e+02
6.002160680572300180e+02
-7.166153311806216664e+01
-4.872970754896040262e+02
-1.836900195213758593e+02
7.209220988154692122e+02
4.728403401950217813e+02
-2.051376881179849647e+02
1.973315766916862515e+02
3.060983262343647198e+02
3.892540655503094627e+02
-2.551189260082526857e+02
-1.382622700143798227e+02
-4.226739130180079087e+02
-1.338613956518160421e+03
-1.249694356644820118e+03
6.621154613451861337e+01
1.783109816530786986e+02
-2.835291069956251704e+02
6.089414383232182217e+02
1.176873368182999457e+03
3.548414951469614493e+02
-6.726653962791383492e+02
-2.027574832825216617e+02
8.603800811250800962e+02
1.037325145370602542e+02
-1.826075200386440258e+02
2.228425443212550050e+01
6.277456805004029547e+02
5.403492935358110572e+02
-2.899675642389593690e+02
-1.674865904643202725e+02
5.544725080609815393e+01
-4.864483863890646944e+02
-6.417349847836135268e+02
-1.806956640629325648e+02
4.726487435438706797e+01
-6.141724295602245753e+00
-2.721433591200560045e+02
-3.782533819382179558e+02
1.276169153019349523e+02
2.697191741688689604e+02
2.076356120502017291e+02
2.512410466807061482e+02
3.019113668931323673e+02
1.431345590166649018e+01
-8.124740688408577682e+01
1.608413014443438271e+01
-4.304265361528094047e+01
3.836657710782918684e+01
-6.031503883541737565e+01
2.599302073720708250e+01
9.271772464648061884e+01
4.589363057629464038e+01
6.920660476742540368e+01
-5.971782546742995379e+01
-2.495033369938800405e+01
-6.939665208259415863e+01
-1.643786913403207706e+01
4.077654948956845971e+01
1.792368052091608632e+01
6.284282564181659581e+01
3.034924291839919874e+01
0.000000000000000000e+00
