2.698380119396180987e+01
1.115665720177994018e+02
9.141648105535971069e+01
-3.554217375583571936e+01
-1.476276875958275525e+02
-2.621671727992615502e+02
-1.365601990510043322e+02
9.772549948380137153e+01
6.271929860771558651e+01
3.125445901870918419e+02
5.118165681371614255e+02
3.849591829663403786e+01
-2.425532406340325338e+02
-4.130465077005799799e+02
-3.136481482116004145e+02
1.403944466979496895e+02
-1.572286157906694193e+01
-9.654130746987574696e+01
5.222196141722756693e+02
4.421624464960616478e+02
9.082366577943810171e+01
-5.304060296195657429e+02
-1.800482213582343718e+02
3.121779378635383040e+01
-4.317767163890359825e+02
2.763587665322926910e+02
6.794929274608927017e+02
4.333710035500298545e+02
2.539180842717655651e+02
-7.977345008118675196e+02
-7.770303550414129177e+02
-3.726080685967069144e+02
2.913866031508243282e+02
1.000944491618440907e+03
1.122796147461741043e+02
6.943843664823878044e+02
4.493823188639642296e+01
-6.846700621271365890e+02
4.022888266379416677e+01
-1.153175697157672857e+03
1.906238399702917263e+01
9.972722587946391286e+02
-5.591349980120053260e+02
-3.095180385406906680e+02
1.120490373147787977e+03
9.399761171023276347e+02
-3.149428773678571929e+02
-7.817367788356427809e+02
2.826250999204179379e+02
-2.358626928304401531e+02
-6.034484288197168098e+02
-1.576434127643248075e+02
4.105867807976923132e+02
6.421151570635947792e+02
2.976990018393788091e+02
-6.306787356987091187e+01
2.707300450693725793e+02
-5.826532290568198960e+02
-8.015485355895167459e+02
-5.872219715008841376e+02
4.213727777701363379e+02
2.128494597548460206e+03
-5.463600737094839133e+01
-8.110980097152905728e+02
7.982759408787441089e+02
-7.903128056343165326e+02
-5.791975958545876892e+02
-1.284802897826702974e+03
9.269353263250762893e+02
5.736217661563497359e+02
1.856945240110678412e+02
1.303790024834677979e+03
-1.694754423546449118e+02
1.738082917231487272e+02
-1.856009010242454679e+03
-1.059373034239031085e+03
1.033040110740613045e+03
2.077651172461080478e+03
-1.516260727171448480e+03
4.211840540867951290e+02
1.064687749760424822e+02
5.406066859826173499e+01
-9.920432467636283036e+02
2.940389573446540226e+02
2.026180441926479432e+02
5.598520099932549101e+02
5.004409786872993209e+02
-3.806471716521665485e+02
-5.956816120225404347e+02
2.181686222163407365e+02
2.325081754941653287e+02
-1.641428646378726398e+03
1.072291008523238816e+03
1.904261236845144367e+00
2.378019038393832034e+03
-1.255580528216851235e+03
-3.977262064197888662e+02
-4.648851735404239207e+02
-1.588849178238558011e+02
-2.374159106144136615e+02
-6.543735033566698576e+02
1.450487958044231846e+03
7.995553704773627715e+02
6.062947296047917689e+01
-1.277283750533412103e+03
9.137063167312794576e+01
-3.941067046531885012e+02
1.120902775725865240e+03
-9.277446226570743875e+02
1.209000611701305161e+03
-4.104944586046066775e+02
2.428493981762405838e+02
-8.873452117854966446e+02
6.395115150429704727e+02
1.618523329168255884e+02
3.519013643495868848e+01
-8.492818591651113138e+02
-7.586238610042555592e+02
1.095597107537545071e+03
-3.937109511908781769e+02
1.424485054426086663e+03
-7.119583262938832604e+02
1.453046191085443979e+03
-1.664364405982511471e+03
2.983891792665946809e+02
-2.420956082297999217e+02
-7.351785775113360160e+02
1.467386848054299435e+03
-1.137440996854352079e+03
9.815868083172451861e+02
-8.792779101985452144e+02
1.797651597141610864e+02
1.295466032555178117e+03
-4.532030756440937012e+02
-2.248235681023971893e+02
2.650277341247165168e+02
-4.289321241084031726e+02
-7.652916247185154930e+01
-5.085000495489473451e+02
-8.904282079647745718e+01
1.427969738978748637e+03
-3.490417480666120582e+02
-7.984553660505480366e+02
1.134972969513351927e+03
-1.047721027177028191e+03
1.045135439430091537e+03
-3.442532577698464706e+02
2.627655390375182378e+02
-6.145624689061404524e+02
-1.077789137112254366e+03
2.454299410723544042e+03
1.611950769513032355e+01
1.265073495801229342e+01
-1.738527635227352221e+03
-3.552343439322672793e+02
1.312833918209718377e+03
-9.365673588605167765e+01
-1.974083395263764942e+03
2.262490691167313798e+03
5.532004473378181046e+02
9.161185612957820013e+02
-8.373943555430806782e+02
-1.073974863665694784e+03
-3.376639010139143693e+02
-1.003792062543026731e+02
-4.013096146886838369e+02
4.419793045868499348e+02
3.994402517047004721e+02
1.459790567663822230e+03
-3.018384492737797018e+02
-1.086442318250835569e+03
-3.232814639087442856e+02
-2.799580363733322201e+02
1.473144703878668452e+03
9.922657121978976420e+02
-2.414616101870250304e+02
9.135652108861046372e+01
-8.552256640053376202e+01
-1.653407418229483028e+03
-1.937248483471903910e+03
-9.472930951587502477e+02
2.464209945694356065e+03
1.448796504195441457e+03
3.741350260145366633e+02
7.955069793568931118e+02
1.644660559031178764e+02
-1.032316514004045757e+03
-1.086131847183042964e+03
-4.498581325979728831e+02
-4.105887247382827354e+01
3.055321496813231761e+02
5.536867936692798366e+02
9.055839868122864118e+02
-3.667680484978867383e+01
-5.502821757354199406e+01
-1.212385808676438955e+03
-7.502526506415176755e+02
4.681506796658347298e+02
1.923698499120844758e+02
5.346019484529107331e+02
2.408115652483176291e+03
1.084071947266024267e+02
-1.792066750822031509e+03
-1.085446197352541958e+03
-1.375155349013462683e+03
6.553879923048518776e+02
4.599355358427262104e+02
1.085740861048578381e+03
2.448066296870136966e+02
2.349101584930427862e+02
4.526944080792900422e+02
-9.034825947198227141e+02
-6.598927794037597323e+02
-1.291465212592368061e+02
-1.140155538918062064e+02
1.428975962432146162e+03
5.504120277102265391e+02
-9.406398445722999213e+02
-2.175177082382612923e+02
9.920349433672328132e+01
-1.276473067710115174e+03
1.451137054874432977e+02
-1.736101967078215580e+02
1.443869219554910615e+03
1.322158379614763817e+03
-5.786834480281079323e+02
-3.368322698472589423e+02
-1.508808994341046400e+03
6.525962877420488439e+02
1.287907248261441282e+02
-1.161101794246217622e+02
-1.621195392486567641e+02
4.232312329116216461e+02
8.759783963402791187e+02
2.955334024067275891e+02
-9.771694187742838267e+02
-2.978817428328082997e+02
5.203554459208438630e+02
-2.956111443349039405e+02
-3.960715565637109989e+02
-3.826350246020618897e+02
6.961825556106938393e+02
1.134733597662849434e+02
2.709222867559384440e+02
-8.405230385463999028e+02
-4.931207730129361977e+01
-2.617358122106781479e+02
1.176028993194981922e+03
8.749082417701207532e+02
6.329218480840532948e+02
-7.413220189164919702e+02
-5.502113993021457361e+01
-9.606279146728659271e+02
-1.894712343400596183e+03
3.767676189302326293e+02
1.948640779569445272e+02
1.621782367162164974e+03
9.534731496467644547e+02
4.072530991735656016e+02
-5.755082012081088578e+02
-5.753581139209709363e+02
-5.678896297332594258e+02
4.604201142487243033e+02
-5.476516239626218976e+02
4.942781048720969466e+02
-3.645041622160447332e+02
8.642473614862368549e+02
-4.654562816402494150e+02
-1.692543423602855455e+03
7.262327000550392597e-01
6.517149267016152407e+02
8.886119664573494674e+02
1.138586915000385943e+03
8.077158314707432964e+02
-5.695600274941600816e+01
-4.173706000746286691e+02
-1.564495263438963093e+03
-8.170133985942791242e+02
-6.015661739823450489e+02
1.198377405408617051e+03
1.066515345837566883e+03
1.788574441922579581e+02
-4.309068483735940163e+02
-4.566579890653725329e+02
-2.359233930194245943e+02
1.247912479540825188e+03
-4.232566593641620329e+02
-6.829121123025465749e+02
-3.846362980228376216e+01
7.099719369588830205e+02
-5.892947996366301311e+01
-8.637475273053070168e+02
4.817004899295799305e+02
-2.477119136151430325e+02
-3.049870583779376148e+02
5.937877637088868141e+02
4.874621960480988037e+01
1.624838746221789734e+03
-8.003114401784030463e+01
-8.025081722104356459e+02
-1.425210485589178006e+03
-5.614832531691071438e+00
-3.422274029695782360e+01
-5.456086293333123649e+01
1.143976768589252970e+03
1.174551797480342429e+03
-1.778688339018321329e+01
-9.022690967208968686e+02
-4.096248597109767502e+02
-3.927724578620404827e+02
-3.773013691961653535e+02
-4.117839217408028674e+01
3.932065801450049776e+02
1.173195612680725617e+03
-3.474794618188972208e+02
-4.558591476476601656e+02
-3.762724031642357545e+02
-5.127542054554846800e+02
4.121651354073253515e+02
8.201466354722352889e+02
1.037070640815509250e+03
2.011876098378529321e+02
-8.752803348412028299e+02
-3.865122950138765532e+02
-9.461211372215407209e+02
4.077050828124107511e+02
-5.134087100133526747e+02
2.452407946934420124e+01
6.260211968740211432e+02
1.335070443790825266e+03
-8.801278930449652194e+01
-6.037813403135843373e+02
-1.451676091085035125e+02
-7.609605310445305122e+02
7.467848773005988505e+02
-6.830202403287123616e+02
-2.930563779969758116e+02
7.177447270678401310e+02
2.198998819616671767e+02
5.923244830645994341e+01
1.108827013239715420e+01
-1.796317784505376949e+02
2.577124339071378927e+02
-5.877073438258928491e+02
2.478871712810677082e+02
1.746967363453508142e+02
1.132688907148291037e+03
2.121544984318185243e+02
-1.236633289308103031e+03
-1.157272101890613840e+03
-7.089311242321131203e+02
6.483286785366535696e+02
8.035834674814723257e+02
7.053382733219550573e+02
5.731602982022436663e+02
1.192816159168469312e+03
-1.080798759541737809e+03
-1.390578207391477918e+03
-4.889956123127565206e+02
-8.812335371485148983e+01
1.847838866307453713e+02
-1.564668653787325354e+02
4.323812092135029843e+02
6.111763705936384667e+02
9.600451761482694337e+02
5.794906815792970178e+00
-1.554233012176888906e+03
3.125504595847320388e+01
6.484492782297278382e+02
-2.213553771062682785e+01
1.148119635695272791e+03
-6.112552317529996344e+02
-3.203848319660673951e+02
-7.610160088212786604e+02
-4.650908225057104914e+02
-6.261035138717943482e+02
-6.931646126246378969e+01
2.178362378581863140e+03
2.349478773932024751e+02
1.840187127641149800e+02
-3.101074165352066530e+02
7.822732082609113036e+01
-5.310039253495993989e+02
2.707748000037312863e+01
-9.771030060167128113e+02
-2.893625668430890983e+02
4.436892449889600130e+02
5.710932086635270934e+02
4.788974247138507678e+01
-8.878919705521991546e+01
6.305677807018978598e+01
-1.806436769648904317e+01
3.327603384917764515e+02
9.712660638973502500e+02
-9.460480687284231180e+02
3.357256133079847018e+02
6.083942812561720075e+02
-1.255936248029685430e+03
-8.717452365541595327e+02
-9.788357928909126713e+02
1.211633580498428728e+03
9.605661287027197659e+02
3.753340705809905558e+02
-6.786191191723848988e+02
2.592268152698484300e+02
1.770708764234466059e+02
7.371606687488656462e+01
-7.208205328999051176e+01
-5.839645319820796203e+02
1.744868436869656136e+02
2.569011980661008465e+02
-2.060954993880070276e+02
-5.561785860987491787e+02
-2.222946402845341254e+02
4.473560225327895523e+02
1.040773898713516473e+03
6.800653090048598415e+00
-7.496897972283682066e+01
-2.690634676480908638e+02
3.150071275922295513e+02
1.002190168537786832e+02
-1.213276986213695864e+03
-3.964051224810356757e+02
4.275057204685755323e+02
1.412037766258064835e+02
5.651155883509353544e+02
-1.078098990241785913e+02
1.752998429771189137e+00
1.629969986099351900e+02
-1.592093778554967116e+02
-3.189378087762867722e+02
6.537998573464492438e+02
-3.967339619112175342e+02
4.562300686597453705e+02
-3.725503026434720937e+02
-4.206446961010587415e+02
-3.520345268165978609e+02
-4.263727240920069761e+01
1.245640385595005455e+03
-2.715156534830592605e+01
1.249686811565217397e+02
7.458929681975415349e+01
-7.284278264289517892e+02
5.005904008714894076e+02
-3.572083794800650480e+01
-6.468794188512234768e+02
-2.285435830950133891e+02
-1.161127443978387390e+02
-1.226154803049011122e+02
3.744020867064576237e+02
3.554609103140018647e+02
5.394228961166220415e+02
2.688738079497506419e+02
-5.322955457035169502e+02
-1.909283849564473599e+02
-2.282553191885933188e+02
6.305429183153250960e+02
1.743961243375167669e+01
-1.096330525865139862e+03
2.509377384731945142e+02
-2.691271090988509513e+02
3.077140187149745998e+02
6.406695441761704615e+02
-6.044651974790738791e+00
8.150273624597684829e+01
1.334998195485667054e+02
-6.621086069495950710e+01
-4.090382117283463685e+02
1.692805786827800318e+02
-7.439286533109246591e+01
-1.989668675707375769e+02
-6.201179026242373311e+02
1.121110479565494984e+02
1.449883385118847912e+02
4.785896799625667768e+02
4.379358948035406911e+02
-4.236488159911434082e+02
3.208121955016108586e+02
3.345612117237148482e+02
-3.333591735844716482e+02
-5.232825752383341751e+02
2.571368529840206634e+02
-5.622969580569954360e+02
4.265876235569504615e+01
2.181839160946491063e+02
4.210474410189416403e+02
-1.089936600027699853e+02
2.158270350752206355e+02
4.162627493277997104e+01
-3.442875440231273956e+02
9.187815004594727952e+01
1.722697363887639881e+02
-9.430975731838972820e+01
4.515596238787185257e+01
-2.873848857286757266e+02
-7.998719593260174179e+02
4.028376479110258401e+02
2.882063477503465379e+02
4.239832958258477902e+02
1.949534712329875958e+02
1.166987018876791069e+02
-4.145537658199130249e+01
-1.448268578280122938e+02
-1.846393480216247269e+02
-3.433459647144103997e+02
-1.188928191941637209e+02
6.860626994034625170e+01
1.271608828079479281e+00
-2.323465098294596487e+02
3.027796588806397153e+02
2.441819857776549725e+02
4.060927509399402879e+02
1.829283820038895669e+02
-3.500260699737274308e+02
9.329762586253440304e+01
-3.988234363491942958e+01
-1.355784854555739685e+02
-3.189437510958764506e+02
-6.882902228048717461e+02
2.138294020433398401e+01
-6.448865803822182841e+01
5.177098320762432877e+02
4.309549500616550404e+02
6.736983768625011635e+02
5.421185200115141924e+02
-4.812884252938630425e+02
-3.429409061153666016e+02
-8.934427881726645637e+02
1.983429981554122605e+02
6.700709625172589767e+01
5.015949028864487502e+01
-1.921156912707123183e+02
-2.140683535841506284e+02
-5.604817123868294004e+01
-3.608595746357277676e+02
1.123438617328418104e+03
6.590882975441710414e+02
7.095559350846931466e+02
-7.130342063621883426e+02
-4.700056119362733398e+01
-1.205229592563574215e+03
1.853642942449555733e+02
-5.685261577717175214e+02
8.917094484127649423e+01
1.661392463382157985e+02
2.663946772811651158e+02
7.524884892288099536e+00
3.977766672930488312e+02
9.282378079005042082e+02
-7.702583842757455841e+02
-4.340637249043872714e+01
1.099951747114306215e+02
6.659089837657367070e+02
-4.213795812415995101e+02
3.409032614427119370e+02
-1.616763223774078142e+03
-6.074274782647306665e+02
-2.820289676705042439e+02
2.063700222253699508e+02
9.447455274393797708e+02
1.592078193400518103e+03
7.340171362839682843e+02
-5.176991209884226919e+02
-3.549082611015953717e+02
-2.196438789805109764e+02
-1.387652110363036627e+03
6.352640522800086273e+02
-1.604236872058222332e+02
-7.824810674457356754e+02
1.812271471725022707e+02
1.511603733607142317e+02
7.201314687099152252e+02
9.097131779480820057e+01
3.222848402708633557e+02
-7.359199146014886992e+02
3.475927732377803636e+01
1.516111577706373055e+03
6.895376470209944841e+01
4.852947619918005984e+01
-2.287377420635549470e+02
-1.509785092696683478e+03
6.034069408702038118e+00
-6.885775078091885462e+02
-9.770105032024519005e+02
-3.873352740136426320e+01
1.101586042307294974e+03
1.197008583545482679e+03
8.937354436770161783e+02
9.620418781587561625e+02
4.162818966016088780e+02
-7.955258881452252808e+02
5.572323231808167066e+02
-6.939967535432472232e+02
-3.225318113260479549e+03
-2.380808834915927719e+02
-1.957565531160514070e+02
-4.757502317788202504e+02
1.392590916861064443e+03
6.524672840791679391e+02
2.878562833410493113e+03
2.961619636094224006e+03
2.311320285554209022e+03
-2.083206842951673934e+03
-4.504161624390091674e+03
-9.092593654016707205e+02
-2.695246822618668830e+03
1.824827284462507123e+03
2.225807239484119691e+03
-6.965007151117384865e+02
6.181922411506033086e+02
-1.568887574145949657e+03
-3.815114463464402661e+01
-1.357643019664555368e+03
2.191751193311642965e+03
2.359097337338337638e+03
-2.225662260336585859e+03
2.478034074140117809e+03
-1.993296184428141714e+03
-4.983250884173804707e+01
9.150175187824742125e+02
-3.253960429282216865e+03
5.110729554155791448e+02
-1.429888106065609179e+02
4.590507453095734490e+03
1.695660062138749709e+03
6.192267417590086325e+02
9.708772324240292164e+02
4.127063015345090389e+04
-5.513525466791834333e+02
-1.420219397149961367e+02
5.257332084294567949e+02
3.334490478488968620e+03
-1.212835087558202531e+03
5.194546217606138043e+02
-2.536318289314497179e+03
7.297034367431368764e+02
2.603098759794413581e+02
-6.245166331687076990e+02
4.173094232263401864e+03
-2.185049170438116562e+03
8.630990216469832603e+02
1.371768309606362664e+03
-9.575898526930744765e+02
-9.566141072427730023e+02
-2.898049462989665244e+03
-1.783230523192837325e+02
-1.603272532389732419e+02
4.220205495833402892e+03
3.776868188132482373e+03
-1.040384531084799391e+03
-5.465075167049235461e+00
-2.901541873890259922e+03
-2.613839229998869541e+03
1.974997968876213577e+02
-3.231932201574020382e+02
1.238335000493937059e+03
-7.995988844745318147e+02
6.409618440620757838e+02
-1.627378279697328935e+03
1.647393351033745830e+03
2.459786320222452105e+03
-1.049262005316476916e+03
2.434394311487302502e+02
2.898857214427320059e+02
9.211838000630500574e+02
-8.710261368014066647e+02
8.177951436790672233e+02
-8.998769858141317854e+02
6.144110680176105177e+00
-1.353186581703174625e+03
-6.931400136415022644e+02
-8.319217716896608295e+01
1.559682460552195380e+03
-3.453494618995580367e+02
1.603868097813683846e+02
2.126710877746962524e+03
9.001395215575810198e+02
-6.978249514305966841e+02
-1.185202609076437057e+03
-1.514346587712432893e+03
-5.568993748263860653e+02
1.306655490327517555e+02
-2.967904884775513352e+01
-8.577012005182685925e+02
3.916336571152359625e+02
1.356820085038355501e+03
5.154521254623914501e+02
1.963934331804421163e+03
9.056322546987080386e+02
3.456124212437417782e+02
6.815155590593656143e+02
-8.092117335559742060e+02
-1.827281157482923618e+03
-1.705950287787188245e+03
-1.094510584156745836e+03
5.188992707898934214e+02
-8.025839543632806681e+02
-1.289669868582407446e+02
-3.816854696235580491e+02
2.311889620795478208e+02
2.357089496174284704e+03
2.663832962139648544e+02
-8.161230517420069646e+02
-1.307025507697562432e+02
-4.798125024858598522e+02
8.728713351389418449e+02
-7.561480372479137486e+02
4.063438439998122931e+02
1.517502645410569130e+03
5.883761206346143808e+02
3.857649554033456241e+01
-8.943986264942818707e+02
8.687523749807967306e+02
2.036328595965292720e+02
-5.470961739543754447e+02
-7.842909827922953809e+02
-2.920945530637876004e+02
-4.742086599022178461e+02
-5.428247115175659019e+02
-2.977879230920830764e+02
-3.815361156139403533e+02
-2.907192875056613843e+02
-2.127034058899112949e+02
8.121523803991454997e+02
7.476914076882289919e+02
3.601982766071999436e+02
-2.534196569561512291e+01
5.585134032344501520e+02
-3.147486388556048098e+01
-5.576286056670292055e+02
-8.059924875247233444e+01
7.952417652622507376e+02
2.924583696195022071e+02
-7.503583015150094582e+01
-8.548348436958758612e+01
3.975422058446732194e+02
3.810759435350819899e+02
-2.972089963059690376e+02
1.373782382695792990e+02
-6.446920048513942447e+02
-9.151619241393981383e+02
-1.408137209073757276e+03
2.429383066212425035e+02
1.105709569599760158e+02
-6.079776308885424214e+02
4.122574427251050224e+02
8.579978785512139439e+02
4.429926902347438613e+02
-4.816209627301598175e+02
2.600468456617477386e+02
1.234993746490861895e+03
1.239530670412421074e+02
-3.369200002599852724e+02
-4.566304733420895445e+02
4.415675188591368396e+02
3.026599347424380539e+02
-6.981311319086620415e+01
-2.791422004016105873e+01
3.150318778706001126e+02
-3.633798032903310968e+02
-7.324698313538668799e+02
-1.711594231918423361e+02
-1.335832450400317555e+02
-4.610847652177677958e+01
-1.428198791379086572e+02
-3.333908932406822032e+02
1.717736414978542712e+02
3.328703179325434576e+02
7.520592458164169614e+01
1.695026358163395912e+02
3.028001088660269602e+02
-2.070137933293698040e+02
6.146716825103464998e+01
-6.822462117931053172e+01
-7.516050077298788779e+01
6.716176639556827865e+01
-3.020795547144158490e+02
1.694164741609435154e+01
-7.797617327815609656e+01
4.108470990104870424e+01
1.526875509912844677e+02
-4.009465051131989810e+01
1.300896628406225659e+02
-1.071882589033956776e+02
7.003122701384738136e+00
5.130955043787248648e-01
-5.464618058983447213e+01
5.523313231833925130e+01
-1.415464203977088609e+00
0.000000000000000000e+00
