2.315686887400276461e+01
9.356713229855581915e+01
6.529820276056932471e+01
-5.371945604792607298e+01
-1.371698464404715310e+02
-2.207935950855994065e+02
-8.828890146185864296e+01
1.214117454959139479e+02
6.277647149125635195e+01
2.691211192998065371e+02
4.403675910614275608e+02
-3.345529779679291238e+01
-2.584590945645500142e+02
-3.539098479385078804e+02
-2.278524687814724814e+02
1.880688609770475637e+02
6.684514263532612688e+00
-1.519421298855465636e+02
4.082718108748351824e+02
3.464509999437432270e+02
5.948763015871236348e+01
-4.609045114055146541e+02
-5.238119061668006538e+01
1.544481887639185516e+02
-4.213948207061184803e+02
1.604016730673427276e+02
4.978043965386711420e+02
2.636596152856158710e+02
2.111333841569836522e+02
-6.576039580788742569e+02
-5.511505273997926224e+02
-1.590996171561558015e+02
3.286592572476970417e+02
7.961827063237042239e+02
-1.442059262063882557e+02
4.768964272239709317e+02
-7.371416117725857475e+00
-6.098745452472567194e+02
3.790567417987437580e+02
-7.879819525070124655e+02
1.124582060366878977e+02
8.042163172789931878e+02
-8.838517861447910491e+02
-6.575039317283354876e+02
1.042528416073016842e+03
1.235000076604535252e+03
8.041794554839864873e+01
-5.157104344243828109e+02
2.729442613322341913e+02
-5.473434120696193759e+02
-9.815529876048296956e+02
-3.242793651964623791e+02
4.495930269805246553e+02
8.205745071178076842e+02
6.266343881084188752e+02
1.447919909278074897e+02
2.760585691468194796e+02
-7.596752159140100957e+02
-1.125811317912723780e+03
-8.096939466155047285e+02
3.925457718785546604e+02
2.370446538115776093e+03
2.723882971563850788e+02
-6.108496046935347294e+02
7.986907493614119176e+02
-1.052498932338579380e+03
-9.043757496676713572e+02
-1.489984001928236012e+03
9.301674342960305921e+02
8.206079327047473271e+02
5.004053712841628681e+02
1.520992706248057402e+03
-1.825150292797392808e+02
-3.023826097613520147e+01
-2.119088148823784650e+03
-1.270035159059316129e+03
1.000091876766801647e+03
2.259281099812118100e+03
-1.245928345086360878e+03
6.450618007929176656e+02
1.729584290622120193e+02
-1.405847229277790973e+02
-1.324738762169996789e+03
8.502483043806716978e+01
2.158646062908617864e+02
7.365439518328159920e+02
7.665990815397757387e+02
-1.980210905406649431e+02
-6.265809702933617018e+02
9.423172440161098962e+01
3.086238059769888764e+01
-1.846029255409837106e+03
1.053542757582815284e+03
1.230407838616152532e+02
2.559565708329237168e+03
-1.082250188406613233e+03
-2.856653065587036053e+02
-5.553053350010912936e+02
-3.872044207855283275e+02
-3.971646883814331659e+02
-7.836858514222753911e+02
1.531963703674943417e+03
1.085161449185727179e+03
2.502727883345185660e+02
-1.232969699679741097e+03
-3.055775144914441199e+01
-6.149542525335685923e+02
9.378736117231482012e+02
-9.350973097689603719e+02
1.316801355616157934e+03
-3.148970536476549000e+02
4.118840632114103073e+02
-8.028528920815016363e+02
5.644158559411459919e+02
7.823117523980434385e+01
-1.206698564908419229e+02
-1.024964490338992618e+03
-7.526292521372133706e+02
1.266974062541171634e+03
-1.852357421818349223e+02
1.610868436144343605e+03
-6.734688399799255194e+02
1.242099728671566254e+03
-1.947603638447351386e+03
1.529072769288002860e+02
-2.369157821800511101e+02
-5.425408030323494586e+02
1.749668552348822914e+03
-1.041928094017959893e+03
9.347569022930470055e+02
-9.949428931901018132e+02
-3.493716021617076706e+01
1.126113025082311651e+03
-4.677053748351744957e+02
-9.617713859054380521e+01
4.579611154516152283e+02
-1.968554349498535885e+02
1.455077842723906656e+01
-6.787485745841155449e+02
-3.342434798831568514e+02
1.162249504250474502e+03
-4.533599577085390138e+02
-6.050443346726680147e+02
1.464073682221676336e+03
-7.631116425419636471e+02
1.099077732247559879e+03
-5.267444608538033890e+02
-8.767646738218869018e+01
-8.937143176038292722e+02
-1.090410415061112417e+03
2.607354581852584033e+03
3.209073771716648480e+02
2.948260188547380380e+02
-1.677806088970100063e+03
-5.133583980521221974e+02
9.904873316848367040e+02
-3.874011784801505769e+02
-2.079933792032451038e+03
2.431292966314580553e+03
9.206394078143830484e+02
1.236802648855590178e+03
-7.334324717816157317e+02
-1.262096548342227834e+03
-7.227334807562492642e+02
-4.293395676050787415e+02
-4.927726493900275955e+02
6.365227926682611042e+02
7.825147821209477570e+02
1.798846711423040915e+03
-1.929292865961439816e+02
-1.290704990370601536e+03
-6.975767893244960760e+02
-5.988448547459514657e+02
1.323398900732945549e+03
1.165326955564240279e+03
1.529446053375585279e+02
4.414190311186871440e+02
4.172313703223585435e+01
-1.849890427545405828e+03
-2.332996781704535351e+03
-1.319717537456823266e+03
2.394380707011704544e+03
1.682620425567721895e+03
7.292644674678708725e+02
1.146685848577776369e+03
2.186491365150736783e+02
-1.263397492377654771e+03
-1.408773558215007597e+03
-7.462630525471222427e+02
-1.316049629306751854e+02
4.813787058011211002e+02
9.030566340537556016e+02
1.173385482907385722e+03
7.383914432180895915e+01
-1.564780178721682944e+02
-1.587122762284470582e+03
-1.072895217614899366e+03
3.754387655366161880e+02
3.277005623903653486e+02
8.917436956921454794e+02
2.740049082124897268e+03
1.552152117119986485e+02
-2.017296772980575724e+03
-1.390351374541162158e+03
-1.623290000953629260e+03
6.345057976343979362e+02
7.153856086955173623e+02
1.345080394917008334e+03
3.688137125742599665e+02
2.657061339571035319e+02
2.958706131624813906e+02
-1.150716063091622345e+03
-7.706030306024235870e+02
-1.507628742293177311e+02
-3.490114409866022527e+01
1.637977435724750649e+03
7.304997774717733137e+02
-9.127328232786210265e+02
-3.214555170950779370e+02
-8.064672027335663529e+01
-1.495522652367839555e+03
1.340484797209162764e+02
2.171453265393521548e+01
1.602621607041613288e+03
1.447484174353793378e+03
-6.164799464193802123e+02
-5.426049863382348803e+02
-1.658874438061334558e+03
6.555515391354077792e+02
2.327946132703983722e+02
-3.025114815312946348e+00
-4.415202251578863013e+01
3.930290239895292643e+02
7.502447395270489778e+02
2.413866080273835450e+02
-1.042258782855344634e+03
-2.926088971465639474e+02
6.065709795747235376e+02
-2.275242029444754053e+02
-3.536166989608052518e+02
-3.745712328098001080e+02
6.418737045577506706e+02
-1.454945098667553793e+01
2.211065496672188146e+02
-7.873966697136290804e+02
3.218083930385822811e+01
-1.361640057903272236e+02
1.220315270593362584e+03
7.635706492210206306e+02
4.825710007660615020e+02
-8.360358060992952005e+02
-4.190668684029448343e+01
-8.282842900689456656e+02
-1.737239715481689700e+03
4.591305085197764129e+02
1.543795023535874122e+02
1.499992183625079406e+03
8.134190785091178668e+02
3.096108845676043870e+02
-5.305339364294462712e+02
-4.569105684045903217e+02
-4.354597340681948481e+02
5.584081521579936407e+02
-5.820984615963329816e+02
3.717455224906374269e+02
-5.359817466613388888e+02
7.904237388672644329e+02
-4.009282574290157299e+02
-1.563215803607526368e+03
1.800822082300877867e+02
7.037665121368595464e+02
8.002295269532573911e+02
9.870829844894451526e+02
6.700996252981944963e+02
-9.507563658471525514e+01
-3.713039534077598773e+02
-1.410490616384961641e+03
-6.927297538550901663e+02
-5.424403785868988734e+02
1.203538096465917988e+03
9.210514296711445468e+02
2.250296235805772938e+01
-5.122198090404840514e+02
-4.539492986547231226e+02
-1.132465448931766048e+02
1.437749096959727240e+03
-3.184810368141190793e+02
-7.634859391186724906e+02
-1.745407003841236815e+02
5.752928787568972666e+02
-1.419160600237313190e+02
-7.664209611700218829e+02
6.336875939734496797e+02
-1.811616063172934901e+02
-2.742022573280852384e+02
5.529665453027257627e+02
-6.542696657695475437e+01
1.567417285120410043e+03
-1.053417586985357559e+02
-8.380978696256314606e+02
-1.383198942266683616e+03
1.308480606066686960e+02
5.818188706443419278e+01
-2.913098588823665125e+01
1.133342605657285958e+03
9.976019806071155926e+02
-1.810417513788183612e+02
-8.870656203046089558e+02
-3.413615312948621181e+02
-2.532394736670714224e+02
-2.509901443599303832e+02
-5.002900866113553491e+01
2.775297819523285057e+02
1.090315696256012416e+03
-3.790959894301600457e+02
-4.983351506527372976e+02
-3.004791781959299328e+02
-4.496788737523801274e+02
4.202987919510999859e+02
9.133050670684127681e+02
1.053668075583041173e+03
1.031077370024994195e+02
-9.945064580775239165e+02
-4.765843624995781056e+02
-9.766913197176061203e+02
5.227981202180897071e+02
-2.812008075242386553e+02
1.223279680380248351e+02
5.918243706588848454e+02
1.204211872144619065e+03
-3.158005416100242542e+02
-7.099024611438304646e+02
-7.626184912154826634e+01
-6.322439257912906214e+02
9.023805489923283858e+02
-5.594991213027963113e+02
-3.160100459622909739e+02
5.810445432030544453e+02
8.169446153655943021e+01
-6.265573188599974230e+01
-3.589030345297383917e+01
-4.225800031645060528e+01
4.771649745204894089e+02
-4.449233428198567708e+02
2.860768565300328419e+02
8.494374204117850269e+00
8.494684927801628191e+02
3.257505078832267031e+01
-1.232297479555898917e+03
-9.427984164787926602e+02
-4.199772731666661798e+02
8.590483163338826671e+02
7.826914098319917912e+02
4.674512272334862928e+02
2.985408600945092985e+02
9.585921923062900305e+02
-1.081340482676965166e+03
-1.159572768823288243e+03
-1.837715588344786113e+02
1.570484322128349390e+02
1.853872122968915335e+02
-3.717236689146051845e+02
7.548092051350084830e+01
3.440962436004779192e+02
9.891342266434257908e+02
2.662959668672640987e+02
-1.174020263476460059e+03
2.776988544369935994e+02
6.109158614560396927e+02
-3.213034128610563585e+02
7.571028717422375394e+02
-8.416249631531081832e+02
-3.014297019385560361e+02
-4.600587684642624708e+02
-5.521280193647174883e+01
-3.736515252668808671e+02
-6.053320323020787441e+01
1.906839991859184465e+03
-2.151821590721106077e+02
-1.454972252191770963e+02
-3.104765724508864650e+02
3.815484986479518170e+02
-7.136129231545766061e+01
3.878657729274116264e+02
-9.859468574291119012e+02
-6.727473629981062686e+02
-1.405791379755970638e+01
2.740141882417502757e+02
7.440234068020922109e+01
3.197901333278329048e+02
5.070429563255271432e+02
2.107608960266487088e+02
2.919139901749671822e+02
6.273649952896715831e+02
-1.380072849059391501e+03
7.626267696886526437e+01
6.549079982325115452e+02
-9.868360550700567728e+02
-4.423271445416327197e+02
-6.046350657045904882e+02
1.186765459380400898e+03
6.606728422554072040e+02
-6.682802161638480243e+01
-1.079343372911048164e+03
2.469976050935948706e+02
5.408635139047459006e+02
5.557280549797510503e+02
2.377280743439496007e+02
-5.899974827835401356e+02
-1.956011888685069664e+02
-2.194615849480705378e+02
-4.035505768512326767e+02
-5.032844284244570758e+02
6.646021391315130700e+01
8.612854123873411254e+02
1.242220463778172189e+03
-6.658002766603259204e+01
-3.093473962322478883e+02
-5.956756070277122035e+02
4.255810480821412511e+01
1.043470428473566187e+02
-9.598757462908065463e+02
-7.313796402881899894e+01
7.213558744725751239e+02
1.981352316854523394e+02
2.818228101166889701e+02
-4.719217615159403749e+02
-2.396903149063134606e+02
1.214502291179085489e+02
1.033496722683159987e+02
3.921827920046382587e+01
8.335277313417411733e+02
-4.292301556685712853e+02
2.570580836906534046e+02
-6.362018363441542306e+02
-5.925816338892420845e+02
-2.890411728143301957e+02
1.208930252276843476e+02
1.417742400780034131e+03
1.456764277777242000e+02
1.075576840547596902e+02
-7.015656224138436414e+01
-9.088033499149702266e+02
3.403093465625380531e+02
-4.987616124277418805e+01
-5.172006512796803008e+02
-1.421647810695438352e+01
8.342078183827084104e+00
-1.072326908565274977e+02
2.773093785299209912e+02
1.541017599175366968e+02
4.405116658128144422e+02
2.695932119232835475e+02
-4.592964974287658606e+02
-7.490486970523089383e+01
-1.499473396255963848e+02
6.583475905467028042e+02
-3.971163732461755558e+01
-1.170873834728774909e+03
1.878020931952539740e+02
-3.039370669211376708e+02
3.533350201116923586e+02
7.171319470551343329e+02
5.532097781293681038e+01
9.251409288773247397e+01
8.221426782776073594e+01
-1.418981475079287975e+02
-4.601364305970962505e+02
1.835644107746377074e+02
-2.394551609549672477e+01
-1.731218919303716461e+02
-5.872638254334452768e+02
1.287809385144684882e+02
1.237421855458942304e+02
4.959770394799072619e+02
4.204170330463637129e+02
-4.932199518996820302e+02
2.742494995072755728e+02
3.368749915801573138e+02
-2.852802577871183303e+02
-4.664388634124152873e+02
3.319608563037493809e+02
-5.936787294677027376e+02
-4.323791149181550963e+01
2.080001010189032797e+02
3.967001740439449122e+02
-6.774371657747740016e+01
2.790493460765714531e+02
2.190330813116007036e+01
-3.841283646107009986e+02
8.467147259987189045e+01
1.885151379075909404e+02
-1.258996610277589099e+02
6.239231943310115014e+01
-2.835622260639578371e+02
-8.492144793192460384e+02
4.804214564250946751e+02
3.656117913286956878e+02
4.166397186820968273e+02
1.591801244800590780e+02
2.351950882341577653e+01
-1.423772604673115438e+02
-1.253350032575581849e+02
-5.172873968553512469e+01
-2.724176203075364811e+02
-1.036141818657565636e+02
4.318803337882641813e+01
-1.256563806965798165e+02
-2.849316017986187148e+02
3.847232057046693967e+02
2.891930542826341366e+02
4.342033980940974516e+02
2.188350659859784457e+02
-4.094157231071640126e+02
3.043852347050856366e+01
-3.571791270297910614e+01
-1.514679973062513625e+02
-3.499841797829894858e+02
-6.400120672373424213e+02
1.014508447373291631e+02
-3.383000328723841932e+01
5.749306137932162528e+02
3.830113763392296278e+02
5.121196763828837675e+02
4.870114933895714557e+02
-4.755470668662407547e+02
-2.683758332209221749e+02
-7.557804748695225499e+02
2.696810921661672182e+02
-1.047988450625539514e+01
-8.737073207314497836e+01
-2.362249430959857648e+02
-2.354923461148594868e+02
2.380525899279747648e+01
-2.173835210983131958e+02
1.144550631866738286e+03
6.403947170006646274e+02
6.363666118351395653e+02
-8.283585194469585531e+02
-1.144647105827777693e+02
-1.182974411529322424e+03
2.762375200933740302e+02
-4.732879956087220990e+02
2.020347963132366260e+02
1.656119258686724720e+02
1.333628453188366336e+02
-1.139299104643362455e+02
3.125581541714952891e+02
9.487767490100477517e+02
-6.276549198874652120e+02
9.981545339034295239e+01
1.515237452270737322e+02
5.878354832950342370e+02
-5.648229120604951277e+02
2.156340211229513670e+02
-1.643133798700915804e+03
-4.967038053072819253e+02
-1.162752826712177381e+02
3.307581315167346361e+02
9.765731387195249908e+02
1.466261620972698665e+03
5.349840188221755852e+02
-6.816788201686715638e+02
-3.885508219606772400e+02
-6.612024626297139207e+01
-1.154080568145928282e+03
8.466228196674376250e+02
-1.661281115472300769e+02
-1.000823024219655395e+03
-5.828899352547739454e+01
-2.339462504892034644e+01
7.673166808629051729e+02
3.238688742084419800e+02
5.835735210257980725e+02
-6.197379370797609681e+02
-6.412610908387239306e+01
1.310747445518530640e+03
-1.999341666516424425e+02
-6.372634245330758063e+01
-1.292059700429770146e+02
-1.312791674173775846e+03
3.003516895804769433e+02
-5.050409980474918257e+02
-1.047825318457204276e+03
-3.161691708650049577e+02
7.677685064218800335e+02
9.755989417010961233e+02
9.400265464439553398e+02
1.339488161401855905e+03
8.121908091683369548e+02
-6.258413757691207593e+02
4.610743202895067157e+02
-1.085173880715239648e+03
-3.637485738720115933e+03
-3.460532144619764381e+02
-1.523162754118364148e+01
-1.342253155502900768e+02
1.745769696192758829e+03
7.674350373907831226e+02
2.684234653855738998e+03
2.637324074741236473e+03
2.009187488281263995e+03
-2.262549496970606924e+03
-4.371005408018892012e+03
-5.264386588283771289e+02
-2.364627936569484973e+03
2.038449072334711900e+03
2.152488483930379516e+03
-1.129197265077158363e+03
1.710688335589115923e+02
-1.771468151088152126e+03
1.038853091024460014e+02
-9.387264807260206680e+02
2.668072861890553668e+03
2.534743652520674914e+03
-2.449297502288203759e+03
2.110762646908212901e+03
-2.406448246984883099e+03
-2.151409639693794702e+02
1.145069140718432664e+03
-2.902468860729453354e+03
8.355718659259437118e+02
9.230362180637456504e+00
4.463253779326073527e+03
1.331794260335864237e+03
2.732168635175480063e+02
8.254069227045398520e+02
4.133555909196082212e+04
-1.856410022135175382e+02
2.744099768933568271e+02
6.912257125033559078e+02
3.239524091986693747e+03
-1.564848089070875176e+03
9.729850526127540888e+01
-2.727439161304035679e+03
8.654038511862661380e+02
5.913597044269002936e+02
-2.740807200182459837e+02
4.366209911515038584e+03
-2.295252462850312440e+03
5.546763784515957241e+02
1.091002486805587978e+03
-1.129679885010030148e+03
-9.161802212853141327e+02
-2.618747945940721820e+03
1.095329690615722598e+02
1.493719263591231083e+00
4.180119347358076993e+03
3.531608738382311003e+03
-1.328924141183615120e+03
-1.884802708816575887e+02
-2.844066827089560320e+03
-2.387119739644552283e+03
4.802659649881290989e+02
-1.371978391452288690e+02
1.172898395250899966e+03
-9.864079743854529170e+02
4.011614951467561241e+02
-1.801383192913895755e+03
1.638814820050620710e+03
2.587150718336064983e+03
-8.039746404216441533e+02
4.175714695392899785e+02
3.463083132331643128e+02
8.294917344378578719e+02
-1.110801326049306681e+03
6.258374361029401598e+02
-9.656399509108022130e+02
1.198937109177932854e+02
-1.141004526768581172e+03
-5.096252224845353567e+02
-3.190506853017140543e+01
1.417612229721614995e+03
-5.192485770393751636e+02
2.383444123369714873e+01
2.072448443912776384e+03
1.000393677692920619e+03
-5.496239586954819742e+02
-1.064389412365160524e+03
-1.421208866059904949e+03
-5.675766228195795975e+02
-1.844665730625747813e+01
-2.146499647905701806e+02
-9.855950766241303427e+02
3.618196672418807793e+02
1.494621318908392368e+03
7.900526852265456910e+02
2.124639181370172082e+03
8.716401341134771883e+02
2.010727745089758969e+02
4.270759411396985570e+02
-9.526144720659098084e+02
-1.758882217537870702e+03
-1.559102623534233999e+03
-9.148455196929144222e+02
6.347961182940450726e+02
-8.334648022760313779e+02
-2.999460693908120561e+02
-5.126115813128102445e+02
1.571761059751791549e+02
2.296718939546336514e+03
4.055148478300158104e+02
-6.182941889157593778e+02
-1.978060162124165799e+00
-4.132036233426512695e+02
7.420470354714530004e+02
-1.028103680065092249e+03
1.961044668399187572e+02
1.518493808301045192e+03
7.385601829576213504e+02
2.976101527572702139e+02
-6.492924717940642267e+02
8.350093629009242022e+02
1.395630687195640718e+01
-7.563284421830001065e+02
-9.656426663560814632e+02
-2.845039304516526499e+02
-2.777157850953975640e+02
-3.496312478264571837e+02
-1.983854396629400014e+02
-3.695214197822127744e+02
-4.399189375252021250e+02
-4.443159212044819242e+02
6.918357255088682223e+02
7.745938899879449764e+02
5.039079963072596797e+02
2.313217900684852282e+02
7.345640788356784014e+02
-6.547804498039454302e+01
-7.485627190717681287e+02
-3.549051408589082257e+02
5.942405484721349467e+02
3.362183536818488392e+02
1.472822143450575254e+02
1.739233464154362991e+02
5.610095548718577447e+02
3.641920506923902963e+02
-5.104945695648549986e+02
-1.514208440293744786e+02
-7.782404466840728219e+02
-8.497860323854737317e+02
-1.144273797516987088e+03
5.007958284560220363e+02
2.069410234497476040e+02
-7.244746523118615187e+02
1.128680396339238143e+02
5.910259357832452451e+02
3.734750460140529640e+02
-3.301793082745388119e+02
5.522202488911290175e+02
1.501920334446080233e+03
1.770739253880239517e+02
-5.076998435430774066e+02
-6.541604283399656197e+02
2.768550084709409020e+02
2.148418198830680694e+02
-2.092229134482499120e+01
1.122054867222282155e+02
4.433505947918861239e+02
-2.489140277207188774e+02
-7.122106941613831168e+02
-2.966562062839566920e+02
-2.558225568649493198e+02
-8.203037147877870439e+01
-8.232398832812512524e+01
-2.140283943048611945e+02
2.262890150408113641e+02
3.110229227768615488e+02
3.784852069681856790e+01
9.497179300974414673e+01
2.146330329658972573e+02
-2.368128150879059035e+02
5.074616732418560616e+01
-6.455975355271587546e+01
-6.922687259004104021e+01
4.374266198991878696e+01
-3.421470932836986663e+02
-3.779976657362127668e+01
-1.189413855988739215e+02
2.591910763542698959e+01
1.791862446741218662e+02
8.714124294055558551e+00
1.526093109193106159e+02
-9.627836387427566933e+01
-6.254735424916635367e-02
-2.450982127819050049e+01
-7.834676138086115316e+01
4.095623712208642075e+01
-4.605427111547503394e+00
0.000000000000000000e+00
