1.642506625147615296e+01
6.870708383330408253e+01
5.086204272851144736e+01
-5.213656676714494154e+01
-1.342882798744307991e+02
-2.059522694304406230e+02
-6.329949674774306345e+01
1.102333939806087528e+02
8.460006033685942839e+01
2.636036143511706200e+02
3.669652265731748457e+02
-3.821478171759939357e+01
-1.980196334675236187e+02
-4.210112149128228793e+02
-2.296888842892863352e+02
2.506166660544438400e+02
-3.062499095281016892e+01
-1.962959169235055867e+02
4.401066601525463966e+02
3.031968189256315327e+02
1.607827864232626780e+01
-3.996284661521721091e+02
-5.505978243049709420e+01
1.258927894446998437e+02
-3.992538644605425020e+02
1.618992426050529616e+02
3.534995551710391055e+02
2.787576485869792577e+02
2.434468840946190653e+02
-7.452806023729682465e+02
-4.201008823089939597e+02
-8.434146132881171809e+01
1.621751408172048343e+02
7.629720136456127193e+02
1.694075809619029727e+01
2.815802768375737628e+02
-1.454129710390371883e+02
-3.526407687631228782e+02
4.693755465903347499e+02
-1.091971306958018886e+03
4.085814631395854803e+02
7.779733374059203470e+02
-1.111776169253179660e+03
-4.087779793714074117e+02
1.031058872214428220e+03
1.152473272610102185e+03
1.533889633049866177e+02
-4.443295107509193258e+02
9.874855993851967639e+01
-5.031282339289720085e+02
-7.954900854613402998e+02
-5.783675287306879227e+02
5.063554503123428390e+02
8.939813451081339508e+02
5.507166493766494568e+02
2.062272566122593958e+02
2.588378160612643342e+02
-7.696478937117625492e+02
-1.189237456941017399e+03
-7.743571905608085899e+02
4.477768176724715090e+02
2.357278343708237117e+03
2.890601274670722205e+02
-5.561550021615748847e+02
7.033901544962707248e+02
-1.080504885032293714e+03
-8.678390570596826592e+02
-1.607619195930417391e+03
9.878821960252914778e+02
8.697580814897016808e+02
5.231213642913702415e+02
1.495971689716989204e+03
-1.983200602669199100e+02
1.022267854442860084e+02
-2.343578317792834241e+03
-1.162162702563661014e+03
1.102363253352590618e+03
2.046727238645303942e+03
-1.044160728632469045e+03
6.687488685232109447e+02
4.841363161432279583e+01
-1.716515548243339140e+02
-1.216842213967784573e+03
1.140492035788344438e+01
8.963435082243962881e+01
1.028046815663456073e+03
5.696079955322279602e+02
-2.345755122372821688e+02
-3.441601430968576096e+02
-1.600637611507321481e+02
-3.678896497761107298e+01
-1.694996368488954431e+03
1.022281671588983272e+03
-1.284362247188117578e+01
2.761562808277964905e+03
-1.012471589291488726e+03
-5.805947568872979900e+02
-3.263720711555525327e+02
-3.585964217578710986e+02
-6.945187798769320580e+02
-5.333451803231668009e+02
1.621679331622754944e+03
8.378661268970975016e+02
4.080494143656794677e+02
-1.129153189393063485e+03
-2.806052123394343880e+02
-5.355386672132617605e+02
1.077632495122341197e+03
-1.170351721114084967e+03
1.289278477529637939e+03
-1.030560729594476399e+01
2.370029729183786742e+02
-9.014787958089779067e+02
8.950777251406907453e+02
-2.434620258815329237e+02
-2.104140116240823488e+02
-7.397618705534066521e+02
-9.241430020827610861e+02
1.276487202703822959e+03
-1.810900884187412885e+01
1.617634059195080681e+03
-8.815298901044251352e+02
1.393072842502863523e+03
-1.872669506639731026e+03
-1.832142858790830076e+02
7.134021651160618660e+01
-5.484594263352129246e+02
1.501999958108609690e+03
-7.849844434901898467e+02
9.333520859876294935e+02
-1.136285137059728868e+03
-5.457180415654595151e+01
1.226020571736774173e+03
-6.145654889997249484e+02
-8.010720906643788908e+01
7.290357724569009861e+02
-4.068523650419562614e+02
3.548306630405301121e+01
-5.642761516336440764e+02
-5.474122149159703667e+02
1.172185365053001760e+03
-3.324518705752182086e+02
-6.309991797898912864e+02
1.442477636673560028e+03
-6.456875738805190394e+02
1.073675688584562522e+03
-6.377469950334982514e+02
-1.203455370211790942e+01
-8.911782062045467683e+02
-1.216506123018351218e+03
2.699289443408621082e+03
3.811511045381059830e+02
2.188380834209143302e+02
-1.584344989367898734e+03
-5.783600048652076566e+02
9.402732761080053479e+02
-4.060546765044159088e+02
-2.108748419606276457e+03
2.553613573496316349e+03
8.424918525678356218e+02
1.351814987973473990e+03
-7.295797685907953110e+02
-1.396199551527471158e+03
-6.437009664301423300e+02
-5.269570749575240143e+02
-4.387966180110911978e+02
6.118806990914472408e+02
8.702555832431845602e+02
1.872321994058887412e+03
-3.860752958475851528e+02
-1.098642209212413491e+03
-8.015197714758597840e+02
-7.256230857914948729e+02
1.479327746313498892e+03
1.115667018529403322e+03
1.530078200562812185e+02
4.715267247070433996e+02
1.186483555413870619e+02
-2.011913977226470251e+03
-2.336499522835936659e+03
-1.156136957191314877e+03
2.156725408976345534e+03
1.784549912135108343e+03
9.095942367947570801e+02
9.604792759039996781e+02
2.608171300303825433e+02
-1.129768067523666559e+03
-1.601766457505413200e+03
-8.186080675619538169e+02
8.353863632366081049e+01
3.924952500252588834e+02
8.259353645561782287e+02
1.417021204265931146e+03
-4.458307438236357001e+00
-3.861344347075353198e+02
-1.353072521903182405e+03
-1.119512378074930439e+03
1.495951475106309942e+02
6.535796907718049624e+02
8.300605307750921611e+02
2.533196877679528825e+03
3.475682581593313216e+02
-2.015290918957693293e+03
-1.573505494973876239e+03
-1.559502799016346898e+03
8.488235344144676446e+02
4.129078080046905939e+02
1.442266413850922163e+03
6.667839415479197669e+02
-1.205802151071265769e+02
4.315126339520802503e+02
-1.029799233690278697e+03
-1.032984393408052028e+03
-7.587608992281339226e+01
1.369025003058917207e+02
1.574971708197632324e+03
5.867818944406150194e+02
-6.437551021694699784e+02
-4.905118737325302050e+02
-2.938650929474830491e+02
-1.117250443588085545e+03
-2.494907377893722611e+01
-8.774216588085874946e+01
1.836091136983762453e+03
1.341646466471829626e+03
-7.653204217592913210e+02
-3.900336564838154914e+02
-1.604980002567520387e+03
4.380835685851700418e+02
3.840128913932888963e+02
9.175746061656535346e+01
-2.622727729333185493e+02
5.389565690853087290e+02
8.493697851626142210e+02
5.188449612865776217e+00
-9.738896964069743944e+02
-1.801408880450656795e+02
4.273511139826001113e+02
-1.322522242277775888e+02
-2.415527711806585671e+02
-4.893463598301482307e+02
5.999893388984040712e+02
6.540368822372876423e+01
2.007989494084282853e+02
-8.966403594546823115e+02
2.320712845998954492e+02
-2.094079090363564433e+02
1.111246868594600528e+03
9.226133572791172810e+02
3.481734982909655400e+02
-7.959997483275586774e+02
-2.729439581656472669e+01
-8.257325922893087409e+02
-1.721864790844334038e+03
3.877020863341980998e+02
3.057028504663290391e+02
1.370279617396430240e+03
8.349904133723987343e+02
3.763581219257509360e+02
-6.394268352006566829e+02
-3.764367504284135748e+02
-5.004646076934968733e+02
6.441976179753646647e+02
-6.257772324992902213e+02
3.138782157863219027e+02
-4.032327687256304785e+02
6.543150532413649216e+02
-3.607310945640773525e+02
-1.487934711454077387e+03
1.174051359507856773e+02
6.923337971451301200e+02
8.432071948818855844e+02
9.864890916488810717e+02
5.533029452314962100e+02
7.217930547117543227e+00
-3.361343206929054190e+02
-1.545960214136282502e+03
-5.598434450293088958e+02
-4.864243706746612474e+02
1.001224166706851406e+03
1.029868023949892404e+03
1.081681298771484450e+02
-7.142819749006112033e+02
-3.314146739194781048e+02
-2.597087214718238712e+01
1.283668295819627701e+03
-3.182154154209246713e+02
-6.161029490261327055e+02
-2.883843861192447093e+02
4.662368308404730897e+02
1.544835481760187861e+02
-9.790553547425662373e+02
5.481269241090222977e+02
1.395060754367058564e+02
-5.046293215742567781e+02
5.276684742978601435e+02
9.205097988656851271e+01
1.479033753420462062e+03
-2.597829608233365093e+02
-6.681646971347486215e+02
-1.258053545624897424e+03
-1.828496435038445611e+02
3.361030868747465092e+02
-8.114200000527429069e+00
7.878560287535171938e+02
1.290746674162003956e+03
-1.803915268809520001e+02
-1.079463650626369599e+03
-2.138550426929810442e+02
-1.446974675867013502e+02
-4.625341660070653802e+02
-3.218134330082394001e+01
5.441115180451268998e+02
7.960304601918805929e+02
-3.758411926623504087e+02
-2.416532044090467082e+02
-5.657656220250086108e+02
-4.207853215157430782e+02
6.900321711503846700e+02
7.196189423268115206e+02
9.527266576353747496e+02
3.039348245610561321e+02
-1.144697317367282039e+03
-5.772881780568114891e+02
-7.292579405497731386e+02
5.032224013940829082e+02
-4.577934461234438572e+02
3.112238514840925632e+02
6.000813710538991472e+02
9.329959473452433940e+02
-7.305801211861420086e+01
-7.161673925889388101e+02
-2.933569418414280676e+02
-4.207869680062568136e+02
9.018992510943661500e+02
-6.384358396217265863e+02
-2.918019536718576319e+02
6.721044183952035382e+02
-7.378196533324270945e+01
-1.324724577771721385e+02
2.155639768530289189e+02
-2.374508447452302846e+02
5.707821963290823533e+02
-3.020191539662620812e+02
7.390844117870540231e+01
5.139979537712000734e+01
8.211486924625311303e+02
4.403863676255815562e+01
-1.273451538530575135e+03
-8.568406529567340613e+02
-3.332595975107779509e+02
7.084927379853659204e+02
9.115315315302857471e+02
4.032053230677531133e+02
2.063522331716549729e+02
1.022352484768287127e+03
-1.120234074480587651e+03
-1.103020798362685355e+03
-1.859288470327899745e+02
2.074478048208597158e+02
1.906219780823095107e+02
-4.718052483641425852e+02
9.188963872985338810e+01
3.425256140223310126e+02
9.443200485625070542e+02
3.365201983007098079e+02
-1.096454409490223497e+03
2.304292499949991111e+02
6.025156968999834817e+02
-3.162356555179218844e+02
6.984648356439483905e+02
-9.354725481349913707e+02
-1.822994025997620042e+02
-4.073456599424716273e+02
-1.743820941950915255e+02
-1.514875642857462310e+02
-1.421146901283194950e+02
1.736416738121547269e+03
-8.040112826261410817e+01
-2.200089943993168902e+02
-3.475019350110669620e+02
4.469145213386408386e+02
6.857900692740579984e+01
2.299990939545006370e+02
-9.910471648498399873e+02
-4.638336298677522791e+02
-3.560348616645870266e+02
3.893995127250865380e+02
2.387925383584020551e+02
8.708280023437983175e+01
6.444322681494171547e+02
3.319165408013794263e+02
1.893418663242252649e+02
4.948744504111804758e+02
-1.207899752273246122e+03
-4.117216445775336808e+01
4.762685328020252769e+02
-5.943159222147003220e+02
-5.611862379237004461e+02
-7.464664862285841309e+02
1.450542086256700031e+03
4.935007007507412027e+02
-2.524325954607806466e+02
-8.634015996664738850e+02
2.789927042562961788e+02
3.369421837780072337e+02
7.579667111152200505e+02
3.137431688273829309e+02
-8.746596800607744626e+02
-4.761515680319288890e+01
-8.854308260080108539e+01
-7.105588627396260790e+02
-3.821053498143829756e+02
2.808028399168656506e+02
5.752236685081659289e+02
1.384080744290335360e+03
9.976419016383528060e+01
-5.904958336144213717e+02
-5.953777794472756568e+02
1.876925332246942730e+02
8.876588856646950632e+00
-1.037448131218974368e+03
2.404563586043703936e+02
5.886654492592008410e+02
-2.182196077599213169e+01
6.013719747721548856e+02
-6.942614716009917402e+02
-3.111688276464561795e+02
3.653728657809123774e+02
6.223805600491060019e+00
-2.564743239794179885e+01
9.046085954253869659e+02
-3.425187113331846831e+02
2.897159679675641542e+01
-5.141992158739477645e+02
-4.785330250108821133e+02
-5.799120716953813144e+02
3.485862490440485999e+02
1.461811280171446924e+03
-3.693502664058470941e+00
2.052745053771273547e+02
-7.372094379622856763e+01
-9.976022953963473583e+02
2.970390921649403140e+02
9.797672993111208939e+01
-5.747677491069485995e+02
-4.696365480545642157e+01
1.538186449267506362e+02
-2.278583230965912207e+02
2.348361391682903729e+02
2.433088387974637499e+02
3.852017211523250353e+02
2.480636457590866257e+02
-3.877981391264414128e+02
-9.433795610733255899e+01
-1.625427983444951678e+02
6.579626310057187766e+02
-2.268868063372703503e+01
-1.184310062254508921e+03
1.257261785297090597e+02
-2.032712869696366056e+02
3.044752844095740443e+02
7.117120088092240167e+02
1.163136961834429144e+02
4.230207676976215936e+01
1.103915388700104927e+02
-2.280387228342125923e+02
-3.584979672220193834e+02
1.210686398731701132e+02
-9.100990927936159380e+01
3.483988825414651558e+01
-7.532442287620401657e+02
1.761844394324579355e+02
1.985958299328812018e+02
3.885191203605157284e+02
4.166156917965487878e+02
-4.712281399968809978e+02
3.588995478139069064e+02
1.609067887389770704e+02
-1.349179632021966029e+02
-4.077060729012124511e+02
6.625630679683075641e+01
-3.598188589273163416e+02
-5.542803529532554307e+01
4.652065140824664979e+01
5.255922299599844791e+02
-3.046626767780334077e+01
1.447523798056134297e+02
5.383082194078250637e+01
-1.957806701822755997e+02
-1.308015366089304337e+02
1.771010650963951036e+02
8.615453770978780312e+01
-1.794768664525839483e+02
-2.761564120904544666e+02
-5.754880993982174004e+02
2.873937199226531902e+02
2.888227817815848653e+02
6.573173857438509913e+02
-2.608596972179711670e+01
-6.886774284946298508e+01
1.019307733798579250e+02
-1.982269078890471405e+02
-2.242031323943445500e+02
-7.823045328810873400e+01
-7.006630941840516869e+01
-2.409717791850140998e+02
1.626967234532212956e+02
-2.558022976873957646e+02
5.237313714794903774e+01
5.735245107048968976e+02
4.178770897421730410e+02
3.628507953431234512e+01
-2.593753621151735160e+02
1.257134644167059463e+02
-2.410251689011335827e+02
-1.886840373786045006e+02
-5.577783019197768510e+01
-9.328454742608721517e+02
1.505866617658920745e+02
2.518508191094327628e+02
2.319946589630584128e+02
4.555567174568500945e+02
6.611088706523879637e+02
3.502143525214196416e+02
-4.994046779819203152e+02
-1.072016764575888033e+02
-8.157841575335902462e+02
5.529438575825624014e+01
2.649653115096121496e+02
-1.514328931057756620e+02
-4.160521714760262171e+02
3.416704802009904540e+01
-6.319431559243505347e+01
-3.625567313903649733e+02
1.301193869477515136e+03
6.434970902876884793e+02
4.954532388713910223e+02
-7.352715462053881765e+02
-6.129261679610441149e+01
-1.322054419936974000e+03
3.506667890987401961e+02
-3.645449188948700225e+02
6.461069083548724734e+01
1.606138951118339264e+02
2.523529130222910055e+02
-2.812776464572362443e+02
3.595480649312245873e+02
1.074813323548776907e+03
-7.328904113283593915e+02
1.518854574021769395e+02
1.296074754612126867e+02
5.852237200538107800e+02
-6.340451745726952595e+02
2.324582327187303292e+02
-1.539338279347972275e+03
-6.175773993745601729e+02
1.901638354085575244e+01
2.987649559234058074e+02
9.232184919445569449e+02
1.502227708801369999e+03
4.261682659472411387e+02
-5.716992691203595314e+02
-4.831908444655180688e+02
1.803369986027216498e+01
-1.074309313305666365e+03
7.001898538939454966e+02
-4.623043972609164598e+01
-1.070224322943651487e+03
-1.084543309283811254e+02
-2.089934835574171146e+01
8.223484403858897167e+02
3.529325830554415688e+02
4.878363003799971693e+02
-4.271217066420638844e+02
-1.605440908574976788e+02
1.168510913222464296e+03
-4.526372330117173703e+01
-1.711190197358767477e+02
-1.808544404532874239e+02
-1.119089588315998753e+03
3.089142134445816055e+02
-6.284369024560343178e+02
-9.521843880991430069e+02
-3.378624368323855265e+02
5.696754540954685808e+02
1.091253736781951829e+03
1.079770222137472501e+03
1.153950169323145474e+03
9.090150609728152631e+02
-4.425610870099723684e+02
1.475603489021733594e+02
-9.955874237370941273e+02
-3.484910324752650013e+03
-6.180982838947091977e+02
7.814043864259625138e+01
1.955043768241160151e+01
1.663609408412059338e+03
6.987915270259999261e+02
2.897804280126798403e+03
2.495913835191823182e+03
1.748799491779748450e+03
-1.897170473099058427e+03
-4.547662551002060354e+03
-6.062395565484882809e+02
-1.997985682963869294e+03
1.848292026948046214e+03
2.017293465779354619e+03
-1.017386008614579737e+03
1.937668359622950334e+02
-1.991598043522237049e+03
2.824872347504240793e+02
-7.514761051734470811e+02
2.311972709951177421e+03
2.774353272257744720e+03
-2.371407443741342831e+03
1.788964858599722902e+03
-2.218171913697510263e+03
-1.598518043395117161e+02
9.445863415089426098e+02
-2.817117635353231890e+03
1.049301271394583637e+03
-1.725134717463503762e+02
4.410968634583387029e+03
1.540673287882484829e+03
2.989418885498168166e+01
7.542111909669571332e+02
4.163392853146317793e+04
-3.112542895160353282e+02
2.020924141681787773e+02
9.374361060807882495e+02
3.054036130875314029e+03
-1.681340754817947754e+03
2.746234339919487866e+02
-2.797335081090553558e+03
8.066380590357911160e+02
6.985803100849174143e+02
-2.014273901714092574e+02
4.180184472909591932e+03
-2.188278427691996058e+03
6.457066963216472004e+02
8.034528346312819167e+02
-9.305783800783083279e+02
-9.061893185787375842e+02
-2.737083046284718421e+03
2.522481141508068561e+02
-1.851713400787228281e+01
4.180186045846272464e+03
3.413986608464614164e+03
-1.236662967910239331e+03
-2.234609514099779801e+02
-2.923333825138177872e+03
-2.178113721083355813e+03
3.453188115353657395e+02
-9.144672300217861505e+01
1.210829300930464342e+03
-1.090215853177589452e+03
4.423652686252049762e+02
-1.866017178244668003e+03
1.734099044422247744e+03
2.554201962789365552e+03
-8.156595177777616072e+02
5.157331858916127203e+02
2.600668210759699832e+02
8.165407417308387039e+02
-1.106987198731895205e+03
6.327640138920302206e+02
-9.874534985726745617e+02
1.332849877636622011e+02
-1.066314495587963165e+03
-5.663831210027219640e+02
-6.099719889837700748e+01
1.522070880554619634e+03
-6.284051633739481986e+02
-3.609097744583353062e+01
2.235441606687924832e+03
8.696401369247320190e+02
-5.204775087946578651e+02
-9.216643495566891033e+02
-1.525683377294965112e+03
-6.028417039506298352e+02
8.556446934244963387e+00
-1.907224178577308464e+02
-1.150299849172684389e+03
5.347218436249903561e+02
1.605921320307556698e+03
4.935387171447877108e+02
2.377007867177321714e+03
8.433084886977908354e+02
-1.053689707980258561e+01
6.063766503071828993e+02
-9.625503103394421487e+02
-1.847533039544177655e+03
-1.549519234290313534e+03
-7.270082690763846358e+02
4.512925844771985453e+02
-8.470941465308302440e+02
-3.276420518181576824e+01
-8.677753422913140184e+02
1.908973607600972855e+02
2.541033672095059501e+03
2.096053911217729535e+02
-5.907120080104911040e+02
1.890400457348508212e+02
-5.379453952658689104e+02
5.587065600807915189e+02
-7.968752470917632991e+02
1.231542658112184370e+02
1.348410969303844695e+03
1.041262478274441037e+03
2.357552617313484404e+02
-8.514742286427712088e+02
1.045285722053074323e+03
2.419811166189924379e+01
-1.023321148372618950e+03
-7.536725692671894876e+02
-2.533990848071464086e+02
-4.970603228672258069e+02
-1.673679574925566556e+02
-9.205810960485406724e+01
-5.514712932572973614e+02
-4.379866024958280946e+02
-2.777108302430438016e+02
4.496772065793390993e+02
7.940391267057822233e+02
7.337384755902975257e+02
7.016093776012898786e+01
7.391301398741252342e+02
8.247708201980236709e+01
-9.486991771374700875e+02
-3.185544104180641511e+02
6.511809538826446442e+02
3.208158560132987986e+02
9.453950748312581709e+01
2.918204117637820900e+02
5.554811763735801833e+02
2.053559656612451363e+02
-3.374872228310491664e+02
-2.460603801515264877e+02
-7.765707605995440872e+02
-8.428267850199802069e+02
-1.135506597221061611e+03
4.905405493254615408e+02
2.481566591862043083e+02
-7.677794867287968827e+02
1.224484603733585999e+02
6.418310247205123460e+02
2.782155537936308178e+02
-2.788356228817496572e+02
6.179102758806041038e+02
1.391360323935663700e+03
2.397013212034238734e+02
-4.639813912886824596e+02
-7.581438835667921694e+02
1.899835560677816773e+02
4.164536517637891393e+02
-1.154996530236873014e+02
8.580683446632572497e+01
6.330277865765101524e+02
-3.666713504914417854e+02
-8.257873027043382308e+02
-1.494785479138349160e+02
-3.367429708435763587e+02
-1.549856611789152225e+02
8.197333195623021140e+01
-3.136895629539264405e+02
2.196045734329571246e+02
4.201282395271871906e+02
-1.328203789338736271e+02
1.815723791040612127e+02
2.756730325237943475e+02
-3.312820122596918395e+02
8.999670383788273398e+01
-1.986047893426193411e+01
-9.195855705252947132e+01
4.365314864837030484e+01
-2.975871692689144083e+02
-6.901390450088645423e+01
-1.235325685970340999e+02
6.717743762064706914e+01
1.551614599194059281e+02
9.533921170355917241e+00
1.838165708835261398e+02
-1.144972125648182129e+02
-3.480531393005698959e+01
7.034445200929908992e+00
-8.651816058113591623e+01
3.027772070784327596e+01
1.599457463748500885e+01
0.000000000000000000e+00
