1.505940516268675111e+01
5.772433635030481724e+01
2.094853152734065560e+01
-8.451737122365764776e+01
-1.426195820963692711e+02
-1.754884191070025850e+02
-8.024745018042928280e+00
1.429438513490774199e+02
6.595342809754050961e+01
2.291824541142553358e+02
3.297921698363676342e+02
-6.682556087315529680e+01
-1.966233904141862183e+02
-3.953400870232215993e+02
-2.204126168614245671e+02
2.311828867544181776e+02
-6.115699761354771624e+01
-1.993604561695172492e+02
4.507995787965658678e+02
3.055896515211650240e+02
-1.963549369555424562e+01
-4.602238446179849234e+02
-6.247720161127110572e+01
1.659918188545791224e+02
-3.365999183552929139e+02
1.763019093937991784e+02
2.640497796664232624e+02
1.363262798893830166e+02
1.558970639950284180e+02
-7.003834955169213572e+02
-2.813345734596481975e+02
4.362931152861099804e+01
1.649390873622372169e+02
5.647523014536999426e+02
-1.754648254962075953e+02
3.296245301820809459e+02
-6.006838019089741465e+00
-2.543194742167239042e+02
4.100772848620134710e+02
-1.207200682808616648e+03
3.533800264930678168e+02
8.704995035216174983e+02
-9.415188159412359710e+02
-3.318808182933357216e+02
9.781563669949968016e+02
1.018575022701017133e+03
9.733037396454460577e+01
-3.547551691812303147e+02
2.031155857614355114e+02
-4.880524727776682994e+02
-8.762469720353061575e+02
-6.371631987600644607e+02
5.350476832014238653e+02
9.417781275711877242e+02
5.428195288893872430e+02
1.549853895412924203e+02
1.948464420916082815e+02
-7.657793755192084291e+02
-1.119054025157168326e+03
-7.291927039997630118e+02
4.681486291825790431e+02
2.324912172684838879e+03
2.750613159688459746e+02
-5.417110353580926585e+02
7.056412790583581227e+02
-1.096167034808076551e+03
-9.416384176988486843e+02
-1.646884481337771604e+03
9.938790132996678039e+02
9.185158261865429949e+02
6.170238050127929910e+02
1.494866909483208474e+03
-2.720800627089505497e+02
2.529467595660808854e+01
-2.329076290264536965e+03
-1.056061815942076464e+03
1.196738404482786109e+03
2.050514982046692694e+03
-1.176647774801145488e+03
5.871401015731147481e+02
9.847827380488170945e+01
-8.088857106111143480e+01
-1.162575685262741217e+03
-6.647580769560195790e+01
-2.478378016576643006e+01
1.013601771833337921e+03
6.777823841427156140e+02
-1.213891972402929014e+02
-3.533905438160991821e+02
-2.641594390127062297e+02
-1.799273750758335382e+02
-1.737156781279070401e+03
1.155947395885728383e+03
1.425014289449613898e+02
2.796371769638529258e+03
-1.114126816004576540e+03
-7.455956585117451141e+02
-3.730744194111321690e+02
-2.233059729150403712e+02
-5.356660133943900064e+02
-5.072255180990509871e+02
1.497331492205950781e+03
7.170539434900966853e+02
4.142438207600768010e+02
-9.872151835981104568e+02
-1.525464851082398354e+02
-6.186148050432080936e+02
9.082320237582653135e+02
-1.277467062738356162e+03
1.331699701868477405e+03
1.853895225054403397e+02
3.645589250519103643e+02
-9.496233824594523867e+02
7.020723685242616057e+02
-3.872861149402065166e+02
-1.815002281837719522e+02
-6.012729459292595493e+02
-7.713062543377534439e+02
1.253848268251966147e+03
-1.462774897566156653e+02
1.551452915313059293e+03
-8.407820378345519430e+02
1.529472387426459136e+03
-1.810443600143727281e+03
-2.639656734584168589e+02
-7.926586251045068821e+01
-5.935393192609300286e+02
1.622251433212402162e+03
-6.568449032039222857e+02
9.694798320931954549e+02
-1.248263639043733065e+03
-2.159947156369675838e+02
1.181230931664506898e+03
-5.284969855299475512e+02
5.816644588415482531e+01
7.966172793221999200e+02
-4.606398727582406423e+02
-7.643449688133065933e+01
-6.267958130196823276e+02
-5.104906877840769539e+02
1.243065479035016324e+03
-3.144179728992613718e+02
-6.568334032057639433e+02
1.409486539640528918e+03
-6.315256341518075942e+02
1.147689129976940649e+03
-6.090493839316992535e+02
-4.599504645863930818e+01
-9.652831278222305400e+02
-1.256303112042903649e+03
2.743868131583071772e+03
4.294780704911789257e+02
2.596785178865811190e+02
-1.610645084829230427e+03
-6.371980374646437895e+02
9.164641588920383128e+02
-4.244983653599885542e+02
-2.084385275586291755e+03
2.567147771028002808e+03
8.632236284419053618e+02
1.381538492323834134e+03
-7.248220548218063186e+02
-1.391459400231767177e+03
-7.051104140477307283e+02
-5.731999126000680462e+02
-4.287267443894911594e+02
6.538864994502405352e+02
9.473135896520267352e+02
1.893458669296873722e+03
-4.288547617966974030e+02
-1.178505508807485739e+03
-8.217562996916680049e+02
-6.595407400505057467e+02
1.536224662218151252e+03
1.128646274540054264e+03
7.700822388822383857e+01
3.887870484353361462e+02
1.391510875625324957e+02
-1.933341383287647886e+03
-2.286744055576995834e+03
-1.186053849632076663e+03
2.068743076859655503e+03
1.727429163014191317e+03
9.703110645659261309e+02
1.090430268736855169e+03
3.113328253370492007e+02
-1.213052400049621838e+03
-1.731110109425209657e+03
-8.956637407985570007e+02
1.595816349654911619e+02
5.755255350458920702e+02
8.964889306599122847e+02
1.335619427747359623e+03
-1.668759460827525629e+02
-4.811860899901128619e+02
-1.265694013809652915e+03
-9.512151194953182767e+02
2.388912726173467718e+02
5.500153864426855534e+02
6.807681807887515788e+02
2.474494259523810797e+03
4.028886967415686513e+02
-1.858483319464407032e+03
-1.542733702365351974e+03
-1.672490136961781445e+03
7.348221067064839644e+02
4.095760319531534606e+02
1.585372637406738249e+03
7.970216737197649763e+02
-1.162810215124598727e+02
2.606550301821887956e+02
-1.195505949576346438e+03
-1.011241485058693343e+03
7.062128167180891580e+01
3.188416329545535746e+02
1.597071108038561079e+03
4.175774042583432788e+02
-8.112754903526379167e+02
-5.048652089666956044e+02
-1.544194983303354149e+02
-9.834676098545078275e+02
-4.826270247803982727e+00
-2.008461888322946720e+02
1.714085202602238269e+03
1.358897742800164906e+03
-6.655022284226822649e+02
-3.279128210895723896e+02
-1.639105936725788069e+03
3.262825488097500397e+02
3.221026905254473149e+02
1.720760440115613790e+02
-1.287759298346252024e+02
6.032580928972706715e+02
7.812996220821181623e+02
-1.330688814855716942e+02
-1.054706306730227425e+03
-1.372438287353026283e+02
5.681262827568688181e+02
-6.577391962533876324e+01
-2.797211023888397108e+02
-5.713550864331532466e+02
5.307361106151571448e+02
1.013218466793262280e+02
2.567934927488181529e+02
-8.655390207519460546e+02
2.088880237842197971e+02
-2.599070048715910843e+02
1.121477732451486190e+03
9.404368839436558574e+02
3.823429126725263814e+02
-8.107926612926290773e+02
-8.157865297213044187e+01
-8.335673668205338345e+02
-1.712322858868576304e+03
4.355777349994564247e+02
3.233764320586162171e+02
1.362750131062321543e+03
8.273355620262957473e+02
3.540849375463305932e+02
-6.220684266919115544e+02
-3.826131460062371730e+02
-5.283358766381992382e+02
6.310147446903412174e+02
-6.128290940082384850e+02
3.637008000925770261e+02
-3.792976930838548242e+02
6.357384376784832511e+02
-4.189644086957781610e+02
-1.524336980679360749e+03
1.600541093779142159e+02
7.523694028500784725e+02
8.612934703136409098e+02
9.453547331794005686e+02
4.722566026883945938e+02
-1.493991914944590782e+01
-2.551887613123689391e+02
-1.464244589667161335e+03
-5.550546866479309074e+02
-5.704892666682202389e+02
9.090747508934222196e+02
1.023543335603756532e+03
2.093766662103488443e+02
-5.840698086214979412e+02
-3.443144504401765289e+02
-1.379125514740992742e+02
1.171397850125081959e+03
-3.441426648616123316e+02
-4.851484107842561571e+02
-1.776321509817905167e+02
4.555653027182995061e+02
3.580124402912424841e+01
-1.077072864493919042e+03
5.858009331669398989e+02
2.573697549355062506e+02
-3.835059992186271529e+02
4.633215380661182508e+02
-8.449015678205566360e+01
1.397496878962766687e+03
-2.115247393674472391e+02
-4.897237108382602173e+02
-1.142024383632647641e+03
-2.463306680798187074e+02
1.595987071682938279e+02
-1.201559992417224834e+02
8.635257694653193994e+02
1.440236458857355274e+03
-6.928816445531974466e+01
-1.138685760081039916e+03
-3.921571297475782103e+02
-2.115802467259431978e+02
-3.806630454762778299e+02
1.064541323058386695e+02
6.036863686386467407e+02
6.999308404194753166e+02
-5.389296622274666788e+02
-2.868336352195575500e+02
-4.317801007392265547e+02
-2.545567609195766181e+02
7.298752043981420456e+02
6.057729203391234023e+02
7.755206441365216961e+02
2.386255245164736039e+02
-1.023144302010844513e+03
-4.352187556118888097e+02
-6.812283824533365078e+02
4.310211684423950373e+02
-5.887595107488239137e+02
2.869706993619604987e+02
6.846694357577764549e+02
1.034508101351229698e+03
-8.574196243108315230e+01
-8.166005554455829270e+02
-3.572966161632318176e+02
-4.160046931508522334e+02
1.026283446811863087e+03
-5.546362415284252165e+02
-3.372859320508272276e+02
5.652427740792356872e+02
-1.781713456337227512e+02
-1.030231192558962334e+02
3.186158628540304676e+02
-1.392386368769225271e+02
5.784669034932858267e+02
-3.891201439357262188e+02
2.212258069361320167e+01
2.223138562264936269e+01
8.488479201373875185e+02
8.046443370971914533e+01
-1.281045445457622463e+03
-8.541775166626924829e+02
-3.244101017189977370e+02
7.456099811260174874e+02
9.172722849979754756e+02
3.622343609797942463e+02
1.643993709203280957e+02
9.936906859118631701e+02
-1.090216216970442929e+03
-1.049895479690988168e+03
-1.611147483157230340e+02
1.975833733969521973e+02
1.608753948080908458e+02
-4.898082934939204165e+02
9.018704252853369496e+01
3.348456445538283788e+02
9.314419074883709300e+02
3.322738813172014147e+02
-1.055785342224662827e+03
3.075219064667049338e+02
6.130213442266034463e+02
-3.706618083082910857e+02
6.026169233398522920e+02
-1.005703058614958081e+03
-1.294693953307919401e+02
-2.937339123425339835e+02
-8.352351595743313339e+01
-1.883871959311794626e+02
-2.518462562522313988e+02
1.667072806199850220e+03
-7.460591857812548255e+01
-1.018981678580139913e+02
-2.940209463109603121e+02
3.951214341618064054e+02
-9.418387025481067099e+00
1.799024684690233755e+02
-9.175851409292598646e+02
-3.661891018212020299e+02
-3.287402011259023311e+02
2.825176682715676861e+02
1.091934314974614608e+02
1.049256757948588614e+02
7.517337465484342829e+02
4.812662657895912162e+02
2.105813464064387404e+02
3.343588291488169375e+02
-1.363020164977072000e+03
-6.062800361283963468e+01
6.225841278822107370e+02
-4.328189064826516415e+02
-5.315278942204112127e+02
-8.872772010970577412e+02
1.279191361935075975e+03
4.949943201294451001e+02
-1.193490062013321733e+02
-7.311542799686058061e+02
2.997962033373905228e+02
1.993121817513268752e+02
6.139487956565067179e+02
3.372372684988913534e+02
-7.371048297134032055e+02
5.507917947261565672e+01
-1.200657767737020833e+02
-8.529155406153956847e+02
-4.810884338114992715e+02
3.388357184202244525e+02
7.501001049760086516e+02
1.464553406637035550e+03
2.255980560238008081e+01
-7.472699999934778816e+02
-7.208159782577490660e+02
2.742897343357440150e+02
1.929630087070611637e+02
-9.418111386164071064e+02
1.803090149490161025e+02
4.203957957722617493e+02
-1.143798303446485249e+02
6.352979859844371049e+02
-5.399169445376600152e+02
-2.206983552786954590e+02
3.013794862257583986e+02
-7.993404230429273127e+01
-9.539431695315687421e+01
9.531836172370695976e+02
-2.502680189950067415e+02
3.903313922156960558e+01
-5.764780910713042203e+02
-5.637957682515946090e+02
-5.629989804784668195e+02
4.288705132327633009e+02
1.550603991215644783e+03
6.664944748843209865e+00
8.879822582533924447e+01
-1.624680657196400944e+02
-1.003295544604727866e+03
3.696679830671662330e+02
1.878187494099618959e+02
-5.541728344776365702e+02
-9.010737159394116702e+01
8.973835034819906298e+01
-2.491137772099941401e+02
2.543821507106387969e+02
2.621789581585514952e+02
3.954331800915711597e+02
2.490850126039590577e+02
-3.830129709330218475e+02
-6.638636601616579469e+01
-1.646165147857135480e+02
6.177050763376354325e+02
-5.584241858050586416e+01
-1.196815313197354499e+03
1.649613712921259605e+02
-1.701859666079399744e+02
3.170855366258053323e+02
6.964901716093792174e+02
7.837419236091130870e+01
6.770103898677440668e+01
1.276207755738219163e+02
-2.327667905624617788e+02
-3.946470168566630150e+02
6.948840561568337648e+01
-6.414358164345183866e+01
9.500384809690285692e+01
-6.748457437065845852e+02
1.602230062920669411e+02
9.414328200976618177e+01
3.222469134484762776e+02
4.047926623366790864e+02
-3.604758293916553384e+02
4.584318625435877266e+02
1.422325399979362146e+02
-2.311786239778595586e+02
-5.004920795023960522e+02
9.634266516192616336e+01
-2.713213870611861580e+02
2.669330357745932503e+01
1.751019034801630170e+01
3.860742896481173716e+02
-8.633407878527955859e+01
2.098571841677226359e+02
1.917351590266783887e+02
-1.131084120526603982e+02
-2.136211953199644427e+02
8.047337487673985379e+00
3.254574524728468532e+00
-9.038284293054552165e+01
-1.175729294108114118e+02
-4.923909686741494625e+02
2.211758151246878015e+02
1.198685864133556720e+02
5.738046824331274820e+02
8.044316702304382716e+01
7.534836439336669400e+01
1.499844033233443099e+02
-2.850416960809636180e+02
-3.890233483329502633e+02
-1.141499515953758106e+02
5.445238375873103109e+01
-8.415044421968028132e+01
1.850344386035621085e+02
-3.926418704057252285e+02
-9.610536666981110443e+01
5.259914026722397011e+02
5.747626024375346105e+02
2.056772770271287811e+02
-2.575479303851976169e+02
1.536957802952937868e+01
-4.031196488840168399e+02
-2.106639697971892247e+02
7.087726444100036360e+01
-7.952371299866694017e+02
1.530613476013238596e+02
1.068529031314292297e+02
1.415564976801992430e+02
4.608516629918591434e+02
7.909409916169239523e+02
4.757804537119390602e+02
-5.479849057386257982e+02
-2.305727272425302203e+02
-9.206143145461451240e+02
7.697427779497419920e+01
3.908191775178951275e+02
-5.071795608242062769e+01
-4.344499699149320691e+02
-9.436931005649186943e+01
-1.283538386912486828e+02
-3.307269105011239390e+02
1.377985096423062259e+03
7.073613137590516544e+02
4.599713773426950070e+02
-8.193799762134609637e+02
-8.627444983627016484e+01
-1.272868269195087123e+03
4.214030046132132838e+02
-3.427939173946716664e+02
5.209198850934257052e+00
8.223358638377816021e+01
2.264750947048200374e+02
-2.223993659476967650e+02
4.282414890980071505e+02
1.095659440614534788e+03
-7.405059385915437815e+02
9.517243642731764908e+01
1.064859048609304750e+02
5.899961121340717227e+02
-6.408544436280355967e+02
2.416249033840196603e+02
-1.537606515121220355e+03
-5.713055893171405160e+02
4.302641155484580793e+01
2.864738310778961363e+02
8.921462183841429123e+02
1.430364379799818380e+03
4.284113914476272384e+02
-5.329786532029570481e+02
-4.255625887116642616e+02
4.579392199695688248e+01
-1.122423783103968390e+03
6.732439725065287348e+02
-6.064116613071437456e+01
-1.032481106288690398e+03
-9.670328498546216167e+01
-7.971813121869217866e+01
7.961418499684534709e+02
3.634278646341956573e+02
5.731477811380871117e+02
-3.433829662097031132e+02
-1.691677938112222535e+02
1.058031421887809529e+03
-1.870677842785974860e+02
-1.774501647590981861e+02
-6.285567114536678446e+01
-9.751881929828329021e+02
3.607114707750923230e+02
-7.415358702321101418e+02
-1.099680956258021979e+03
-3.708235615505550413e+02
6.548967565888525542e+02
1.207216003862268508e+03
1.110611130301776484e+03
1.062217752177165266e+03
8.094526080255814122e+02
-4.291579556338394923e+02
2.696269583120107427e+02
-9.245285331826050879e+02
-3.538892802518868393e+03
-7.487495375197623844e+02
-3.812209964143025331e+01
1.037451982382863633e+02
1.857168450264253352e+03
8.021839388962019939e+02
2.834591324987023199e+03
2.291216133611654186e+03
1.622112532937163905e+03
-1.849975593011538194e+03
-4.352086889352350227e+03
-4.710839556816944764e+02
-2.064858095136981319e+03
1.710687028603177168e+03
1.881069145029067386e+03
-9.742668959631414509e+02
3.712875389537512092e+02
-1.913212729318310039e+03
2.177596725448754569e+02
-9.039680616941926701e+02
2.262994388790831636e+03
2.853380395287180363e+03
-2.234151415387952511e+03
1.847018192254462519e+03
-2.349539514917291399e+03
-2.906488474691224724e+02
9.144767660444788362e+02
-2.714691966345016226e+03
1.220167094170258451e+03
-1.377953946276335557e+02
4.282952696665871372e+03
1.382737087094566050e+03
3.852443730865424243e+00
8.655395582780345194e+02
4.176911111951870407e+04
-2.649948812635268496e+02
9.406972292109763600e+01
7.985890347083759480e+02
3.042600874408380605e+03
-1.598626701113810441e+03
3.710691135675542682e+02
-2.762919313056381725e+03
7.251594255234988395e+02
6.232401208273508928e+02
-1.990595632167167253e+02
4.240748949634612472e+03
-2.136732985305382954e+03
6.136916006759818174e+02
7.480378130637665208e+02
-9.792935417568270395e+02
-8.571890998386845695e+02
-2.644832957923914819e+03
2.553451378600162514e+02
-4.358254981698480890e+01
4.105074068069019631e+03
3.375838299442779316e+03
-1.206369509435663076e+03
-1.744536769239202272e+02
-2.866861425809816865e+03
-2.207572252002010373e+03
3.170889606829413765e+02
-1.139678054775636014e+02
1.199091671611046195e+03
-1.067230299548156836e+03
4.147499364916663467e+02
-1.853280068628962226e+03
1.774919540957959725e+03
2.591332585037109766e+03
-8.083828331288119671e+02
4.495348484551287243e+02
2.115414795400840262e+02
7.912071981586498168e+02
-1.068821104559382775e+03
7.093926202886909778e+02
-9.725729754896026407e+02
1.024821835538350854e+02
-1.113657017737953765e+03
-5.734596520339063090e+02
-1.710058723498679711e+01
1.554590670597674944e+03
-6.500435188922912175e+02
-1.071141273235317328e+02
2.194852417161912854e+03
9.319734296763659813e+02
-4.271613279973905719e+02
-8.787948804159863130e+02
-1.582520097991320199e+03
-7.437193111535344769e+02
-4.057214375292940645e+01
-1.178959925718047117e+02
-1.020883673567717778e+03
6.173190677626173510e+02
1.539798549128522154e+03
3.672311261006283303e+02
2.281701175491831691e+03
9.109268911339399892e+02
1.266496307154385192e+02
6.276994551276779930e+02
-1.018135435416065889e+03
-1.967398827436506281e+03
-1.565384226701670514e+03
-6.114707080139511390e+02
5.573112139624569181e+02
-8.272451268959001709e+02
-1.639510246431769360e+02
-9.996421981684590037e+02
1.518951399686735328e+02
2.663170707130720984e+03
3.996487820428160376e+02
-5.863009833672737159e+02
6.487819886635656985e+01
-6.848329488235659710e+02
5.241213058357163845e+02
-6.699376939807468716e+02
2.602185447455193525e+02
1.372066391265207585e+03
9.260794486267866432e+02
1.369441144829970369e+02
-8.563034085916342519e+02
1.126351440900752095e+03
1.228690862961016705e+02
-1.051198389028717429e+03
-8.803474282219386851e+02
-3.250922426775073291e+02
-4.514009395686799166e+02
-3.870223655270157792e+01
2.764272792410379509e+01
-5.801942952938419467e+02
-5.853761651484393269e+02
-3.882509211830598588e+02
4.685726730749181002e+02
8.899434367610124355e+02
8.139893527643007474e+02
7.962566467991915431e+01
6.499595846677873396e+02
2.086934826390020703e+00
-9.175726220055978501e+02
-2.453453480529983040e+02
7.183720375500217870e+02
3.011674604976205387e+02
1.105109081242187585e+01
2.559424236450329886e+02
5.770752293807811384e+02
2.696223408847413907e+02
-3.205521371269068140e+02
-2.451886553992151505e+02
-8.225375016060216922e+02
-9.238435784991141873e+02
-1.156370982221614213e+03
5.365544399324262486e+02
3.381704528581927320e+02
-7.133887452862171585e+02
1.177921417222699745e+02
5.937462020655551669e+02
2.245048650937833941e+02
-2.887687493054523316e+02
6.415650572153806479e+02
1.421895167405245957e+03
2.383502510719986844e+02
-5.016600800953744397e+02
-8.434832002627067595e+02
1.441933979750956496e+02
5.045953559431562212e+02
6.019944793614295975e+01
1.859466174660527713e+02
5.534026380261152553e+02
-5.488434266309495797e+02
-9.688060036742089096e+02
-1.284558823690714746e+02
-1.888791925487734886e+02
-7.134671384688702744e+01
1.273806429259802542e+01
-4.172726222704283146e+02
2.015530101661206857e+02
4.781838659687227278e+02
-6.330716043483704425e+01
1.854754586084312393e+02
2.615641149930332290e+02
-3.189215756425109589e+02
1.211774723814171750e+02
5.023848410131942899e+01
-3.355574278897737628e+01
6.014267401974518634e+01
-3.141522218530150781e+02
-8.113717769976692296e+01
-9.850219252347888244e+01
1.035026967480194457e+02
1.793700921660222889e+02
-1.964866742486050200e+00
1.541933510591383083e+02
-1.365287043631770416e+02
-4.833560887091901748e+01
1.382381036396557406e+01
-6.127230199658347942e+01
5.333547724636300558e+01
2.379208180045799637e+01
0.000000000000000000e+00
