4.013224270542533390e+01
1.424588518164268010e+02
5.827689283241517160e+01
-6.865944312432908703e+01
-1.717237400776967888e+02
-2.619887083620762382e+02
2.669896773892227060e+01
1.971762895985714010e+02
-1.508261905719756335e+01
3.041074143159307823e+02
2.965362251390691313e+02
-1.511124885112877223e+02
-1.182713041335543522e+02
-3.326042494130885530e+02
4.094275412862211638e-01
3.327117539240141468e+02
-2.097022398937299954e+02
-2.098542804445033596e+02
3.147509830259965611e+02
2.964970595844130798e+02
2.883472753424373423e+02
-5.739554944398272482e+02
2.211542203945124641e+02
3.227680774211337678e+01
-3.761488165024833279e+02
4.778339930646287712e+02
3.729759910530283662e+01
4.677342336907703384e+02
-1.309016506127148887e+02
-7.420281202240264520e+02
-3.577718588001529554e+01
-4.992637954292034408e+01
1.025668574853012842e+03
3.125145377140228788e+02
-9.431525250661655946e+02
5.843461462472012045e+02
-7.018212537325614448e+02
7.291313329667359540e+02
6.772543276745434468e+02
-1.131177677778789985e+03
8.266768938577779409e+02
-7.308927119698300885e+02
-5.381075406510317407e+02
-9.700241661330619536e+02
1.309747300135250271e+03
1.509240635411879339e+03
-3.438144408302141528e+02
5.286587597012393189e+02
-6.981558580464201214e+02
1.077512802376706702e+02
-1.228797877362397912e+03
-1.338346885989357361e+03
1.413531731219629137e+03
1.880776522048766708e+02
1.308895516030637737e+03
3.852663697301049979e+02
2.268430903757104034e+01
-5.454566831916303045e+02
-1.647319354894053731e+03
-7.585478562319855200e+02
3.067402254972686251e+02
2.338689155842157106e+03
4.436895923268127717e+02
-4.185137701397997603e+02
7.170883037347770141e+02
-8.040364221502879900e+02
-1.145090137443059120e+03
-1.678320147771438997e+03
1.112546262482742350e+03
3.131543646841552118e+02
1.213178384678778912e+03
1.388136258744822271e+03
-1.071253830233178803e+02
2.115930990220230683e+02
-3.000151177852549608e+03
-7.280817344411043450e+02
6.201741674794277515e+02
2.615458357687245552e+03
-1.271770266309265025e+03
3.241222205025285348e+02
6.897293472103349359e+02
-8.384590972047612922e+02
-2.484153567200870043e+02
-4.677494534631327952e+02
-7.767967140768148226e+01
1.225923301074161145e+03
-3.285783189493263876e+02
9.038708599773761989e+02
-9.336186214239803576e+02
4.535372623352562869e+02
1.099720842882585146e+02
-2.681594884994415224e+03
1.856352153316531485e+03
-9.396152830935099018e+02
3.544924080872490777e+03
-9.833208514667660438e+02
-1.131424002980168098e+03
3.238771743663877487e+02
-1.284546643347351846e+03
2.105422622424864016e+02
-5.999142852986940397e+02
1.296842958849176739e+03
1.080670208045824211e+03
-5.601199675801532294e+02
-5.284367589327999895e+02
-1.949260451725062353e+02
-1.975260951619434024e+02
1.443961104574185129e+03
-1.849532308127907982e+03
1.334429358985738872e+03
-3.890076923965245328e+02
3.589998279566535189e+02
-3.589315346885143754e+02
7.845794731116469620e+02
-1.832635734537423673e+02
-3.605444665468173184e+02
-9.330116410579335025e+02
-6.564509253155026727e+02
1.239924934664191824e+03
-9.401881621321308558e+00
1.408043246182374560e+03
-1.221664401244829151e+03
1.874580253745352366e+03
-1.958545170760051860e+03
1.993845733723358649e+02
4.157048002695919564e+01
-1.285305765707670162e+03
1.839140194106770196e+03
-1.167836836168253967e+03
1.502985498529839333e+03
-9.011833915578121150e+02
-2.574815838733699138e+02
1.529690079982029147e+03
-1.598077871437108570e+03
5.482212198974659714e+02
5.523308434034881884e+02
-4.298082697585521146e+02
7.727556143556065535e+02
-1.549506513689878602e+03
3.757015356315102395e+01
8.275002178725843578e+02
-2.574221862916125474e+02
-1.940950116830036905e+02
7.531866182474827838e+02
-7.555031192054784128e-02
3.113435513136519148e+02
-2.790323956985489531e+02
3.415770759442466442e+02
-1.524017385280640838e+03
-4.730784129626770778e+02
2.047442222126935349e+03
5.022451028565367324e+02
3.760333149730022342e+02
-1.731141327523041582e+03
-9.567669241387577017e+01
4.777243314904691829e+02
-9.721842821429234505e+01
-2.418441048087540366e+03
2.376606063879124122e+03
1.385013020122147736e+03
1.001429146127787703e+03
-4.388489347163895786e+02
-1.402063191041811251e+03
-1.004113861624696483e+03
-4.304586415551613072e+02
-5.337408156465313596e+02
7.886909218574492115e+02
9.279135254861232625e+02
1.891352957263466578e+03
-2.378507461903829778e+02
-1.575128427811054280e+03
-6.890977478222044965e+02
-6.010200556878286307e+02
1.195579066966844266e+03
1.702997182298298185e+03
-1.461870226816630520e+02
3.904751577045309432e+02
3.415125493831086487e+02
-2.323924498509377372e+03
-1.891053580356399380e+03
-1.543661515478041338e+03
2.357702522664910248e+03
1.668383982479823544e+03
5.267331163258354536e+02
1.803517941000970268e+03
-3.063575615072618916e+02
-7.400342085822904892e+02
-1.670901582799102243e+03
-1.482994367204913033e+03
6.170060200703591136e+02
-6.724812901403680598e-01
1.504359215357535504e+03
1.290981084372900568e+03
-2.579410693797968861e+02
-1.974199565238959906e+02
-2.179200599971020438e+03
-3.085763761650758852e+02
6.135683695798481097e+01
6.835980870877990583e+02
1.155954378872797179e+03
1.774080078161203346e+03
6.911902791353121529e+02
-2.220970333508508247e+03
-1.213957877019543503e+03
-1.363746601702823682e+03
4.043744158890172002e+02
7.149093302757905803e+02
9.011335759149086471e+02
9.475844833113831100e+02
1.575494865553409625e+02
1.488962393873108567e+02
-7.973867369064502100e+02
-1.429682399951487923e+03
2.802360107048156124e+01
3.734324967776676090e+02
1.603474569523762511e+03
7.907308702205675672e+02
-1.168549457013110441e+03
-6.271095763822579556e+02
-1.823620696528402050e+02
-1.106612704360960379e+03
6.208902109545610983e+02
-1.706416067625719677e+02
1.563910523907260540e+03
1.188287032592660807e+03
-1.240931476441149925e+03
3.967227889725447199e+01
-1.508108141501310456e+03
6.944811531194528698e+02
5.909235847285747241e+02
-5.054739848045657595e+02
1.640403305915035048e+01
1.815261927392812709e+02
9.009071324616716083e+02
2.817958465892240270e+02
-1.399398430954115383e+03
2.852466970119957068e+02
1.996417057237719632e+02
2.273885440215272524e+02
-1.288084078814549116e+02
-1.020325828607096469e+03
8.400698740725880498e+02
-6.692444063281429862e+02
5.372545935850531578e+02
-4.954346408169431015e+02
2.870109351852840973e+02
3.205861730343467570e+02
5.071381017333263230e+02
8.561340691107665180e+02
-1.079527388596820003e+02
-8.324856253261247048e+02
5.543478974711756564e+02
-1.007455652637240519e+03
-1.112238689590844388e+03
1.203176970847249123e+02
-2.444606418730049313e+01
1.490252722419133988e+03
4.377919337518285374e+02
5.941508784689543745e+02
-7.095218909636435001e+02
-1.867664569576183453e+02
-3.334869241782151903e+02
5.375500751499450871e+02
-2.460753861902543633e+02
-6.568429444835192044e+01
-6.123080884876576420e+02
6.859945716235301916e+02
-7.453787721395281096e+02
-1.121459625895848603e+03
4.732601237644481103e+02
7.940150216936931429e+02
9.432001872138204135e+02
6.226909373992755263e+02
3.335701548670154466e+02
-2.870469258625852262e+02
-1.349163659683406422e+02
-1.078274660254400032e+03
-7.339002552313420438e+02
-1.222382964188815606e+02
7.393627512253268605e+02
6.314510715807756469e+02
4.285684914617231129e+02
-9.501430946529404764e+02
-1.494306682502895285e+02
-9.852090382459256546e+01
1.266382980876249803e+03
-2.059744748620535688e+02
-7.181683723245689634e+02
2.818880244120368843e+02
3.475809326133628474e+01
2.069619607043078702e+01
-9.633373190101822274e+02
2.921715789531074137e+01
6.989305410633980955e+02
-3.468574924469481289e+02
7.071589868093949462e+02
8.807601366530278142e+00
1.160793542476315906e+03
-2.180422203214348542e+02
-1.022189763341715661e+03
-7.384188858671949447e+02
-1.900445157034126566e+02
6.947329557313547355e+01
2.856717408879536606e+02
4.549695716658230822e+02
1.514293961902895035e+03
1.895789678848389315e+01
-1.158047747404101301e+03
-4.064314475667426905e+02
-4.807504050651110106e+02
-2.925810048956099649e+02
-1.897944745531778210e+01
9.532901636446922566e+02
1.129748678129715699e+03
-8.159602881629240301e+02
-4.106226262131416433e+02
-7.672693207480576802e+02
-5.747488887432472211e+02
1.038954770519166232e+03
9.442677080925328710e+02
9.707463994546193362e+02
2.317276114563991314e+02
-1.214949807014237877e+03
-5.747127548877701884e+02
-8.637351395107713188e+02
6.366909656340516221e+02
-5.984966089445561011e+02
6.187435879011724182e+01
9.654737655827116214e+02
9.658002951544164034e+02
1.552653904216634828e+02
-6.154799968815667626e+02
-6.837347205119768887e+02
-6.324142147130485228e+02
6.210942015721039979e+02
-2.960534995984311877e+02
-6.762883536588682887e+01
9.173349368281512852e+02
1.378009959556529225e+02
-7.034237614904512839e+02
1.696828929306692544e+02
-4.486325369410759549e+02
6.024552428181929145e+02
3.518715258732235895e+01
5.600631899743568454e+01
2.624945979553730808e+02
5.564833632997754194e+02
1.352179814884698885e+02
-1.274857627610647114e+03
-1.061745956181586962e+03
-1.548738442902249517e+02
4.095060770923473115e+02
1.014050153453579469e+03
5.221983952914861220e+02
3.642189454835632887e+02
1.230773865562157425e+03
-1.368791843249489602e+03
-1.177043969014407139e+03
-5.309990649251750483e+02
2.173060024248314903e+02
4.981780411840633747e+02
-3.134116217198611025e+02
2.738879630212215375e+02
1.600287731260039834e+02
7.399234930229459906e+02
1.215920347392522700e+02
-9.944328872684857288e+02
4.640484271904501270e+02
6.245554437536773094e+02
-2.871376979523676027e+02
5.536854935371974307e+02
-1.034685669576014334e+03
-1.146062934314439161e+02
-1.711722972044084656e+02
-2.135876370132970976e+02
-2.989627367656208889e+02
-2.280355334382904857e+02
1.545035738475357903e+03
1.151038486412787165e+02
3.385756385967128779e+01
-2.404555317474792275e+02
2.617391001338560272e+02
-9.080297716549850406e+01
1.485700497274495433e+02
-1.082677570309777138e+03
-4.372335558482691908e+01
-3.447742996558375808e+02
2.228930927482318225e+02
1.751869288168529977e+02
-4.748410237587891913e+01
7.803620837169854667e+02
4.797171496360357423e+02
4.061940330939310684e+02
1.338917153030607494e+02
-1.406813769625101258e+03
5.552306125230791167e+01
3.944581193827490324e+02
-1.089264178033472490e+02
-4.589510698612227770e+02
-9.652574750496085016e+02
1.143199629394639260e+03
3.642947440760022459e+02
-1.362436223479645321e+02
-7.981108588638240917e+02
7.828213075228550224e+02
1.030664031413116390e+02
5.201364402349510101e+02
3.978747667144136244e+02
-1.065608611542056451e+03
1.662952165469618535e+02
-4.241403958777438987e+01
-6.872670703498417879e+02
-6.622035215995533690e+02
3.491789214502128971e+02
8.543621551132197283e+02
1.184822692103225791e+03
4.307684822640396760e+02
-8.699562248934072386e+02
-9.221116079420600045e+02
3.218230891665855324e+02
1.100068056880606804e+02
-7.451848632040114353e+02
2.214465524514145613e+02
6.812345037559267666e+02
-4.916058093401794054e+02
3.997089836430109813e+02
-3.482100667852617448e+02
-4.110289810285142948e+02
7.365500853177780982e+02
5.773885947733442947e+01
-2.878323031919713912e+02
7.477927775443489509e+02
-3.694381718762552964e+02
1.502710381630526513e+02
-5.749453458484376824e+02
-1.734396565799236782e+02
-6.939210498903933058e+02
1.517877581998625658e+02
1.636762818277450833e+03
-1.064876613922425861e+02
1.683192560414341585e+02
-5.918612359814233059e+00
-1.000947044740038905e+03
1.476422884247695038e+02
2.984283979081773737e+02
-4.368609009289079950e+02
-1.444360473482702218e+02
1.809966170057290356e+02
-4.317809080022661874e+02
5.140296309536216768e+01
2.247684194442487637e+02
7.745580923617344524e+02
3.561296100028968681e+02
-3.242889754729950482e+02
-4.591272228531590827e+01
-7.698052749120161025e+02
6.465052679146104992e+02
-3.616690168542483264e+00
-9.342560356970568591e+02
4.606943611169182873e+02
-2.623182508382101332e+02
3.389773577982782058e+02
1.400037338703228613e+02
2.699912626590223681e+02
6.440780401514663822e+01
5.039562886332532798e+01
2.145054374012443930e+02
-7.362521077887158754e+02
3.365749034277087617e+02
-1.438844217313843785e+02
9.801568216830406755e+01
-6.294011974006861010e+02
-3.232055893614718798e+02
3.679154242407938682e+02
1.016895950182879460e+01
8.063806414728952632e+02
2.748043442613823828e+01
2.340358242851491468e+02
3.210325146959317522e+02
-8.693985638008067554e+02
-5.223107561272768180e+02
6.651813617884590712e+01
-8.448809721368404269e+01
5.573569439754775203e+02
-2.375221757509201268e+02
5.571512692987514583e+02
-4.490241193353012932e+02
2.570602811455933079e+01
3.478294825076661709e+02
-2.238351560212232130e+02
5.112781895852201330e+01
-9.637788614810102672e+01
1.147673274961650804e+02
-2.471654528191596967e+01
-1.912521001571250565e+02
-3.852625551303657403e+02
-1.372868234140956645e+01
-6.108961179811245756e+01
5.926815223036725229e+02
1.756277173494880799e+02
2.569166598544413773e+02
4.115199720297953263e+02
-3.739771839002973479e+02
-5.581229195639692762e+02
-3.461629189556713300e+02
-2.380051416072549841e+01
8.550215658296689014e+01
1.559707664341472366e+02
1.988896831103787122e+00
-3.382467587504395965e+02
4.490090161638577229e+02
7.633619880658959573e+02
-1.564972451140308465e+02
1.113999259047481303e+02
-2.295216133797407565e+02
-3.923521261481347437e+02
-2.324560449817486756e+02
-7.085329102013619718e+01
-2.220750269567408282e+02
-2.396128801066644485e+02
5.457257464846776429e+02
-1.195758287848786523e+02
-7.525118805185238102e+01
1.204390261483110407e+03
3.588400787117322466e+01
2.085051448392948714e+01
-2.222879400686241524e+02
-8.479126365471506688e+02
1.679579941090262309e+02
-1.962386505087641808e+02
4.565129002654423971e+02
-1.008027120906483447e+03
1.294649880022688535e+02
1.391309745146132855e+02
-7.915754250208626672e+02
1.978401012921332494e+03
4.994658196475067484e+02
6.701340824709205890e+02
-9.828911856370683608e+02
-3.721246717608401582e+02
-1.230318958250335982e+03
-5.909953401461240219e+01
3.295126057955726537e+02
1.395286314151313434e+02
1.544187130631540299e+02
5.108548840617569340e+02
-8.407761448537476099e+02
1.864652195231988117e+02
1.001116928346080613e+03
-6.107178286396563180e+02
3.527540760678662082e+02
3.688897294047783930e+02
7.353305884005189910e+02
-9.138033669319620458e+02
1.034406111581180596e+02
-1.523744678595071946e+03
-8.487617037785543062e+02
5.324398197669057708e+01
5.817182816907225060e+02
6.477438577216267959e+02
1.872471406690014419e+03
6.175454093434734659e+02
-7.830585113744033379e+02
-3.983917547041791067e+02
-5.425896250786013297e+02
-1.055239767126084189e+03
5.463412162727884152e+02
4.640621056283185339e+02
-5.236941808358338903e+02
-5.534140254067632441e+02
3.684235239194609903e+02
-1.094994611930860913e+02
2.419040097080313672e+02
9.210455106366071050e+02
-5.744886814021828059e+02
5.816529111769823430e+02
6.323049560817901238e+02
1.603508399909698028e+02
-4.599581485028348879e+02
-2.963584923928034414e+02
-4.229620168990521734e+02
-5.339808883796059717e+02
-1.572429941020232036e+02
-1.365989772280650868e+03
-3.938311448904016174e+02
1.371257054720804263e+03
7.976347609310988673e+02
1.521500661955510168e+03
3.245844736456559190e+02
7.896511985789657047e+02
-3.702856380895982511e+02
7.278038894259880465e+01
1.959815753793678539e+01
-3.986582804398259668e+03
-6.108243366987022682e+02
-1.888253274215515205e+02
-3.104802383846248972e+02
2.227705972008982826e+03
6.203405998325270048e+02
3.124645566146718011e+03
2.103981008163947990e+03
1.566216305167439941e+03
-1.640614086532764759e+03
-4.473474780470878613e+03
-1.916092962078990922e+02
-2.176983249753112887e+03
1.382994815931073163e+03
1.835294419838235626e+03
-9.514572596452876496e+02
4.720302744215177881e+02
-1.540369368267142590e+03
1.534623512061052679e+02
-9.582493530270162410e+02
2.073559771394079235e+03
2.594872356733966626e+03
-1.887257029650490267e+03
1.587411713564868933e+03
-1.978747930846780264e+03
-4.015905847695415787e+02
6.871096923000397965e+02
-2.237396529769768676e+03
7.272987165014300217e+02
3.500910461221504875e+02
3.903156219470923588e+03
1.238756356594610224e+03
2.796728892599472829e+02
3.195846209765930439e+02
4.272038742507145071e+04
-6.917140592047117025e+02
2.936568613949195878e+02
8.376033864323920852e+02
2.266925818080303543e+03
-9.683543114550118389e+02
-2.616956440793032357e+02
-2.052611399273393999e+03
7.078469693851494640e+02
3.711479047683897079e+02
4.133148898760299517e+02
3.253929258864806798e+03
-1.504536730629170279e+03
2.434976241245532265e+02
6.828134836243170867e+02
-4.708309915180093981e+02
-1.404436688645486583e+03
-1.966326162884902715e+03
-2.673749232216874816e+02
2.315613963598228793e+02
4.096025814162915594e+03
2.826058386704967688e+03
-5.797642967409731227e+02
-6.978597978377642903e+02
-2.516612849556045148e+03
-2.048378832215876173e+03
1.730865882427804650e+02
6.597531037058132597e+01
8.130668543928852614e+02
-9.834317201270587248e+02
2.117382625266866114e+02
-1.660234092052032338e+03
2.061641129626601014e+03
2.467988992211375717e+03
-7.302781708359516415e+02
3.630034577367281940e+02
-1.313739103039490317e+02
8.743561660727447133e+02
-7.745915748706929662e+02
5.271667752872348274e+02
-6.348768559754720400e+02
-1.398856055360087112e+02
-1.243553896844268365e+03
-4.951573575104775387e+02
-1.852325488505513817e+02
2.038300460049321373e+03
-1.197429664881590952e+03
3.635679954902582836e+02
1.989326841360791605e+03
6.146708122181597673e+02
4.176523538070119912e+02
-1.744766831743413377e+03
-1.047053015302827589e+03
-1.107781225998172204e+03
-1.978541855848930595e+02
4.663162157793240112e+02
-1.540058552706028422e+03
1.616948566899385469e+03
5.473678100239590094e+02
4.716057014387851041e+02
2.478948264867435682e+03
1.053612102974029767e+02
1.488944009068175092e+03
-5.236902237573359287e+01
-6.263105543400919260e+02
-2.125607834584885950e+03
-2.241955933300801007e+03
9.528228505702847428e+01
-1.734299240357139809e+02
1.751028109372567769e+02
-5.987475552850725080e+02
-1.263023468107053077e+03
8.178203050171730411e+02
1.781958893304298272e+03
1.174194474290192829e+03
-9.063935277317924601e+02
-6.939329533299056152e+01
-5.648204164823413294e+02
1.147080632222815666e+02
-1.109092096436540942e+01
1.946621081168183309e+01
1.730934848026228565e+03
7.726406751822536307e+02
-4.459642370093475847e+02
-6.044561440764949793e+02
1.006222861325012332e+03
3.904430336505362220e+02
-8.054531443572607259e+02
-9.267782812209874237e+02
-6.243794433127987986e+02
-4.184267566387915736e+02
-1.867379478190192685e+02
2.409466614974266179e+02
-5.778438740528173412e+02
-6.178745917785909114e+02
-2.702979992491899566e+02
4.784191349834145512e+01
1.439749625462267659e+03
5.888401695791856127e+02
2.028494670637478521e+02
6.753509279865722874e+02
-5.378410835739741742e+02
-5.498049997615437405e+02
-4.212098223518567011e+02
8.728042389640744432e+02
7.159454489514354236e+02
-5.259856614132851291e+02
7.519859313699021186e+02
-5.531636979038202639e+01
5.035470577791024311e+02
-1.110464568550316784e+02
-6.620360621306992925e+02
-2.473648647907964460e+02
-1.711907608719068321e+03
-4.839106820037662260e+02
3.268634662885363582e+02
4.263297036501274420e+02
-4.075412525465839053e+02
-3.045869984637869265e+02
5.108687856903693500e+02
-2.236122082569171710e+01
-1.617347036271645493e+02
9.074540211294976189e+02
1.686514676164340017e+03
5.051697841700296294e+02
-8.934627180479459412e+02
-1.219838931293314772e+03
-1.550081686473267695e+01
5.556074565079741205e+02
1.396733529076803677e+02
8.309989064969001902e+02
3.637618203777420263e+02
-4.964684376331431395e+02
-1.214703254238292402e+03
-4.104359692396532751e+02
-7.282253460898365915e+01
-7.790356525025748624e+01
1.531570529925151050e+02
-3.667802784679444699e+02
2.509000846305906407e+02
2.228283224110909373e+02
1.463718676405628116e+02
2.248998424109600762e+02
2.575245233091436603e+00
-1.926898788991223910e+01
-2.160031132698175611e+02
4.289157789710139923e+02
1.521674257543931219e+01
-3.868099450162799968e+01
-6.589732970272584112e+01
-4.498465552308123279e+02
8.578222299198711198e+01
1.785052905107971810e+01
2.231275641479392959e+02
2.189971125728398533e+02
-3.417807946115487994e+00
-2.922421537377403311e+01
-1.940587905419798176e+02
2.094381162985561318e+01
-3.819215466124846614e+01
1.145297351415871390e+01
1.049007314998811182e+02
0.000000000000000000e+00
