4.345955281770390854e+01
1.475935086339183044e+02
4.503505767308175223e+01
-6.356636837371114979e+01
-1.660849487623380583e+02
-2.746894613705846950e+02
3.967228153970366122e+01
1.996097625300037919e+02
-5.439848539085549817e+01
3.587417223277064977e+02
2.870582157645744701e+02
-2.014411567975003265e+02
-6.171128561917746680e+01
-3.178558646003203876e+02
-6.878920425246377590e+01
3.769418325760305493e+02
-2.025603494993129914e+02
-2.383122128138533640e+02
3.189283681006804159e+02
3.293568750821518734e+02
2.672712349224095192e+02
-6.186747320083757131e+02
3.259998594127404772e+02
-4.196520861772151534e+01
-3.979879557468930784e+02
5.730919602317269437e+02
-4.962634975554865235e+01
4.649504357431778203e+02
-6.088808207090218616e+01
-7.694688597833522863e+02
-7.954048230809596021e+01
2.972413286671788057e+00
1.081928543057571005e+03
1.201780183815870373e+02
-8.823658628344752515e+02
8.580252732908193138e+02
-1.078092283710608172e+03
8.745250776950749696e+02
8.199985991939587393e+02
-1.329597730475262097e+03
8.328870408997332788e+02
-5.810064335363622376e+02
-6.276032673018403329e+02
-1.126840119265234307e+03
1.599103622430586483e+03
1.375776965076790930e+03
-4.634732251970446555e+02
8.361611425495719914e+02
-9.465586889464046862e+02
7.136069592220125912e+01
-1.066850153207911717e+03
-1.402668640501323353e+03
1.383435920526239443e+03
2.513176679689831019e+02
1.316605268826670908e+03
2.770340295618681239e+02
1.187231946092644250e+02
-5.420884023648970924e+02
-1.727189298710589810e+03
-7.134340595611804474e+02
3.398177700153486853e+02
2.275318219132609102e+03
4.616252830242674463e+02
-3.323490646693059603e+02
6.061925766877051274e+02
-7.746332406853985049e+02
-1.087527040812646646e+03
-1.765874136179936613e+03
1.155819337099108452e+03
3.120937666099368926e+02
1.251964084188756942e+03
1.320427729485126747e+03
-9.424959304618576539e+01
2.559251834314185885e+02
-3.075169768692401249e+03
-6.628674691168945401e+02
6.157842793193799480e+02
2.601105263827780618e+03
-1.328492699712240437e+03
4.129115331742225976e+02
7.123297959371778916e+02
-9.968042559713513810e+02
-5.476993235349479505e+01
-5.724814953232149719e+02
-1.442415873316621457e+02
1.382667716652846821e+03
-4.154873996115950376e+02
9.002025133040369838e+02
-9.428497183193169349e+02
5.604934038487310772e+02
-3.931233321045380080e+01
-2.665844064223790610e+03
2.062359367588619989e+03
-1.225841522742601455e+03
3.681222847247784102e+03
-8.967457166941959485e+02
-1.329081652175562340e+03
4.337658420632516822e+02
-1.214278143367057737e+03
1.377170699407489849e+02
-7.113909737124751018e+02
1.502633671721612700e+03
9.769503395787814952e+02
-6.894097828551471139e+02
-2.219808772407304218e+02
-3.895120606281160462e+02
-2.848738344709194052e+02
1.663171099088908477e+03
-1.941324129598364834e+03
1.209953805440278757e+03
-2.218643955296258810e+02
3.903915798874921279e+02
-6.190655609459015523e+02
1.013547033502914815e+03
-1.217138206057488787e+02
-6.385396462399967277e+02
-7.108714185115427426e+02
-6.160687623451696027e+02
9.807433938654052099e+02
1.261250852116538539e+02
1.566405752452574006e+03
-1.465893263055767420e+03
1.949704577832989571e+03
-1.760267072184834888e+03
-8.855367868401363296e+01
7.807046303239252438e+01
-1.037321219646483314e+03
1.619949389996183754e+03
-1.231246056138134463e+03
1.792278292898555264e+03
-1.108534144196569287e+03
-3.778871695988049169e+02
1.883372489654021138e+03
-1.819529846437925471e+03
4.321333977183379602e+02
8.203851722621836871e+02
-5.579804429590135442e+02
6.360455441320682439e+02
-1.329452230367249285e+03
8.170937165853482043e+01
5.136710163817870125e+02
-1.026708296231198858e+01
-1.338381845585977601e+02
4.019686883443488341e+02
3.291995149078637155e+02
3.226616984496167220e+02
-5.364570445600597850e+02
5.041440289250057845e+02
-1.433035617966040945e+03
-6.677428653853837659e+02
2.066439974949274983e+03
7.726598289435656852e+02
5.064575090689953640e+01
-1.700330683660522936e+03
1.988165814294745246e+02
1.501170058623794432e+02
-3.277047049804288292e+00
-2.245218858035759240e+03
2.187644695061077073e+03
1.326806198622525699e+03
1.198624819272843979e+03
-4.906159801075330051e+02
-1.602358322400725683e+03
-6.896920307751296377e+02
-5.574234101788100588e+02
-7.365634311376843470e+02
1.096287057067218484e+03
8.132573540623976669e+02
1.770805863919107651e+03
-7.214858103546939105e+01
-1.582006168984695250e+03
-8.608440434669414572e+02
-4.705147506953828724e+02
1.304947394880780848e+03
1.464826396624701829e+03
-1.740998289243518471e+01
4.769730188580377899e+02
1.278702853615830008e+02
-2.223189692014640514e+03
-1.772471989360506541e+03
-1.708466996496525098e+03
2.379143297434327906e+03
1.805212592332266013e+03
3.667873299048597460e+02
1.818646508254929358e+03
-1.756902557880395364e+02
-8.439703706079995982e+02
-1.708585929671643044e+03
-1.379370287270716517e+03
5.899750748998447989e+02
-1.004318858522554194e+02
1.659298720955152703e+03
1.234711298670545148e+03
-3.624398155944643349e+02
-6.002055748287214954e+01
-2.241485972486795163e+03
-3.127691601523659983e+02
8.182440068488624263e+01
7.144056361511051136e+02
1.105546080745085192e+03
1.737549936945285253e+03
8.194421311194033706e+02
-2.354000695445437032e+03
-1.154770204507345170e+03
-1.329924881328206311e+03
3.239973294024081838e+02
7.842788401745729061e+02
8.413478294734077281e+02
1.034838054169010775e+03
6.962767614647381720e+01
1.581837222073719431e+02
-7.100548021922651287e+02
-1.570203513075539149e+03
1.470030671789575649e+02
3.476898959526489534e+02
1.580062042693440162e+03
7.851953702642646249e+02
-1.171819587139056921e+03
-5.565587470864531952e+02
-3.200735428598618455e+02
-9.608711417102266523e+02
5.913886673435445118e+02
-2.976345647799042808e+02
1.720056697980333638e+03
1.131764764643803801e+03
-1.280939213434282237e+03
8.036386934166218055e+01
-1.459491977241269751e+03
5.863600579264575572e+02
6.048789743781298966e+02
-3.520723876563647536e+02
-1.739593445921517798e+02
2.329821615563157025e+02
1.022398001850886203e+03
1.091350505419227375e+02
-1.365840689536219998e+03
4.328426580729869784e+02
8.020983474380795997e+01
1.583576683461236030e+02
5.426892749216879963e+01
-1.143259508481145986e+03
7.545001222573072255e+02
-4.483799870377363277e+02
4.545415259130906520e+02
-6.390780573470815398e+02
4.764147797715924071e+02
3.001331585575680947e+02
2.951700981507236747e+02
1.103436805859677861e+03
-1.135656641814682359e+02
-1.074386183715369498e+03
7.775459831405669320e+02
-9.999700398256863991e+02
-1.293804568001587313e+03
2.358779309140126088e+02
1.022481787030451414e+02
1.239061543999406013e+03
4.809225222131558439e+02
8.595124777580331283e+02
-1.040247480726663071e+03
-6.949050636832328109e+01
-1.252779571258891451e+02
2.209743755424135543e+02
-1.712491104822828731e+02
9.834259202179715942e+01
-7.395579082123422268e+02
5.880956508139830703e+02
-4.747791273558861462e+02
-1.255471295607664160e+03
2.446083969204730693e+02
1.197697572655507429e+03
7.392817777679514393e+02
4.755872954588039647e+02
6.446455412487944159e+02
-4.405157571087838733e+02
-2.659003803739286695e+02
-8.901693821397916508e+02
-6.694856422498073698e+02
-4.077890844913652018e+02
9.351456433797817454e+02
7.476529335041688000e+02
5.250286497150773357e+01
-6.596161208326224141e+02
-6.799275378030162642e+01
-3.934009106387758266e+02
1.434448634949581674e+03
-1.094212918946346917e+02
-9.408290000486447298e+02
3.207586613805333400e+02
2.874844791149261596e+02
-2.446198530458644314e+02
-9.821570100454408703e+02
3.110114701086856712e+02
4.273229006302171911e+02
-3.515813850665642235e+02
9.674169551115472814e+02
-1.864051618551008573e+02
1.064682513488616223e+03
3.648520812684984094e+01
-1.146840342371103361e+03
-8.811746088529579310e+02
7.845598097523219394e+01
-2.845532589872052398e+01
1.109203040036817072e+02
6.683245113755392595e+02
1.517366224647055333e+03
-1.886231824964795294e+02
-9.677084818803841699e+02
-3.540226697420806659e+02
-7.558184881478008492e+02
-8.381025172858259964e+01
2.853896791893140517e+01
7.571368050481773935e+02
1.265373528368892721e+03
-7.674813468830071770e+02
-5.485167075935657977e+02
-7.764781703095800367e+02
-3.833867883885826018e+02
8.633061717521035234e+02
9.228582189587815492e+02
1.198825132228473194e+03
-9.136538551414929543e+00
-1.156175708664904505e+03
-4.626011885366486922e+02
-9.783791282852796485e+02
6.330338439810607269e+02
-5.523806687054358235e+02
1.021115833091338345e+02
8.159617396690155147e+02
1.133221067167114143e+03
1.453336066056795062e+02
-7.891898309617291716e+02
-4.939519663967151359e+02
-7.311015797708940909e+02
6.086161285636279672e+02
-2.353591642165286260e+02
-7.122061324370990576e+01
9.083166330441733862e+02
7.186543286304110723e+01
-5.781175254264425121e+02
5.648021242790739649e+01
-4.376679424259202733e+02
6.917133567897036528e+02
-7.220598860462550306e+01
1.188946995422632540e+02
2.527499605488079908e+02
5.817562806730430793e+02
9.880070636279276641e+01
-1.293225071608499775e+03
-1.002123946980960454e+03
-2.456115331427679109e+02
4.673471717692817720e+02
1.055874685559904492e+03
4.778039296845523154e+02
3.534615065002533356e+02
1.258972677789932277e+03
-1.382334512587718791e+03
-1.235304812772545802e+03
-4.392665262338497314e+02
2.074007459192173712e+02
4.201212639484975284e+02
-2.442470939062694697e+02
3.074034161153038553e+02
5.333038593187650633e+01
7.985372299978492947e+02
1.929785409821263613e+02
-1.164372483398401073e+03
5.536234671469637760e+02
7.009390128771708532e+02
-4.005977408849270205e+02
5.949444801138311050e+02
-9.640329578983436249e+02
-2.038315384431504640e+02
-2.568296427740178842e+02
2.623647900198591287e-01
-4.180937129177611382e+02
-3.193377444510841201e+02
1.798118033865931920e+03
-8.364883415772888497e+01
2.168896745977960450e+00
-7.607208990042161645e+01
1.965285208791666491e+02
-1.900596933551830716e+02
2.525312854743048661e+02
-1.009707524864867651e+03
-3.116301938328786036e+02
-1.035240188055361727e+02
2.794397051918217016e+02
-1.278720173759042211e+02
2.096969934987171200e+02
7.528403425878062762e+02
3.068018875975565152e+02
5.338295554128885669e+02
2.463585150234722505e+02
-1.592052278384607689e+03
3.289616300274266791e+01
6.671739369002976900e+02
-4.165008696694881110e+02
-4.111595622081506463e+02
-6.857553242952659502e+02
8.230484833444274955e+02
4.097114712120717286e+02
5.808407059376980897e+01
-9.563439907962749658e+02
7.108990761177841478e+02
3.516219553870821528e+02
4.089399458911529450e+02
1.739935865112601618e+02
-7.307045159534497998e+02
4.876805259798015868e+01
-2.410834520477066292e+02
-3.690719215371113933e+02
-7.502222332542407912e+02
1.235519607993744273e+02
1.093272094921339431e+03
1.220042365952682076e+03
1.589919286440184294e+02
-6.542520094611993500e+02
-8.414076492565266108e+02
1.861387829666392690e+01
2.924203990019579464e+02
-5.973943332646076669e+02
-5.650026433614442567e+01
7.688539316404923056e+02
-2.838604457607096947e+02
8.193237336161203643e+01
-2.802451315950280559e+02
-1.453829477999605047e+02
4.476888336960199695e+02
1.014032838744131340e+02
-8.720546116327795971e+01
5.561058801261292501e+02
-4.455736259836285740e+02
4.027926438042331938e+02
-6.786870325767353052e+02
-3.808796054306458245e+02
-3.503116271648182192e+02
-3.362254245690735832e+00
1.469686175444026503e+03
2.076567973598170056e+02
2.186356193937869108e+01
-1.226678572575093398e+02
-8.549156443716148033e+02
1.857845311995068300e+02
1.020780033317572872e+02
-3.017851578964649661e+02
7.793522295745106021e+00
-1.636195315424284047e+02
-2.204060404444937546e+02
1.271869925819598706e+02
-2.863083776585122564e+01
9.550600833291118761e+02
3.894457188083477490e+02
-4.381458780906614834e+02
-6.049474352969380675e+01
-6.020544442258553772e+02
5.165510638954141314e+02
-8.511082437086855634e+01
-6.812250862091941599e+02
2.358515958831609964e+02
-2.598878012640770976e+02
5.202403269169985833e+02
4.800531221551693761e-01
2.656163620109014118e+02
1.411011896532104970e+02
3.669288902281958542e+01
9.696237672347422176e+01
-6.084787073162713114e+02
3.565878906470357492e+02
-2.964210014229828403e+02
2.389602126392601917e+02
-6.476021147907373461e+02
-4.112870699884685450e+02
4.492756859648541194e+02
3.024199913507368720e+01
7.270295921210921506e+02
4.410715438625533835e+01
2.927869738762803991e+02
2.529117995358952840e+02
-8.435485044179597480e+02
-4.765171754606429317e+02
2.612969184485228524e+01
-1.245237531075023298e+02
6.113653661375693673e+02
-2.362197217468347503e+02
4.974022126442187073e+02
-3.704496911178538312e+02
-8.641371458470073819e+00
3.320025128044510438e+02
-2.152859434532850571e+02
7.161775458041022091e+01
-7.698958274898261323e+01
2.030470968574958590e+01
8.524863231158477106e+01
-2.586798640453412190e+02
-4.221228388293272928e+02
1.122118773926041371e+02
-1.406832589264820399e+02
6.022241346311824373e+02
1.561829403973103183e+02
3.094769955315732659e+02
3.333314220138632891e+02
-3.658245757565802592e+02
-3.957252819715581609e+02
-5.696729520991673326e+02
7.936057009445450205e+01
1.533246518798665079e+02
2.974784406958775662e+00
9.436002460855495144e+01
-3.126046729596038176e+02
4.144648961280577169e+02
6.646641312532669872e+02
1.657962164013400752e+01
6.006108588260202197e+01
-3.762204829858214339e+02
-1.218778377593515643e+02
-4.136485147172955976e+02
-1.516542412075311574e+02
-2.382846448604723832e+01
-3.223410313167920549e+02
4.756032470223129849e+02
-8.531432229024559888e+00
-3.104993216507281772e+01
9.671403372248838650e+02
2.037388148544632713e+02
1.256693359424660770e+02
-4.999930071151554785e+02
-6.481571286854386926e+02
2.270286782444422897e+02
-4.324233978140833869e+02
5.806199545113250906e+02
-8.728500184469800161e+02
-8.678735681433342108e+01
1.706396157756164484e+02
-5.869084491219523443e+02
1.728213102574201685e+03
5.189157877166984463e+02
9.262745655401776048e+02
-1.202052897488035569e+03
-4.415211577983313873e+02
-9.690781078906595667e+02
-2.355784592726989501e+02
2.027339674111048282e+02
4.696462943742689049e+02
-9.554282365868941085e+00
3.525079635804267468e+02
-5.711303777854078589e+02
8.506334987045210028e+01
8.345616601741260183e+02
-3.872254395654352948e+02
3.947629548763648017e+02
6.627773130372287369e+01
9.733894724222659534e+02
-8.270666301469916561e+02
-2.498667942501697041e+02
-1.231059605511379459e+03
-8.122217113037622767e+02
-2.216333733490364182e+02
7.442339193814178770e+02
7.662840480793879578e+02
1.672637777353821775e+03
6.112290864545494742e+02
-4.964910213285734244e+02
-7.140686794122889296e+02
-5.508406018278395777e+02
-7.184056567349778106e+02
2.118730306281560161e+02
5.318740460431962447e+02
-3.222020047123039603e+02
-7.576184088176030400e+02
3.124730625052197865e+02
9.709508815576975849e+01
1.957229563186353971e+02
6.851095190833256083e+02
-2.435806284536515989e+02
4.891481739504621942e+02
3.828226203864441572e+02
5.019518491031633403e+02
-5.752325102174600033e+02
-4.570601853972281106e+02
-2.381297040910970964e+02
-5.214241593312546001e+02
-3.389910576607190364e+02
-1.242484906554928102e+03
-2.530938696573983009e+02
1.078270857838411303e+03
9.361953017307871505e+02
1.653346491194076407e+03
6.261322189146949313e+01
9.217201096017802229e+02
-2.442407864383395690e+02
-1.216851658391543936e+02
3.563338831110485216e+01
-3.817624053351551993e+03
-7.756931413937019215e+02
-2.153828007669189617e+02
-1.187578816009761056e+02
2.086148638310032311e+03
5.637988491254790233e+02
3.293339173721255975e+03
2.039070365584603451e+03
1.455793134177549518e+03
-1.471445332176576358e+03
-4.538409375081922917e+03
-3.144111013345145693e+02
-1.992309226562214917e+03
1.323367812892334314e+03
1.768385165522118996e+03
-8.763575487356920348e+02
4.855093638500642328e+02
-1.629311189100897991e+03
1.679129915954104888e+02
-8.185023146128497729e+02
1.906496908773274981e+03
2.653620728682893969e+03
-1.823436332517853771e+03
1.457199247964134202e+03
-1.877741728575173056e+03
-4.316351093736296889e+02
7.067459385281905497e+02
-2.284168439762209346e+03
7.519710453191837587e+02
3.994149464861127399e+02
3.776331756739054981e+03
1.388182331417036266e+03
2.115228403179436327e+02
2.798861844143028179e+02
4.278087844269941706e+04
-7.376586597912639718e+02
3.657292524453346232e+02
7.398741123530176083e+02
2.362670874875956997e+03
-1.007962571334117570e+03
-3.544097951488750482e+02
-1.897051192558606999e+03
6.261336101000410963e+02
3.839349341217986762e+02
4.252847475293584125e+02
3.260164564751363287e+03
-1.548853915181568254e+03
2.183935510197105714e+02
8.252612209561724512e+02
-6.194603375517041286e+02
-1.358230572792043176e+03
-1.877206427201549559e+03
-4.174050871474549353e+02
2.977614662726525694e+02
4.170096806939463022e+03
2.740734783705918744e+03
-6.380797900937426448e+02
-5.511092886207576385e+02
-2.582248933273287548e+03
-2.150110992484067538e+03
3.741578678040774548e+02
-1.112816345541581420e+01
6.830091009567610172e+02
-8.372700078926972083e+02
1.983590423756282348e+02
-1.799052249976187113e+03
2.241076474118061469e+03
2.482134494829469531e+03
-9.453746118236033453e+02
5.400405345732198157e+02
-1.073536188684466453e+02
6.896299697019238693e+02
-6.610547177100318095e+02
6.412138312549378725e+02
-8.393757081446657367e+02
-1.109619420799090079e+02
-1.008430993401396790e+03
-7.716841315859867336e+02
-1.290551068601225495e+02
2.244450661317276627e+03
-1.473513084249388839e+03
4.230065900772351597e+02
2.150885758306149910e+03
5.078762771189821024e+02
3.196217521247965010e+02
-1.525783112058762299e+03
-1.137884825577649508e+03
-1.335352732525114561e+03
1.744852758885263029e+02
2.928231763536086305e+02
-1.693751437401369685e+03
1.931529895031362685e+03
3.942688281558509402e+02
3.509315557467650706e+02
2.631000718742465324e+03
1.826388822657495723e+02
1.225200234833136619e+03
8.343379381049305721e+01
-4.433383147348451985e+02
-2.495946008368708135e+03
-1.982378181625953403e+03
1.744298406306828042e+02
-4.750474327432408472e+02
3.793755895083861560e+02
-5.444392960260570362e+02
-1.451216021499256385e+03
8.368678057103472838e+02
2.020774892861462604e+03
9.537521417878209604e+02
-9.902193160683611950e+02
2.693225033276737008e+02
-8.380608146156912426e+02
8.032895573415009949e+01
2.576259921346225497e+02
-1.923424309345175516e+02
1.686308459734302687e+03
9.865463499473409001e+02
-5.381819382135822707e+02
-7.596638628789831955e+02
1.229913763828735455e+03
3.447713196848144435e+02
-1.018702630248457581e+03
-6.896304775219077783e+02
-6.288024086958031376e+02
-6.272710106421370710e+02
9.614774935673025880e+00
2.933123691956033099e+02
-8.149207176133907069e+02
-4.501584793975109733e+02
-2.056547233406154191e+02
-1.593268544941501546e+02
1.523512610240935601e+03
6.704208027844537128e+02
1.037150594190827064e+02
6.612100049792195477e+02
-4.002881849830592955e+02
-6.688085401360968945e+02
-4.358061721599156613e+02
1.015811717024557197e+03
5.572670050383010221e+02
-4.830769204713672025e+02
8.641235931387886922e+02
-2.014985977057550599e+02
5.475840143718064610e+02
-8.081380443548260928e+01
-6.519344989618882664e+02
-3.002285482641691488e+02
-1.727984604834305856e+03
-4.376440461093717431e+02
2.655893947141730109e+02
5.270894335127260319e+02
-4.786443531166841581e+02
-2.431161672408644847e+02
5.524895994177330749e+02
-1.629367362491056497e+02
-7.917530605960008927e+01
9.255609091742759347e+02
1.583688983797698484e+03
5.883020138087871374e+02
-8.617522096612198084e+02
-1.369755858497838517e+03
1.740108019861916944e+01
7.213642790799628983e+02
3.747633322200943695e+01
7.948195877219949352e+02
5.119502635313485257e+02
-5.987975858630173889e+02
-1.314559013337660872e+03
-2.321524413281759678e+02
-2.130419983217431366e+02
-1.578366328832591421e+02
3.164523924970893631e+02
-4.258665254674672269e+02
2.462244713382139025e+02
2.801124708831694647e+02
4.250308389545567422e+01
2.595547157199898152e+02
1.343737389057043856e+02
-1.280458865623756424e+02
-1.909576904686606440e+02
5.524084217007996358e+02
-8.395329788842444430e+01
2.569287966550947999e+01
-2.619421276950306776e+01
-4.870734593681314095e+02
1.204093652799359120e+02
1.052611837518123750e+01
2.306039051522033105e+02
2.025061577172086231e+02
3.220346211754437604e+01
-4.597019323210457742e+01
-2.417034576893638302e+02
7.464289560756543551e+01
-5.639129464446256179e+01
2.146269317647824693e+00
1.354349484225434139e+02
0.000000000000000000e+00
