5.414223462947882126e+01
1.933523891483117438e+02
1.020298975535095423e+02
-1.070581971094969731e+01
-1.620493531591396277e+02
-3.717659980877445491e+02
-6.042683952646133605e+01
1.668327135040449036e+02
-5.007987701842384354e+01
4.853383677065603479e+02
4.000882211599976017e+02
-2.099562102920185964e+02
-5.620429313512548930e+01
-3.592924972026602290e+02
-1.212176457079110037e+02
4.393000205489757946e+02
-1.442869561749479601e+02
-2.334802262775442898e+02
3.018730121379664411e+02
3.572497511734270574e+02
3.892989848444335053e+02
-5.869493586222803287e+02
4.110402950745776707e+02
-1.745565267006381873e+02
-6.110669175579546391e+02
6.939815960942911488e+02
8.793383184301073641e+01
7.981679025130109721e+02
1.455627285493618501e+02
-9.272150565279520151e+02
-4.021685292253336002e+02
-3.221577381047817425e+02
1.307560015364293577e+03
4.232206490975518136e+02
-6.659976565222525551e+02
1.116167233615124587e+03
-1.649305501075303937e+03
7.486344236923665676e+02
1.107394790154312432e+03
-1.287079297869268885e+03
1.027782148583188473e+03
-9.510590260968023131e+02
-9.129873348689982322e+02
-1.468632060452130872e+03
1.966498542467403240e+03
1.914369720629514859e+03
-6.229952314412397527e+02
9.984784126424873421e+02
-1.609764808040255730e+03
-1.704828450380102822e+02
-7.337906549450078728e+02
-1.361479802115148232e+03
1.782625543074203506e+03
6.409062946258535476e+01
1.388053533564516783e+03
2.177820049068531034e+02
7.884887839729864822e+01
-3.163597542580189952e+02
-2.164890401561880026e+03
-6.900445155350829509e+02
2.328671335389747981e+02
2.356098740811727566e+03
8.578617849530174908e+02
-3.063884753876096170e+02
6.442239125111112799e+02
-1.190936758689432963e+03
-1.147491381913081341e+03
-1.751076444648406095e+03
1.325844521744563508e+03
7.569970817074571414e+02
1.080689801025935139e+03
1.301318509255682102e+03
-3.544613100840696802e+02
1.777569777475262924e+02
-3.008585109301875036e+03
-8.361442956431775428e+02
7.533378896133872331e+02
2.475622595244307831e+03
-1.090729441930442590e+03
6.518231339225942520e+02
6.662262132628624158e+02
-1.111358120007365642e+03
-4.226400352794005926e+02
-6.068946230759634091e+02
-1.614364894369380750e+02
1.767174867268964817e+03
-1.802845432340633067e+02
8.057711606245054554e+02
-9.656838141094053753e+02
2.409412789453613755e+02
-1.737447378721149960e+00
-2.701961042455473489e+03
2.236740215766953042e+03
-1.242241263362104064e+03
3.534591307164086629e+03
-5.358507746945094823e+02
-1.494265159310484023e+03
6.496581314457082499e+02
-1.388890939328052809e+03
-3.223066080499722830e+02
-7.246799996034079641e+02
1.449383235644286970e+03
1.581296909641390585e+03
-6.736024282592195505e+02
-1.009359022998724242e+02
-6.205880247198576853e+02
-8.866272075491433498e+02
2.105858093709714922e+03
-2.058383829980163682e+03
1.540966518599763276e+03
-1.762259478109153292e+02
1.037707584217812382e+02
-5.203335564806255888e+02
8.348595977334050531e+02
4.992222282086466976e+02
-9.596306624642346605e+02
-8.296885179845988887e+02
-6.698739743766577703e+02
4.005334838801665569e+02
8.767457806348622853e+02
1.636033303439142855e+03
-1.274697689626887723e+03
1.679592750560035029e+03
-2.295102820162021999e+03
5.273794080751368796e+01
-1.644533976540290325e+02
-1.065187479047041279e+02
1.459526132787162624e+03
-1.541129465652016279e+03
1.953118892172911501e+03
-1.714834614783789675e+03
2.604356529790622972e+02
1.975960233794747865e+03
-1.747841120599528722e+03
9.026565739637572960e+01
3.465312144214868795e+02
-1.004472489750443742e+02
4.629611561300538938e+02
-4.579581823002646956e+02
-4.007291176742054972e+01
-1.985859531328435708e+02
-1.756405170184446973e+00
-5.378667730505379723e+02
9.993804765506390595e+02
5.450137816793998127e+02
5.292729747423320532e+02
-9.655816051412832621e+02
-2.995309720982536206e+01
-9.134427892063101808e+02
-8.887500324627699229e+02
2.651727357701522124e+03
7.171340764909679137e+02
-5.791222953742114896e+02
-1.685405301924750120e+03
2.456156191866650147e+02
8.085844639721996145e+02
-7.895722828103512114e+00
-2.149699804340698847e+03
1.545847651336770468e+03
7.043565173157157915e+02
1.830612681556664256e+03
-3.578238393326353162e+02
-1.054620846105909095e+03
-7.642564545337053232e+02
-1.041767471800312933e+03
-1.130960292357507342e+03
1.133281657672042911e+03
1.461058810788240180e+03
1.535483103933766188e+03
1.906591027583184541e+02
-2.030695919702315450e+03
-1.233276422232935602e+03
1.113124755346151318e+02
1.447305046518911695e+03
1.768946583779849789e+03
-5.521507484476080663e+02
3.074647766163555502e+02
-2.111390721766128991e+02
-2.006419382782765751e+03
-7.424928556574828917e+02
-2.117856721208045201e+03
2.501199428727965369e+03
1.174804796541930045e+03
-3.420116841446962042e+01
2.260975817011350500e+03
2.700713562599739959e+01
-2.452247004363623262e+02
-2.404598009012143848e+03
-1.280151625655131056e+03
3.216050963484694876e+02
-2.315593257059521193e+02
2.606426622656335894e+03
6.354023761637324696e+02
-2.546265016488665935e+02
-5.112247002707862862e+02
-2.269210731905232478e+03
2.118089806667803714e+02
7.803630612423050650e+01
1.343204884814087563e+03
7.822288684354028021e+01
1.753511475912534706e+03
8.282656604575979600e+02
-2.506600137562424152e+03
-1.047042938550249858e+02
-1.809185138675704593e+03
4.085966495951934689e+02
2.474639510832423923e+02
7.830225359433123913e+02
1.491034685608773543e+03
-1.995761469932118928e+02
8.788196835772326949e+02
-1.530867308597575629e+03
-1.549968691274147432e+03
3.958287228272116636e+02
1.429757070039822509e+02
2.290121225833519020e+03
2.583080887698280890e+02
-1.118268011557993759e+03
-1.015016380777764425e+03
-2.254906713764848689e+02
-3.813458514290728090e+02
2.939020684644183348e+02
2.656631001787176842e+02
1.057953601220362088e+03
1.028471840345563123e+03
-1.116405856361129963e+03
1.063162985027588903e+01
-9.653196040423750901e+02
1.864406500160606583e+02
8.044614978851076330e+02
-7.346512423892020252e+02
-7.686215096607210739e+01
6.065099835831426844e+02
6.983902326140646437e+02
4.148159076302754897e+02
-1.825767775247551526e+03
5.509298115020201294e+02
1.308526924266716662e+02
2.802266137955799650e+02
3.224604589199054772e+02
-1.587531658388788856e+03
9.805759389002071202e+02
-8.414185522209277224e+02
6.690854211150723359e+02
-4.691283566107972547e+02
3.602337267366690980e+02
5.543304452718938364e+02
-1.444020810768450360e+02
1.457607477772824041e+03
-3.667845559308691463e+02
-9.505756201303819353e+02
9.171491905697388347e+02
-1.398534922172411825e+03
-8.654722526471651918e+02
-1.506409242927453818e+02
4.855581069843123601e+02
1.079735371437975118e+03
3.202890520050585792e+02
1.159292600928291222e+03
-1.579764724650328617e+03
5.647637107418162259e+02
-4.470704105438820193e+02
3.241723649585435965e+02
-7.990538712381150788e+01
-3.215219314407975162e+02
-2.001613170759070783e+02
7.103250233469759678e+01
2.659295108424701581e+01
-1.514613252579939854e+03
1.607480362653112138e+01
1.732100582673479494e+03
1.668849096268212691e+02
1.117628675042101577e+03
2.510747861550967457e+02
-4.730471414871933575e+02
-2.004622325682030350e+02
-1.220542341672146904e+03
9.598172841300589653e+01
-9.712354613855264915e+02
1.350936923693257540e+03
4.485233027630501965e+02
-4.079471623365564028e+02
-2.598809493328432296e+01
-4.382166341258816828e+02
2.070260591566473352e+02
1.111597021695445619e+03
-1.925693967903853263e+02
-9.682110108856824127e+02
-3.467984691400309316e+01
1.090615784650494561e+03
-7.517058705454758183e+02
-7.353339397923255092e+02
1.955412466350415173e+02
1.779065354720987813e+01
1.917746705715345286e+02
8.416328216177449804e+02
1.622282272578560764e+02
5.890795990992476163e+02
-4.267469720810940004e+01
-1.150856387056408948e+03
-1.028799201226547893e+03
9.257324011997898197e+02
-3.468006044633455076e+02
1.834015508298141128e+01
4.049189552147952327e+02
1.252562539580768089e+03
9.890570122429375033e+01
-7.536995476659167252e+02
6.595129939724512269e+01
-1.314862386015571929e+03
-9.903910205430186409e+01
-7.011352862285895071e+01
6.687213172198074744e+02
1.859457825772366277e+03
-9.142576358483737522e+02
-6.977367286053242879e+02
-1.169503601666358236e+03
-1.719268653245343899e+02
9.805753832134302002e+02
1.147215345673993170e+03
1.594047078180309427e+03
-8.448542364117087118e+02
-1.172922206123944306e+03
-5.344607544269073287e+02
-7.461875315323080713e+02
1.112851308470697631e+03
-6.259996673259214504e+02
1.688525322073027723e+01
3.863060748966478997e+00
1.576729685751415218e+03
2.518419050970066451e+02
-6.808950054279896449e+02
5.785837251709517659e+01
-1.586801317772235961e+03
6.182221330757847682e+02
-3.348244974141160810e+02
3.341376242532063543e+02
1.228812749693036949e+03
-1.913125794508840727e+02
-4.523334109961102172e+02
-9.424639623539719651e+02
9.346023430325521986e+01
1.059535775021062818e+03
-1.345065456196460332e+02
6.356449632097958329e+02
-5.602513480125842307e+02
5.350676264648453753e+02
-5.063454408243828908e+01
-8.019219731869751513e+02
-6.733911905673021465e+02
-7.286436291043695519e+02
7.667956288631526149e+02
1.993545726968352199e+02
8.652829434383963871e+02
9.532129834080543560e+02
1.077095306882273462e+03
-1.164937874362582306e+03
-1.960403323755634347e+03
-4.926497969401144701e+02
1.469152514449382636e+02
1.016317852396656235e+03
2.480989477224119355e+02
-2.909313000409384244e+02
1.721706133060034745e+02
1.349465945421433446e+02
2.363184398189303295e+02
-5.566452826957929574e+02
5.833072568185555156e+02
7.737122039804867200e+02
-8.100071539712505455e+02
6.323864258728813184e+02
-1.048493786513781743e+03
1.337675354859880770e+02
2.145712784311280785e+01
-5.942990956179929753e+02
-5.013802675397744792e+02
-4.260569134822060278e+02
2.012435603255307115e+03
4.244204694729311882e+02
1.936487077016002161e+02
-4.619979109164314082e+02
-3.487820420633603362e+02
-2.245156707124415050e+02
2.790168130517553777e+02
-4.964867848290786583e+02
4.039623725112792840e+01
-2.941760928722180779e+02
-8.192786555764713796e+01
-2.909158650016506158e+02
3.120559040926860348e+02
7.467113313375932648e+02
6.735238148074686251e+02
2.812147597410221351e+02
4.487760862614007351e+01
-1.348198944859973153e+03
5.231701725863833019e+01
9.909053001688196218e+02
-6.426690348280841363e+02
-6.064869029837567496e+02
-1.069763508971805322e+03
8.053407451109922022e+02
1.052741464806115346e+03
3.991230561575800806e+01
-5.837137867295184606e+02
3.351100554724730500e+02
-1.257242447587057796e+02
4.846503010597245975e+02
6.983149586455722613e+01
-2.059157611468274069e+02
-6.132781625543623250e+01
-1.367267852166373530e+02
-4.569506628036631923e+02
-1.043228368811860719e+03
5.591367337686399424e+02
7.568346577944781757e+02
1.318548461931626434e+03
3.866509769266475871e+01
-8.184195847647752089e+02
-4.362132731018357958e+02
-4.133882925586947010e+01
6.460940663586601431e+02
-9.165826501119494196e+02
-3.184165185970999232e+02
8.037630895809253389e+02
-5.201986243376193215e+02
5.508297194591933703e+02
-2.782745092088974843e+02
-8.934182481083408334e+01
4.353744288264088027e+02
-1.431819543220023263e+02
9.488271120192761998e+01
3.481899169301428856e+02
-3.567752673450184489e+02
4.077173936050887733e+02
-8.164875661077961695e+02
-1.005239838655336229e+02
-3.536864283962041213e+02
4.164726054700998503e+01
1.394726002669153104e+03
1.229476654122822943e+01
3.201216783168617752e+01
-1.741343947703175274e+02
-6.487591700628681792e+02
2.480564280785376070e+02
-5.401644773975700531e+01
-1.396351556256400670e+02
-1.019811178897319053e+02
-1.579680324006452281e+02
-8.367848241734471060e+01
-1.476034624961053225e+02
-5.077017032762715587e+01
9.154751180320134836e+02
5.925703085559691772e+02
-2.340247804669532741e+02
-1.078696830447882746e+02
-5.087546593954083392e+02
-1.521697625698823941e+01
-4.323921290843754406e+01
-4.759882887507011446e+02
1.358045813748364878e+02
1.344873309781786759e+02
2.716607461757074589e+02
-6.322130185036976258e+01
2.492420092799371787e+02
2.393954598782399046e+02
2.541882074079956624e+02
-3.088339740294846365e+02
-4.613640364471009434e+02
-3.858811843232324179e+00
-2.123279168353039381e+02
9.184450442464648177e+02
-7.865200118000178691e+02
-3.177122697296920819e+02
-8.710174443452977755e+00
-2.864666029471791830e+02
7.499864182553283172e+02
3.426437511720994280e+02
8.746442979564549205e+02
-9.984388385102961649e+01
-8.099101834335606327e+02
-7.441578662009725349e+02
-2.467299709458717132e+02
4.122623682130044358e+02
5.698756021803008025e+02
-3.530273275141046270e+02
2.858178220763995796e+02
-3.737564775147688465e+02
1.733992775238635886e+02
6.375181227566822599e+02
1.126674926603509590e+02
-5.447042458349001208e+02
-5.044904071095116933e+02
7.236440308851094017e+00
1.880803512392357959e+02
3.528156491033426505e+02
1.668808072260894804e+01
-2.777406207624904368e+02
-6.931719288546590860e+02
4.933876638189057076e+02
1.330007417789462636e+02
7.159528603271236307e+02
6.816238569754891614e+02
-5.630194958935185241e+02
-8.207091695023987086e+02
-5.485512339912246489e+02
4.321932397916762056e+02
1.200461932611599281e+02
3.541195328076856299e+02
-3.999808472509271837e+02
-9.453168039526119628e+02
8.071679334295181434e+02
8.918756430109729081e+02
6.409237873312887359e+02
2.541078247791396905e+01
-7.301768660552767187e+02
-7.716246645832023887e+02
-7.363217279000401732e+02
7.692160870943291684e+02
-7.713125333856361010e+01
1.467636310470226135e+02
2.652753356662227020e+02
-8.600211234590269669e+02
3.321833338633065864e+02
9.627970715208738284e+02
7.764743226599559875e+02
-1.432774122371306760e+02
-7.410459890173661961e+02
-7.974020577082765158e+02
-1.871760049854082979e+02
7.861455530247990282e+02
4.045894751650151875e+02
-9.492707248041652974e+02
-3.230721603102077779e+02
-7.228125542504543546e+02
-6.730410717102029139e+01
1.927864146670122409e+03
1.309496305122524291e+03
6.163591599523008426e+02
-1.676114584615731474e+03
-4.379176805561885999e+02
-1.628419951162860343e+03
7.975922405518153937e+02
2.306909613128282786e+02
2.491011630935367975e+02
-6.336545394868983294e+01
-1.876741529316643948e+02
-7.104617882625389313e+01
1.637051027568898292e+02
1.381186158261476294e+03
-8.603254229211505617e+02
-2.362322636285569502e+02
3.072580462495020583e+02
7.090153714396032001e+02
4.824233222735013271e+01
-5.176996309859849532e+01
-1.546165971149817778e+03
-1.201458235735619382e+03
-5.913900287584049238e+02
1.101138271786035830e+03
8.390794951070022307e+02
2.234466101882730527e+03
2.885876506941272055e+02
-9.115914124593066390e+02
-5.725638682366743524e+02
-5.753736571801540549e+02
-3.055531786334202025e+02
1.311019345120579374e+02
4.296732822437269874e+02
-8.465579688032316881e+02
-6.544566773694612039e+02
7.767753807543432458e+02
1.232866512531517174e+02
5.953678833747108001e+02
8.304186989554820286e+01
-4.676733578746249691e+02
3.582400496615414909e+02
6.404308793246884761e+02
9.836083831972921416e+02
-8.734175249950036459e+02
-1.394584348572115857e+02
-9.258703436244821887e+02
-3.627530349678805806e+02
-3.333093495322194144e+01
-1.476763700168503192e+03
1.974663768193035480e+02
3.867544221250884675e+02
1.264105257135471220e+03
1.516179848815988862e+03
2.431420136825148006e+02
1.419274656888788741e+03
-1.049692595590656538e+03
3.468272686920515184e+02
-5.983183693343247569e+02
-3.529341699618672919e+03
-3.478755061393924279e+02
-5.956158437273614936e+02
4.675543514563792655e+02
1.207650826704394376e+03
1.034713774822736696e+03
3.175590550614450876e+03
1.903281743048933777e+03
2.077750317706892929e+03
-2.343014342939672588e+03
-3.914358763811983863e+03
-7.093026227777338590e+02
-1.752051044450196059e+03
1.658907139041775963e+03
1.081618304222224424e+03
-2.629782196714819520e+02
-2.900744110122502093e+02
-1.109762062060947073e+03
3.124555007807308584e+02
-1.145630732949291996e+03
2.406623623921143007e+03
1.881819853179552410e+03
-1.275794043610265817e+03
1.214440013118107800e+03
-1.702409585207077498e+03
-1.932456150456224293e+02
-4.197364559742268852e+01
-1.708442851076351189e+03
3.382693671571497589e+02
8.251532301807206977e+02
3.940349507088854807e+03
1.027771446035386361e+03
3.201027952577280189e+02
-2.595105160022496875e+02
4.335908996573960030e+04
-8.589267946890079202e+02
5.858437905283295777e+02
8.063272120677748944e+02
1.730913809098420643e+03
-6.643568713992597168e+02
-4.753609731112830445e+02
-1.507572870727249892e+03
5.024837215783575743e+02
2.596154612873059477e+02
2.635911927754900148e+02
2.973878930012323963e+03
-7.844378696727058013e+02
4.164344638796826814e+01
9.927669221948564200e+02
-9.273969705906899890e+02
-1.782805173699225179e+03
-1.682970471212574466e+03
-3.062467304744978378e+02
1.003208704158414093e+03
3.646392815985926973e+03
2.786286324064742530e+03
-9.829532477873710832e+02
-8.758703088478893051e+02
-1.679161837336505869e+03
-2.395969125591721877e+03
6.442937518903549972e+02
-5.553069654254624083e+02
5.786843731297512932e+02
-6.479199883334304104e+02
1.328352400406040204e+02
-8.627277075564148845e+02
1.298523281202584712e+03
2.532166693826364281e+03
-1.078558840343182283e+03
2.972017849465650556e+02
9.407019186781365079e+02
3.363365044318166497e+02
-4.335045525260622981e+02
-2.282311017648132179e+02
-8.593275170333323558e+02
3.599267006335413726e+02
-1.249943345840836173e+03
4.181658576425716092e+02
-1.134755041144916959e+03
2.044560991326791736e+03
-1.460310825649881735e+03
1.498393028436630630e+02
3.151754007235846530e+03
1.228985366867594280e+02
6.770371607124035336e+02
-2.377761695558831889e+03
-1.211920162426512434e+03
-6.036586410029190120e+02
-3.430519159646287335e+02
1.242272782826406910e+03
-2.487377810327086536e+03
1.568830106002046932e+03
6.849471293045269249e+02
3.010587601496583261e+02
3.480209549934223560e+03
-3.215104663110195133e+02
1.356549993746365999e+03
-6.480911993954554191e+02
-6.831196416941136249e+02
-1.466556715716683584e+03
-2.251322676729409977e+03
7.286929123645560367e+02
-9.332677901547380088e+02
-2.147859384751580194e+02
-4.436416327665754125e+02
-1.346802806108081768e+03
1.467758136261006712e+03
1.760764065423263901e+03
1.051568318308504786e+03
-1.358916397932745667e+03
-3.115477089407009004e+01
-1.784878504587873067e+02
3.938615831544596091e+01
2.026968314770676329e+02
-4.062367601335986933e+02
1.464166211707287403e+03
9.732917186845598962e+02
-6.795617853498484351e+01
-4.121774828655432543e+02
8.959803146230342463e+02
2.126688193138801921e+02
-1.440308572552399937e+03
-6.464632619721714946e+02
-3.404078646983575709e+02
-1.316827150986138975e+02
-9.560764036384917119e+01
-9.844183124309591904e+01
-7.516811626492848291e+02
-9.812437756279610994e+02
2.601315395894487779e+02
7.477409779251654243e+01
1.426697206250860972e+03
7.371922361670689270e+02
-1.666274546309093125e+02
8.531172071887220909e+02
-4.488660359262804036e+02
-5.555942460546158372e+02
-3.268716396765811396e+02
3.707098857335292337e+02
9.161122461346075170e+02
-7.084635707104503126e+02
1.148945720953847967e+03
2.665016713719516019e+02
9.530070581207203873e+01
8.351757404925083961e+01
-1.242859993183086999e+03
-5.178539218788190368e+01
-1.665915595449383090e+03
-2.191466899292602477e+02
6.006264305380545920e+02
1.432876482422847459e+02
-6.116485875220204207e+02
-4.572407589935743886e+02
5.113758602771096093e+02
2.239336064518249998e+02
-1.176930125612375519e+02
9.568239843407112630e+02
1.489839287426719238e+03
3.699097358761001146e+02
-6.413830123893142172e+02
-1.079886533057439692e+03
7.632527332148224275e+01
7.059128602294611028e+02
-4.622287657853925111e+02
6.197485216487777961e+02
2.768088637404419501e+02
-8.239810115755985009e+01
-8.290723176492941775e+02
-3.377614274803248122e+02
-1.818381634803521365e+02
-5.385221393180817131e+02
2.432174072164303595e+02
-2.276452892591647696e+02
4.982091115226349416e+02
2.049661436338798524e+02
-1.662058967497163735e+02
3.103345973779469205e+02
-1.561463997823493060e+02
1.860310097627813377e+02
-3.682445021779829517e+02
2.904248667620688593e+02
2.123664476973713988e+01
-3.227107006679879078e+02
1.318852422613618671e+02
-4.874486397014935051e+02
8.177427870514166841e+01
1.472366247289399155e+01
3.289182513066495517e+01
2.810245776910929862e+02
-1.916828289716778855e+01
8.084788975281402656e+01
-1.653165644302368662e+02
9.201725339210897303e+00
-2.800310742210675130e+01
-7.630160950882977033e+01
7.585295295861087084e+01
0.000000000000000000e+00
