5.206432865070803473e+01
1.872038047154113087e+02
1.014120709906343905e+02
-1.230377591119127878e+01
-1.597363112315640592e+02
-3.652009993847695455e+02
-6.348981436540945111e+01
1.656311082926700067e+02
-4.115742533494244526e+01
4.720061444910687669e+02
4.015550454784562362e+02
-2.068230367350948029e+02
-6.303729050453034688e+01
-3.585184626309499549e+02
-1.268274249876062072e+02
4.364432251866184060e+02
-1.347554205295333247e+02
-2.423836706859233914e+02
3.064494982984991225e+02
3.495887110214094946e+02
3.747778414141938583e+02
-5.662302291041032731e+02
3.868314178053088881e+02
-1.503306148574252745e+02
-6.178584944469336051e+02
6.688389427695258291e+02
1.058377734073507810e+02
7.629581218633694562e+02
1.699073153945296326e+02
-9.305267303767774365e+02
-4.027273436902327148e+02
-3.026011743316640832e+02
1.243451508883890483e+03
4.668264361002406417e+02
-6.506411616392997530e+02
1.058159809761768201e+03
-1.574330107896697427e+03
6.608708718535906428e+02
1.153914730887918040e+03
-1.291177243231790953e+03
1.005475218106699231e+03
-8.651735650116980878e+02
-9.946344888655706882e+02
-1.393181335721408232e+03
1.899291714308716564e+03
1.932921873656486696e+03
-5.764085087624165453e+02
9.073023573829789257e+02
-1.487994288192323665e+03
-2.742122038929396126e+02
-6.810407751108334651e+02
-1.342434769528134439e+03
1.694181595768012357e+03
1.690217077711913021e+02
1.284331874057609639e+03
2.849659546280864788e+02
6.224003557835728628e+01
-3.422722372331543852e+02
-2.093735644573678655e+03
-7.748273727469993446e+02
3.062027573222504202e+02
2.305905881287280408e+03
8.682343202601940675e+02
-2.759638854887161870e+02
5.969050254259994972e+02
-1.127199483017955345e+03
-1.220195167625746308e+03
-1.715827766625804543e+03
1.302345369202467282e+03
7.525450197735317488e+02
1.127089535511914164e+03
1.241242687621586356e+03
-2.851675995418440834e+02
1.286169764404592399e+02
-2.985420576057667859e+03
-8.186447718729892813e+02
7.009117881599631801e+02
2.529773185661596926e+03
-1.139320375982463929e+03
6.901201291420793495e+02
6.559017469268471814e+02
-1.113397452336888819e+03
-4.057171567930718084e+02
-6.495599624315595975e+02
-1.213472407930650121e+02
1.720604995181952290e+03
-1.405335444357124857e+02
7.991806583256817476e+02
-9.705408410132957897e+02
2.621535056181205050e+02
-5.474367609888837904e+01
-2.645327690518676263e+03
2.178471877358821530e+03
-1.195266324043024042e+03
3.527668305588865678e+03
-5.775338918450528354e+02
-1.414842085470762640e+03
5.659990855570700887e+02
-1.310985329151868427e+03
-3.645823805929864534e+02
-7.359310534828897516e+02
1.495681116189526847e+03
1.499470351201307494e+03
-5.613555891748986824e+02
-1.874920923016618417e+02
-5.739809935106029570e+02
-8.795838905710730842e+02
2.017537585431957041e+03
-1.948958218374325497e+03
1.435568991241344520e+03
-8.446945499591952000e+01
7.410318554015157133e+01
-5.495980685403053485e+02
9.031651119815393258e+02
3.769235413650873738e+02
-8.268432482457254764e+02
-9.225971062715918833e+02
-6.373352327917631328e+02
4.451084329821392203e+02
7.656929878203346789e+02
1.778661346169167928e+03
-1.389759277866887487e+03
1.761889126431709428e+03
-2.318050672348033004e+03
-1.113604415114725299e+01
-5.094589149270552753e+01
-2.522699806390415631e+02
1.606904997705789810e+03
-1.610878500089832642e+03
1.933423605551464334e+03
-1.633635838170813713e+03
1.130852847353222330e+02
2.118336370296063706e+03
-1.838890755080501549e+03
1.441583245391333605e+02
3.660041076933947011e+02
-1.992558711242263314e+02
5.901821962349509931e+02
-5.950635340495368837e+02
6.778457393938668929e+01
-2.204736019295371818e+02
-5.705111276281238020e+01
-4.412207310252816796e+02
8.785838253326536460e+02
6.590251128826140530e+02
4.673178954429286023e+02
-9.418744641219477671e+02
-1.999628682221519682e+00
-1.013346236046881131e+03
-7.701438099754140012e+02
2.549030216120753266e+03
7.914100625590626805e+02
-5.781119314782544052e+02
-1.751195959359450399e+03
3.176998758407978016e+02
7.148193344990517062e+02
8.089509482173271238e+01
-2.190914688380557436e+03
1.562212500864374078e+03
7.308323055209478980e+02
1.743086917661041753e+03
-2.667521445458190783e+02
-1.122332445168499135e+03
-7.158372563983215286e+02
-1.039313230689183456e+03
-1.169029874359947598e+03
1.172537647640297337e+03
1.403535752314411184e+03
1.608508018112597483e+03
1.423718933191025542e+02
-2.001832952302888089e+03
-1.232251808257194398e+03
5.638569460111997245e+01
1.515695778510439595e+03
1.712948287353738351e+03
-4.930309643831632798e+02
2.686113767362437557e+02
-2.129707436898689821e+02
-1.993020807706465121e+03
-7.970290926776565357e+02
-2.019594404912410710e+03
2.423872110522066578e+03
1.228357227796128200e+03
-5.422018695032438984e+01
2.213661822150806984e+03
1.019576122603079114e+02
-3.224022005621959579e+02
-2.310869124109404311e+03
-1.348380075148771766e+03
3.380372581170539661e+02
-2.051549238660669232e+02
2.522188363089878749e+03
7.619538851044927696e+02
-3.606960982905212632e+02
-4.479059435559948952e+02
-2.284262423280187249e+03
1.565361140267699227e+02
1.813227656116541198e+02
1.231489841357296427e+03
1.941632665590132945e+02
1.668586790889449276e+03
8.272540796199079978e+02
-2.442648187831394807e+03
-2.235550116765664370e+02
-1.651974103847649531e+03
2.941523033234201989e+02
2.983084541932639127e+02
7.925199111990141319e+02
1.400795656779654109e+03
-6.260458975997821085e+01
7.428935395131052246e+02
-1.413069843690265088e+03
-1.604792377200718875e+03
3.564588242919841150e+02
2.521377415966955482e+02
2.143799832825107387e+03
4.081671835656623557e+02
-1.214327190523503987e+03
-1.001031522792958526e+03
-1.743212143771957017e+02
-4.946117178144989452e+02
4.447025776614043480e+02
1.386208290059118156e+02
1.138616837386040515e+03
1.011948393105223431e+03
-1.193181261085848064e+03
1.380184165533499367e+02
-1.101608368332100554e+03
3.086381284181303499e+02
7.466614525843679075e+02
-7.522737393853388994e+02
-2.217267351421057242e+00
4.891406480289552974e+02
8.287485861997936354e+02
3.162563849036397414e+02
-1.783572198387669687e+03
5.687750401864084324e+02
4.944979256650611887e+01
3.993807570256773829e+02
2.142938517829735190e+02
-1.507506963500029315e+03
9.488818908539464019e+02
-8.768165251228680290e+02
7.417949126197775058e+02
-5.603587920231709631e+02
4.575392712032864324e+02
4.898599578469334119e+02
-1.241781289874978000e+02
1.476313674633301844e+03
-4.295838483572142081e+02
-8.660359670287974723e+02
8.388860281220182742e+02
-1.343229947043898846e+03
-8.881426679079820588e+02
-1.651774826126346056e+02
5.340200604567994560e+02
1.021648139578272662e+03
3.869431166227420817e+02
1.095216636888545054e+03
-1.549587152787180003e+03
5.608525955116224395e+02
-4.741779648838808043e+02
3.898256334424638112e+02
-1.475913318314668459e+02
-2.633384859584429023e+02
-2.478630973679004796e+02
8.388458918998298941e+01
4.600221306529873289e+01
-1.559091584707747870e+03
8.938760598204294183e+01
1.647772432175973790e+03
2.309251354810490966e+02
1.091718371789522280e+03
2.350858706965776435e+02
-4.117088975287775838e+02
-2.900664232506027247e+02
-1.138387412135041814e+03
2.388038073790845317e+01
-9.272702821385365723e+02
1.370832186666782036e+03
3.864009670274046471e+02
-3.080887719071524202e+02
-1.513942555563656640e+02
-3.544991119005084101e+02
1.809408096794728067e+02
1.085486796878281211e+03
-1.017902753442656092e+02
-1.087377398550699354e+03
7.410509980250721185e+01
1.000564219212881540e+03
-7.147559945917474806e+02
-6.910049758693908188e+02
8.990284541798290263e+01
1.557579169659809679e+02
5.328971570061847274e+01
9.222530243097119182e+02
1.665475341197409023e+02
5.249458040773344010e+02
7.316566994992339801e+01
-1.296920040794946999e+03
-9.129590240446975713e+02
8.549902892734889974e+02
-3.367869737887246515e+02
1.089498933993736074e+02
2.600211076180818282e+02
1.396855853905480217e+03
-2.543225018051033715e+01
-7.092043728923548542e+02
1.128668866878746542e+02
-1.405767683299573491e+03
3.170221528145783907e+01
-2.150026550841296000e+02
7.643283651774099781e+02
1.822708532692564631e+03
-9.475288797091620836e+02
-5.760156527944395748e+02
-1.322031812539424209e+03
-4.862995696323159223e+01
9.015808651992622345e+02
1.152467731221667691e+03
1.665424187753211072e+03
-9.465091702624049503e+02
-1.056927588972309877e+03
-6.552353403559567369e+02
-6.791895885243418434e+02
1.118530070108419750e+03
-6.832576971576387450e+02
1.361896947923103198e+02
-1.278126334015607455e+02
1.652421613344371735e+03
2.138418533839954137e+02
-6.899630540871936546e+02
1.301252305294397615e+02
-1.667138443253663354e+03
7.047181335743256341e+02
-4.307374040213011881e+02
3.720665695921079532e+02
1.247840716972049677e+03
-2.424309066155624635e+02
-3.594761297538258304e+02
-1.029500145178818912e+03
1.399488944130542052e+02
1.032699083310820015e+03
-1.329702961969193780e+02
6.735977308719249095e+02
-6.186282095507596068e+02
6.009761147002554935e+02
-1.268320931727800769e+02
-7.567401566489769493e+02
-6.622039713363161582e+02
-7.553564588730445166e+02
8.164309844141159829e+02
1.276264019429366527e+02
9.094574800480589829e+02
9.085666173333199822e+02
1.120078931005042477e+03
-1.147783175980054921e+03
-2.005623764769047511e+03
-4.297216280700569655e+02
5.305105494040748226e+01
1.075463481189456843e+03
2.303317928301542850e+02
-2.900178385732428410e+02
2.155604227099053389e+02
6.077991707658672738e+01
3.164083802758243564e+02
-6.401862346003550783e+02
6.424158113675571258e+02
7.767999721672822488e+02
-8.748113289918501323e+02
7.248410428687780040e+02
-1.157198131589448849e+03
2.268850823033666586e+02
-9.960143255459605882e+00
-6.008642823027386157e+02
-4.485575428063716572e+02
-5.447528310525933648e+02
2.130637517364898486e+03
3.273051993307600469e+02
2.562346183414360326e+02
-4.269715490784554959e+02
-4.484516560120126201e+02
-1.057184361784345725e+02
1.432930872744182693e+02
-4.046539518175411558e+02
1.837779092283501114e+01
-3.264223911028046246e+02
1.873666252670183496e+01
-4.358670712791582105e+02
4.488441966646620358e+02
6.569201558387968589e+02
6.903741632363573899e+02
3.479792120109653411e+02
-8.844423972464298345e+01
-1.205364438424690434e+03
-6.768030835556345437e+01
1.068069934222475922e+03
-6.321511750089314319e+02
-6.872553475956028706e+02
-9.483711698269765975e+02
6.486681574500272518e+02
1.174184321386383544e+03
-4.149018402572387743e+00
-6.038575816722816398e+02
4.359556152685734105e+02
-2.706092476701547298e+02
6.110529721378192107e+02
-2.732094767218897857e+01
-1.710354979520732570e+02
-1.561897289052794946e+01
-2.348488091791562340e+02
-3.273021851373949858e+02
-1.169482754297078827e+03
6.405045676709704594e+02
7.445359300996447018e+02
1.262736262005327262e+03
1.383843794350474070e+02
-9.407809562415947084e+02
-3.322293529114685953e+02
-9.361471434401616420e+01
6.527586434750953686e+02
-8.655618974656852060e+02
-4.163625507322474277e+02
9.011204380621670680e+02
-6.082117135351528532e+02
6.059306970025882038e+02
-2.687618319070444954e+02
-1.380585675632846403e+02
5.116827221625709399e+02
-2.363106024425684382e+02
1.630445695496412952e+02
3.119555588409504026e+02
-3.530095610880148911e+02
4.435022824323601185e+02
-8.778254251311301459e+02
-2.776372977774222761e+01
-4.192430308222565714e+02
8.710531740521683730e+01
1.381889929982983176e+03
-1.704219433522128213e+01
8.046595084956075539e+01
-2.348273509839614803e+02
-5.803015502802628589e+02
2.051462812287983866e+02
-2.995952097270224002e+01
-1.445715037158607004e+02
-1.450725938075599402e+02
-9.306548788564602148e+01
-1.533674096601227745e+02
-7.311933257171398282e+01
-8.734173088639224147e+01
9.095175696201190476e+02
6.241271221827822728e+02
-3.014421687056500332e+02
-2.336030675605317697e+01
-5.852915890766140592e+02
4.166749860330518374e+01
-5.976501622519974433e+01
-5.170426777623401904e+02
2.271363163088472845e+02
3.020130972862062890e+01
3.655162750172100914e+02
-1.242741999908075741e+02
2.438920046863257198e+02
2.914623281469873746e+02
1.692378481417109697e+02
-1.836021901228304785e+02
-5.695925873079115718e+02
5.431441860921243148e+01
-2.211340511969783336e+02
8.401863987801762050e+02
-6.530666940675823753e+02
-4.420570688749264718e+02
9.875774601237895922e+01
-3.371239277554009277e+02
7.185786439954268872e+02
4.234681276333653841e+02
7.508848420312458529e+02
4.741760064706140554e+01
-9.209559276253687585e+02
-7.059408505218484606e+02
-2.065270030356111590e+02
2.963094541360499079e+02
7.275300057098022535e+02
-4.840058355157794381e+02
3.648487921951184489e+02
-3.976445033523972938e+02
1.111072455128799135e+02
7.584102635607289358e+02
-2.192717366549378255e+01
-4.001101643240241401e+02
-5.923828598468613791e+02
-8.512066767887022323e+00
2.662634534363499483e+02
2.173010553791472717e+02
1.723897792727529463e+02
-3.745930261403979102e+02
-6.476710337958512582e+02
5.012954891027172835e+02
4.416533843504677748e+01
8.427940139625521851e+02
5.528834691740541984e+02
-4.507078672178085981e+02
-8.624139478569984476e+02
-5.976628244375853001e+02
5.310193810512389518e+02
1.287714966512751857e+00
4.714365412370842705e+02
-4.672918231937748033e+02
-9.337173082834312936e+02
8.289485063902599222e+02
8.104673000344939737e+02
7.605923085578629070e+02
-7.019390573255834909e+01
-6.580798361433988930e+02
-7.899454275313846665e+02
-7.988044263075257732e+02
8.463432180667018656e+02
-1.546103679011704344e+02
2.330061718537124875e+02
2.209121686627325403e+02
-8.489471730836521601e+02
3.412583423661084794e+02
8.989493928416962945e+02
8.662411169768054151e+02
-2.146628677731954156e+02
-6.878116135020388811e+02
-8.142243912882793211e+02
-2.187354110609484792e+02
8.300473850952889734e+02
3.581615162675761894e+02
-8.795563536634271031e+02
-3.855670465325323448e+02
-6.917394712354057447e+02
-7.958764358519604798e+01
1.891791523162007707e+03
1.389249480873451603e+03
5.502777100847445126e+02
-1.615363500939343567e+03
-4.885531446363457349e+02
-1.626941269386949216e+03
8.178300106089366182e+02
1.869074205345267501e+02
3.430285480060661030e+02
-1.565249840127950733e+02
-1.273385902931425164e+02
-9.858532277301137015e+01
1.286392004512128153e+02
1.467021216370643970e+03
-9.508985424707957463e+02
-1.459759708107178540e+02
2.293775197094475971e+02
7.321425909266697545e+02
8.096060523564250389e+01
-1.290358932490638892e+02
-1.418453585377413219e+03
-1.327659528170798467e+03
-5.221398031230112338e+02
1.085366144637384195e+03
7.862542264379984545e+02
2.351156122536991006e+03
1.662263732397556169e+02
-7.998595297562682163e+02
-6.575357985802295389e+02
-5.691142048425331268e+02
-2.355069424969512966e+02
1.054696624062916044e+01
5.840972242185744108e+02
-9.753388805581007546e+02
-6.010682225500735285e+02
7.948116997473846368e+02
3.658386339832667034e+01
7.377517506889514607e+02
-5.955572993239137247e+01
-3.603935585901042487e+02
3.008270997752376843e+02
6.100718105593230121e+02
1.095836256053655461e+03
-1.018830984366097368e+03
1.007272946075994469e+01
-1.030131117042441701e+03
-3.463197908972053938e+02
2.234587176901494843e+01
-1.588217322286361195e+03
3.452036253271281794e+02
2.558082124609508696e+02
1.342598251733564211e+03
1.502036671176561867e+03
1.786272641428435008e+02
1.545919993529319299e+03
-1.189026587283846311e+03
4.624244878870774755e+02
-6.625714972678443928e+02
-3.542854089581269363e+03
-2.698637648144165269e+02
-7.048557318913660765e+02
5.905258934690127717e+02
1.108073939107246133e+03
1.076464319274688251e+03
3.189222478621657956e+03
1.833636965229597990e+03
2.187812144635449386e+03
-2.449004351128115559e+03
-3.836919502751839900e+03
-7.447197942619968671e+02
-1.773341179940293614e+03
1.725893017835904402e+03
9.970359150020881316e+02
-1.785493210290299544e+02
-3.580336704073731653e+02
-1.079957409167806418e+03
3.240166559206966213e+02
-1.190561575701741731e+03
2.479796401084640820e+03
1.803958768888567420e+03
-1.218877613187269617e+03
1.180845923818212441e+03
-1.700604794828598642e+03
-1.567792283294626543e+02
-9.473416299250669681e+01
-1.649645787915974779e+03
2.728548528642156725e+02
8.733771028934870628e+02
3.923230625838827564e+03
1.016364126896346420e+03
3.688668080509850142e+02
-3.333454686722159863e+02
4.342714805838844040e+04
-9.154834174490182477e+02
6.205695302998328771e+02
8.137774869451267250e+02
1.689958018333810060e+03
-5.973781611021831850e+02
-5.665671273062605451e+02
-1.424391353533188749e+03
4.588390738702480007e+02
2.579222411618713409e+02
3.154827409163349898e+02
2.878560845739873912e+03
-6.854337472737091730e+02
-3.661181486980952116e+01
1.047161047447078545e+03
-9.266175282424493389e+02
-1.844669203201902064e+03
-1.587311314854426655e+03
-4.306664496149953720e+02
1.111117319861602482e+03
3.608059797183667342e+03
2.768449675595905319e+03
-9.071954285589963547e+02
-1.001703052971946136e+03
-1.562177924944569213e+03
-2.483863949671829232e+03
6.928001929840596631e+02
-5.311308138653014339e+02
4.871878128383802391e+02
-5.176161359544878451e+02
-5.018113734360809985e+00
-7.657815656710193934e+02
1.282185109588385330e+03
2.476136074700264089e+03
-9.798170234471183448e+02
1.647853569377694214e+02
1.064015979799255092e+03
2.685327618535481520e+02
-4.112861240542235919e+02
-1.776781138134033426e+02
-9.874657035252603237e+02
4.933193585650432169e+02
-1.367519311504520829e+03
4.868886900308367558e+02
-1.107091428953990544e+03
1.966179252258255019e+03
-1.356364582201159010e+03
2.391195763791951379e+01
3.246122868595274213e+03
7.879929649257010738e+01
6.682858692790117630e+02
-2.297094561143491774e+03
-1.338702013020973709e+03
-4.863959107877300312e+02
-4.167024392402083777e+02
1.263122897775220963e+03
-2.446053492463313887e+03
1.482196016873938788e+03
7.709603619655647435e+02
2.155617809726871883e+02
3.547796669901597852e+03
-3.263180578033570214e+02
1.324413707921559308e+03
-5.761908879086431625e+02
-7.909473723720675480e+02
-1.404442793627767969e+03
-2.270137909505571315e+03
7.275059149524898885e+02
-8.886476367199346669e+02
-2.673114635852305128e+02
-4.008738971710478154e+02
-1.395383557578720001e+03
1.494165777323756856e+03
1.765588618131967451e+03
1.030322213388247292e+03
-1.318197224086529332e+03
-7.446377984311570231e+01
-1.601828060916769232e+02
4.142724681710880219e+01
2.064365166202197202e+02
-4.125340432685190990e+02
1.457392902021581676e+03
9.774902998691554785e+02
-8.894633759941758910e+01
-3.718839550437461412e+02
8.797799656413616276e+02
2.279456895742611096e+02
-1.453548847860922933e+03
-6.600467755894997026e+02
-3.287745457621660421e+02
-1.593773211250482404e+02
-3.698973661518875389e+01
-1.471769860245300379e+02
-7.243074469876549983e+02
-9.828958360117624125e+02
2.138943128803965976e+02
1.402544906723656766e+02
1.378787043788010351e+03
7.741448867080292757e+02
-1.823725454459386413e+02
8.408290395420402774e+02
-4.100601772374922120e+02
-6.202039076255719010e+02
-2.621350308812283743e+02
3.367160877316227925e+02
8.992041782636400740e+02
-6.553087885078904264e+02
1.072484836891548866e+03
3.481274771982600100e+02
5.550441266131861084e+01
8.393359365532712957e+01
-1.224335938756359155e+03
-1.003293450501467703e+02
-1.597446086700947035e+03
-2.795104858035669508e+02
6.461235832436918827e+02
1.449461265887065906e+02
-6.569987061661197458e+02
-4.230223671555479541e+02
4.715851098127549790e+02
2.416691278537616370e+02
-9.759377999381919722e+01
9.428492885565435699e+02
1.517871450643650633e+03
3.409530711425626919e+02
-6.298301635083505516e+02
-1.073561223186627785e+03
5.156877048464292557e+01
7.311590566064169252e+02
-4.848135408766506771e+02
6.243269796520177124e+02
2.872968262328078026e+02
-1.150697475945389670e+02
-7.842169622784533658e+02
-3.497176360370368684e+02
-1.734210866803022384e+02
-5.287497677820825857e+02
2.282912450328325633e+02
-2.391296057666791341e+02
5.039000255816239928e+02
2.351947885747558189e+02
-2.051312353494309093e+02
3.315345783137824469e+02
-1.753294378211770095e+02
1.648496141175270679e+02
-3.273603364114412670e+02
2.379314020443014499e+02
4.525038945534083723e+01
-3.330695940586093684e+02
1.091007252836244419e+02
-4.648311689963239814e+02
5.662817650685570925e+01
3.524420203822631947e+01
2.138103695509110125e+01
2.779121606437732908e+02
-8.995049537024449648e+00
6.849445585051742569e+01
-1.485719094337304682e+02
2.879096644877030542e-01
-2.907231872401487038e+01
-7.236519159257629497e+01
6.738722596710823609e+01
0.000000000000000000e+00
