5.696076611557182190e+01
1.879493219944800444e+02
5.790066336282772141e+01
-2.377882288737453820e+01
-1.798739977488364445e+02
-3.983882415935219115e+02
-3.049165531152159048e+01
1.599216744439347622e+02
-6.152446479338240692e+01
6.570701033550395778e+02
4.064923091897269956e+02
-2.683530693622353169e+02
-6.669696047143393969e+01
-5.551188059358545388e+02
-2.865111704466083893e+02
5.217814052051388671e+02
-4.805580540555288849e+01
-4.825828054592830796e+01
3.977951133022633599e+02
2.780947069737541710e+02
1.351332868187150211e+02
-8.481338722750080024e+02
5.409888459349117511e+02
-2.226835345092300145e+02
-3.872183221750775601e+02
9.129840473198463542e+02
-1.674477082714172411e+02
8.220096388216491050e+02
1.530207251124335244e+01
-1.106841492615908010e+03
-4.917566335760470793e+02
-3.712262481454949921e+02
1.477148174692391422e+03
3.250146173672052328e+02
-1.407723466824870400e+02
1.600040878526966708e+03
-2.554140763462171435e+03
6.712135120084096798e+02
4.241709339219536332e+02
-1.510934466282664744e+03
1.976182440516116230e+03
-2.859871922188679036e+02
-5.043833843619602249e+02
-2.050034900855569958e+03
1.651745761314286028e+03
1.095800878345771935e+03
-6.084780354635349795e+02
2.150752992394483499e+03
-1.879744531749650832e+03
3.616365522664350465e+02
-9.404600917419170401e+02
-1.975192798703621293e+03
2.019007603446283383e+03
-2.372098936082634282e+02
1.599153306791638443e+03
-7.982978049022619871e-01
3.327534736313567123e+02
-6.562728642149173197e+01
-2.361849099585315798e+03
-2.506199417197352091e+02
-3.548957949345633551e+02
2.076116996452924013e+03
9.799212029754365858e+02
-2.611184833190721406e+02
1.207997392475663446e+03
-1.041710999354524120e+03
-1.108367198600090660e+03
-2.457773759650926422e+03
9.595822683878168391e+02
8.323183192953099478e+02
1.073341332945244176e+03
2.056326567782500206e+03
-2.992082124694785534e+02
6.886790218159114829e+01
-3.121690529487752883e+03
-1.151015941168165682e+03
8.917885923365732879e+02
2.277312455518658226e+03
-8.885545753505446100e+02
7.764960605992807814e+02
6.623096893485903820e+02
-7.673309123159829142e+02
-6.060707626259916196e+02
-8.447872084417743963e+02
-4.372939483848734312e+02
1.638395688559011660e+03
-1.139081754330050344e+01
1.154570010350181519e+03
-5.495930381713110364e+02
1.136727397919014635e+02
-3.507008480919320164e+02
-3.049086734315835201e+03
2.046183767766403662e+03
-1.107041960322422483e+03
3.993464004674143325e+03
-2.912322394018622163e+02
-1.668155926163448385e+03
6.963142505095094066e+02
-1.662988823078722817e+03
-5.108708520593340268e+02
-6.331731635909828810e+02
1.404675099240642339e+03
1.708868721947546192e+03
-4.582036556498568984e+02
2.913019480238266397e+02
-8.242246115779526008e+02
-1.158559959068458284e+03
1.912585784478020059e+03
-2.655600695953127342e+03
1.911181961998552424e+03
3.318992734702233633e+02
3.745280711310576862e+02
-3.960198173968319111e+02
4.937554114135357395e+02
6.052748647953302452e+01
-1.441049750665900547e+03
-3.258590482866506477e+02
-4.828415588322078520e+02
4.171612865909595484e+02
1.379736087370864198e+03
1.154658366899236626e+03
-1.265754174002506488e+03
1.798052124663247014e+03
-2.486067045118483293e+03
-9.012744815926805586e+01
-3.210640712956093807e+02
3.532912407634280498e+02
1.333545379206976577e+03
-9.931892602386434419e+02
2.106617905853821412e+03
-2.775375616577686742e+03
3.307411181803362297e+02
1.684981195458852653e+03
-1.553982218792660660e+03
8.990182706586731456e+02
5.628866702988379984e+02
-2.922324554251284781e+02
-3.133939419805961393e+02
-3.183677733262931042e+02
-3.077832820346287690e+02
1.532744381195230687e+01
8.881339763388531310e+02
-1.261320575841641812e+03
1.049524288420917628e+03
6.635097799253336461e+02
3.596202841240445878e+02
-6.822772050220578421e+02
-6.915464858572460116e+01
-1.028968474552936186e+03
-1.561913064139323978e+03
3.258430477561890712e+03
1.144600019496423556e+03
-8.651194594812150171e+02
-1.055793604785736989e+03
-6.838083396532051665e+02
2.032119274256775157e+02
4.494410804330763085e+02
-1.837694289768164481e+03
2.031243037292627150e+03
6.667923500022001235e+02
1.743364492753854847e+03
-1.353883233782510615e+03
-9.872611883629226668e+02
1.613988088160609493e+02
-1.421669207156257016e+03
-5.887166069889889286e+02
8.812776430584121954e+02
6.144837983281918241e+02
1.897362430809970419e+03
5.913566153427450445e+02
-1.805909212832879575e+03
-1.542494538934418642e+03
1.736445968342186177e+02
9.224540569505884378e+02
1.594497212724364545e+03
6.650474177338373920e+02
-1.152230311833505993e+01
-5.061599824465033635e+02
-2.042041064327529739e+03
-1.450013441800832425e+03
-1.851672844426251459e+03
3.323102079027420132e+03
1.542536705781321189e+03
-7.007579120014304408e+02
2.007474672781700292e+03
-2.126250368378802307e+02
-6.440260780815348198e+02
-1.168580410351190949e+03
-9.508783354869076447e+02
-3.615714105266048364e+02
-3.185751107216221953e+02
2.204052638891173501e+03
5.201218952618260118e+02
4.331358747761871655e+02
5.290739017718408377e+01
-2.912936616392658379e+03
-1.942853869066648258e+02
3.247629378202094586e+02
1.040985834293230482e+03
6.996198812251000163e+02
2.316835993004000102e+03
-8.611290662650867489e+01
-2.960432297605610529e+03
1.333686426847640121e+02
-1.733342410608095406e+03
9.443994988346023547e+02
8.571322474728383440e+02
6.053440494151609386e+01
6.348884445331655115e+02
7.176888348659242922e+01
1.092205832549883780e+03
-1.228563913765751522e+03
-8.228966146270194031e+02
-1.055835426684203213e+02
-8.321013731266996274e+02
2.630536668948342594e+03
5.122050526467279497e+02
-9.990334372773529594e+02
-4.597872809371021390e+02
-6.554606399055253405e+02
-1.195603220710286223e+03
4.855503226792811802e+02
9.280022053477704276e+02
1.109351598329980561e+03
1.199655434379841836e+03
-1.245169095155199557e+03
-1.163433725274118387e+03
-7.111812517215823846e+02
9.857843170210200014e+02
8.344281369998328728e+02
-4.041986786753776641e+02
-3.904413109241277766e+02
-1.194683144352471089e+02
5.433903500272440397e+02
1.196999197898785724e+03
-1.558270693208228522e+03
1.941817194115169229e+02
3.830518849239608699e+02
-5.369755134920617365e+02
2.608476985789387186e+02
-5.507090118962375982e+02
8.947074860167859924e+02
-9.487415199182194101e+02
2.703460972305568362e+02
-8.669481711420236252e+02
2.779252075703417404e+02
1.300421519733559307e+03
6.223293984868478219e+02
6.894491912137241343e+02
-4.142194559044257858e+02
-1.420189554333173646e+03
4.197047862997114862e+02
-3.628511374874753983e+02
-6.424142123376700511e+02
-2.284190713880561248e+02
1.836765944239409691e+02
9.082025067529389162e+02
2.740741751412464282e+02
1.242653339203120822e+03
-8.248915395948196192e+02
-1.807847728018549276e+02
-7.276374759083673780e+02
6.550863521705916810e+02
-3.456483570452253957e+02
4.748038121788543435e+02
-5.789005177649605116e+01
-3.940882400332188809e+02
-5.805979103052163737e+02
-1.689884070601929352e+03
5.195662622406748596e+02
1.858950549088114258e+03
1.004714200574946062e+03
7.587738418528917919e+02
-6.208883802171114894e+02
-2.831378888030515100e+02
-4.800744327138135077e+02
-7.818774418752041129e+02
4.762774587584763140e+02
-1.065825439294199441e+03
1.111806196902110514e+03
2.073166496506071894e+02
5.564687386600650143e+01
-2.633111475447900602e+02
-3.329697075381298532e+02
2.128922487715241800e+02
4.632990663821735779e+02
2.659472681322864105e+02
-6.638175874790429134e+02
1.374433735473500633e+02
1.083253394054817818e+03
-1.225505101831950014e+03
-1.033939869031012904e+03
-1.140944533058188881e+00
6.946625609021789387e+02
5.408137202495286147e+02
7.276475846735909272e+02
1.821007284843557557e+02
-6.711948335539972277e+01
-1.565774874463667459e+02
-8.371744725882089142e+02
-8.530388134912423084e+02
1.114687167719918989e+03
-4.951880252514391714e+02
-1.006176863262629695e+01
2.533272839825855272e+02
1.303064299511030640e+03
2.935463192971474200e+02
-1.086857861946669118e+03
8.212385342615147010e+01
-1.204925969467566574e+03
-2.285804806414475365e+01
2.600836188548111068e+02
5.582900177411999039e+02
1.580865251092068547e+03
-1.274988290396014236e+03
-7.328339952859928417e+02
-7.240827324900918711e+02
1.289038898524573895e+01
1.282522329657534556e+03
9.336500382921864230e+02
1.024316840602924458e+03
-8.627801953424564090e+02
-1.207198685783351493e+03
-2.294562205144116831e+02
-5.340954796920581202e+02
1.143377662118330591e+03
-6.235093763194847725e+02
-3.067742027973309291e+02
2.196640100261565181e+02
1.362119215986753716e+03
1.543843478511016087e+01
-3.988417144586889549e+02
-7.014801553002149603e+01
-1.168774856907878984e+03
8.626170947831938065e+02
-4.727440927635491903e+02
-5.835963372498387258e+01
6.922820395909776607e+02
2.677430773413025378e+01
-4.346009801283609022e+02
-2.599622096184442057e+02
5.504756339354128158e+02
4.356784883659239540e+02
-2.204903544806855109e+02
1.719835016855173251e+02
-6.658768247720922773e+02
8.851744535407781314e+02
1.900368699160441679e+02
-6.062363827623644283e+02
-9.657945079811805726e+02
-3.581268142020840060e+02
5.103325901329704379e+02
-1.278007560947076797e+02
1.136646997380554922e+03
3.022957164472677505e+02
1.289357951551121005e+03
-5.732899650969064851e+02
-1.678300725166813663e+03
-3.579501661176054768e+02
-2.738125639427516376e+02
5.635397247792069493e+02
-5.108679714359548143e+02
2.404868761920547797e+02
9.663373857040508028e+02
1.354982177690764900e+02
7.550804343977573581e+02
-1.168470457857895553e+03
-1.772443744116758353e+02
9.109888243126399630e+02
-6.339219090840781519e+02
8.407884541242158321e+02
-9.656273756410889746e+02
4.086374290933227371e+02
-3.630534697638934176e+02
-5.612428864289533976e+02
2.259532846343591928e+01
-1.135624408591116435e+03
1.824520850277932823e+03
5.247179519627761692e+02
5.229025343209457333e+00
2.052939019714584674e+02
3.200623785871696327e+02
-4.801677054760656915e+02
-5.471048159931443706e+02
-8.198625405539182793e+02
-1.684246021378306750e+02
-9.608344961713552834e+01
1.190040630321938806e+03
-1.557539635826236690e+02
-4.050139081615404280e+02
6.036692348933784160e+02
1.253143378829413450e+02
1.720331929638245185e+02
8.831254335041307968e+02
-1.104562090333614606e+03
-3.410615487966580872e+02
9.496098986206501422e+02
-5.228975873826891529e+02
-8.828830568164223678e+02
-7.613161977575243782e+02
1.019649522552843905e+03
9.080163383214045325e+01
1.756934859473850850e+02
4.762845831836594357e+01
3.274825782121338307e+02
4.540349035769963280e+02
3.094104325281676893e+02
-9.827487520809306716e+02
-7.104651472669664827e+02
5.014858030105774560e+02
5.088925471292860720e+02
-1.477699467298303375e+02
-4.267489491587161865e+02
-5.548371451183101044e+02
-2.393619049506518195e+02
1.940374033166962590e+03
1.122177049872510679e+01
-1.969535043325360562e+02
6.145125149478710114e+01
-5.375864778273006550e+02
7.432946014598314832e+01
-8.602895764588289467e+02
2.254021929567579434e+02
2.782750435531193034e+02
-1.421256641839035524e+02
4.566414185241881114e+02
-1.099567605321026122e+03
1.073866467550053812e+03
7.068587515002980126e+02
-3.991779574916795923e+02
-1.730166027291303124e+02
-3.851624391205571101e+02
-6.613920654530662659e+02
7.447765508983666223e+02
7.633978572755578398e+02
-2.608354544415274177e+02
-8.278061696567863237e+02
-1.109924526196380583e+02
-1.318740056432091876e+02
6.127163566669695456e+02
9.899552772279771489e+02
4.832778495849071021e+01
-5.180908608104504083e+02
-1.848787075499021739e+02
-3.257926603235248990e+02
-7.313065895147973379e+02
8.208689561698599846e+02
-1.139879351965167018e+02
-8.808803546367929584e+02
5.821720440745100404e+02
-5.345179088373173499e+02
1.258733498527130678e+03
1.363184101113151200e+03
-6.520414553117091145e+02
-8.073892337357826818e+02
-1.164069128094061625e+03
4.963972909821993085e+02
7.726274256488989067e+01
6.050614764797338694e+02
7.369895306280197929e+02
-1.393974616612760201e+03
3.634595985461992740e+01
-4.502460035771064781e+02
3.006435597245539384e+02
1.309275353762013992e+03
6.858758214732249598e+02
-5.918947059901677221e+02
-1.267246675937645023e+03
2.403988715040036936e+02
-4.641703786226266288e+02
1.023468237362501100e+03
-7.836053570626226872e-01
-1.158822627632570857e+03
-7.867116357865270970e+01
1.764069409706320357e+02
8.507090261076613160e+02
5.349015470910466092e+02
7.791140194440076812e+02
-6.409022585198295019e+02
-1.600384375351560948e+03
-3.222484851367887870e+01
4.380061569444044380e+02
5.125565181792732119e+02
9.407304271683900652e+02
-1.204668550263825864e+03
-5.887077814188955927e+02
-1.304322265953537112e+02
8.172711688295826207e+02
9.418688712416292219e+02
3.847664053622469282e+02
-7.149237558883180554e+02
-1.440373043281305399e+03
1.257122745336328933e+02
6.157579879957199864e+02
3.622845038317259991e+02
1.377051644543473685e+02
-3.230175929084808217e+02
-1.034255146251997530e+03
4.971033067056619075e+02
8.371715390113355397e+02
4.308754889227237754e+02
3.675937644674275475e+02
-5.856889243561028024e+02
-1.289393228335259664e+03
-4.557429319960090197e+01
1.002749564865985349e+03
3.104895454789155451e+02
-1.856882925374402475e+02
-8.728879135245881571e+02
-1.017833943899233304e+03
5.520929983129555012e+02
2.002934917361285898e+03
8.209020074967359051e+02
-3.784031808408859661e+02
-7.676460973203252252e+02
-1.470884511553657148e+03
-4.707423817633736576e+02
8.927238485047864742e+02
3.704745669367164282e+02
5.271090958678769312e+01
-1.806012969298832331e+02
-3.138695335451450887e+02
-2.387654949314816406e+02
1.428510265108165186e+03
7.945164874819813576e+02
-8.041667764917666545e+02
-4.056593633765518234e+02
-1.066951291178477504e+03
5.812091196006667815e+02
7.439594770335974090e+02
3.338507685167936643e+02
-1.063626330093721663e+03
-1.370913234322855487e+03
5.261698047316104976e+01
-1.626759748602175364e+02
2.393444758193178131e+03
1.721029098239970381e+03
-1.627299309420117766e+02
-1.448334646984588517e+03
-1.122146753719463049e+03
-1.088311019204864806e+03
8.737682502468535404e+02
-2.884608336431256248e+01
9.046201453386200910e+02
-8.716160576555789703e+02
4.379126528461366661e+02
-1.617055656529152543e+02
-9.254268081965568626e+01
1.596559221005436029e+03
-1.639789943504601069e+03
4.847775814152951170e+02
5.850949204465840126e+01
1.195085485350112322e+03
3.537532041203980953e+02
-9.990453740761062136e+02
-1.118643027822065051e+03
-1.856570557537413833e+03
-1.593585402439830716e+02
1.438862829417693547e+03
6.685597518373168668e+02
2.615758531010635124e+03
-5.505942944465097071e+02
-3.157666001226472190e+02
-8.111086932293408154e+02
-6.950894868260236308e+02
2.325446890059440079e+02
-6.835897877865794499e+02
8.941010299770596248e+02
-9.161886175472875493e+02
-3.764762655238162097e+02
8.976347513248923633e+02
-3.871889460090856687e+02
8.731193231726347221e+02
-6.663284669886861593e+02
1.823571146079279970e+02
6.858055400242715223e+02
2.709229052745455988e+02
1.383583077182668376e+03
-1.511212671616963007e+03
-5.701128153171471524e+01
-8.568178117208199183e+02
-1.451450727590273004e+01
-1.144495007067631320e+01
-2.030581701465644528e+03
6.089693838446195286e+02
-1.104427915775650177e+02
1.668490443298123409e+03
2.033238106113319191e+03
-2.514782675670055312e+02
1.324037790975411554e+03
-1.338315528542848597e+03
5.110556129403817067e+02
-5.433719611462965986e+02
-2.955307838522859129e+03
-4.019840450148223567e+02
-1.364258702728246362e+03
8.165090785331998404e+02
9.670602353943679645e+02
1.243251303193410422e+03
3.617701733720413813e+03
1.716748039381207946e+03
1.619642139904308578e+03
-2.486529901235488069e+03
-3.321436589302620177e+03
-9.528768601414241175e+02
-1.266040550670612220e+03
1.572477439999652688e+03
1.171869998491629019e+02
6.340749918792806739e+01
-1.290109573330595936e+02
-6.989135230057084982e+02
3.888008958352899072e+02
-1.122814619944151673e+03
1.758048366774271017e+03
1.311185828574772358e+03
-1.534956219112991107e+02
9.241297842883764133e+02
-1.370531956796316535e+03
-2.543099883260890692e+01
-1.034796364863768531e+03
-1.521174896177248684e+03
4.776684455699363525e+02
1.479036672073859336e+03
3.546367457539142379e+03
1.052715087186342998e+03
2.147453390139544354e+02
-1.234771600611066560e+03
4.481200538980069541e+04
-1.007503949786740236e+03
3.412646295580769902e+02
9.882446947939541815e+02
8.321250012104374036e+02
-3.331772918085015931e+02
-3.549450575717594347e+02
-4.640903176460976169e+02
-1.005395147736908825e+02
-3.513028515041698938e+02
7.223286958390166319e+02
1.728560863340838978e+03
6.089148514102554373e+02
5.070520054119639326e+02
4.528509782475648535e+02
-8.526506578932675211e+02
-2.681993976677158116e+03
-1.299283797510890736e+03
-5.055221877712014589e+02
2.152246756677654048e+03
3.488070842705282303e+03
1.652205084508972050e+03
2.644740294849958673e+01
-1.959726227159613245e+03
-1.008201311211858410e+03
-1.746781546591296774e+03
-9.125044358996180449e+01
-5.622747512874368567e+02
-1.187534409870518459e+01
2.965037145946688497e+02
-1.315252361558118537e+02
-2.195747372076510828e+02
1.373885409201762968e+03
6.601069747821329656e+02
-1.449720566232958561e+02
5.540914226854198432e+01
1.460555564560648008e+03
1.294571518568578767e+03
-1.012346152899367098e+03
-6.229986645763508477e+02
-1.892353954079299456e+03
1.245574495466875305e+03
-1.379814922491219704e+03
7.396297160291461523e+02
-1.847539790292728412e+02
5.059202143458945784e+02
-9.819512956539392690e+02
2.150139404168061219e+02
3.018666904718186743e+03
4.547621484366011373e+02
2.736107174996272988e+02
-2.320867766191557621e+03
-1.832158736007870857e+03
6.069282565516243722e+02
-1.636242339208035048e+02
6.388256003142763575e+02
-2.042058722609590632e+03
1.887675641884594029e+02
6.947474555186521457e+02
1.100222247740985040e+03
4.062318581625593652e+03
-7.375792641161032748e+01
9.369657649686685090e+02
-8.772094423617870689e+02
-1.797095515699112411e+03
-8.786924301727284501e+02
-1.627557177331784033e+03
4.673277590890346005e+02
-3.157740221456000427e+02
-6.239840327283445731e+02
-8.275961171953891835e+02
-1.230815244592794215e+03
1.814811589156542141e+03
1.420427559537720981e+03
7.850813101087087489e+02
-9.115276557004593769e+02
-3.948226576385704902e+02
3.755985255125384583e+02
4.642242802296898958e+02
-3.137516049215867611e+02
-8.756407083640227711e+02
1.209740041971758501e+03
1.060868836524934068e+03
7.344583577337520808e+01
6.985818890732891759e+02
7.707103679830378269e+02
-4.256521118543811895e+02
-1.392613429232705130e+03
-1.441832082869333817e+03
2.971268721564379689e+01
1.933576342925997267e+02
3.381900907640200558e+02
-2.805935285355879500e+02
-1.039858436170699406e+03
-6.437839151267604620e+02
-5.791188057893011774e+02
6.902631318775268028e+02
1.416404357054108004e+03
4.861512388614342512e+02
2.755637012161848247e+02
6.003800116945556056e+02
-1.282101746839513225e+02
-6.804256588438640847e+02
-5.938729833334886052e+02
3.128064014139727078e+02
3.379304741036469864e+02
1.544479089552633297e+02
1.006608768801846168e+03
6.608181361825166960e+02
4.041238749953637353e+02
-8.684163346675079538e+02
-1.089869612836454280e+03
-7.849412396859984256e+02
-9.696293953795989182e+02
2.320163050735939976e+02
8.475777343469193283e+02
2.212945587345789988e+02
-1.323328347521076012e+03
-8.038799141861585440e+02
1.256306269640311370e+02
5.038104187661774631e+02
6.470215304558971638e+02
9.874733727522359459e+02
1.881088805377444942e+03
8.321495592977987599e+01
-1.246441039497055044e+03
-1.035927767970261129e+03
2.110257752162565907e+02
5.553031989100287547e+02
-4.042088328383846374e+02
6.242455045939362890e+02
4.433286269743470598e+02
-8.812103991466861430e+01
-3.686968479046731773e+02
-6.430995406794206701e+02
-5.287263858815717867e+02
-3.774770284332239498e+02
1.877897416737445724e+02
1.625775976516399624e+02
5.084270490148036288e+02
8.136773484217322050e+01
-3.045780644525706862e+02
1.306131684935724877e+02
-1.402075862498192578e+02
-5.859673453667004139e+01
-2.029719690424070677e+01
4.967883018559308539e+01
-9.988123763069152972e+01
-2.059539062434081700e+02
-2.127028260632401953e+02
-3.330255565175360744e+02
-2.562655355516008626e+01
2.635796309185110431e+00
1.268686211985965429e+02
2.584291318099606656e+02
9.841146388338864881e+01
-3.241696101075979186e+01
-7.621332021575346971e+01
-3.814688726921640693e+01
-1.196106685277718498e+02
-4.439620003802204451e+01
3.867077265823735388e+01
0.000000000000000000e+00
