3.126214498258093610e-01
1.743718226974668717e+00
3.867745876169902619e+00
6.348891788734579933e+00
8.786370704516007990e+00
1.053541251739677875e+01
1.168283748938262789e+01
1.292772884883204654e+01
1.198580676658156641e+01
1.116736289065427989e+01
1.100263428946819744e+01
1.018342222189497370e+01
8.609283028327620713e+00
8.632692826254553253e+00
8.527563635323847535e+00
9.970067758872257713e+00
1.059591648424706989e+01
1.277073158578570755e+01
1.568212899688274753e+01
1.870962682035398927e+01
2.270562914288430534e+01
2.698063975289370120e+01
3.016871709018506920e+01
3.276194692760772398e+01
3.536426421854523028e+01
3.748471865777256795e+01
4.031347334569012020e+01
4.323943273605497239e+01
4.615167054046904127e+01
4.812001182691219014e+01
4.872219105804929740e+01
4.846308332180961287e+01
5.162822617043237727e+01
5.519610970019346041e+01
5.194168650491725714e+01
5.397865816764650049e+01
5.491474954096074157e+01
5.500869577762402685e+01
5.109229209017157558e+01
4.980944974827468030e+01
4.425365942976846156e+01
3.933947317902685370e+01
2.939424912435007542e+01
2.132904334307696104e+01
1.053194809987734004e+01
-2.902315183594473602e+00
-1.101065392681104882e+01
-1.396989651387742448e+01
-1.982270391121989306e+01
-2.036402336609597796e+01
-1.929863465393930966e+01
-1.989902666415224175e+01
-1.503886997600406872e+01
-2.505588823524115050e+00
4.765454404121680199e+00
1.561290101775459505e+01
2.480824323932375819e+01
3.339464951331034825e+01
4.327492330903641005e+01
4.775466260567063159e+01
4.852322559990780348e+01
4.906123119738071381e+01
4.317530165504012984e+01
3.782853893476221430e+01
3.376289259251745278e+01
2.489044797061272618e+01
1.921665193136761474e+01
1.972287251524720375e+01
1.964110083403923568e+01
2.203828468690249309e+01
2.350446460943145865e+01
2.452617403799842322e+01
2.628694093941451371e+01
2.561964319949769475e+01
2.209407705415819834e+01
1.717529483115987432e+01
1.015408042077054063e+01
1.951211703081039417e+00
-5.740094197950234900e+00
-1.212784702055258990e+01
-1.596684085564830369e+01
-1.675197329778452371e+01
-1.390316310805100208e+01
-6.499554043981138562e+00
4.761491500649484010e+00
1.878542012381854320e+01
3.272760153672445682e+01
4.677639727995089913e+01
5.849506063048026760e+01
6.562900688987643605e+01
6.825923547070139819e+01
6.521462238951873758e+01
5.639967725221826811e+01
4.254301059508144789e+01
2.513249243638569652e+01
6.283325272359761016e+00
-1.175369268929441979e+01
-2.674526328796357078e+01
-3.678514324786176815e+01
-4.066495248884852742e+01
-3.792310972753682563e+01
-2.890445783627540877e+01
-1.482888934843575868e+01
2.503664614274509148e+00
2.087625849223379149e+01
3.791337464216749709e+01
5.147718402415738126e+01
5.989995668469107670e+01
6.218034092740488461e+01
5.819517458361976026e+01
4.863978034521871052e+01
3.495571280596718111e+01
1.917434147490715191e+01
3.587085512246225960e+00
-9.540347490450290735e+00
-1.825651139736772066e+01
-2.125676547689909412e+01
-1.802574623442097845e+01
-8.926893366954800513e+00
4.801324428753222406e+00
2.122725850661125335e+01
3.797271283112026197e+01
5.251886673196112554e+01
6.257855266581371723e+01
6.639959003713912011e+01
6.303069735954976238e+01
5.249936611263348851e+01
3.583188303024751065e+01
1.495685551717024353e+01
-7.505909860338832118e+00
-2.857677520491487400e+01
-4.529409650452259939e+01
-5.510149189368030420e+01
-5.620143173600850162e+01
-4.782381977283614560e+01
-3.036381991979123995e+01
-5.381623751411645173e+00
2.454654843495659833e+01
5.611471093368595575e+01
8.566798241748455212e+01
1.096409843209155213e+02
1.250016246958919908e+02
1.296298471917335178e+02
1.226026371455107125e+02
1.043407813894624496e+02
7.658453453202807282e+01
4.221886117584246989e+01
4.956231986618529817e+00
-3.109181058811245535e+01
-6.188867128034311804e+01
-8.394801672116591362e+01
-9.474873686176340470e+01
-9.303276178036512079e+01
-7.896031986974099937e+01
-5.409653388320255374e+01
-2.122822658892055259e+01
1.596016331278030265e+01
5.331791535672203253e+01
8.671278174511211034e+01
1.125097818845261770e+02
1.279884265663370115e+02
1.316466566719102218e+02
1.233565705083675823e+02
1.043558200530582525e+02
7.707669233788672614e+01
4.483522418069221516e+01
1.142071053381611279e+01
-1.936273331199217296e+01
-4.414706307719740153e+01
-6.038859680380230088e+01
-6.664688100867014953e+01
-6.272296641892290836e+01
-4.964287511213153437e+01
-2.949141495448731831e+01
-5.120546244555132631e+00
2.022883975328813477e+01
4.334255249369619634e+01
6.143326245918868267e+01
7.247547623054923349e+01
7.543468145234206190e+01
7.036431641847863716e+01
5.836140881403350988e+01
4.138981040672284450e+01
2.199679806233616475e+01
2.961664693753604638e+00
-1.307706606661824544e+01
-2.396721414166617947e+01
-2.831731466569591404e+01
-2.566572089617486796e+01
-1.652444071757512134e+01
-2.294358349798548247e+00
1.493495282651569767e+01
3.267299550599395275e+01
4.836488930380037488e+01
5.973231508535971557e+01
6.507462120619875634e+01
6.349154119328335355e+01
5.499976389984568215e+01
4.052963470303796356e+01
2.180379700575476676e+01
1.114799713407107262e+00
-1.896866575762530616e+01
-3.592858009410715425e+01
-4.761543987178283999e+01
-5.251697673872644145e+01
-4.994447697692769594e+01
-4.011439499573702250e+01
-2.411665034460532198e+01
-3.775433888682728778e+00
1.857824483807988969e+01
4.039230871631992414e+01
5.920108010581337510e+01
7.291602738260766614e+01
8.006439767983053457e+01
7.994781810018631063e+01
7.270372717158984699e+01
5.926513036300813297e+01
4.122699877634017440e+01
2.063897127921469377e+01
-2.475190391705455184e-01
-1.924498274446947832e+01
-3.447551610496437036e+01
-4.456735610686242666e+01
-4.878086012025458729e+01
-4.705235678678117495e+01
-3.995528988474578114e+01
-2.858859324666661195e+01
-1.441093737468617419e+01
9.546973368293345530e-01
1.591939769518519654e+01
2.910432474612603215e+01
3.947374807560689192e+01
4.641173880607487945e+01
4.973777022717773377e+01
4.966521970779879069e+01
4.671440277109418560e+01
4.159726137493330356e+01
3.509349679253413967e+01
2.793752575311759756e+01
2.073234660150691155e+01
1.390085214137606684e+01
7.678244525245415453e+00
2.142098925710571145e+00
-2.729602004937611515e+00
-6.986535178648755284e+00
-1.063618793385320416e+01
-1.359123863167147483e+01
-1.564589768514303358e+01
-1.648751040096155762e+01
-1.574315834863320518e+01
-1.305435574335932003e+01
-8.167300726884404227e+00
-1.022445625773220179e+00
8.173954455136110298e+00
1.891190845353003525e+01
3.038454084194542304e+01
4.154438709323080303e+01
5.120612753776140380e+01
5.818507142632192597e+01
6.145418380661036650e+01
6.029814239856634828e+01
5.444158027380790799e+01
4.413066320405847875e+01
3.015234325024679407e+01
1.378342466540190259e+01
-3.329025244319925747e+00
-1.934466140076897744e+01
-3.244429997245725872e+01
-4.105550806407453024e+01
-4.406000684696416414e+01
-4.095441918336368303e+01
-3.194071576230980369e+01
-1.793099493747108042e+01
-4.619759241785423853e-01
1.847357968529789218e+01
3.665994969692845018e+01
5.192815947832101386e+01
6.242851479090856515e+01
6.687054030361854018e+01
6.469796493778757451e+01
5.617388120800016793e+01
4.236225959748908565e+01
2.500525429089790208e+01
6.309488084437266053e+00
-1.133307204437775617e+01
-2.565464195785065016e+01
-3.481152133229028323e+01
-3.763449050742089952e+01
-3.379527889215608383e+01
-2.386486419670875847e+01
-9.253055205031678554e+00
7.965707277170114509e+00
2.532013301497959290e+01
4.027023748038389783e+01
5.055368598760967558e+01
5.450451282309257550e+01
5.130074244055087007e+01
4.110560876479902959e+01
2.508014793430015033e+01
5.261339338715025349e+00
-1.568238037688487552e+01
-3.478979497849123703e+01
-4.919798440832108355e+01
-5.653574418054245143e+01
-5.526735571525416191e+01
-4.493952962088822289e+01
-2.629547106946230528e+01
-1.236181106597708634e+00
2.737165323315803889e+01
5.602192644709488434e+01
8.099228327939603389e+01
9.881320506586382635e+01
1.067244633763072699e+02
1.030601208166066129e+02
8.751051133447658970e+01
6.122367211075136595e+01
2.672790436509515288e+01
-1.232080812523673075e+01
-5.154063068637051259e+01
-8.632960074654889127e+01
-1.124156386979812225e+02
-1.263841360228040571e+02
-1.261174906059884080e+02
-1.110902629710083431e+02
-8.248015288560696945e+01
-4.307681393465135500e+01
3.004994723991774919e+00
5.077728281259929588e+01
9.494431277178040318e+01
1.305154919063696468e+02
1.533926108439016502e+02
1.608603929215290691e+02
1.519201009322330549e+02
1.274242591834543248e+02
8.999421250119470983e+01
4.372839253163687090e+01
-6.265409347124489159e+00
-5.445889877679447011e+01
-9.554339233857170655e+01
-1.250447604668927539e+02
-1.398395294628355714e+02
-1.385102547019019426e+02
-1.214976706454105226e+02
-9.103176432846017008e+01
-5.085078234694782395e+01
-5.742955371220372029e+00
3.903277659835742952e+01
7.837619163726533600e+01
1.079486944033273659e+02
1.246766647143818574e+02
1.270948312818625539e+02
1.154892966295412862e+02
9.182479044129631518e+01
5.946747506025694463e+01
2.273983352350056464e+01
-1.363529954932602095e+01
-4.513119604950749419e+01
-6.797936248450565699e+01
-7.962744582963965456e+01
-7.903667155840652470e+01
-6.678318448446717071e+01
-4.495262801375167783e+01
-1.684345229599825089e+01
1.348151090452489953e+01
4.173674901741753018e+01
6.397915765617214845e+01
7.712409885064423065e+01
7.934665662122452545e+01
7.031726342029419641e+01
5.124218982392246602e+01
2.470435940020143306e+01
-5.674602429756088640e+00
-3.570747343782458927e+01
-6.118898282978109648e+01
-7.844773888968580877e+01
-8.483201769802197134e+01
-7.906736235081385189e+01
-6.144022888095933155e+01
-3.378393546090282484e+01
7.318736026871288658e-01
3.798230337794170453e+01
7.339147522446788230e+01
1.024972407793683686e+02
1.215061114499875856e+02
1.277694900957317401e+02
1.201221993462105644e+02
9.904150542823401793e+01
6.660713908287382878e+01
2.626739670786462710e+01
-1.755981476879932401e+01
-6.000209715869577565e+01
-9.630112669875421716e+01
-1.223659749439639910e+02
-1.352450211304931145e+02
-1.334608999460721748e+02
-1.171701929950341707e+02
-8.813125980036241458e+01
-4.948696423588692994e+01
-5.391170902360342687e+00
3.947394461974840851e+01
8.043067171346584132e+01
1.133249422239450723e+02
1.349715071156083184e+02
1.434752619872668049e+02
1.383951996429660483e+02
1.207373919013708274e+02
9.278434637838316235e+01
5.778741299651102281e+01
1.956427406821296699e+01
-1.794684231513761574e+01
-5.112173157559040249e+01
-7.702307522273079599e+01
-9.367119892499762557e+01
-1.001869817412780321e+02
-9.679832990055348318e+01
-8.471898527730834871e+01
-6.592375111493647921e+01
-4.285559692141700339e+01
-1.810625454959272673e+01
5.887713356581511626e+00
2.709656180681860249e+01
4.406965342269640473e+01
5.601406370179736172e+01
6.277904156125992330e+01
6.475887739673716226e+01
6.273711846174379758e+01
5.770150296782225041e+01
5.066074027556832249e+01
4.249131933256832383e+01
3.383553273194119981e+01
2.506207610823608789e+01
1.628951395526914325e+01
7.462320822819135557e+00
-1.539280430975416891e+00
-1.077959829022228888e+01
-2.016284689342225178e+01
-2.936548577670324534e+01
-3.782066689653861147e+01
-4.476067478111352926e+01
-4.931294222922799264e+01
-5.063551340242376853e+01
-4.807026269925509609e+01
-4.128799532327452937e+01
-3.039947949392993820e+01
-1.601059409927968602e+01
7.924224962477683931e-01
1.853128120923544842e+01
3.548978716672418443e+01
4.991541701410378096e+01
6.024160185742638163e+01
6.529937746965512702e+01
6.448699644912210260e+01
5.787075272755627253e+01
4.619912590604690195e+01
3.082424830270941740e+01
1.353797920285929379e+01
-3.657374557254982506e+00
-1.881332682025386660e+01
-3.029781986766224833e+01
-3.701835752137004221e+01
-3.857217340581138387e+01
-3.529933982632395839e+01
-2.822801901389827250e+01
-1.891647318853013715e+01
-9.211824316389106926e+00
-9.586502204264357729e-01
4.300678681213462973e+00
5.588943194458201091e+00
2.678689246068387320e+00
-3.833483118837079928e+00
-1.258018762737891905e+01
-2.160328280531679113e+01
-2.864101945880118549e+01
-3.148564332505461039e+01
-2.836214482480811938e+01
-1.827260069785699415e+01
-1.251931868641497303e+00
2.150987715259938327e+01
4.770786323992481925e+01
7.413197351028043158e+01
9.703060558827115756e+01
1.125887685937735654e+02
1.174629438608737502e+02
1.093026528441650385e+02
8.718553000447180068e+01
5.189929125261180332e+01
6.020042697035659529e+00
-4.623974642562368587e+01
-9.941135037549808828e+01
-1.473453190999300091e+02
-1.839218812243577190e+02
-2.038140856499492486e+02
-2.032094724747642545e+02
-1.803955660370939427e+02
-1.361262227105910938e+02
-7.370893392559466406e+01
1.214845411394847474e+00
8.118709143646708526e+01
1.577012103279271003e+02
2.221397814383743992e+02
2.667760506259699014e+02
2.857202203196011396e+02
2.756929517873288091e+02
2.365246061860098052e+02
1.713081603877912755e+02
8.617325773380387943e+01
-1.030608569457734092e+01
-1.080124405140743420e+02
-1.963972909754770910e+02
-2.656784766767951851e+02
-3.079821574702759222e+02
-3.182912260507369524e+02
-2.950816574657617934e+02
-2.405629622681591968e+02
-1.604848178312520020e+02
-6.352369694593348015e+01
3.968537227713673587e+01
1.377622702656608453e+02
2.198988047015664904e+02
2.771223383797345718e+02
3.033528187248517156e+02
2.961226976571798559e+02
2.568684565225843812e+02
1.907536594135132475e+02
1.060405070897808457e+02
1.308275392514107338e+01
-7.693941197089606021e+01
-1.533884497669721725e+02
-2.074736566628428420e+02
-2.333277152758003297e+02
-2.287194093991834336e+02
-1.953103616740621646e+02
-1.384199216513535760e+02
-6.632396085176200984e+01
1.082736806292509613e+01
8.233840377697406154e+01
1.383756008072929831e+02
1.712739028450914134e+02
1.765720276817951344e+02
1.536388850014490686e+02
1.058035289721027254e+02
3.996331431899147901e+01
-3.428840261597136418e+01
-1.059109832432208265e+02
-1.638869458934441639e+02
-1.987274656208253418e+02
-2.038174708779065440e+02
-1.764208307846170669e+02
-1.182053503249614437e+02
-3.520531586340865715e+01
6.279077111600373229e+01
1.633664490990295803e+02
2.529894154636228905e+02
3.187285908221551836e+02
3.499639181672899895e+02
3.398713303171729763e+02
2.864871764244037422e+02
1.932033737354758784e+02
6.861135580443298920e+01
-7.430835446608874406e+01
-2.195729268221357700e+02
-3.500087444893346174e+02
-4.492793438501689138e+02
-5.038890113062007572e+02
-5.049176289212072675e+02
-4.492685742463747829e+02
-3.402649313172516941e+02
-1.875039778382164002e+02
-5.967153886295973209e+00
1.855279435150550853e+02
3.663663545630294038e+02
5.164361741182082142e+02
6.184259557314774156e+02
6.598501372395176077e+02
6.345613560531378425e+02
5.435655849511015276e+02
3.950357279464676026e+02
2.035124003408186866e+02
-1.162402645573904003e+01
-2.282399101532704719e+02
-4.238565727012384627e+02
-5.781047174036073102e+02
-6.749432923679955820e+02
-7.043883101622815275e+02
-6.635547542496663027e+02
-5.568958197412529216e+02
-3.956184986937680605e+02
-1.963516282878867401e+02
2.076984268995882488e+01
2.343731221469316210e+02
4.241978509435231217e+02
5.732515699489322287e+02
6.695210218967604305e+02
7.070474563254565510e+02
6.862546704461261697e+02
6.135121494179732053e+02
5.000104577758393134e+02
3.601103278369281497e+02
2.093903964296246727e+02
6.265285643046976816e+01
-6.785238881364898589e+01
-1.737563653474257706e+02
-2.512851874975961550e+02
-3.012750827414018318e+02
-3.284971280528170041e+02
-3.403936568549008257e+02
-3.454078921165065594e+02
-3.511450166693747406e+02
-3.626293383288432892e+02
-3.809136417649030477e+02
-4.022549048275871542e+02
-4.180004145143872165e+02
-4.152368838142674576e+02
-3.781558018840689783e+02
-2.899921777002444401e+02
-1.353125999883762063e+02
9.762502612776391686e+01
4.147383962098020334e+02
8.144979069289537392e+02
1.287044433986462991e+03
1.814197930110877905e+03
2.370405992243916444e+03
2.924569243508087311e+03
3.442578062342730846e+03
3.890307050427219565e+03
4.236750133915627885e+03
4.456961943418207738e+03
4.534484156110351250e+03
4.462983925227711552e+03
4.246924939876423196e+03
3.901191685644217614e+03
3.449700529198510594e+03
2.923155128200495255e+03
2.356185239118598474e+03
1.784175430451551620e+03
1.240131360588521602e+03
7.519115807734783630e+02
3.401026947518361681e+02
1.674863432279757802e+01
-2.149650323191217183e+02
-3.600772774296783609e+02
-4.303896837892962708e+02
-4.423809094949776863e+02
-4.147757118040079263e+02
-3.660654759565351810e+02
-3.122899769940905230e+02
-2.653361069704573083e+02
-2.319260894809219167e+02
-2.133892710950212859e+02
-2.062232313841666382e+02
-2.032979416490488234e+02
-1.955446448507739774e+02
-1.738669824764212990e+02
-1.309800426797083901e+02
-6.295839327333263213e+01
2.975107008135696418e+01
1.420067430807908124e+02
2.643245576068337073e+02
3.839514254933102961e+02
4.864728707743342966e+02
5.577031636577811469e+02
5.856987308448660769e+02
5.625807108818661391e+02
4.858518690162645157e+02
3.591532424384167257e+02
1.922183160759374516e+02
7.012400443434785302e-02
-1.984529965848032589e+02
-3.827405783395636263e+02
-5.327677034260925666e+02
-6.313470145095200223e+02
-6.662732404976962926e+02
-6.318741952198517993e+02
-5.298061854070843992e+02
-3.690848540769712258e+02
-1.652618830776457344e+02
6.125612237057389109e+01
2.872628694421138675e+02
4.893448830521168702e+02
6.464771659599264240e+02
7.422385444039015283e+02
7.666626606106382269e+02
7.173960951180646362e+02
5.997314767981212071e+02
4.261596457312862753e+02
2.149027437881327671e+02
-1.221649332437933566e+01
-2.320737999061196604e+02
-4.227644754743525937e+02
-5.661140426189326718e+02
-6.492427799572984668e+02
-6.660932275610431361e+02
-6.178282268489111857e+02
-5.122547067357718333e+02
-3.629481745981624385e+02
-1.876624454682730345e+02
-5.793732576769606624e+00
1.632973848230564897e+02
3.025154656619494631e+02
3.988010135886025296e+02
4.439518445397927167e+02
4.365350069804411532e+02
3.840030542606143626e+02
2.962191573966309761e+02
1.870842117226085577e+02
7.185674952470097310e+01
-3.623198282996682451e+01
-1.243563934093728705e+02
-1.800807291688586247e+02
-2.065295204708504855e+02
-1.994411947935808485e+02
-1.606547777974414259e+02
-1.017671965520121944e+02
-3.614679140589863238e+01
3.077465827041428881e+01
8.375794466076902722e+01
1.196176598191529337e+02
1.255647693902906639e+02
1.058246335274022840e+02
6.258725989440314663e+01
4.192099471402777056e-01
-6.836117775680403952e+01
-1.324774698321880351e+02
-1.854411966165500303e+02
-2.183768819096526101e+02
-2.236266238092671301e+02
-2.004167232456702550e+02
-1.461233656326672303e+02
-6.567979660778786410e+01
3.317793015902302045e+01
1.375611591878582090e+02
2.315520297262748954e+02
3.005408203103261826e+02
3.495956627045831056e+02
3.705806334347653319e+02
3.327197540073110531e+02
2.689702976091925848e+02
1.744324645716303337e+02
6.041463982477602457e+01
-7.271467615078266533e+01
-1.916134721125361295e+02
-2.997209902680781966e+02
-3.714245365832699690e+02
-4.161285681698525991e+02
-4.117319180036247985e+02
-3.707315749253181707e+02
-3.074860847825262340e+02
-2.105074442505508898e+02
-8.182793512826381743e+01
4.231140775892563965e+01
1.692006970424691872e+02
2.801032542281109841e+02
3.486571821286080421e+02
3.839716580516807767e+02
4.014687261616543310e+02
3.683176335710835474e+02
3.107214165733226992e+02
2.252968931821221759e+02
1.244639651147536625e+02
3.083185447305303128e+01
-6.099774132790054182e+01
-1.419768747334184127e+02
-1.946233882747442010e+02
-2.357460324043965443e+02
-2.514838885440056515e+02
-2.389747964356699867e+02
-2.255338460582700293e+02
-2.031477335581578529e+02
-1.633895934995367725e+02
-1.259742541276950192e+02
-8.660145085564391820e+01
-5.613062813577165144e+01
-3.551533009230006144e+01
-1.866004468619041390e+01
-1.011551931631474055e+01
-1.017252197208005882e+01
-1.344778291504121626e+01
-1.988100121912413343e+01
-2.790425756310428440e+01
-3.438440058359796581e+01
-3.829284426008155862e+01
-3.842224564618864235e+01
-3.642289750857943886e+01
-3.342317556204478279e+01
-2.821954529237532583e+01
-2.144195023175466019e+01
-1.285435478242044915e+01
-8.243546842282514220e+00
-3.688246254904787413e+00
0.000000000000000000e+00
