5.513095654827832703e+01
1.886846830587986972e+02
7.557530524964251128e+01
-2.929049102864712140e+01
-1.850530242984976610e+02
-3.836520444516274893e+02
-6.099101727908059445e+01
1.626775673465278373e+02
-2.552733428053585385e+01
5.917845498201696728e+02
4.495965793084254187e+02
-2.088031705951123058e+02
-1.675087095558837973e+02
-5.128971315538026374e+02
-2.334324106076336420e+02
4.328663052369524280e+02
-1.316732723581631248e+01
-1.509687327152237302e+01
3.613393119642929605e+02
2.882390241221642668e+02
1.598584531950568817e+02
-8.155065065274998233e+02
4.272400496704084958e+02
-1.243398112289235939e+02
-3.817546161558150857e+02
7.603565414131613807e+02
5.306549040156028241e+01
7.493135494372772882e+02
-4.532759555563015397e+01
-9.789442373335846241e+02
-5.802756718789873958e+02
-4.023474765930449166e+02
1.442576176707055311e+03
5.245400436036318297e+02
-2.469033935600785412e+02
1.370992592482369673e+03
-2.018802567335402728e+03
2.850868837974954886e+02
3.074987490522116786e+02
-1.053187487031661931e+03
1.554535015734954641e+03
-1.783549773717790004e+02
-4.161389851258304589e+02
-2.034001777083503384e+03
1.461082513207177726e+03
1.228041196332600975e+03
-4.156333470236999119e+02
1.580621585861744052e+03
-1.305710203008794451e+03
2.089550779841339363e+02
-1.277711534007146383e+03
-1.434064830719408519e+03
1.631665055725180991e+03
-1.022783661994615159e+02
1.614125113311560199e+03
-3.285098630150477561e+01
3.665624765590899869e+02
-2.283444405063376053e+02
-2.011123561145910799e+03
-6.111020605119706488e+02
-2.166377385710906651e+02
2.241897496455654618e+03
6.232358898651325489e+02
1.748812035541217824e+01
1.120600048953552005e+03
-1.047911277623686601e+03
-1.126830145495268653e+03
-2.378744970944247143e+03
9.942186699997314463e+02
5.993259051678909373e+02
1.388071025739703373e+03
1.826184904963697591e+03
-2.909870137219426169e+02
2.531032401523902138e+02
-3.354812894639647311e+03
-9.763249605376466889e+02
7.687594457234573611e+02
2.376176783692656954e+03
-9.196022782019535953e+02
6.552110843648287073e+02
9.030815245627247805e+02
-9.950806443720698553e+02
-5.025234715431973882e+02
-7.873399716786987028e+02
-5.578777206431038849e+02
1.713384169936058470e+03
-4.776489162564045188e+01
1.216624664694245212e+03
-6.613129159332678455e+02
2.035537598240361490e+02
-3.134113545168548853e+02
-3.178780507011322698e+03
2.154988440350656219e+03
-1.126499392207876781e+03
3.942018953718065859e+03
-2.917909037910474694e+02
-1.543568730810441593e+03
5.679535030315286122e+02
-1.687383033075678213e+03
-3.255113112599259466e+02
-8.516051727589543816e+02
1.478342794220345922e+03
1.785697148094993054e+03
-5.463513227081338073e+02
2.800981892172330276e+02
-7.494201997371790185e+02
-1.114218577774544656e+03
1.679291632243097411e+03
-2.394335042083475855e+03
1.851290090610594234e+03
1.154649355882135211e+02
6.813591498726452755e+02
-5.391295135002337702e+02
4.459273752755934765e+02
1.453602787088532295e+02
-1.379670023837884855e+03
-4.928968399098465625e+02
-4.842642397271786194e+02
7.113579568891394729e+02
9.602524024769600146e+02
1.382340608037571656e+03
-1.112843794086212029e+03
1.423643323927240317e+03
-2.225996245646565058e+03
-1.218524437398817781e+02
-3.700655181630797301e+02
2.558650939919590712e+02
1.560242348705286531e+03
-1.034354569179252394e+03
1.763482640227389766e+03
-2.192844871685029830e+03
-6.597722027728653416e+01
1.586433762488923549e+03
-1.096026202600879287e+03
4.762702369701667067e+02
6.827147311371913929e+02
-2.142204066551749975e+02
-2.678847333202699588e+02
-5.386107426128340876e+02
-1.933795274269706681e+02
2.952555237011076770e+02
2.503660720077111819e+02
-7.291177620091820017e+02
1.045916637029028834e+03
1.916523784833214563e+02
8.834679708551966542e+02
-8.760555059933076336e+02
-1.695642952768835983e+02
-1.007390965802322285e+03
-1.339814050113973053e+03
3.034269776570532031e+03
9.812955997691997254e+02
-2.269285043867374156e+02
-1.728849674018416863e+03
-5.051553528980833789e+02
6.305876187434619169e+02
-1.723850916476732777e+02
-1.527176702533776734e+03
2.098772411510898564e+03
5.653309219304754834e+02
1.585587378307125391e+03
-1.067574158033875165e+03
-9.463155506093503391e+02
-4.131311988420163743e+02
-6.736400900175754032e+02
-9.208040947099619871e+02
5.292887867695699242e+02
1.301701389438025217e+03
1.470593342693574641e+03
5.477835462567866216e+02
-1.600659049748399411e+03
-1.500901394626169576e+03
-1.292651293032328397e+02
1.044986313310696005e+03
2.006739683653866678e+03
-7.364925190131680210e+01
4.552268090615120855e+02
-2.946935299902491465e+02
-2.705889772316653307e+03
-9.400126649614642247e+02
-1.850716069082415061e+03
3.038969470990661193e+03
1.610853555928848436e+03
-4.071953641370087666e+02
1.730617529408241580e+03
-4.171524872474833501e+02
2.827657281194139216e+01
-1.752531484026185353e+03
-9.817762234609698453e+02
2.217266178661251956e+02
-8.899074627193190281e+02
2.282693560748325581e+03
8.372429405283902497e+02
2.384029568743442837e+02
-1.775959794719235560e+02
-2.531468799927146847e+03
-2.035919136725433134e+02
-2.005303046168789081e+02
1.672398408128815163e+03
5.590292392332066811e+02
1.855952137610337559e+03
4.926953666199232202e+02
-3.104451708841980690e+03
-1.933500788328104534e+02
-1.415921551993968023e+03
1.072314029991642201e+03
4.036612028179627032e+02
2.953743676213042022e+02
9.474105030533748959e+02
-5.295688487588340649e+02
1.395253873843022575e+03
-9.511050441477569848e+02
-1.341304631686365610e+03
8.347606454023897982e+01
-5.299242523025536684e+02
2.239986886227739888e+03
4.870218241707395350e+02
-5.250984873708896430e+02
-8.906800489540496528e+02
-7.401422842897065948e+02
-6.763123727083780068e+02
6.402805278262769662e+01
8.556390056755635669e+02
1.520158428908055612e+03
9.782059448544135876e+02
-1.493492649275103531e+03
-7.360957047321696791e+02
-7.903833567319309168e+02
5.497331070946959244e+02
1.396562695540737195e+03
-5.532285685848694357e+02
-7.673035945790531969e+02
3.548828957145529444e+02
4.359720518036999692e+02
9.375096040290175097e+02
-1.353133747832724112e+03
3.854125403496437343e+02
-5.008348870669661324e+01
-3.685713384829346069e+02
6.344959518370808382e+02
-1.187887112467690258e+03
1.252259672085703642e+03
-7.594370447737132963e+02
-1.997928001402179063e+02
-6.023055641271436116e+02
3.658749907227379481e+02
1.158164904098795432e+03
4.796796357681272411e+02
1.082939937408282731e+03
-6.332432522043723111e+02
-1.715150216307801657e+03
1.074398184021483985e+03
-8.674061916495346622e+02
-6.529075412143881749e+02
1.744922716254732507e+02
-1.865625265418778440e+02
9.852538208158553061e+02
3.396555792632316297e+02
1.356281401368361912e+03
-1.160422367026956181e+03
5.111429705818674307e+01
-5.230972172245720913e+02
4.349874997020549472e+01
2.451155944049284301e+02
3.288660348801338955e+02
-3.516530604945422169e+02
3.451817926065996911e+00
-7.900069593019342165e+02
-1.658057274862663007e+03
4.106830148678968726e+02
2.141751369722670006e+03
7.843996572963634435e+02
6.214251612053410554e+02
-8.595566921823473194e+01
-8.901949740720408499e+02
-2.112386276704192198e+02
-6.108278026782961661e+02
1.012227514690344492e+02
-7.831508658794682560e+02
9.832283670958352104e+02
3.382333064091644701e+02
-1.716071541269480463e+02
-7.101285939024205618e+01
-2.404301326782583317e+02
-2.379532936107781609e+02
1.018895734836099791e+03
-5.663062218128082748e+01
-7.179244121478926672e+02
4.437930297983001537e+02
7.893720600031020922e+02
-1.042654938155990976e+03
-1.198443287162947627e+03
1.950091686724633178e+02
5.401171785848025593e+02
4.796317122298503364e+02
1.086305207466520415e+03
-2.873301950515175918e+02
2.466474867867909495e+02
-1.825052407473003768e+02
-1.035971378249390000e+03
-6.114249418150211568e+02
9.183928824505720740e+02
-3.095137098687616799e+02
-2.072055279663663327e+02
3.902101149093995787e+02
1.358873384504754995e+03
1.595670999877324903e+01
-7.255717831229987951e+02
-1.794320333148986037e+02
-1.150375785622259855e+03
7.465534532826760028e+01
1.256309595424485650e+02
7.146704227680186250e+02
1.392173553867286728e+03
-1.070902936035572338e+03
-8.765426437782057292e+02
-7.719614887554944289e+02
2.374820919930924674e+02
1.030865569875577876e+03
1.098132332007676951e+03
9.902288323771010710e+02
-8.842719483952503197e+02
-1.203362716426563566e+03
-2.774836306363719700e+02
-3.821972823865448277e+02
9.204382016426528708e+02
-4.559985243925949590e+02
-2.841894025522956326e+02
4.295075313434890063e+01
1.532435971143329652e+03
-3.660261774148282399e+01
-4.351395816385559101e+02
-9.286515016668641920e+01
-1.043957478529991931e+03
7.619876382825254950e+02
-5.312111424136010100e+02
1.770332951261667063e+02
4.699675882187809748e+02
4.437081665111439577e+01
-2.992886309788093513e+02
-3.748996465878205981e+02
5.077576726549058890e+02
5.736486965560008002e+02
-2.094013254640432820e+02
-5.837267580467798211e+01
-3.956128939967923657e+02
8.092872969791809510e+02
-1.997797587281398179e+01
-3.207039843682360925e+02
-1.060902391084540341e+03
-4.566655727790473520e+02
5.984394152978587726e+02
-1.208487896918308024e+01
8.972555298967865838e+02
3.560926146721124610e+02
1.571688974788909491e+03
-1.019040321064112277e+03
-1.432572531587368985e+03
-2.090452401456180951e+02
-6.093186601558466009e+02
7.647352500832815849e+02
-4.702701534127212426e+02
1.529323195685752808e+02
8.180455784940627382e+02
4.601949144984486111e+02
6.068994665115899352e+02
-1.440626438016127622e+03
4.045509999075938481e+02
4.740481108541025606e+02
-6.752929545786475956e+02
1.211079932255391896e+03
-1.283285658742782289e+03
4.450085692917419919e+02
-2.719944133266862991e+02
-4.335640465382003867e+02
-3.514226814910119288e+02
-8.717081042322009807e+02
2.032540530496786459e+03
-1.296120088200861744e+02
6.174585489007729393e+02
9.299751295924542660e+01
-4.530404934181211729e+01
-4.643472336860980931e+01
-6.785919612164902901e+02
-9.077333363611171535e+02
-2.392572959703642823e+02
2.719643219930387659e+02
8.165150000584454801e+02
-2.446520482742101024e+02
2.514994055456313902e+02
-1.479549041124954556e+02
4.108334068752318444e+02
4.828760822386216205e+02
3.575653264224858390e+02
-8.593697425570384212e+02
-2.692620811460775485e+02
9.403815447339985667e+02
-8.342115578239997831e+02
-4.393687939035168597e+02
-8.235793316101742221e+02
4.452549363743622735e+02
9.226442193755977996e+02
-2.827456960859835817e+02
-1.633044370680198938e+02
9.021880410582972445e+02
9.316229015667295243e+01
2.753092579613085036e+02
-8.816078914140078950e+02
-5.019253360606168144e+02
3.216962700810540809e+01
7.243153750563012636e+02
2.739904339371804554e+02
-1.256469640015568075e+03
5.136811670419515963e+01
-1.648503441578958757e+02
1.372673023640775000e+03
4.682385674182413595e+02
-2.242885883990147704e+02
-1.202291171057395900e+02
-6.072917800169452676e+02
5.150590001424698130e+02
-1.211689916560692836e+03
5.461725006534379645e+00
1.023074543116142081e+03
-8.467300954673588649e+02
5.352852566479887173e+02
-5.948604420935427015e+02
5.563621553826307036e+02
8.047974835056650136e+02
-1.614985984491947306e+02
-2.505854113827941774e+02
-7.405767568251089870e+02
-2.160154483299564845e+02
7.383107908594992068e+02
1.783845259195709900e+02
4.688099456284347184e+02
-1.056830394263542757e+03
-4.981635630272517119e+02
4.052013849019306235e+02
4.499407243446697748e+02
7.219833643150972193e+02
2.610829764852874177e+02
-2.902226802457282702e+02
-6.741311813737062266e+02
-9.946464705214089008e+01
-3.566808435858822577e+02
1.472995431176544798e+02
2.324189774808594962e+02
-6.507927893666362706e+02
8.078245889589902617e+01
-3.243442894166045107e+02
1.526500919284764223e+03
1.041281192617214629e+03
-7.293286478789927969e+02
-3.289625609391574699e+02
-1.575127479201401002e+03
3.649035277957293033e+02
6.268311536313268562e+02
1.855488680868597555e+02
6.650068982645489086e+02
-9.818507904991544137e+02
-1.847372708344173589e+02
-6.919222823457369032e+02
6.998027429804775466e+02
1.240064508245228581e+03
2.624595975577026365e+02
-6.188821267877185051e+01
-1.381138407026896630e+03
-1.225665413558793233e+02
-2.513810324756337877e+01
9.513431564810535974e+02
-2.889458531204379597e+02
-9.661180942519513337e+02
1.288236039773872221e+02
-2.621867899258211310e+02
1.048366513825031916e+03
8.726663442768842742e+02
1.881164557129527566e+02
-3.196463110848578708e+02
-1.447551853501343203e+03
-4.181636023687397028e+02
6.202558243766627584e+02
6.536590846254308644e+02
8.061065787428336762e+02
-1.390603862174522419e+03
-1.476972282697735182e+02
-4.132892710168647454e+02
5.929371538827354016e+02
1.535001087450681098e+03
-9.965301770361199374e+01
-6.688801814520996913e+02
-1.156067091470372134e+03
-1.091793299529450678e+02
6.162237464623933647e+02
4.146699124438576405e+02
3.169543600320091059e+02
-7.511079171164933541e+02
-7.100558743282492742e+02
6.231536061880733541e+02
3.009999229579759117e+02
1.003617535980574758e+03
1.413784896203215453e+02
-7.410681260111814481e+02
-1.052889474111397021e+03
-1.494577157440210158e+02
1.048538377432871584e+03
1.211485912006470471e+02
2.099323846207519182e+02
-1.216142443711236865e+03
-1.066959093472625909e+03
1.015727188716615728e+03
1.420999779641528903e+03
1.166708669928172412e+03
-3.627701124054171942e+02
-9.585336453745411518e+02
-1.312999136568211497e+03
-5.974642990385251551e+02
1.117564797320281059e+03
5.939093484978172910e+00
3.721178501376797385e+02
-1.905839288769641939e+02
-6.863468228548209709e+02
3.077331402687514696e+02
1.036250219209660372e+03
8.894525488798643664e+02
-6.995854775971561139e+02
-5.702170584847069676e+02
-8.964599504078405516e+02
3.301396026565367379e+02
1.103986005762974173e+03
4.815145819614713218e+01
-1.041438987737717071e+03
-1.087661975135207740e+03
-4.088258554821811117e+02
2.133242905619071337e+02
2.235800267474211068e+03
1.712501082985651010e+03
-5.151843350418242551e+01
-1.625882076930205130e+03
-8.545759789224248379e+02
-1.434076999715236752e+03
1.139365331843198192e+03
-5.555384128443661496e+01
6.706075372486257038e+02
-5.158677625804793934e+02
1.432296680517002585e+02
6.971790493828137869e+00
-1.529741414186955808e+02
1.581569863433508090e+03
-1.526015391965688423e+03
2.120996227944428654e+02
4.013429169772433625e+02
9.551125509531733542e+02
3.801072274266152249e+02
-8.002372632222462698e+02
-1.379996692949431235e+03
-1.680060493721556441e+03
-2.763537330603239752e+02
1.538892548973118210e+03
5.820235536271620731e+02
2.610331945298337359e+03
-3.392242414508644970e+02
-6.581531573010430520e+02
-5.574676015220256886e+02
-7.086853252929124665e+02
4.846235038919466831e+01
-5.021403916008535475e+02
8.369988678567261786e+02
-9.144978189963442219e+02
-4.668820577750552729e+02
1.096711474757247288e+03
-5.105298213177063644e+02
7.610083213087368676e+02
-3.628382692729823589e+02
-1.008690905150434816e+02
7.192118611058756414e+02
4.514748220080107330e+02
1.248472811371661010e+03
-1.558641065211069190e+03
7.791875115749459724e+01
-8.426266769788421698e+02
-2.823424403119694261e+02
2.832582021946521991e+02
-2.062939981821680249e+03
3.503909669401970177e+02
1.939584341672886580e+02
1.595042750473980504e+03
1.872681305537444132e+03
-1.264512980441904801e+02
1.453648803693920172e+03
-1.613199112286645914e+03
5.972456296700900111e+02
-2.722941109378794522e+02
-3.396526744166324079e+03
-1.692063193603695481e+02
-1.198102594748602542e+03
4.826593138236673894e+02
1.108969104273957555e+03
1.366645214063289814e+03
3.484258417494771948e+03
1.557309357606287222e+03
2.021896054716211893e+03
-2.716051977709456423e+03
-3.562572542522515960e+03
-3.940868181558918764e+02
-1.689107390943195242e+03
1.551142402004865744e+03
4.455127859568511894e+02
-1.712974755873331674e+02
-1.895207998697517837e+02
-5.648978956041256652e+02
5.365292002818144965e+02
-1.584645485222388970e+03
2.145153796230476473e+03
1.443915873134614458e+03
-7.884349337917086586e+02
1.544268491696424917e+03
-1.517508503395574280e+03
-3.213094001948080631e+02
-7.105465875306758790e+02
-1.547702925057085849e+03
3.468827148762779871e+02
1.366206687548821264e+03
4.030276013896201221e+03
5.508035061566337163e+02
2.220724134320738017e+02
-6.239017319656636573e+02
4.403318757956901391e+04
-6.536646741978570390e+02
5.598537602303719041e+02
5.905943570085465808e+02
9.728931459836837803e+02
-2.236410560563737704e+02
-3.201727785089846066e+02
-9.170252502988063270e+02
5.019986066327197705e+02
-5.166307614595425548e+02
1.912049952968883417e+02
2.590103207588322675e+03
7.039940899737155178e+01
4.144795898828711529e+02
8.735299027125362272e+02
-1.097543506432046115e+03
-2.744407806817328492e+03
-1.266083457039768746e+03
-1.510190326189639620e+02
1.521021182271264934e+03
3.837605857046219626e+03
2.018569556337946324e+03
-8.468409793426487795e+02
-1.261555042422034830e+03
-1.065099418689838330e+03
-2.152993951341041793e+03
2.326727973639164588e+02
-5.385576557759104617e+02
-1.091425034140917205e+02
4.758183928082031144e+01
4.782750438575808971e+02
-7.033520774229950803e+02
1.224479571343628550e+03
1.419493073486076582e+03
-9.348047924025764814e+02
2.898576406072821214e+02
1.786668618629398452e+03
9.218798092183287736e+02
-9.846350085981111988e+02
-4.498602440942819385e+02
-1.804493708007132682e+03
7.091062117390978301e+02
-7.933794903612814551e+02
6.746974754808381931e+02
-7.723199629131025858e+02
1.286241232644979164e+03
-1.340566014014360690e+03
9.574193246788340161e+00
3.383523596693199579e+03
3.770632627587028765e+02
6.809793651418995353e+01
-2.262756213921108156e+03
-1.447259654590084665e+03
-3.790982758915575346e+00
1.379961724422279872e+02
9.752486710484188279e+02
-2.731805122758454218e+03
6.174976638930024819e+02
7.934140348273381278e+02
7.612492299812333840e+02
4.160110990985634999e+03
1.871955433592731026e+02
7.189242706695788456e+02
-1.078734246436699550e+03
-1.264858045256650939e+03
-1.301811961907068962e+03
-1.698885943435080208e+03
9.446403153254325389e+02
-7.300041677262274789e+02
-6.261568478470886703e+02
-5.290798877322740736e+02
-1.354429542135062547e+03
1.541516832195522511e+03
1.802175381567992872e+03
7.409739199766022466e+02
-1.324703790098536274e+03
9.155296214874036309e+01
2.484857692398126119e+02
2.277691489952316033e+02
-3.047019559369951480e+01
-8.912240857048666385e+02
9.714837518438816915e+02
1.166084808565757612e+03
3.427099154252632047e+02
2.501201171142145085e+02
1.008561193837126893e+03
-2.042418543624294500e+02
-1.876900106705692451e+03
-1.107256815013009145e+03
-3.143716132033119948e+00
9.464103064948963606e+01
2.934859259140529275e+02
-8.619285606325416893e+01
-1.104664342554351151e+03
-9.250345878152818386e+02
-5.138543431033002662e+01
3.010950846310795441e+02
1.437389964313848850e+03
7.156221055060551635e+02
1.573359662671319370e+01
7.365224344006620640e+02
-1.343231279408140892e+02
-6.912281528124254919e+02
-6.046348752319332789e+02
2.660725436873408967e+02
5.279972127298830173e+02
-2.090080125687346708e+02
1.358465587227861079e+03
5.864893524057645209e+02
1.887840831464199027e+02
-5.204922817320459671e+02
-1.438264835434310726e+03
-4.876406713274080857e+02
-1.162192594016403064e+03
2.902226744486164307e+02
8.608904637196054637e+02
1.875296985980096736e+02
-1.274663316828061170e+03
-9.310587481391194160e+02
3.127447868245336622e+02
4.187236279309174733e+02
5.104107309993394779e+02
1.271902083341350817e+03
1.657354025889196464e+03
9.078209716634236770e+01
-1.033100956730657344e+03
-1.152731587635741562e+03
4.340383977736075849e+01
7.534545094634784164e+02
-4.569431318991417470e+02
5.103677280413494941e+02
5.378147501007202891e+02
5.977281517870359551e+01
-6.384160336263373665e+02
-4.374238747511572001e+02
-4.770224771310591905e+02
-6.280065635974566476e+02
3.779901743086819579e+02
8.557718571230894611e+01
5.020240104488138400e+02
1.843362912428654568e+02
-3.970559196300100666e+02
9.086212509017786942e+01
-1.079877535903362400e+02
2.279588983901652455e+01
-2.285370745450649395e+02
2.045633612366003717e+02
-1.197787138678255872e+02
-3.356546246778450495e+02
-4.930357607649568763e+01
-4.460784363010208722e+02
7.981052095365317456e+00
1.528203483848095345e+01
9.863576858592576002e+01
2.747426206809371365e+02
7.378593608627079448e+01
4.824675395360507935e+01
-1.579288891777719357e+02
-1.419903013122544522e+01
-9.410342631523282364e+01
-9.406609369245076380e+01
5.740037878284786643e+01
0.000000000000000000e+00
