9.011279219722497658e+01
3.084599622579905827e+02
1.188028443764204667e+02
-5.561603508962650011e+01
-2.594256146154461362e+02
-5.465647196845075086e+02
-4.839063342936950818e+01
3.258002904772724264e+02
-8.517757465401753336e+01
7.303146488635175047e+02
5.413202700850642941e+02
-4.232548144842144779e+02
-2.016279323243377348e+02
-3.950673729197045532e+02
-1.487677004581191795e+02
5.309122498404973385e+02
-4.171269940156889788e+01
-2.973703682923120439e+01
2.651551477969620692e+02
4.009918833620669147e+02
4.616746796056423818e+02
-1.127490898953831447e+03
5.904169611977680461e+02
-2.713083130258544315e+02
-5.468883586582866201e+02
1.390444647541954737e+03
1.444611953548712222e+02
8.922161812781082517e+02
-3.436279038770451280e+02
-1.329207439685084410e+03
-7.034532018283824755e+02
-4.265037264282277647e+02
2.781145498509260051e+03
4.744908652662447821e+02
-1.297741463689079637e+03
1.969761306759606668e+03
-2.957303330596136220e+03
7.772492773116510989e+02
1.039139311108594256e+03
-1.189304262406956013e+03
1.535275229533868014e+03
-1.311036268668736739e+03
1.738675051054731853e+02
-2.638497984838490993e+03
2.205006478067907210e+03
1.838913875738639945e+03
-1.884395803471022646e+03
2.545780037547668599e+03
-2.094436023253488656e+03
5.598366488839398016e+02
-7.196574423002854246e+02
-2.113849171947258583e+03
2.296051540803764510e+03
-1.132102077831177894e+03
2.418959148788944276e+03
-3.161948087201540147e+01
1.283199675687052377e+02
7.177642921876816899e+02
-3.393245697891671171e+03
-2.236086562369958983e+02
-3.144574246453246928e+02
2.134804555602590881e+03
1.390368042470910268e+03
-4.231944166268517051e+02
1.493926942393094805e+03
-1.896025259641725370e+03
-7.058951562713757539e+02
-1.946192001531055439e+03
5.294661294558331974e+02
1.437374836247051917e+03
4.312117245224815179e+02
1.959703823805016782e+03
-1.434915299767479269e+02
2.631943063108440128e+01
-2.778866781935109429e+03
-1.772360760192352245e+03
1.327989813536413067e+03
1.996563162330807245e+03
-1.042675316245253271e+03
1.528389414773003409e+03
1.015196129828452172e+02
-4.959842167542173001e+02
-8.507920961490991658e+02
-1.038599054749261541e+03
-8.143316584472910336e+01
1.499029846759485281e+03
5.723760679012254968e+02
6.271811503330708319e+02
-6.578399222394714343e+02
3.138054425916295145e+02
-7.450054245445958259e+02
-2.404220009991553070e+03
1.869212489209546447e+03
-1.170128707366955041e+03
3.974307831011273265e+03
-4.386032767129208878e+02
-1.329687949900148169e+03
2.580235876083069684e+02
-1.390245361612050147e+03
-6.722480393791865936e+02
-9.107471108777086783e+02
1.973587861996336642e+03
1.459396522639171735e+03
-3.286443792295729054e+02
1.948187027996909819e+02
-9.972476152470178477e+02
-1.132628384479185570e+03
1.831757503950416549e+03
-2.031406665674687474e+03
1.599182458383236735e+03
2.765423246906746613e+02
5.498276351156554256e+02
-9.491524941962679804e+02
9.278201375521947512e+02
2.149999010094915093e+02
-1.573638508115818240e+03
-3.767535956412238534e+02
-5.710090560942528555e+02
5.643416773108785947e+02
1.137121472457368327e+03
1.534620180228364916e+03
-1.459513376717922029e+03
1.215992792197727795e+03
-1.983870608862626796e+03
-1.776787155764221779e+02
-2.385151366602574114e+02
7.844538256187830711e+02
1.055854193191073591e+03
-1.381351731908203874e+03
2.068865196519236179e+03
-2.424380705910694360e+03
2.736011596965898320e+02
1.966231918895407489e+03
-1.349908421025129655e+03
6.424759912193837863e+01
6.957713765609393022e+02
9.840028701565553604e+01
-5.409082744590440370e+02
-3.026253750798559849e+00
-2.784731454538440403e+02
-5.075519410266451246e+02
8.183369218412684631e+02
-7.215955530733832575e+02
1.035060076507938447e+03
3.910327852958072299e+02
6.572495940659980533e+02
-1.298605081632795418e+03
-3.348323317252547326e+02
-7.166126132571869789e+01
-1.632045627826432792e+03
3.098960878239213798e+03
1.309564415296739980e+03
-1.431539606980624967e+03
-1.304070494859692644e+03
-1.286301440581069500e+01
6.875023884962936336e+02
-4.613842233631447698e+01
-1.791060332076383247e+03
1.916026210099889568e+03
-1.316351368819975391e+02
2.666493228143149281e+03
-8.852676946470126040e+02
-1.660077582327350910e+03
3.422208474131135745e+02
-1.679621003493183935e+03
-9.632912740824091316e+02
1.349076173777847316e+03
1.305711470976471219e+03
1.387655149752683201e+03
3.391310811992832441e+01
-1.330597121192422037e+03
-2.204615551305348617e+03
6.125663580283713827e+02
2.044737089474273716e+03
6.839680369055713527e+02
3.603664453877304936e+02
7.433096785165034248e+01
-7.251047870054126179e+02
-1.732234707558825221e+03
-6.246932561239028701e+02
-1.972409205780819093e+03
2.055043231797512362e+03
2.053022531541318131e+03
-7.701514755756454633e+02
1.735538113999582265e+03
1.242204137670648151e+03
-1.214305290683419344e+03
-2.038040022223120786e+03
-7.510603126899045492e+02
-3.172932162082656760e+02
-2.160319146872240026e+02
2.672808523200189939e+03
9.725180575081374172e+02
-1.044484140282237831e+03
1.195972224483000446e+02
-1.999345876370503220e+03
-9.269915048508114523e+02
1.414708918990655320e+03
1.039531807804746450e+03
-6.223754480235015762e+02
2.418814068191913975e+03
4.237806876847097897e+02
-2.611077562840059272e+03
7.612735949940022806e+01
-1.088433459994532313e+03
-2.684796990542314461e+02
-5.233928836858876821e+01
1.671657523546668699e+03
1.898571910900097919e+02
4.223709512080884565e+02
1.718162545458338400e+03
-2.569567468698452103e+03
-1.180361017241519676e+03
4.816197744867444044e+02
-1.276371215880429872e+02
2.153013764451931365e+03
9.502979314141499572e+02
-1.279145974998549264e+03
-2.058253185834731539e+03
9.894297887613230387e+02
-8.557140572028090446e+02
-1.230715444616551508e+02
1.602124313932519954e+03
1.797403458470747921e+02
6.141922059109996326e+02
-6.897860525852549927e+02
6.010285523785745454e+01
-1.200131538842389546e+03
5.379594542533427557e+02
1.307234915271882755e+03
-2.193277665381014231e+03
5.468951589370697093e+02
1.329786446911618668e+03
-4.160977710622835275e+02
1.483822047079031336e+03
-1.974008593809299782e+03
-5.009815386034189260e+02
5.217819811462353528e+02
7.983265394418929191e+02
3.014502532054863195e+02
-1.845353148637085269e+03
1.774633348211227940e+03
-2.001328994767402946e+03
1.332196276650641948e+02
1.160575276105415924e+03
-5.086079803939422845e+02
7.833557593784123583e+02
5.626276195912500953e+02
3.648884114547045669e+02
-4.677711786861819405e+02
-3.321297834364619916e+02
1.182621775409816792e+03
-2.244991512759153466e+03
-2.799209796686048435e+02
-1.652260978031353602e+02
-7.296417911601079140e+02
2.861081619800997032e+03
2.943012954089042523e+02
1.010772136463514812e+02
-9.870402700780988425e+02
-1.070817503252130223e+02
-7.768868842689996654e+02
1.111240835871284389e+03
9.745270275202765333e+02
-1.176739987198105609e+03
-6.705156228985006237e+02
7.019806010190669667e+02
-1.554078170362993660e+03
-5.758399819334758831e+02
1.317759594055033631e+03
5.368568464598806713e+02
4.491823335841057201e+02
1.159692278109861036e+03
-2.710591067806507795e+02
-4.321678790826114778e+02
7.841962751318599203e+02
-1.640115739070631662e+03
-1.158676240164739284e+03
3.532209867334568116e+02
8.959768415946907680e+02
3.037833483060534263e+02
1.206609359178177328e+03
-1.244876688326597559e+03
-1.386582223733869796e+03
5.889029134252767790e+02
1.353994706306474654e+03
-9.337221895035969510e+01
3.273126205161815960e+00
2.553888015112640346e+02
-9.942083710428679524e+02
-3.601043364973136818e+02
-1.757615873481710196e+02
-5.584505880049293864e+02
1.577104003146113655e+03
2.495395567478861949e+02
-5.317663933674973578e+02
2.323882483866353255e+02
1.158444786439051086e+03
-2.984142640686342247e+02
-1.073845413913591756e+03
-1.597505422128519683e+02
-5.317665850710654922e+02
-6.176130503942703172e+02
1.695442086404063730e+03
-2.569103210866431368e+02
1.365092427585454288e+03
5.093533415867573240e+02
-2.214772689092145811e+03
-2.589680675590490750e+02
7.257929395065258404e+01
4.637675557076564132e+02
-5.829870146423107826e+02
1.094165475485850266e+03
8.745314538598167928e+02
-2.358192816923849023e+03
1.030340871809571127e+03
-5.092708472986337256e+02
-7.034731864068727418e+02
1.704232243804911832e+03
2.961533190892790230e+02
4.079830486183686276e+02
4.208426614304164559e+01
-2.560897483628696136e+02
-1.164847907610690072e+03
-7.269010291374058852e+02
1.470190512391725406e+03
-1.908247597507608589e+03
7.994612485424815986e+02
1.353659424880129791e+03
1.780482574635792616e+02
7.385186466409464856e+01
-5.319603340400385605e+02
-6.827478593997741427e+02
-6.645159841630176061e+02
2.009870795245874206e+03
-8.761081998886620568e+02
-1.102394494382449466e+03
1.430509757599089198e+03
-7.590906869170390792e+02
-4.238021791607400246e+02
1.489884443296337395e+03
-4.311691599524920093e+02
-6.636228510976133066e+01
4.877336798868014967e+01
-2.398252768467012288e+02
-4.737096379628734439e+02
1.710324274025523664e+03
4.648969501544640934e+02
-2.091374323340327010e+03
-5.471305809453194797e+02
-1.026416486982253957e+02
-3.255800229526763587e+02
1.599523113127815122e+03
8.253242321236659791e+02
-8.005234426896056448e+02
1.644963927198653437e+03
-7.520561906414268378e+02
-1.514244642078748711e+03
-1.988214027483923019e+01
4.777177264054265606e+02
-6.549159711504066763e+02
-9.616552007169239005e+02
1.407507478234673727e+03
-1.186119477833159408e+02
1.178974329174077184e+03
1.271589974161510781e+03
-2.583006757611969533e+03
5.221403792125668986e+01
9.175507750078402296e+02
-3.054420763122096218e+02
8.106419256557917379e+02
-2.861930445654348887e+02
-4.383509762824213141e+01
-1.741190720705383228e+03
9.198200925989865482e+02
-5.735712288085446744e+02
-1.038146686222780318e+03
3.007890711528048996e+03
-8.029279161902741180e+02
-4.722282785659479032e+01
2.506776994445038724e+02
7.379783088816508325e+02
-5.438616190451560897e+02
-3.833839449269939337e+02
-3.607602515935604970e+02
-1.939818591090103382e+03
9.928642452038392321e+02
1.514977486193459072e+03
-9.148639499373479111e+02
9.349423518130553248e+02
-3.597652054479901835e+02
-2.555890560878745816e+02
2.553764454752177642e+02
1.281600120593597012e+03
-7.992954928757926609e+02
-7.993854268060316599e+02
1.909623980325638513e+03
-2.083976155881432987e+03
-7.686711295196083711e+02
4.380564962586814204e+02
-7.390526241030242716e+01
1.198791165981059976e+03
-1.795061375450714536e+02
-6.052707192114818326e+02
4.180695070536094136e+02
5.826312892334846083e+02
1.030628432372958287e+03
-1.821606467632709609e+03
2.008778167523416016e+02
-2.602080655463973358e+02
-3.512913510236899128e+02
1.515262214944402785e+03
-1.310745016556064684e+03
-5.478505532442844839e+01
-6.627285954960950676e+01
1.085573346122627754e+03
1.311110338427901070e+02
-3.087247177470052293e+02
1.099016306244943962e+03
-1.277468729042218001e+03
4.329455658358276082e+02
-7.656317910141995071e+02
-1.302958104184147714e+03
1.788656241684413317e+03
-3.609313925624834383e+02
3.517103312636614874e+02
-5.406348405586793433e+02
1.898925006242920404e+02
7.664959796485948118e+02
-6.621014720408526273e+02
8.558236297466578435e+02
-6.626209730006775089e+02
-9.903859454883632907e+02
1.430031254499671832e+03
-8.496431472920934311e+02
6.228446475945863767e+02
-2.559867642979946254e+02
-6.192057526008002242e+02
4.982138278930702882e+02
-1.194643919726133277e+02
8.795222250295582853e+02
-1.965511307736443598e+02
2.785788678288743085e+02
1.080947153340292459e+02
-1.151579435908239020e+03
6.094028357522924466e+01
-3.685119144419889494e+02
-1.683852741285994625e+01
2.943624403331266990e+02
3.471702742175204293e+01
-1.871046372624807361e+02
7.808038258612291429e+02
1.033061744697249651e+03
-7.707510235242265253e+02
-2.169536664282192930e+02
-4.032304060989631012e+02
-4.697973298959791464e+02
4.854635559566062284e+02
-1.042887611424478678e+01
1.649583315623374347e+02
-2.027697340377113022e+01
-8.865099265328075262e+01
-5.022201890698518696e+02
1.011948842678498863e+02
8.482197494051117701e+02
5.545712576461686467e+02
-1.746552206731802812e+02
-3.448516950622057493e+02
-5.498972922548935003e+02
-5.762877728579026098e+02
9.882346968731771994e+02
-7.624433609945015178e+02
-3.805744922963293675e+01
3.793020930479975732e+02
-3.447355053121360697e+02
6.126847789616819000e+02
1.625714502988533923e+02
6.019605049451233754e+02
-1.422259535948292637e+02
-6.023047154185196632e+02
-5.200674799866512785e+02
-2.374823366066889889e+02
5.991114389947258587e+02
3.561069648790203246e+02
-6.178937929376720604e+02
4.955417324236985905e+02
-6.733124308949140868e+02
2.815746595225266447e+02
8.450238595968259006e+02
4.418812976774000845e+01
-2.688895514921695167e+02
-4.965857067889114091e+02
-1.080776312183213008e+02
-2.913080377670950725e+02
3.272419770099342600e+02
1.396531846793378122e+02
-2.425461056343949053e+02
2.075569681136203144e+02
2.410040705395351210e+02
-3.568019855244093037e+02
5.945443287948228317e+02
1.405207089448225020e+02
-1.784843830382246210e+02
-2.546103096570453488e+02
-1.739861411022106950e+02
3.724179300479130461e+01
-2.415124247186358843e+02
3.395699806952890754e+02
-9.272502582250403975e+02
-5.849938473234035996e+01
1.035144976739396270e+03
2.607199339297916367e+02
9.323086832471451544e+02
-2.771072276271290775e+02
-6.326674968278592814e+02
-3.717460740297585744e+02
-6.083020617290532073e+02
1.412803937576314297e+02
-6.259110703596744543e+02
8.549781080819893759e+02
1.530242685274856740e+02
-1.423293231046286280e+02
8.727775342068640612e+02
-4.939766694258464668e+02
4.263448868531182825e+02
-6.227813822823057421e+01
-4.534108970624701556e+02
6.756400626751175764e+01
3.271072458974692836e+02
1.594747155489406509e+02
-9.204213205567892828e+02
-4.823171218656637507e+02
-1.469076059954830384e+02
-5.397901524900680670e+02
1.156033762513456850e+03
8.925663002065615501e+02
4.707068312161657104e+02
1.130742151010843600e+03
-1.494183380099860187e+03
-4.421199138441130572e+01
-1.387927909564740730e+03
3.635782175571862354e+02
-1.111098059829215799e+03
7.775007575377055673e+02
1.254157043466019331e+03
-5.321820785966489211e+02
6.457575993882389866e+02
-6.187658229439437036e+02
-4.303355856167403886e+02
-7.976560106277713658e+01
7.267654229339411813e+02
8.815014344086439451e+02
8.197762296849241466e+02
-3.989049240245078636e+02
-1.472267367280785265e+03
-1.980264172614614608e+03
8.732181416229276465e+02
-7.104235400427187415e+02
1.071004601712154908e+03
1.048974341478880888e+03
1.514970840976973250e+02
7.475870031477479642e+02
5.024675835260487133e+02
-1.542456114247003711e+02
-9.232362826124463027e+02
-9.950549964540971359e+02
-4.576537479253677816e+02
-5.205122366248083381e+02
1.545540107655559950e+03
1.347992772692581411e+02
-7.052134902705861350e+02
5.714021855016294467e+02
-1.214015010228763231e+03
3.551851440947120864e+01
1.492630241598376188e+03
1.054191220692256593e+03
1.626533544070744028e+02
-4.774970074766173980e+02
-6.902850827806497591e+02
-1.187353315602146267e+03
7.507063723369516310e+02
1.796145399515182589e+03
-2.498527424978841282e+03
-1.445237001620197134e+03
-6.904030490666449396e+02
-6.181905630715743882e+01
3.374592821020043630e+03
2.340957932770100797e+03
-3.313482486747790290e+01
-1.033079307686049560e+03
-5.490268816122941189e+02
2.043845820757012177e+02
-2.439638510074480280e+02
-2.783637057744097092e+02
-2.822897649168241060e+03
-1.646330592401036256e+03
5.633920092805049080e+02
6.709682243792350391e+02
2.964607554747449285e+03
3.708443339424738042e+03
2.098572695096530879e+03
-8.601874158222560709e+02
-2.221170684875944517e+03
-2.257757165687054567e+03
-1.569383963572828861e+03
1.408479639368129256e+03
-1.091537792076761662e+02
-1.375794969534737220e+03
4.274760281135201012e+02
-3.195818203602352696e+02
9.757677635864127978e+02
3.795597706962482221e+02
-6.991824615666291720e+02
-3.540749281128522625e+02
5.682767249882539318e+02
1.978214034065315445e+03
8.589848536320448602e+01
4.492367016399776958e+02
-5.405770162061805877e+02
-3.261245120733296062e+03
-1.050166940615879639e+03
6.742913559412465929e+02
2.991385831671401320e+03
3.347326670991626543e+03
1.161048864076257814e+03
-1.090163234653470226e+03
-2.792807326264793119e+03
4.741593459854742105e+04
-1.207419796851489536e+03
8.241955585670602886e+02
1.226123466928922653e+03
-1.482102141972338359e+03
-2.174612182464994419e+02
3.379391672211795594e+02
1.072444556450716391e+03
-3.630508999283558182e+02
-8.405456986438201739e+02
1.904600226952442767e+02
-1.938872356626438034e+02
2.835950552441433047e+03
1.405171922288950555e+03
-4.322046567506727399e+01
-5.207838311912289555e+02
-4.427336075055972287e+03
-1.657102405564286528e+03
3.132510498288673375e+02
3.733430799560200285e+03
3.268093036168776962e+03
5.682955427776479382e+02
9.301110756145889980e+01
-3.505101556421971964e+03
3.784473507097067113e+02
-7.667614049727849590e+01
-9.753980270678823672e+02
-8.609608728031231522e+02
-1.030696202519780854e+03
-3.878511473843271062e+01
5.618027797898225799e+02
1.462373197993416852e+03
1.307292308935882147e+03
-1.001153398409256738e+03
-4.560686017345589960e+01
-7.943293401885475760e+02
2.159710518989264074e+03
3.177460567393192377e+03
-1.462942118084410140e+03
-1.623263112235960989e+03
-2.571107420913988335e+03
1.257282010075032076e+03
-1.112323108227508328e+03
2.207257440950934779e+03
7.307051324948122328e+01
-1.298160929772348936e+03
-1.020975707170675150e+03
1.261695109020618304e+02
3.418531288393669911e+03
1.777326342910293533e+03
2.521715197794585208e+02
-3.639048026317443146e+03
-2.637742343033212819e+03
1.367133644916097182e+03
-6.106435333016500522e+01
1.743807361986494470e+03
-1.638078752347490536e+03
-1.563475349417141842e+03
2.799717528430633138e+02
1.338310293549376638e+03
4.795204862733991831e+03
5.136414571997742087e+02
1.316624244561224486e+03
-1.950776520724150942e+03
-3.065139783898664064e+03
3.112209747863582834e+02
-1.627872042855169184e+03
1.154875786165887803e+03
1.012227548820543319e+02
-1.980296889726684640e+03
-1.186574390172066614e+03
-1.230964592900520984e+03
3.096316156481582311e+03
1.267278135635031504e+03
9.462533512733737098e+02
-1.226020935541819426e+03
-2.146756454285131440e+03
1.920695766026030014e+03
5.591879229907276567e+02
5.571232445842028369e+01
-5.361915749475678012e+02
-1.498747764855702371e+02
1.206934733420061548e+03
-5.541906507227979546e+02
2.293859036980171368e+03
7.760505209196846863e+02
-1.093671348643298188e+03
-5.626764783294579502e+02
-3.671264273492838129e+03
1.523654515386005414e+03
3.866824433846239231e+02
3.150073654068894484e+02
4.165684397079277232e+02
-2.742950131359350507e+03
3.244181334287290497e+02
-1.646319575808242007e+03
1.894172703793628671e+03
1.889049645839207642e+03
-6.880608332528910296e+02
1.316629700056877255e+03
-9.456824883325672317e+02
4.622190992509991929e+02
2.924086732082434992e+02
-1.478464422837872462e+03
1.508295234860602704e+03
-1.373814031371006877e+03
7.703576660123699185e+02
9.131976833402204647e+02
5.053751180731272825e+02
1.944941742045618412e+03
-2.536296114421917537e+03
5.117553993001712342e+01
-2.181285044422299052e+03
-7.537797826381209916e+02
1.192215799053331466e+03
3.960223438962419777e+02
9.923280527527228969e+02
-1.956184050502540231e+03
-1.267722655064582341e+03
1.935810209935804664e+02
4.148061742611193381e+02
1.474869472421861701e+03
5.386918493274044977e+02
2.190131459812954290e+03
-2.482607667553832016e+02
-1.942087239435289121e+03
-3.917873420682629444e+02
6.593108870539358577e+02
4.413452469427986671e+02
7.752336680906765309e+00
-3.319840946598864093e+02
1.410782565665280401e+02
1.262317342081240668e+01
2.641109084994126306e+02
-4.712101806448850425e+02
-5.894651357459216570e+02
-5.874425411365859873e+02
-4.882809396180048225e+02
9.673483819581492753e+02
4.373969074602346154e+02
3.771524753245171269e+01
3.320113457695838122e+01
-6.312056547993036020e+02
4.037920710334165619e+02
-2.857750944981232806e+02
2.238891929598068486e+02
1.473494740729140347e+02
-5.312179945374804220e+02
9.849227381356888600e+01
-6.489171843136662119e+02
-4.759101640979920944e+00
4.697124821161614960e+01
-2.194538610765261240e+02
3.199849368225346780e+02
-2.713460424428311057e+01
2.099295941063871851e+02
-5.990689698071069813e+01
-4.897250647771947740e+00
3.810155827393417383e+01
-1.659061102294595855e+02
-2.643633989696067843e+01
-2.072451163158753218e+01
0.000000000000000000e+00
