7.403101300079016767e+01
2.586110915277215554e+02
1.112529216911892576e+02
-5.841359695929052975e+01
-2.461349405357314595e+02
-4.915836809923054602e+02
-7.135259623860569889e+01
3.059000105433668750e+02
-1.670444253274979118e+01
6.323611834952786239e+02
5.191548757193372694e+02
-3.676212633814836295e+02
-2.402622054871220598e+02
-3.773420595064790177e+02
-2.004603604686915617e+02
5.014700341388921174e+02
1.030943881269609896e+01
-1.203642411233029605e+02
2.932309263156661814e+02
3.977616760099158455e+02
3.386652685281665072e+02
-9.385652853074187760e+02
4.147299975432033534e+02
-1.833491440660974945e+02
-5.414795038732002013e+02
1.136670805862570205e+03
3.162341809758988234e+02
6.564359746428963263e+02
-1.827722301799948355e+02
-1.287364051048705505e+03
-7.881678503362981019e+02
-2.118699182553850733e+02
2.234601124239905857e+03
6.980007939982355083e+02
-1.022343240579561552e+03
1.412045473170910554e+03
-2.365808444800202778e+03
3.321389087597661387e+02
1.223116361697582306e+03
-1.077118139732676127e+03
1.038468819842137009e+03
-5.276671886442119330e+02
-4.893764542935163036e+02
-2.062613325933819397e+03
2.074058575330511303e+03
1.639248383502453862e+03
-1.327397784120465985e+03
1.618143229813221751e+03
-1.272319742863844795e+03
5.330222859292916837e+01
-5.737200004265744155e+02
-1.535374722042680787e+03
1.278314902479338116e+03
-2.250910146151688025e+02
1.712396261170066282e+03
1.162099910043276623e+02
4.685388588002388701e+02
6.163668169562791377e+01
-2.550184529874008149e+03
-8.588028806145556473e+02
6.965758934083999065e+01
2.155647254400105339e+03
9.369726459073938258e+02
1.843782518680672240e+02
8.146387946949425896e+02
-1.360163862479069394e+03
-9.087141089753390588e+02
-2.131123239988751266e+03
9.762383793405190318e+02
8.303772822725046581e+02
9.939675541029015449e+02
1.486123844048571755e+03
1.611742448039015585e+01
3.432652958212765952e+02
-3.263162939072076369e+03
-1.027029580321333242e+03
6.512676275393547485e+02
2.224587461051030914e+03
-8.872951267723186675e+02
9.918741380341914464e+02
7.981254533564363101e+02
-1.075254950736113869e+03
-4.736795654458852596e+02
-1.016682412032542061e+03
-4.538146996504689810e+02
2.011703926129206593e+03
-6.840532788865688474e+01
1.062423080294717465e+03
-7.461438527349545211e+02
1.124504563304113134e+02
-2.676706739838249405e+02
-2.911599851629499426e+03
2.261478616405398498e+03
-1.390480492374234927e+03
3.861055669281580776e+03
-1.995232275428251114e+02
-1.668190603421709739e+03
7.398591745328016032e+02
-1.630702355928616498e+03
-5.883885497086253054e+02
-8.072484855288236076e+02
1.612350936340064891e+03
1.815166662845042310e+03
-6.144290767494146621e+02
3.573777913892926108e+02
-9.155469880704350771e+02
-1.305899921140106471e+03
2.093457552378765740e+03
-2.384769792506906924e+03
1.782757787188199700e+03
2.074728703537134322e+02
4.241153760401065824e+02
-6.467208030494223294e+02
6.340613957712356523e+02
4.363756573935765459e+02
-1.615292028443220715e+03
-5.201562136402224041e+02
-3.888523104893848767e+02
3.095877899476368498e+02
1.341537456347918578e+03
1.528261289603673504e+03
-1.471686474127179054e+03
1.429092481965894194e+03
-2.245651503723150199e+03
-4.891900571322190672e+01
-3.096274245492610362e+02
6.485917827825795712e+02
1.281155602629417899e+03
-1.529197817173698013e+03
2.187437593081506748e+03
-2.415902752840905123e+03
1.216325580629903129e+02
2.080776478305959245e+03
-1.515435559137122709e+03
1.849932788300605466e+02
7.088876270131045203e+02
1.231999806915171547e+01
-3.345142891371694418e+02
-2.080055645279889518e+02
-1.761864534057114042e+02
-5.236821205374620831e+02
6.596818213682497571e+02
-5.107213049519216383e+02
8.735387455543888109e+02
5.796702263500354775e+02
6.427742679001811439e+02
-1.380147249701035889e+03
-1.657850871652929641e+02
-3.922203251728824398e+02
-1.397954346692842137e+03
2.986690946767219884e+03
1.275145245163775144e+03
-1.141658957742509074e+03
-1.652082258856181852e+03
2.540852311449643253e+02
4.652848847042430975e+02
-9.090216507488833031e+01
-1.569265062805385014e+03
1.595164606677908068e+03
3.015437213499466225e+02
2.380224256368562237e+03
-8.000633895363259853e+02
-1.494607092423643508e+03
-9.465457194037871602e+01
-1.219802707489817067e+03
-1.339813319873578621e+03
1.526770852161959510e+03
1.466419469118807228e+03
1.068974574283435231e+03
5.135994663456704075e+02
-1.814390925637188957e+03
-1.946125693609551718e+03
5.478302008162609127e+02
1.767667029832071421e+03
1.219519633114993894e+03
-1.505611983417028341e+02
5.086814430047626274e+02
-8.859335313769516915e+02
-1.964715342684810366e+03
-2.354948662434142364e+02
-2.532357144624168996e+03
2.594954339065297063e+03
1.782694939403830631e+03
-7.264530401564629756e+02
2.067969640711745797e+03
6.479675395926540205e+02
-6.168708315245484073e+02
-2.538907478978678682e+03
-6.081672618976459717e+02
-7.290888164756830747e+01
-6.997600928796224480e+02
3.347982920472818932e+03
4.151066347092420301e+02
-7.265950043838797683e+02
1.134162436063348594e+02
-2.433350151430644019e+03
-2.948408466978403908e+02
7.365881851777594420e+02
1.580853786687281854e+03
-7.143965896267436619e+02
2.132642106231186972e+03
9.814603147384011663e+02
-3.364832903108026130e+03
6.358724997238840615e+02
-1.379766333993208264e+03
-3.092669960788421122e+02
4.401790240012358026e+02
1.012935833046271455e+03
8.835986666843285775e+02
-9.656533798617223852e+01
1.786007863195165100e+03
-2.263336976000375671e+03
-1.794501669941629643e+03
1.223784083285784618e+03
-6.841909185321173936e+02
2.443612550181319421e+03
1.061284046915320687e+03
-1.765806217423283442e+03
-1.402871959591481755e+03
2.733382677378665448e+02
-3.832431794909040832e+02
-1.805546917242377276e+02
1.300620962926809852e+03
8.356695485553490244e+02
-1.238737003558475180e+02
-1.605148938724903758e+02
-2.209744809230492990e+02
-1.359281134566247601e+03
1.052577218078042961e+03
6.679794225722185956e+02
-1.496392877237177800e+03
1.208955074239785858e+02
1.347485424211837199e+03
-8.842091285610058549e+01
8.267557283544350639e+02
-1.270954240066864486e+03
-9.978581082753305509e+02
7.268596442146466643e+02
1.005572467718194275e+03
-2.011028469705152020e+02
-1.215668566232531475e+03
1.161991236849411962e+03
-1.665325775823964932e+03
1.386804983379515193e+02
8.074642573351477495e+02
1.211552367256754792e+02
1.718839089425530631e+02
1.001269913889765462e+03
2.207277212190251703e+02
-7.309024683882358886e+02
1.316514678371280240e+02
6.120241135941477069e+02
-1.707138529069637798e+03
-5.086226217978161230e+02
-2.075756444677016646e+02
-3.850526339136696379e+02
2.273544103359354722e+03
8.170966780467232411e+02
-2.517352974328765072e+02
-9.159149540626049202e+02
1.813064480477538893e+02
-1.225513686335409147e+03
1.614612776622437423e+03
5.576787802869594088e+02
-1.035506510099522075e+03
-5.655881325411816078e+02
3.394375406976078011e+02
-1.049884275510949465e+03
-9.967497495930604146e+02
1.576826278749578705e+03
5.807944242381067852e+02
1.347067172306573752e+02
1.560669475304555817e+03
-7.129274504393372354e+02
-1.692755844908028280e+02
7.702753779169797781e+02
-1.789074300431415622e+03
-7.773850349342246773e+02
-5.599698258197400946e+01
1.176142300094816164e+03
1.595785730081572353e+02
1.058167831911382109e+03
-9.060457804046358206e+02
-1.736229773415473119e+03
9.199811296264981593e+02
1.233212235972109283e+03
-1.986600741918063306e+02
2.305770913789180270e+02
-1.032267187222091422e+02
-6.883338795024778847e+02
-5.199678851825000265e+02
-1.824559423588903826e+02
-3.107958637460280897e+02
1.240439229430584874e+03
5.713983020800794748e+02
-7.436812696267709271e+02
1.844348190941250891e+02
1.358175194234823493e+03
-6.157219797149889473e+02
-7.189976235453325444e+02
-3.391961068545870148e+02
-4.917878919003738929e+02
-4.583139076072018270e+02
1.333302170627855276e+03
8.433753658815763288e+01
1.092394908934540808e+03
5.996991245110797308e+02
-2.010411576580534756e+03
-5.908191544969163260e+02
4.616482790525367363e+02
1.326610904713325567e+02
-4.987547312454375401e+02
1.210237899208286308e+03
5.567102966808479323e+02
-1.914503508162890739e+03
6.627246928215481603e+02
-2.956168797708847364e+02
-6.421289765649538595e+02
1.371579604210824755e+03
7.512530956000221067e+02
-6.699924851551128313e+01
3.206262101486539677e+02
-2.499534231485187945e+02
-1.413703590496125798e+03
-2.401478722135720147e+02
9.559915858627723537e+02
-1.531761935468947286e+03
6.358743789551089094e+02
1.157327101874975142e+03
6.478142368450022559e+02
-4.880958305074142913e+02
2.903329905277871603e+00
-9.408879392799501602e+02
-7.697884849472932274e+02
2.394242832775873921e+03
-1.488207476068888354e+03
-4.984138534317019662e+02
1.041746729787729237e+03
-6.713870793197877447e+02
-1.199999998372102823e+02
8.992580315370000790e+02
2.499006588184103634e+02
-6.352370191731886280e+02
2.770868287955241271e+02
-6.623748351312613636e+01
-1.001681840586422368e+03
2.436910598730456968e+03
-1.922148349979344459e+02
-1.679166417033701464e+03
-5.641277338234884837e+02
-5.226586959522446705e+02
3.587414887090873776e+02
8.298590130738905373e+02
1.433119341076507226e+03
-9.862047051997020617e+02
1.398980371209883742e+03
-1.293065133584682087e+02
-2.347762219050603107e+03
6.840302662657604742e+02
7.705065415417081454e+01
-6.861327334202655948e+02
-4.521614985663779294e+02
6.320609068639175803e+02
7.066387577376324316e+02
5.578312744514989845e+02
1.437642131759067524e+03
-2.267978974396547528e+03
-6.567792112595121807e+02
1.801575858581907141e+03
-1.054491519072051005e+03
1.208018049448889315e+03
-1.861286098100095501e+02
-6.071553501562984820e+02
-9.061811982347742287e+02
4.105692971609414599e+01
3.213460024541771531e+01
-1.175434974869844837e+03
2.658641836650998812e+03
-2.051263188160605466e+01
-9.662636363465460363e+02
9.985731841261658701e+02
3.425371379706919583e+02
-6.936895568136144448e+02
2.328149002168958646e+02
-1.219556484451933102e+03
-1.046070808482263601e+03
4.027826551368414130e+02
1.616056907219044660e+03
-5.277611533571079008e+02
1.342401127311536015e+02
5.671846187569237827e+02
-1.001310459858538479e+03
6.072400545927590656e+02
1.459371674334299769e+03
-1.427851903289578104e+03
8.064655987385619085e+01
1.048077681075705641e+03
-1.533961467888473408e+03
-8.571803046947109124e+02
1.606826557199724448e+01
7.254885910040343333e+02
3.165565068370228801e+02
5.460100022260236301e+02
-9.183745795845563862e+02
2.048951524325698301e+02
1.193667881514131750e+03
1.718748985181450166e+02
-1.001948302603396769e+03
-2.873613271728360701e+02
-2.018373816671691543e+02
6.821789451936325577e+01
7.455563771357545875e+02
-4.794027335147931126e+02
-7.096661533360587555e+02
1.998151420997343735e+02
1.302709085558265770e+03
-4.685905233959467751e+02
4.840232174300830366e+02
3.645713828301228432e+02
-8.386588959812413577e+02
4.217211047351947286e+02
-1.178866118906112206e+03
-6.121913715842853208e+02
1.034018306713774109e+03
2.109133798634297818e+02
1.571323754233739578e+02
-7.511974366562179739e+02
7.405953649993973613e+02
5.173763722166961543e+01
-4.447984556580245652e+01
5.009209817849318824e+02
-6.759084175184668766e+02
-5.991319833968582316e+02
8.217397665378696274e+02
-2.203655937438857109e+02
1.581942497884924137e+02
-1.194870637772811506e+02
-3.992173910229964804e+02
2.356825782502076549e+01
4.692612750242628863e+02
3.727041956137026091e+02
5.031628968510284494e+01
3.347790658272846258e+02
-2.241284105248024616e+02
-6.434476277386853553e+02
-4.310229844625184796e+02
-4.386422464139444344e+01
-8.822991374886174754e+01
8.445843171570186314e+01
4.329243743083890763e+02
-6.257247098596678825e+02
1.131546891937952978e+03
8.833678362431837741e+02
-8.671803028026397442e+02
6.986368901909227702e+01
-7.720061797645563502e+02
-1.381015127459125438e+02
2.986008028157359604e+02
-3.083758278164111744e+01
3.562185085594703651e+02
-3.068307535252799880e+02
2.068484152541813614e+02
-6.761207349023570714e+02
1.195216357333598154e+02
9.613066548072381465e+02
3.230402067129211900e+02
5.606759755630214670e+01
-4.863915765184037809e+02
-5.110395375743096906e+02
-4.728681861279039254e+02
8.033428527386140559e+02
-5.959172442806368508e+02
-1.525945983648113042e+02
3.844765785240605851e+02
-2.340576542758258540e+02
4.549547856158840204e+02
3.136762846500312207e+02
5.235919087056438457e+02
-1.801270022760787128e+02
-4.657192507646133208e+02
-7.055086225052763211e+02
-8.186384999935489759e+01
5.342694334848970357e+02
2.847841438679095063e+02
-4.217822111940376999e+02
2.701334773054044263e+02
-4.784790576320332889e+02
1.949918732677765547e+02
7.519957487004098766e+02
2.651132893690710830e+02
-5.667096615280104288e+02
-2.098897512557306015e+02
-2.347507523039467401e+02
-3.547254691706208973e+02
5.679763231544683322e+02
-2.446741060445117455e+02
1.243726894995012913e+02
-1.162554571922096613e+01
2.526999581944378974e+02
-1.131724948320191402e+02
1.743500222175820795e+02
5.947499075054942068e+02
-5.404106961537319194e+02
-1.338397775199329942e+02
8.581361732174798362e+00
-3.944368272183562567e+02
3.126143054504535144e+02
-1.505081896383031790e+02
-6.644470050602495803e+02
1.214157520655709277e+01
6.409473771397451856e+02
8.509280640856496802e+02
3.090397134108602017e+02
1.592628718078755696e+02
-7.186637361161029958e+02
-6.483078796237264214e+02
-1.052044509543773643e+01
-5.954063502488761515e+02
-2.919903519209918841e+01
5.598457911317270828e+02
2.215580371360061918e+01
4.074630276314889556e+02
1.238959016297383613e+02
2.605890060790753751e+02
-9.635389180181880420e+01
1.572477544795553683e+00
-6.679104387833700684e+01
-6.748780204243977323e+02
1.211692466428184161e+03
-5.471038677895614910e+02
-5.989097216768686849e+02
-2.891181341544192378e+02
-8.139259642949215277e+02
3.673373384037471396e+02
2.736681292804955774e+02
1.454151840246037409e+03
4.106619405370548179e+02
6.682562377549451185e+02
-6.023367027129735334e+02
-1.047081626098591414e+03
-5.945337446049347818e+02
5.541234607911519561e+00
-1.371951262381402330e+03
1.540886135633004415e+03
2.369339651692126836e+02
4.750267696084650879e+02
4.194248753707586275e+01
-5.846102656912389648e+02
9.141876142164070984e+01
-1.076171444210434402e+03
1.829330353757257399e+03
1.746350625096010845e+01
1.200979924403692166e+03
-1.010200760521827306e+02
-2.316505025481263601e+03
-8.620008281859545605e+02
-1.968805305566338006e+02
-7.014807062436904062e+01
1.028800274000559966e+03
4.609621244391036612e+02
1.215872692999771516e+03
-4.121110258269600308e+02
1.431877653168487313e+03
-5.344117671780029468e+02
-1.242505195366972657e+03
-1.291096272435471803e+02
-1.658262024879021283e+03
6.008448836796164869e+02
9.032883957063352227e+02
1.865626654135870979e+02
-8.872336278497789408e+01
-5.259303575666606321e+02
-3.310408095983603971e+01
-9.341842767735701045e+02
1.880661710471040806e+03
1.386897436267916191e+03
-7.119753111299855846e+02
7.350321386708505997e+02
-1.825182315268978300e+03
-5.205474758730495068e+02
7.020884685885285990e+02
1.167398240059371574e+03
-1.417972102878880378e+03
-2.625069197923848606e+03
2.723096822887866892e+02
-4.469077471685507135e+02
3.079271960576466427e+03
3.210406468793626118e+03
-1.239261812461261343e+03
5.660091817162566485e+01
-1.217955020082638839e+03
2.646254826839917769e+02
3.758537445203903076e+02
-1.301994483875988635e+03
-1.677362737113154935e+03
-2.584377463301756507e+03
9.167348841372579500e+02
9.333530523227104823e+02
2.154087064303747411e+03
4.860288800498792625e+03
1.062084625518654093e+03
-2.156925701612800594e+02
-2.277766555801677441e+03
-2.844884077817414891e+03
-6.208381871007660493e+02
3.498374233281147099e+02
7.602961559404554919e+02
-1.720547938578181402e+03
1.918741951860436643e+02
4.407819493699682880e+02
-6.348764453013205156e+01
1.317766318635740390e+03
-1.303888952146870679e+03
-3.106678143564512311e+02
1.096232761738403269e+03
1.120620610933004400e+03
1.052894715109502158e+03
-2.888834659414926591e+02
-2.461333769905657221e+02
-3.083131458710829065e+03
-1.738008679330564064e+03
1.593458042270795431e+03
2.180540213013507582e+03
3.879235042243125918e+03
1.148405178099725390e+03
-1.553474706571794513e+03
-2.071343701807937578e+03
4.657564673376609426e+04
-5.859384586576200036e+02
6.008156860496435456e+02
1.068954009880716058e+03
-9.101365032765270371e+02
-9.694123370160914419e+02
1.010769225593673355e+03
6.310131791754449750e+02
-3.606246781127141503e+02
-4.606979089919212242e+02
-4.117311918409047848e+02
4.690878758116311360e+02
2.372949820734647801e+03
1.606663982011142252e+03
7.387602217207083299e+01
-9.743932555184223929e+02
-3.873067031481485174e+03
-2.190878069777850669e+03
6.558365562957153543e+02
3.741391783779334673e+03
3.037525476604838786e+03
1.017127354098773367e+03
-4.318817822595751750e+02
-3.191772634079017735e+03
2.216658043650376158e+02
-1.218485128733085219e+02
-6.856500796709298129e+02
-1.215837571813388422e+03
-6.269738974244278324e+02
-3.328008310107367151e+02
5.903886886319953646e+02
1.567939131931248767e+03
1.058628469217776910e+03
-6.795288201835371638e+02
-2.869864022455022905e+02
-6.245340404081274528e+02
2.138246301663122267e+03
3.097252211410412656e+03
-1.328587430064084401e+03
-1.874367367304970685e+03
-2.368588329457965756e+03
1.131163962951626900e+03
-1.055615087537228874e+03
2.319526415744916449e+03
-3.638937841722776056e+01
-1.183257304428503403e+03
-1.214968047187704087e+03
2.354366923363114665e+02
3.307932385981339849e+03
1.853750275095883808e+03
3.703475068462851709e+02
-3.775574088362975090e+03
-2.465774584775634139e+03
1.126871281026757288e+03
7.621159710740151638e+01
1.645010892625693486e+03
-1.622165718712581338e+03
-1.440661699409348785e+03
1.005335404265748593e+02
1.655683542697713165e+03
4.467645401778566338e+03
6.924361656368644162e+02
1.296729145370560445e+03
-2.148293247532400528e+03
-2.781259215789860718e+03
-5.091288022869515117e+01
-1.181720320890809262e+03
9.125366026128943986e+02
1.263264971745276313e+02
-1.803049964877122193e+03
-1.688475100221317916e+03
-6.362361759339961509e+02
2.559344676966164116e+03
1.619930416145534991e+03
1.063247221173599428e+03
-1.640001131761696115e+03
-1.563207821611588088e+03
1.154518965632882100e+03
1.170933582730920989e+03
-2.286017708927394665e+02
-6.956704772613253454e+02
5.133519502283882048e+02
2.879259959461396079e+02
3.717965320533619433e+02
1.705777106042922242e+03
7.947199200431721238e+02
-5.685905346287415796e+02
-1.554509852478809989e+03
-2.516208775705160861e+03
5.393188178427574258e+02
9.895696803961154728e+02
4.050455233005204718e+02
-3.874486797262666187e+02
-1.528740620684672649e+03
-1.057784382342568506e+03
-6.711747060068638575e+02
1.680737922370472461e+03
1.555247011702964301e+03
1.700524514544562180e+02
2.167230956971548892e+02
-1.081579325355232868e+01
-7.361807616871591620e+01
4.883860927521099882e+01
-5.379825574781248179e+02
2.479541647896517702e+02
-1.111613022817384149e+02
-2.673640335074016150e+01
9.603368993313116562e+02
1.196366822480656538e+03
7.671017958833608645e+02
-1.320318881701884038e+03
-1.037291489602533829e+03
-1.383210805470784635e+03
-8.221649538207378782e+02
6.898085891531462721e+02
1.192229500876260772e+03
1.571705544447628711e+02
-1.623186731988072779e+03
-1.278606049694713647e+03
-6.999656051725861516e+01
9.988365175738224480e+02
9.936254307658107336e+02
9.315839481701659679e+02
1.948253404961295928e+03
-3.987033970224588302e+02
-1.566327798723654041e+03
-6.336989691599724210e+02
7.132067965904768698e+02
5.486473681149833510e+02
-3.172025441868254916e+02
3.852042479933028574e+01
-2.093519462427178723e+02
1.854348343809592166e+02
3.331230981069409722e+02
-5.381487524409666321e+02
-3.863179226786965046e+02
-6.677910566360162647e+02
-4.208246710198404230e+02
6.131345231733506580e+02
7.978176772662610574e+02
-1.420087469926012957e+01
-2.285309718371898953e+02
-2.159347660367505455e+02
-2.085142170866731988e+02
1.463512854263091469e+02
6.464609595594568248e+01
-1.267456927200235555e+02
-1.613427524733420171e+02
-3.638531370426168792e+02
-3.938295394546618127e+02
-1.316245023910766747e+02
7.363731048067698737e+00
-4.190374760999218751e+01
7.376995014332771916e+01
1.605186556033252430e+02
7.680936279059551453e+01
6.379592281851888202e+00
5.596485811283609735e+01
-6.549555662204281248e+01
-9.225695372246011061e+01
-6.507694786458927183e+01
-5.629426665817671704e+01
0.000000000000000000e+00
