9.072495690105665744e+01
2.776386149295538530e+02
-2.627043059453683327e+00
-1.320697381692754391e+02
-2.446359731631557111e+02
-4.131305910194722060e+02
2.208284743888931132e+02
4.460758390674841394e+02
-1.848865281137834415e+02
6.375916212163789396e+02
1.843067384842544811e+02
-7.210548914155538114e+02
-1.368877246278769917e+02
-1.559102373278194307e+02
2.344592548086510533e+02
7.076655804966234200e+02
-1.438185923394736676e+02
-2.005149829109342932e+02
-1.693837240846754071e+02
1.729172239136523785e+02
5.051359489274046837e+02
-1.074894251851349281e+03
1.223235250527648986e+03
-9.890455933491921314e+01
-4.341290904194329983e+02
1.210008856290387712e+03
-7.261313786918266260e+02
5.673673731952569597e+02
-7.210343392777172085e+02
-7.891217985550747471e+02
2.429377095814875815e+02
1.945406177532719312e+02
3.316457135175692656e+03
-8.855324683058505570e+02
-2.427130310060111697e+03
1.858188132536869944e+03
-3.564013687962293716e+03
2.199471825217688547e+03
1.742775663100720976e+03
-3.393179338866864327e+02
1.809676094614132580e+03
-2.888981830787846320e+03
1.698990024011072819e+01
-3.997077606749634469e+03
2.798857201503287797e+03
2.744563301839181804e+03
-1.269701250992526639e+03
3.927359967236526700e+03
-3.537667794803787274e+03
3.650967895837386550e+02
-2.104552039051668999e+03
-2.607016192790983951e+03
3.805172184809773171e+03
-1.470926335121279180e+03
4.067886550769692803e+03
-4.244899348393759055e+02
-4.757896702433818632e+02
5.782010576823413430e+02
-4.903605311131001145e+03
6.421969285942925580e+02
-3.802932666086555855e+02
3.203758985290874534e+03
2.280090927771406314e+03
-1.150635754668609025e+03
1.618970054432977804e+03
-3.609555171719709506e+03
-8.337393317950388791e+02
-1.907120536490744144e+03
7.786001529499825438e+02
3.062960400720674443e+03
3.397719308669085763e+02
2.641067286307975337e+03
-1.284704309532638717e+03
-1.008667884557042044e+03
-2.774124516420309192e+03
-2.423771997790609021e+03
3.088343233788166344e+03
2.161128081122620642e+03
-6.174276844547490555e+02
1.745494227143766238e+03
-1.496429711130156647e+03
-3.598149298702529109e+02
-1.915993980415819806e+03
-4.510004792887589815e+02
9.353254862188125571e+02
1.633057816001366746e+03
1.718233202020835506e+03
-5.916072128184051735e+02
-9.846886288686889657e+02
-3.853342063163772195e+02
-1.449126175722822609e+03
-1.249078298085285041e+03
1.917429832948004105e+03
1.356677993863153233e+02
3.973142549473377585e+03
-1.131990172443083338e+03
-1.746112710308806982e+03
-1.139602349565834857e+03
-7.003801767275940620e+02
-4.272299615297534956e+02
7.344692532610247326e+01
2.878159469231771709e+03
7.184228557661872401e+02
-3.644061028944481677e+02
-1.250082392909364899e+03
-1.281265202530165425e+03
-8.732471116692649957e+02
2.175145344864836261e+03
-5.139371349554934341e+02
1.380709903795425362e+03
4.977531434451125847e+02
-3.255571303696845007e+02
-2.088932615317471118e+03
1.106438272251102489e+03
-2.090617009867974900e+02
-2.754314497396334218e+02
2.759914405212095971e+02
-2.684629256997748143e+02
6.949589035419910488e+02
-2.853221574233182309e+02
1.249012570978184158e+03
-2.135108768604098259e+03
1.690565706233008314e+03
-7.979912880259082613e+02
9.489567032865409146e+01
4.800013559577590172e+02
-1.352829943322570045e+02
2.498882702025970275e+02
-2.018630831156395288e+03
1.645527475391543476e+03
-1.404580125614997769e+03
8.116742093865836978e+02
2.928715852677533348e+03
-1.395927612007423022e+03
-7.250852834480797355e+02
1.553950695652687273e+02
-9.352020066450060085e+02
-2.254421050457564490e+02
4.672407341188479677e+02
5.733635411516012255e+02
3.246708301847654639e+02
4.824934512345568578e+02
-1.062544472347243527e+03
-1.238523569208723529e+02
-7.063836910880434061e+01
8.845082008493762942e+02
-8.218038601014159212e+02
8.992884360175128222e+02
1.576562883888988154e+02
-1.735184741535919784e+03
2.317935850035089061e+03
2.354303217895678699e+02
-1.646835359218301164e+03
-1.209445275877298172e+03
9.834596373969019396e+02
1.466820099552373676e+03
2.282006210831100930e+02
-2.001519822283891699e+03
9.335006242389404179e+02
-7.468670260651612125e+02
2.343990277536738631e+03
-5.094391650718264941e+02
-8.118038946445227566e+02
1.007028113283340190e+03
-1.405752498974388345e+03
-1.460042345493303401e+03
6.141274260947416224e+02
5.715246511970904066e+02
1.257671259606110652e+03
5.540387738671288389e+02
-5.566964530876987283e+02
-1.492543624959927911e+03
6.166678781886363367e+02
1.528295986169398930e+03
-2.475152523237313176e+02
-2.150883437088294272e+02
1.221299546046591331e+02
-1.659933477436397880e+02
-7.650003731029005394e+02
-2.287868914424157083e+02
-2.005377492260942745e+03
1.371289369791751142e+03
1.239007482029359380e+03
-1.109065882550785091e+03
1.780399689655175052e+03
2.082986051597680216e+03
-6.197192992747656035e+02
-1.612679611034546951e+03
-9.345967976709478080e+02
-1.176865409518965862e+03
-6.872136886694991063e+02
2.146059829067333794e+03
1.412766972114431610e+03
-3.476469802631771699e+02
7.038243788187002110e+02
-1.504691156600396425e+03
-1.607874212484289274e+03
9.192245453234761499e+02
1.907063822773611719e+02
-8.620385732892657416e+02
3.121720812858974568e+03
8.461827676507725755e+02
-1.597175141410233664e+03
-7.165555311034785291e+01
-1.556553290453929776e+03
-8.744917821290930533e+02
-9.703794174627124676e+02
2.100340863032473862e+03
3.753143580474306873e+02
1.389998084975424263e+03
2.282806212026720004e+03
-2.959928756335102207e+03
-1.300768762959826518e+03
-7.463210530558610571e+02
-2.605631838234182283e+02
2.201910038960765178e+03
1.363724713587811493e+03
-9.772662151371082473e+01
-2.155358075381723665e+03
1.296306711020451530e+03
-1.785377890840307373e+03
-9.393108978860551588e+02
1.567102017809764220e+03
-1.644225702063812093e+02
1.909960309550179545e+03
-3.566898162999455053e+02
5.027019377854496724e+02
-1.258965179966078722e+03
-7.038774696747525468e+02
1.235455250873436398e+03
-3.011503963852195739e+03
1.235898293592985738e+03
2.123197280404617231e+03
-1.730099974352723393e+02
2.319058701405486318e+03
-3.083857076307709576e+03
-7.447647738958634136e+02
-2.278906929311287968e+02
4.031889537078523063e+02
1.329874402957425445e+03
-1.843437314519988604e+03
3.007936029382747165e+03
-2.270465651089075436e+03
-3.841130843455740091e+02
8.857595939743819144e+02
-1.805674778886976128e+03
1.504630644189501481e+03
5.037321149985520492e+02
1.257069800917586690e+03
3.440736016261275836e+02
-9.891221096933445551e+02
1.447479398962042978e+03
-3.675141351478065189e+03
-3.381988936817282365e+02
-2.679000372095936200e+01
-6.430125865295411813e+02
4.343098645767380731e+03
-1.592411387803757634e+02
5.573782665309730646e+02
-1.764439537442359324e+03
-1.062498930499973540e+03
-4.077136931307334180e+02
4.403957518240304125e+02
2.328276070139397689e+03
-9.934022519452237248e+02
-4.398134558970122043e+02
9.966411174924256784e+02
-2.971510268021909724e+03
-2.692223686406117622e+02
4.292076550431701776e+02
9.954128216870823280e+02
1.347397727906565933e+03
9.810752910105468345e+02
8.202274174495407806e+02
-1.540870713890675006e+03
6.394243023495766920e+02
-2.100662286647462679e+03
-1.800610905278256269e+03
1.578660312044115017e+03
5.797491262257597100e+02
1.437828930667717259e+03
1.022145439178605102e+03
-1.968657242024101379e+03
-1.228605152414834947e+03
-7.442538828258791455e+02
2.207558670074745351e+03
-1.282724076907425115e+02
5.163053739872146934e+02
1.138792247943619941e+03
-1.936836671850842322e+03
1.300288949479592020e+02
-1.396065034258852165e+03
-6.273311222003706007e+02
1.997930078276546510e+03
-4.534204494562922605e+01
9.213980736807359335e+02
-3.486374369757439240e+02
1.469628144026081827e+03
-7.356515781517690584e+02
-2.109612224680985946e+03
5.003802785267923809e+02
-1.236761503910701322e+03
5.822111929822677894e+02
1.945541940000464820e+03
-4.070348420963981653e+02
1.825146993489914848e+03
-9.490828699037228944e+02
-1.839353748325424931e+03
-8.186955520850618768e+02
3.478141946219882357e+02
1.512231831672961107e+03
-1.017130756854651963e+03
2.036657437514702224e+03
-1.344292843098732249e+02
-2.639414431589915694e+03
9.452062433554419840e+02
-1.220183948375104137e+03
5.489852130318088257e+02
1.407484425797395488e+03
1.088813852744378437e+03
4.125700662582354425e+02
-8.346405668070215143e+02
4.231856813820343177e+01
-2.337933754303342084e+03
-2.176690098525980943e+01
1.655930609250265434e+03
-1.660857932568050956e+03
1.751663004576107369e+03
4.038594886838939715e+02
5.003974255967457339e+02
-8.571664242747588105e+02
-8.110095234692911390e+02
-8.041659174825313983e+01
-9.678300537027126893e+02
3.279153915812491050e+03
-1.264440765746054694e+03
-1.058385083931758118e+03
1.226160882824850432e+03
-1.800781005466933038e+03
1.826809553265584896e+02
9.788007395306138960e+02
3.996836055123632150e+02
3.578060351420662073e+02
-2.245317623659254878e+02
2.357343799118592358e+02
-1.619837012790819927e+03
1.864980385664029654e+03
1.451650016264517262e+02
-2.076156242423762706e+03
4.113474529460038980e+02
-4.241125870919873364e+02
3.969975697186665116e+02
1.000201580713491694e+03
4.019591714523440942e+02
-7.837138558795415975e+02
9.897549515213261202e+02
1.310318406778653753e+02
-1.595454141837259158e+03
4.632986987574155364e+02
6.685494975453717643e+02
-1.364219402894595760e+03
-7.359460831067423214e+02
6.081924995493404822e+02
2.096849000595915413e+02
1.425401465995196304e+03
1.311106611511534993e+03
-1.867696007322407922e+03
-5.091688238079687494e+02
1.078618932609411559e+03
-7.793454080639395443e+02
4.937252627230029702e+02
1.229017948921038794e+02
-2.853907797605845076e+02
-1.000169795172123145e+03
8.133877028669061247e+02
-6.159204402430283380e+02
-1.051990991687777978e+03
2.345146028944105183e+03
-5.119626774869168457e+02
-2.903082228157078362e+02
6.269000518175785146e+02
1.061721705672719963e+03
-7.222906302434062127e+02
-1.274861880600319068e+02
-9.340826975646775736e+02
-1.925762931014235392e+03
9.139973057085292112e+02
1.489638491717136276e+03
-4.240691523069655204e+02
7.979552727166810655e+02
-1.007493522444750056e+02
-5.045082113957208776e+02
1.647363070073512858e+01
1.307781656308128959e+03
-1.033127091494388878e+03
-4.269368753676944266e+02
1.939912542379771367e+03
-1.919384419634008509e+03
-7.148760330359085629e+02
1.367614700186100265e+02
-7.544906369243966537e+01
9.455185085788638162e+02
-5.159067486361557542e+01
-4.571562910102918522e+02
5.288873665089915903e+02
7.656468453622447896e+02
8.460207387258965355e+02
-1.893155933662443886e+03
-1.371498295833649195e+01
-3.009277729963428101e+02
-2.304886463429595835e+02
1.635804022759446070e+03
-1.107201037059712462e+03
-8.633028851296968753e+01
-1.138147980516033471e+02
8.704989042895626881e+02
2.994165612956862788e+01
-3.241750835904879864e+02
1.169472374194631811e+03
-1.050829710179367567e+03
4.626842740986727449e+02
-6.571906343931739229e+02
-1.484057678567007770e+03
1.667214655599751495e+03
-4.424669489787032148e+02
2.398136603501773720e+02
-2.838910707036656049e+02
1.806456277764741287e+02
9.932929687720080665e+02
-6.892370486155316485e+02
6.691941398244549646e+02
-6.402280857386616617e+02
-1.312816025227374894e+03
1.642028113101345753e+03
-8.660952837268139319e+02
7.585609681855380586e+02
-1.302563792792857100e+01
-8.858748451952391179e+02
6.910589177939978072e+02
-4.764623501906792740e+02
8.840948177525207257e+02
-1.082702484824392286e+02
1.068804118160116587e+02
5.611717251613782764e+02
-1.398149454764379925e+03
2.865273499234781411e+02
-4.454951126963690626e+02
-3.080324934548778515e+02
5.675976845566493694e+02
-4.094227030815155786e+02
1.943419570853603773e+02
7.218184810568911871e+02
1.020439895740601060e+03
-4.091139320129406087e+02
-7.024139075069142564e+02
-3.520270869039730144e+01
-8.511905044398855580e+02
4.813238832517370724e+02
2.417568136025758463e+02
-2.194619819061966837e+02
5.933991385031013124e+02
-4.699318154547972881e+02
-2.916268238379117292e+02
1.590834752153456009e+02
3.705496836123940625e+02
1.036022537887649833e+03
-7.631860158118736308e+02
6.029915623985965567e+01
-5.259585725026651062e+02
-7.471162031388362266e+02
1.584402565516864570e+03
-1.420395995807013378e+03
3.958374490008084194e+02
4.004750617272506474e+00
-5.354697697881458680e+02
1.081349471899177843e+03
-3.877773360196892440e+02
1.390975147884996659e+03
-4.943219218280697760e+02
-5.292154432241303539e+02
-3.225621361892530103e+02
-9.938690728875485547e+02
1.224998545074582125e+03
-2.539370597423611002e+02
-2.068992105864185191e+02
7.764745264979095509e+02
-1.061299002132258693e+03
1.020314115093868622e+03
-8.682016497982100844e+00
3.683074962848124869e+02
-5.085640652952148457e+02
-8.404235569924735501e+02
6.951749696639003560e+02
-8.993419978548012068e+02
1.153493502464339372e+03
-1.909487636622933735e+02
-5.047536466744082304e+02
5.493708316283142494e+02
-7.099576149944382450e+02
4.479175190472157055e+02
1.960215199414233211e+02
4.697883216882133866e+02
3.172196885334939793e+02
-9.876296386506406861e+02
5.353873346075887412e+02
-9.067253591333933400e+02
-1.120842020562875518e+01
4.820571076151216516e+02
-1.341506380799311501e+03
1.003854074396659371e+03
3.094345573484304168e+02
8.213873070915956305e+02
6.273134726361579396e+02
-8.610677731018652139e+02
3.731054827886737257e-02
-1.236553962241016507e+03
3.508155943594565542e+02
-3.606662396483818611e+01
-6.380244745172851708e+02
1.390831340009986661e+03
-9.315442423474189582e+02
5.410782221216941252e+02
1.746563020576703877e+02
-2.603108757140196872e+02
1.008445759257983809e+03
-6.504028167696808396e+02
5.379764505478088950e+02
-8.431511094746110757e+02
5.172487883232396371e+02
1.024938209490704821e+02
-1.550999144565743791e+03
5.623286996463640435e+02
-8.391687621413298075e+02
2.459220773230123598e+02
1.006983286426336122e+03
3.490910708135320419e+02
1.023625303344198414e+03
4.222220334415953857e+01
-6.541982795350603510e+02
-2.567334709009186327e+02
-1.265545751488465157e+03
1.093931709883710710e+03
-2.081928012727649730e+03
1.455607798147533686e+03
3.770701466043320806e+02
-4.818408108576172708e+02
1.134146601840879839e+03
-1.127340780778771204e+03
7.504341754713636874e+02
-8.028727476276765174e+02
9.745170550957839168e+02
6.886923255128958772e+02
-2.003520026809491128e+01
4.426772225327159731e+02
-2.161046901026696105e+03
-1.034458375704803530e+03
9.749788107980533596e+02
-1.051677799748757479e+03
1.575596687700118537e+03
-2.137491286635518293e+02
6.694778597758547676e+02
3.639790618630754579e+02
6.855171978028931790e+02
7.915137347946963473e+02
-1.508213949032367054e+03
-1.801099920490619297e+02
-1.382620861133307017e+03
-7.873338614820581824e+02
1.632407884252329495e+03
-4.934837783538516760e+02
5.135207696385728013e+02
2.800969728688282316e+02
-5.851747628878938485e+02
7.118518225989816983e+00
5.613834320492211418e+02
1.376371365147726465e+03
-8.677387915134017931e+02
2.335267206446076500e+02
-4.001359604575276308e+02
-1.011234460977432263e+03
1.623522743870493059e+03
8.304462042922590399e+02
-2.298118908153700431e+03
-2.293029337251053221e+03
-9.576450688246400205e+02
6.091519048304026001e+02
3.162925845861537255e+03
3.568420960190904225e+03
-3.673324524022086734e+02
-1.125586498692764053e+03
-8.138332488715650470e+02
-8.678507248799905938e+02
2.978364771270157689e+02
-6.191575356951482263e+02
-1.943778527363482453e+03
-1.105457367621027515e+03
2.991052684947655962e+02
9.871164526687701937e+02
1.756697668925340849e+03
3.693135527141262628e+03
1.843865169236379188e+03
-7.441745940032139970e+02
-1.144099012183584591e+03
-2.399896496893050426e+03
-9.716285428487407216e+02
7.514576485137708914e+02
-7.116508479695078222e+02
-1.483364945651324888e+03
-1.347269050872339164e+02
6.165824146025685195e+02
1.159009517043603182e+03
9.171029015807935139e+02
-5.399121833996773603e+02
-1.175889263059785890e+03
5.108075824161097671e+02
1.168644500994789269e+03
3.654686393684399945e+02
9.059921966574127055e+02
-2.388102671796202685e+02
-2.513315791596463896e+03
-1.578577129348708922e+03
5.323087482324024222e+02
2.345688435260016831e+03
2.923634076505406938e+03
1.613185008694260887e+03
-9.869142222748109816e+02
-1.934155907865843119e+03
4.747120620638586115e+04
-1.424288406694207197e+03
5.066446642325735183e+02
4.341255677820798269e+02
-1.348355048875831926e+03
-1.859001560743149071e+02
9.419423077403985189e+02
1.612441894083791112e+03
-4.678099459441346539e+02
-8.824726000563157413e+02
-5.570808086879227403e+02
-4.997863373150758548e+02
2.790791297646278508e+03
1.654944076339876574e+03
6.654854243283169808e+02
-3.269571484303967281e+02
-4.297464575902517936e+03
-2.119034795986845893e+03
-2.677062056609324259e+02
3.475384891157299535e+03
3.215280628220835297e+03
1.172957294273677689e+03
5.898314895669373072e+02
-3.189037033248831904e+03
2.433685887958691296e+02
-6.535818615175174955e+02
-1.490020534327708901e+03
-1.199268908980626065e+03
-7.197148162148523625e+02
5.120920105555660484e+02
1.135584023470075181e+03
1.665677648252300969e+03
9.627268701034467995e+02
-1.555331281463813411e+03
-6.656983511692606044e+02
-8.634861213380542040e+02
2.456562873195875909e+03
3.873094576302170481e+03
-8.961359104794053110e+02
-1.619049169927649928e+03
-2.863220977745459550e+03
4.257475692427257172e+02
-1.584237602058685525e+03
2.120763449344074616e+03
5.279330724199920724e+02
-4.233097318692564954e+02
-6.307158819029257302e+02
3.171558082339584530e+02
2.723029837585672340e+03
9.933601184857832322e+02
-1.661921630039072397e+02
-3.776320655324386280e+03
-1.775545823383036122e+03
1.952345024454501072e+03
5.226209027970683110e+02
1.645632842048717293e+03
-2.463909027927902571e+03
-2.098186753249211051e+03
-4.553677787756621456e+02
1.795643497101544881e+03
5.378402861315178598e+03
1.210637368280872124e+03
2.015389760474230570e+03
-2.519662409610263239e+03
-3.467300217679596699e+03
-7.829836438041666042e+02
-1.975706959798743583e+03
1.577076310299444913e+03
5.399814358909613929e+02
-6.907829201707420452e+02
-1.235079893499873378e+03
-1.262422932339097997e+03
2.271714375124531216e+03
1.475739412354965907e+02
1.168191611593763810e+03
-1.379392685133576606e+03
-8.847051503997446389e+02
2.452054244783292233e+03
6.642950020369354434e+02
3.454139218011385992e+01
-2.008750081163052300e+03
-1.929547126994021937e+02
5.573350483466995229e+02
-6.611532132743462853e-01
3.475438790178105137e+03
8.149683813249935156e+02
-9.316777646436372606e+01
-1.686435070471001836e+03
-4.154746235691647598e+03
8.916640192019385722e+02
-3.266043193613339213e+02
1.611843204643570061e+03
2.884723980140571484e+02
-1.371796925577798902e+03
1.719296867277747651e+02
-2.520378643668412224e+03
1.914859539526313711e+03
4.911095507435514946e+02
1.315776865047255910e+02
1.483801258422645788e+03
-2.388800972219548839e+02
1.401940841283665577e+03
-7.677978135007001583e+02
-1.241308434716748025e+03
1.793931183363455375e+02
-1.643769655663443928e+03
1.442479272521343773e+03
6.932676747497323504e+02
2.197015152525641042e+03
1.588480630750354521e+03
-2.477498531024276872e+03
-5.717229384031644486e+02
-3.322515808304736311e+03
-1.778489544294345137e+02
8.056050963869751058e+02
1.714340276277550856e+03
1.519403387756371558e+03
-2.299803039674922275e+03
-1.501563505898727499e+03
-1.241079528493801945e+03
1.408993445622053287e+02
1.556219739885042827e+03
1.352667795133018444e+03
3.518041728159237209e+03
-4.986602668322063892e+01
-1.820332578352036080e+03
-1.191494524027123589e+03
-4.364562389719791327e+02
9.021240357134377064e+01
-2.159311033626632934e+02
3.414470079485699330e+02
8.839663986294298184e+02
3.362458585701082256e+02
5.405448468194788347e+02
-9.275955817930268950e+02
-8.703490082938424166e+02
-7.069320557195408128e+02
-2.844797035332729820e+02
1.054275397612812640e+03
6.402929231834912116e+02
3.337939789423465413e+02
-4.466849674651894588e+02
-6.094946426602712108e+02
-1.386636062904478592e+02
-7.112276138689118170e+02
3.673578918795739128e+02
-3.294457901943567322e+02
-2.418346923321571751e+02
-5.431395414056656534e+01
-9.224127293699841630e+02
-6.953375245460577503e+01
-3.991910667119744858e+02
-1.065923658668599217e+02
2.988917157701164911e+02
1.495673830657350152e+02
4.318246422512277150e+02
-1.027126007902770510e+02
8.470768577125160448e+01
-1.473412121686061482e+02
-2.750062050717436932e+02
-6.452741798659377537e+01
-1.076540330701481594e+02
0.000000000000000000e+00
