1.010872656112082808e+02
3.342527004979062326e+02
1.062932991162611813e+02
-1.589342208764862363e+01
-1.921104394874373611e+02
-4.957901522687351985e+02
2.580171364604597883e+01
2.624579780314139157e+02
-2.836537192367970874e+02
7.058532015964294715e+02
4.450351123039469030e+02
-4.122837813781312093e+02
3.983823628818944229e+01
-2.066885072580742246e+02
6.776269827203766027e+00
4.741462461661460566e+02
-2.616689841451819234e+02
-1.004771028322303721e+02
1.240278129748215292e+02
5.015940659113159086e+02
7.563979293534390536e+02
-1.086028615017145739e+03
9.692337996817757357e+02
-4.425816565987341846e+02
-6.942426274590792445e+02
1.312009636991395610e+03
-2.618134189662760605e+02
1.223234831978614238e+03
-2.248919214066316954e+02
-8.105527696151841610e+02
-2.993835770865848076e+02
-6.585799290799874370e+02
2.846474585701592787e+03
-5.532960357916111889e+02
-1.675279702457478152e+03
2.765429269360846320e+03
-3.081978497009860803e+03
1.999358697413299296e+03
9.815689235466818445e+02
-1.322414457216904566e+03
1.336450467354935654e+03
-2.756832394972032034e+03
7.039230847566000193e+02
-3.219207846297982087e+03
3.086598315458267734e+03
2.444952601844274795e+03
-2.169162706177352447e+03
3.177640311684648623e+03
-3.753523940895999658e+03
8.016504889399913054e+02
-1.198470864342290952e+03
-2.063826353956209005e+03
3.912762840820530982e+03
-1.897758858000373721e+03
3.385982299130040246e+03
-8.135113958210954479e+02
-5.080487927146388643e+02
1.084875216112302951e+03
-4.286914822820588597e+03
1.012042906284117294e+03
-4.737359058262443909e+02
2.555795495253038098e+03
1.613433023972656656e+03
-1.558079001560579172e+03
1.834391079033278402e+03
-2.895643086229760229e+03
-8.429332714251690106e+01
-1.402277956904610392e+03
6.243111259708394982e+02
2.445500680091290178e+03
-4.620542531477812531e+02
2.159509019255148814e+03
-1.079578432034430762e+03
-4.272297718783289042e+02
-2.046622299906041690e+03
-2.178975857529255791e+03
2.759852359257053649e+03
1.565561880130053623e+03
-1.283292351651027275e+03
1.584440157697769791e+03
-1.190455334622383361e+03
2.965644588918474369e+02
-1.269303421236384793e+03
-3.206624574685718585e+02
6.268729068063419163e+02
9.290103537415187702e+02
1.166418679607208787e+03
-6.616033439085235841e+02
-6.185292475314385001e+02
3.436849041957019040e+02
-9.350722423437412090e+02
-1.153536002799059133e+03
1.488511794402254054e+03
-5.964302356751127263e+02
3.482253312791621738e+03
-1.172549787669981697e+03
-1.184250097492183386e+03
-4.432094473055120147e+02
-3.127571594506408701e+02
-5.565666747364720095e+02
-6.076796794633802392e+02
2.195425513641447651e+03
3.422964205645035349e+02
-1.567360242703961148e+02
-5.656049831123724516e+02
-6.004444115966916797e+02
-5.020611151854775471e+02
1.897727594774435374e+03
-1.157376234750323874e+03
7.421500736466185799e+02
2.134101576004130152e+02
2.736491652108308159e+01
-1.436496715533515498e+03
1.786874221351567712e+03
5.486141990684367897e+01
-6.144608502194250832e+02
-3.966332127776859124e+02
-9.764501589640659631e+02
4.891732783993981570e+02
5.757995827769750719e+01
1.927487055710812228e+03
-1.521614745984525598e+03
1.739887987113807412e+03
-1.245143345894230151e+03
-6.496746608218404617e+02
-7.195767493328393982e+01
-1.144576895757734150e+02
7.837359934960485361e+02
-1.217473177965953710e+03
2.159395277672583234e+03
-1.434630166849615080e+03
2.519546199694399036e+02
2.170438810454443683e+03
-1.830109311682827865e+03
-6.586906510975438778e+02
7.426566309351890141e+02
-2.079997039277247097e+02
2.001408504710804834e+02
3.752352666154783947e+02
-4.011683757876242140e+01
-3.853240614969924991e+02
5.984604613032306730e+01
-9.172119490919742475e+02
5.042217301037508150e+02
5.951149069245852843e+02
1.230500135761439424e+03
-1.080650759611306967e+03
2.120485596207145704e+02
-5.254678950699836832e+02
-2.023936225731451714e+03
2.655480997792388735e+03
9.599128539038305234e+02
-9.515891450474573503e+02
-9.703534805995528814e+02
6.301697665530047061e+02
7.858040250786071965e+02
-3.908571526156210325e+02
-2.155242323308895266e+03
1.313577683082315389e+03
-8.275324000493404242e+01
2.903392487562715360e+03
-4.102595777581801713e+02
-1.224144802534930932e+03
3.286790766018513636e+02
-1.931524114942859114e+03
-1.524287056548112560e+03
1.048604435673646321e+03
1.236977295763285156e+03
1.727078776191762927e+03
5.415749769216080267e+02
-1.057934867104097748e+03
-2.172761566671601486e+03
1.765897277907231739e+02
1.618984857811242819e+03
3.226442035595549100e+02
4.766807289033134225e+02
5.308236442775163368e+02
-3.052157018876674783e+02
-1.335814284987705150e+03
-8.711504697201033878e+02
-2.328389085888574300e+03
1.567673131814405451e+03
1.804887251973621005e+03
-5.077561402040559528e+02
2.019021400009309673e+03
1.834691626343041662e+03
-1.199075046347827083e+03
-2.190099566301527830e+03
-1.117756738709829506e+03
-9.003240477802884243e+02
-9.549572944117186069e+01
2.679148831265334138e+03
1.540322316248154266e+03
-6.775725823897862483e+02
6.344564889814685671e+01
-2.009148098085703850e+03
-1.693620709507126321e+03
1.318644033266023598e+03
8.712739358855989167e+02
-3.832959677993570153e+02
3.176482340037303857e+03
4.005962981810672545e+02
-2.244983875585089663e+03
-4.901072529026072857e+02
-1.544235996096260351e+03
-3.751454084397947781e+02
-3.717171926451770787e+02
2.465684826794690707e+03
2.775163318345767038e+02
8.440424308770725474e+02
1.707749046680385845e+03
-3.301529561074647063e+03
-1.136972563259001618e+03
-1.991412161431161394e+02
3.070578573503802886e+02
2.513832630470151344e+03
1.137007314875398379e+03
-6.445097536802269360e+02
-2.748292803674254174e+03
1.027351057169326850e+03
-1.508225678390342637e+03
-3.758945838284840875e+02
2.185254068461366387e+03
4.590794836692646186e+01
1.617407258786507327e+03
-9.354821050449148743e+02
-8.551835262795100334e+01
-1.380729484647865092e+03
-3.927037667659556632e+02
1.848728336338703230e+03
-2.488956595261844086e+03
1.280734966527047845e+03
1.777129915334317957e+03
-8.244012816817893281e+02
1.863107431887409575e+03
-3.107169324940273327e+03
-3.642853954161553816e+02
4.231142793826146544e+02
8.005896099489955304e+02
1.356199648478462223e+03
-2.277185237588969358e+03
2.382151975531019161e+03
-2.640075879310803884e+03
-3.995665195821395059e+02
1.377464518073559475e+03
-1.216534580911700914e+03
1.877647708163362495e+03
4.766671498460595444e+02
7.413344062514180450e+02
-1.959591996401236145e+02
-1.351452849687114849e+03
1.566273026065105114e+03
-3.160754865916871040e+03
1.726931941622774218e+02
2.946278131104746763e+02
-8.629711948018709791e+02
3.845043576332811426e+03
-6.757661506711319817e+02
2.969370286462278159e+02
-1.497764637638723570e+03
-5.949219288750740589e+02
1.189405483150268594e+02
6.197792506297575983e+02
2.065230096231483913e+03
-1.452133578333365676e+03
-9.577931658699556010e+02
8.960001437472299131e+02
-2.730091113615551876e+03
2.173978666144301712e+02
9.064934452100055751e+02
1.048897398787893053e+03
1.115522716104460414e+03
4.583594666817296002e+02
4.254089770586369923e+02
-1.567572337344793596e+03
9.098039810053379597e+02
-1.557548373174569178e+03
-1.496436057193607667e+03
1.586417035040803057e+03
2.324389181927295454e+02
9.115968430417448189e+02
7.718536023354215558e+02
-1.961483579295536401e+03
-8.165851257497640745e+02
-2.815724642803879760e+02
2.441678067914931489e+03
-1.739431941664903718e+02
7.566388936866725601e+01
7.495192345949665196e+02
-2.173279101798553256e+03
2.447027068937773890e+02
-9.640853859256455962e+02
-2.735844524554137820e+02
2.229565152656180089e+03
-2.366502488797785588e+02
5.253066557322508743e+02
-7.081048489239873334e+02
1.283941043405365463e+03
-4.784890417729823753e+02
-1.739857718104412470e+03
8.858171483582462997e+02
-1.136843363212285112e+03
2.904458713825752056e+02
1.568684441992476650e+03
-8.055318445996038008e+02
1.811850933496468315e+03
-6.666969035691972749e+02
-1.433704446497056779e+03
-4.542032931129171516e+02
2.994643994060890577e+02
1.252738345714812112e+03
-1.454799583554611445e+03
1.746301438622052046e+03
-6.295024396574019221e+01
-2.376022763435867546e+03
1.401824397965277512e+03
-1.004206843236584177e+03
4.883883211603468908e+02
1.103702241721417295e+03
6.444053226795527962e+02
2.438351167569811651e+02
-7.822465314069369242e+02
4.109473425934995134e+02
-1.931908610509306982e+03
1.352300229074069762e+02
1.579572516085937423e+03
-2.082922708278397749e+03
1.388645400585274047e+03
2.317174117561402227e+02
6.295259407416979229e+02
-4.292608967993566580e+02
-4.837009513247299424e+02
9.774208638291192131e+01
-1.159760315407825601e+03
2.890315372863147331e+03
-1.575970074817060095e+03
-1.210524808215588564e+03
1.465037311705023740e+03
-1.458919867612858980e+03
5.022297528974107763e+02
1.079326613807880221e+03
1.524980494412870087e+02
4.097086743003854536e+01
-5.559479925084654042e+02
1.952126657684776205e+02
-1.392290159388776601e+03
2.191084152491234363e+03
4.672464150122257251e+02
-2.081825984906674876e+03
2.054235662949211871e+02
-7.805979085424480672e+02
1.126556611353742028e+02
1.021982681235343421e+03
6.009179629499406019e+02
-4.117477651562275582e+02
1.213212284513846953e+03
1.142273923329726557e+02
-1.808151567804021852e+03
1.105765271833630692e+02
5.048239836755423653e+02
-1.351437385052138779e+03
-4.966518337887724783e+02
9.147900840859490472e+02
3.433709328922274153e+02
1.405404537280166323e+03
1.052875668246658051e+03
-2.122446456235039932e+03
-6.409364141695182298e+02
1.123228634004322430e+03
-5.234647531210154057e+02
7.108141785206464647e+02
2.592838631687652082e+02
-3.653301377657399485e+02
-1.236706082102250093e+03
6.095626955620350600e+02
-7.402735978502828402e+02
-9.417555534561374770e+02
2.551627612438188862e+03
-3.122765463338744780e+02
-2.036379322972611021e+02
5.013953349306142968e+02
8.806651679209121539e+02
-9.089022371565604317e+02
-1.606440238991758065e+02
-8.070613511574044878e+02
-1.754997425709975687e+03
1.074873546416709360e+03
1.480507445370204323e+03
-5.437074951795557354e+02
6.260760915575946228e+02
-2.271313362122495789e+02
-4.758873653923348570e+02
1.297654327755680868e+02
1.479967391399150301e+03
-9.396423184729460445e+02
-4.598341441404324428e+02
1.821145028176161532e+03
-2.083795200968085737e+03
-7.843140885358986907e+02
1.722771859848816405e+02
5.565260877161680497e+01
1.092328880807196583e+03
5.895484052770432193e-01
-5.069691297905627039e+02
3.866171629812598667e+02
6.418123273800448487e+02
8.124237583272679331e+02
-1.819776670568372538e+03
1.316951539648537448e+02
-1.924539724548835409e+02
-2.148892094131816179e+02
1.541812149185903763e+03
-1.247105559134261966e+03
-1.855140539379534346e+02
-1.140456430750932100e+02
9.690649025399973198e+02
1.613986054404983008e+02
-2.315181112272532005e+02
1.159528000906364014e+03
-1.144884836483536674e+03
3.338469510511941394e+02
-7.397913636707172600e+02
-1.471438062232248512e+03
1.756125729826999532e+03
-3.121790206096609950e+02
3.100408189814818343e+02
-2.955303135541492452e+02
8.656963177990162706e+01
8.670439583010132765e+02
-7.478727157434149149e+02
6.810405504596193396e+02
-5.331496727459930298e+02
-1.199021426324529330e+03
1.698337317974531288e+03
-8.819714474362726833e+02
6.462928136425065304e+02
-1.073837599594167358e+02
-9.503467899738609503e+02
7.124900062516468324e+02
-3.784187442210645145e+02
9.635377360768119388e+02
-3.579682560763713894e+01
8.000329541402184930e+01
4.953104405282999778e+02
-1.476624102228688344e+03
2.125652755092444579e+02
-4.218110211639099703e+02
-2.725891258668426076e+02
6.571340219059056835e+02
-3.491813311550661183e+02
1.875021123315284797e+02
7.025283724296997434e+02
9.228734250505743830e+02
-4.507293172935083589e+02
-7.231302199234735326e+02
-8.798920196755105394e+00
-7.630109063616882850e+02
5.116592310182341521e+02
2.924552336101619971e+02
-2.572687474483050778e+02
5.341760644886710452e+02
-5.136700237103115114e+02
-3.610247866828856331e+02
1.953783397540123872e+02
3.925265674003986192e+02
1.111306143767225876e+03
-6.925567411382030514e+02
5.045037374869782809e+01
-5.271893649819047596e+02
-8.559831286912694850e+02
1.525215093488258390e+03
-1.453792887658083600e+03
4.046467348314335482e+02
1.261326855606876620e+02
-4.810536449826618650e+02
1.155705519069964339e+03
-4.259527093491106484e+02
1.286234382996441582e+03
-5.647340418499525185e+02
-6.254745300201597047e+02
-2.579803161489784316e+02
-9.184489223110349485e+02
1.335328566621467871e+03
-1.649143343020103316e+02
-2.716389195113865753e+02
7.188513818920445146e+02
-1.220387531745120668e+03
9.514127298358635016e+02
2.645039631087418641e+01
4.445272766143652348e+02
-3.197994200634416870e+02
-7.919756460141851448e+02
7.006702035707161258e+02
-1.019146977455565207e+03
9.684888319615695309e+02
-2.429225066594830480e+02
-5.288661083509712171e+02
7.185519275317374195e+02
-5.588077075190082041e+02
5.250570555384756517e+02
2.044587122335444178e+02
2.810987296969814224e+02
1.987982217499176159e+02
-1.102201849423842305e+03
5.729668344352817257e+02
-7.334585555738368612e+02
1.015365484552372521e+02
6.172952268144953223e+02
-1.425300934519379325e+03
8.670933435779900265e+02
1.630388482898133020e+02
6.993170133514943245e+02
7.341628074222968507e+02
-7.514790136732960946e+02
1.940999847971434917e+02
-1.159974525237049420e+03
2.532705492201552033e+02
-1.531369572346395671e+02
-8.566805750942422719e+02
1.372957424849849531e+03
-8.610318948420710967e+02
6.956972699371524413e+02
3.730227558589363639e+02
-2.778097708975506066e+02
9.537050166107879932e+02
-8.557504282060875767e+02
3.993065433690820782e+02
-8.217153722828303444e+02
5.850153870737342459e+02
3.332905363591652304e+02
-1.470446737403351790e+03
5.657087486573261685e+02
-9.590877600093683668e+02
2.150988352719502927e+01
9.567001292573979754e+02
3.331680019486765900e+02
1.206580436084661642e+03
2.272111408977993108e+02
-5.906610131949706783e+02
-2.619935744290074240e+02
-1.501026248553705955e+03
9.470055899906340073e+02
-2.169885865416368688e+03
1.528090465046204372e+03
6.244070731129295382e+02
-3.505512306080483995e+02
1.233156142082495080e+03
-1.282438486470742873e+03
5.203095447799541944e+02
-9.537717901889757286e+02
9.046618317790829451e+02
9.063580326557664648e+02
1.864325693004840900e+02
6.335741049545271153e+02
-2.151800012368319130e+03
-1.274046484629946235e+03
7.645417062298532755e+02
-1.272291024051792874e+03
1.633584144412126761e+03
1.295266702038635565e+01
9.251789119273663573e+02
5.849247390177100669e+02
5.755234030567313539e+02
5.728300056318894349e+02
-1.825197407121851484e+03
-3.607958673621413936e+02
-1.258082793000367928e+03
-5.497883300985895403e+02
2.004909446136290171e+03
-3.635386604018748926e+02
3.906341071926430573e+02
-1.783136493318371762e+01
-9.673219605011794329e+02
-8.242390577216410463e+01
6.724684399867663842e+02
1.744295619805096976e+03
-5.019542923881555794e+02
3.211743221493104556e+02
-5.323863674119248799e+02
-1.436713519683056575e+03
1.295210607713592481e+03
7.217471173511137295e+02
-2.122816048376723757e+03
-1.848269926498257973e+03
-6.421893921999387658e+02
7.395739787878504785e+02
2.919675379109458845e+03
3.133101569052251762e+03
-6.912618411954857720e+02
-1.247503622094013281e+03
-5.171995124596604683e+02
-4.505308016292432853e+02
6.520408536549210794e+02
-5.410188853041208858e+02
-2.266082744275798177e+03
-1.518309096405814671e+03
-8.036283997912885013e+01
9.678210800855270008e+02
2.079462605409803473e+03
4.126821901331660229e+03
2.216748566836446571e+03
-7.766179960481520084e+02
-1.453346022766884062e+03
-2.865105586737600333e+03
-1.314304353956960767e+03
8.087234195898098505e+02
-3.899144286779692266e+02
-9.917591323565548009e+02
1.456618477068055597e+02
5.506102839216389384e+02
8.179613677563219198e+02
4.273671201597657614e+02
-7.790281001424285705e+02
-1.105229475799798820e+03
9.000339158793691468e+02
1.632278237059906814e+03
5.664564791708238545e+02
8.140227402866637476e+02
-6.533028675756191888e+02
-2.937966823581845347e+03
-1.776156167872417427e+03
6.654627902339743741e+02
2.787401059557625103e+03
3.316611150758687927e+03
1.787384671014830019e+03
-1.177158154500531737e+03
-2.372723101137628873e+03
4.709695614776338334e+04
-1.564821003959697236e+03
7.558559773901985182e+02
8.685341299861452171e+02
-9.891244119597220106e+02
-1.085239906973604320e+02
6.478343322035314031e+02
1.188511137874011183e+03
-8.041546544694704153e+02
-8.911729507897471194e+02
-2.368332695193602717e+02
-8.304282114580003338e+01
3.093083155972158693e+03
1.611908240808510072e+03
3.266413005356884014e+02
-7.590566488560143625e+02
-4.558742397388699828e+03
-2.019805157409151889e+03
9.766854890138067447e+01
3.912525685563449315e+03
3.438686782427647813e+03
1.035722667749081211e+03
1.740211188038598209e+02
-3.648070249304471872e+03
6.644439892606571618e+01
-4.419355089712172457e+02
-1.023432064499937724e+03
-7.660678378678411491e+02
-5.908949519409998175e+02
2.525001280799943970e+02
6.281221654023223664e+02
1.244151371163846079e+03
8.941246324518606343e+02
-1.226497393072316299e+03
-1.498569010297254351e+02
-4.795435150526759003e+02
2.480580722982394946e+03
3.512639152187969103e+03
-1.423895749563549771e+03
-2.008507246303517604e+03
-2.848425379518980208e+03
8.380240892134802380e+02
-1.026514362248890393e+03
2.508068154044757193e+03
4.779089950304768308e+02
-8.799864681113090228e+02
-1.240277278804506750e+03
-6.154835593375401714e+01
2.823372593207885984e+03
1.502397410378585391e+03
4.799265802210792344e+02
-3.436484034175177840e+03
-1.941386283809632687e+03
1.388747676086298497e+03
-1.078914157242727043e+02
1.375633688684026311e+03
-2.255479921248692790e+03
-1.508176917404691494e+03
1.484656252029134009e+02
2.037936505856935128e+03
5.130749582218684736e+03
5.741090629508047414e+02
1.440261249868710820e+03
-2.743598628958081463e+03
-3.204488047509993521e+03
-1.399597025956625487e+02
-1.367424979811682761e+03
1.834770053143409768e+03
2.090393352656635955e+02
-1.374231376719229274e+03
-1.851543322826675194e+03
-1.467525765986139504e+03
2.662400558215312230e+03
8.129023666875111758e+02
1.783940104185314112e+03
-1.246197977706336360e+03
-1.344745258225278803e+03
1.772308378357824949e+03
1.113948192766292493e+02
2.712068620952632614e+01
-1.556734165294399645e+03
4.731407237380556126e+02
1.072548970818580528e+03
-2.592724828139601811e+01
3.056300544518159768e+03
1.188015286156477686e+02
-5.894917617389999123e+02
-1.687719027029656672e+03
-3.749911907217372118e+03
1.602448755740248316e+03
1.401066810261340265e+02
1.658151092099911011e+03
-1.584596417038183915e+02
-2.064286328725886960e+03
-2.263096728453698461e+02
-2.539385888347482251e+03
2.465622970771581549e+03
1.133080531420877378e+03
4.126315202417791284e+02
1.352679567824539618e+03
-8.300119842392771261e+02
8.702212992908041542e+02
-1.035760527637599125e+03
-9.985859924507435608e+02
8.152607760523245588e+02
-1.150709958160192173e+03
1.673769537282743840e+03
3.820037745351640410e+02
1.629023172529999556e+03
1.114050982397268854e+03
-2.728745211371038295e+03
-2.503557933594871656e+02
-2.734173362380900926e+03
3.589299908552115426e+02
8.766971663494359746e+02
1.231488188934953087e+03
9.283880153567350817e+02
-2.787073948613393895e+03
-1.381450218718101041e+03
-5.748878445726753625e+02
8.934896895204810789e+02
1.977425174234374936e+03
1.053644012599773532e+03
2.725593683678910111e+03
-8.787032018118977703e+02
-2.156434880848345983e+03
-8.367763638997307680e+02
2.321098279230760966e+02
7.657828865414494430e+02
1.127273790578877311e+02
1.757360905749367248e+02
3.977556336736361686e+02
-2.288810064782686311e+02
2.519240663301592065e+02
-8.336635012996842988e+02
-5.651553107606050617e+02
-3.950849927552552003e+02
-2.348589033665818135e+02
8.346307671975280300e+02
4.098347183405368241e+02
2.610298672042796397e+02
-4.457060681455409963e+02
-5.076512742486098659e+02
8.407053051896247098e+01
-4.806189392397702704e+02
6.064261011475736041e+02
-2.460839410118240380e+02
-2.834844243907710393e+02
-5.857804650169725846e+01
-9.158753600802530173e+02
6.711895000598752858e+01
-1.993831463975168674e+02
3.952808898531858972e+01
3.389101996994028241e+02
3.154378400919249970e+01
2.858247377368282969e+02
-2.070646139439963349e+02
6.915470099760244693e+01
-8.532873957526970798e+01
-2.004935296278210899e+02
2.157355591121661575e+01
-6.543630165500897533e+01
0.000000000000000000e+00
