4.104527499252074163e-01
2.315502618324225992e+00
5.248681089704726688e+00
8.818332127818118593e+00
1.250144720213105387e+01
1.539730644137738658e+01
1.749064960609745256e+01
1.956626872281194096e+01
1.855459616095065556e+01
1.724772782609571209e+01
1.632826371206431659e+01
1.416313356902498377e+01
1.065173455878197473e+01
8.947671836278582091e+00
7.081231410838726426e+00
7.433181062846864862e+00
7.207077126933564060e+00
9.581212682090711752e+00
1.369970612384146236e+01
1.881083356054810096e+01
2.595208743213625269e+01
3.411647123339814414e+01
4.125514948818683791e+01
4.758809324156050735e+01
5.349054072817420291e+01
5.796568640054495347e+01
6.225579492556720140e+01
6.544384146669281677e+01
6.734369907709655934e+01
6.683184433417996217e+01
6.350416588121732531e+01
5.826108344881147616e+01
5.711073545756508452e+01
5.689042211489244494e+01
4.867714430628606692e+01
4.826126434058232206e+01
4.802150988529449904e+01
4.841270656705704312e+01
4.523526681149689210e+01
4.669323157661911239e+01
4.359507573680882331e+01
4.159241569853342213e+01
3.275652736245505281e+01
2.523172677372951611e+01
1.269037710869308988e+01
-5.233837526951948149e+00
-1.834893434526973266e+01
-2.623933990769753422e+01
-3.861028751116656110e+01
-4.431420579992899889e+01
-4.713114940100943784e+01
-5.060236845514413062e+01
-4.499325830203517285e+01
-2.664856470301293712e+01
-1.189404510117448588e+01
1.014461329216344510e+01
3.220079506324104557e+01
5.452939143217005125e+01
7.839333253028026149e+01
9.382487404598211356e+01
1.013875163470919034e+02
1.043757056705762523e+02
9.401295000520579492e+01
7.886543161820884507e+01
6.048206415354491128e+01
3.207566434107610576e+01
5.423029230986976756e+00
-1.327449992495779441e+01
-3.024409164538797512e+01
-3.939939174590713833e+01
-4.334152670444404976e+01
-4.046686417363753918e+01
-2.896230053627352774e+01
-1.352783897572053640e+01
3.622470633149291075e+00
2.204649987202893868e+01
3.800971703246443667e+01
4.971124070688248509e+01
5.659417469547711477e+01
5.748001846700976358e+01
5.265266396770848445e+01
4.251262247249249526e+01
2.861019528178790594e+01
1.406777863716763477e+01
8.139788939300913739e-01
-9.233644921416797047e+00
-1.628268164662248552e+01
-1.697920395587365050e+01
-1.197736422085457875e+01
-2.742361570675544868e+00
1.099338110967023496e+01
2.665388048945131061e+01
4.184855035939648360e+01
5.428391433856928927e+01
6.209181433863425781e+01
6.415806032692981375e+01
5.993727574515978773e+01
4.973144596563157904e+01
3.463784521964714713e+01
1.624118587061769858e+01
-3.403576595228607005e+00
-2.200025775798179950e+01
-3.744440094284492204e+01
-4.785870789144185267e+01
-5.191255490662419447e+01
-4.902396004119727024e+01
-3.929860553392231992e+01
-2.359217631984928332e+01
-3.454463951034625779e+00
1.916032836694734343e+01
4.199064637222094376e+01
6.273902812310813459e+01
7.937159627391343975e+01
9.024318183054221265e+01
9.429956189351696594e+01
9.121175461159829467e+01
8.130429834787136656e+01
6.557590238509664005e+01
4.557681283429416652e+01
2.319410403116116015e+01
4.989907749749349364e-01
-2.046528781910861738e+01
-3.789602153373309790e+01
-5.034904208875081366e+01
-5.688570059333968487e+01
-5.712758828834876823e+01
-5.123461753850281042e+01
-3.988225337710066754e+01
-2.417173557964781239e+01
-5.494531321118914846e+00
1.458547203667798442e+01
3.447214485486278335e+01
5.267090867301617862e+01
6.789378506718833250e+01
7.913815143730232649e+01
8.574817454726800747e+01
8.743642699794462203e+01
8.427994243738555724e+01
7.669798241696376806e+01
6.540100837203864614e+01
5.132971234995564203e+01
3.558981416220277083e+01
1.936402466359372809e+01
3.835942403956643432e+00
-9.882421991112121162e+00
-2.083412401499249356e+01
-2.827647595192932073e+01
-3.172942409293097654e+01
-3.101756795591151672e+01
-2.627959034015874806e+01
-1.796252809769926273e+01
-6.792951840254659146e+00
6.283770608749314590e+00
2.017566909390894025e+01
3.373337506483849779e+01
4.585258180539026540e+01
5.556976165430212689e+01
6.215021604724099547e+01
6.515610790346285341e+01
6.448501353983894546e+01
6.037700486230340857e+01
5.338500355130076969e+01
4.431150393920037800e+01
3.411990904013349279e+01
2.382830214643009725e+01
1.439716952394921634e+01
6.625473172499454222e+00
1.067897683051974411e+00
-2.017819271462549580e+00
-2.686299268887175629e+00
-1.279885667719355524e+00
1.632024803842121230e+00
5.342114450219611399e+00
9.111258001103909265e+00
1.227708969100073233e+01
1.435046215737594011e+01
1.508614034594629061e+01
1.451750578334661412e+01
1.294981430504171271e+01
1.091195972561505023e+01
9.072744071151015888e+00
8.132539980386592759e+00
8.705019393212543477e+00
1.120589091869380027e+01
1.576480451986611442e+01
2.217420574031747904e+01
2.988461216325058700e+01
3.804945450273059748e+01
4.561608937805901576e+01
5.145330953079050573e+01
5.449997626417511754e+01
5.391601275583209940e+01
4.921583956461617504e+01
4.036546375956336874e+01
2.782851488196435241e+01
1.255245659663586011e+01
-4.106726390286824291e+00
-2.051508434647784895e+01
-3.493306384392599284e+01
-4.571060580038085419e+01
-5.148219082614185993e+01
-5.133834257076917140e+01
-4.495222586936673537e+01
-3.264461079362428819e+01
-1.537752750149700276e+01
5.324848076906712357e+00
2.752103116497617563e+01
4.904775518912291687e+01
6.774501390708182669e+01
8.168571926696267838e+01
8.938415667456773406e+01
8.995965609776934002e+01
8.323685156843696120e+01
6.977100583649138343e+01
5.079538140280624958e+01
2.809641988142357860e+01
3.830557958684995157e+00
-1.969705092904781196e+01
-4.026761821226488536e+01
-5.597210918534434398e+01
-6.539913847833905436e+01
-6.776794135306573708e+01
-6.299345823251833565e+01
-5.167831606681554035e+01
-3.503461069640918879e+01
-1.474594296194204901e+01
7.213732235233585754e+00
2.878384215052262718e+01
4.802132310724738318e+01
6.328389583065821711e+01
7.337449131516612510e+01
7.763390237743878686e+01
7.597497149983556142e+01
6.885822746973694564e+01
5.721510146975959543e+01
4.233000430495431488e+01
2.569610382618008515e+01
8.861329022602596694e+00
-6.719117296958277308e+00
-1.980945752569395069e+01
-2.948835202181415838e+01
-3.520559830921718714e+01
-3.679848433043298428e+01
-3.447012881230256909e+01
-2.873581511738094463e+01
-2.034596092670182799e+01
-1.019577996450846413e+01
7.681313664698474764e-01
1.163498294451932935e+01
2.160325325675848873e+01
3.003526611539732372e+01
3.649027603447670742e+01
4.073590453954690815e+01
4.273985930660825261e+01
4.264543263127060868e+01
4.073523877207247779e+01
3.738802274019907657e+01
3.303323701185482264e+01
2.810755933063177991e+01
2.301675366056560179e+01
1.810538731570599325e+01
1.363601115181847945e+01
9.778552452342509582e+00
6.609891025250590246e+00
4.122888927623148625e+00
2.243512294754879122e+00
8.541110511111966730e-01
-1.795843988124516954e-01
-9.805993576742224604e-01
-1.635089866869371633e+00
-2.172095083367906909e+00
-2.551542654544583399e+00
-2.662772197036243682e+00
-2.334870153937744774e+00
-1.358816454357230974e+00
4.800678842461749696e-01
3.362451297719008636e+00
7.392599429136136990e+00
1.255880674352737714e+01
1.870266402132668304e+01
2.550289750045989479e+01
3.247842085559440051e+01
3.901335882642563035e+01
4.440427953011608508e+01
4.792697073901051397e+01
4.891716057423663955e+01
4.685700962598868813e+01
4.145738006732842962e+01
3.272514922772801071e+01
2.100539950332305850e+01
6.990248656671100846e+00
-8.310727385726121241e+00
-2.363937315495289937e+01
-3.759335170810369675e+01
-4.875763311006022604e+01
-5.585061848861491285e+01
-5.786959874781430102e+01
-5.421902906321361115e+01
-4.480578264524137921e+01
-3.008817908219641168e+01
-1.106996995050768362e+01
1.076381865253942038e+01
3.356585662449570862e+01
5.529055726927217052e+01
7.388785501465540051e+01
8.750726154091478293e+01
9.469070397704550146e+01
9.453299174540666172e+01
8.679153740053529020e+01
7.193192672256631681e+01
5.110257812013308154e+01
2.603931967951893256e+01
-1.091617714545570550e+00
-2.789682987358085953e+01
-5.198458249086347394e+01
-7.119565411191078397e+01
-8.381217075441870179e+01
-8.872270242083664016e+01
-8.552658904804926010e+01
-7.456704027001569557e+01
-5.689024994582550931e+01
-3.413569511834736403e+01
-8.370042517122113779e+00
1.811715350535543223e+01
4.303413939585713877e+01
6.430106804944486498e+01
8.023596528727451016e+01
8.969473887443572835e+01
9.215297416624068205e+01
8.772394721378380211e+01
7.711428956479691976e+01
6.152524537210928202e+01
4.251275040439046649e+01
2.182309128469764659e+01
1.222365125395370455e+00
-1.766268918620900763e+01
-3.347746543112640438e+01
-4.523486990318818357e+01
-5.236722655508836510e+01
-5.473380123900471261e+01
-5.258783900736938222e+01
-4.651090259263048665e+01
-3.732491200223253003e+01
-2.599343067062584467e+01
-1.352343947172092697e+01
-8.772842201916262184e-01
1.109798770848352234e+01
2.171965206914082813e+01
3.049547151978335080e+01
3.712847491304721359e+01
4.150390290983668962e+01
4.366315076807174478e+01
4.376999023306471770e+01
4.207406365032403528e+01
3.887579807394113374e+01
3.449572144970776577e+01
2.924992029636545965e+01
2.343226716230974205e+01
1.730320835891436104e+01
1.108439678307987108e+01
4.958257189666074538e+00
-9.284077853422658677e-01
-6.457550386745182891e+00
-1.153045514477845046e+01
-1.605652992278597324e+01
-1.994132026126037971e+01
-2.307514459325040690e+01
-2.532418458630938574e+01
-2.652620214779978980e+01
-2.649312626805319582e+01
-2.502241342863418438e+01
-2.191824908003622596e+01
-1.702233001431749670e+01
-1.025226138304440582e+01
-1.643735949826284681e+00
8.609062813815853588e+00
2.012163785254166015e+01
3.230318070795092211e+01
4.436303081695165673e+01
5.534444043082314835e+01
6.418759404288115888e+01
6.982005936554510583e+01
7.126862408300200968e+01
6.778235582573287843e+01
5.895333652739255825e+01
4.481947156971685331e+01
2.593355063971753083e+01
3.384632318414453778e+00
-2.123813758113104910e+01
-4.594325963210091857e+01
-6.849295244923398229e+01
-8.660666876395478653e+01
-9.819397235931457146e+01
-1.015929964547273983e+02
-9.578740561718879576e+01
-8.057455112382650952e+01
-5.666066704907363771e+01
-2.566540552339102987e+01
9.972781079850280506e+00
4.718787440236793884e+01
8.256000287032429696e+01
1.126467345563791440e+02
1.343385372772458766e+02
1.451999376152620016e+02
1.437571646620429533e+02
1.296969839724200995e+02
1.039497994000579126e+02
6.864213910191466539e+01
2.691805893817141637e+01
-1.735585842788989552e+01
-5.997317572204188707e+01
-9.681800966705563383e+01
-1.242963717174025646e+02
-1.397200969526585652e+02
-1.415991771851043666e+02
-1.298078473152944525e+02
-1.056036743813457974e+02
-7.149558822469430197e+01
-3.097430296167104302e+01
1.186521019917665853e+01
5.276663239748559420e+01
8.777005860610216814e+01
1.136321100872573453e+02
1.281602389264882333e+02
1.304232559629160164e+02
1.208149473126819657e+02
1.009653203399739709e+02
7.351235925724954257e+01
4.176389254201677659e+01
9.292185752245107011e+00
-2.048846134123835583e+01
-4.470947863812748579e+01
-6.135463216937948516e+01
-6.944987779557777685e+01
-6.911618534287903515e+01
-6.148279182466957593e+01
-4.847620378844976585e+01
-3.251595004364526176e+01
-1.615956682746761786e+01
-1.745108541107047273e+00
8.921106113920853176e+00
1.479066416366902459e+01
1.568449293329105032e+01
1.227679477394511665e+01
5.956165475085725802e+00
-1.414743394653214636e+00
-7.805976426424429349e+00
-1.134953218285743404e+01
-1.064433964075980654e+01
-4.993644394022685340e+00
5.459151728766934220e+00
1.971619759113971782e+01
3.603577251142364446e+01
5.215392325554206820e+01
6.558804150286820800e+01
7.398186304539767377e+01
7.544539857552695139e+01
6.884356443990476748e+01
5.399373157782933674e+01
3.174418297002976885e+01
3.920984556334193627e+00
-2.685204317116224360e+01
-5.743900416112360574e+01
-8.454825916927519813e+01
-1.051152804151298596e+02
-1.166645489480777229e+02
-1.176058393804923980e+02
-1.074287927726196017e+02
-8.677276591315722953e+01
-5.736477540860501279e+01
-2.183480155083466201e+01
1.656739027403617825e+01
5.431833155075942443e+01
8.798771483652053860e+01
1.145829710101849486e+02
1.318330740551556346e+02
1.383823899451127488e+02
1.338779733226189421e+02
1.189477506360464361e+02
9.508053989225153657e+01
6.443002351289507601e+01
2.957219685760470185e+01
-6.751354661405038371e+00
-4.187385640100161055e+01
-7.340289538803932601e+01
-9.936349131171729709e+01
-1.182793180755204219e+02
-1.291966157851491914e+02
-1.316633046550410313e+02
-1.256806348468450381e+02
-1.116457322573764941e+02
-9.030064507102522953e+01
-6.269763120750553043e+01
-3.018266920902811989e+01
5.608914496342286782e+00
4.275758502718365861e+01
7.908239902580012881e+01
1.121986012565205613e+02
1.396232617556931643e+02
1.589345345453062635e+02
1.679797551268913196e+02
1.651161666718901131e+02
1.494575412183750700e+02
1.210923358529816340e+02
8.123598988018535749e+01
3.228262680046050548e+01
-2.226994348201641571e+01
-7.803406526699224344e+01
-1.300793142256822250e+02
-1.733879411819545453e+02
-2.033757497030489105e+02
-2.164213948920553889e+02
-2.103394333048702549e+02
-1.847329289474806160e+02
-1.411707050572953221e+02
-8.315189697099070543e+01
-1.584456366489039603e+01
5.438703942598918673e+01
1.206238543518370818e+02
1.761349101770216237e+02
2.151371640216644892e+02
2.334803110942474973e+02
2.291687026089786912e+02
2.026483407300762565e+02
1.568130277196244720e+02
9.671722999576600444e+01
2.902002123111469700e+01
-3.878012317819677435e+01
-9.923066217327897220e+01
-1.458225283335567326e+02
-1.737863561941261139e+02
-1.806829585341784821e+02
-1.667067754375633797e+02
-1.346557965179242728e+02
-8.956369527651983731e+01
-3.803429140969365108e+01
1.264086361571450112e+01
5.546958044281393541e+01
8.472104751796037192e+01
9.673218380026065688e+01
9.044440959599809560e+01
6.758951771903585382e+01
3.248810358657871689e+01
-8.524581675767045397e+00
-4.797911169588717684e+01
-7.834801802205360843e+01
-9.317566043645102525e+01
-8.810662282556137370e+01
-6.166458577196557655e+01
-1.566112996155367121e+01
4.484108216651678447e+01
1.120291171694279342e+02
1.762607158961038181e+02
2.273023491405889445e+02
2.557332811996701878e+02
2.543344263824749305e+02
2.192734153408279099e+02
1.509146210280100036e+02
5.412370339093541105e+01
-6.200384334853398371e+01
-1.849886702895412043e+02
-3.003114698562345666e+02
-3.931095512175132285e+02
-4.500279438163614145e+02
-4.609971760953710032e+02
-4.207081583460761749e+02
-3.295822015979015873e+02
-1.940887222009681068e+02
-2.633866129023402891e+01
1.570307511027783676e+02
3.365752389407962255e+02
4.921828807165662738e+02
6.053907687269768303e+02
6.616052393205122826e+02
6.519542179877317949e+02
5.745361826398780067e+02
4.348964188966318147e+02
2.456501853048781641e+02
2.527361367044055385e+01
-2.038156422340873632e+02
-4.176774257526267320e+02
-5.934925242798976797e+02
-7.121230644991090912e+02
-7.602871995480023770e+02
-7.320873934577551836e+02
-6.297060899392823785e+02
-4.631808375627314831e+02
-2.492811453509290232e+02
-9.617886767654162838e+00
2.317905414043696908e+02
4.512047008205630050e+02
6.277817978032734345e+02
7.458119947767962685e+02
7.963085621463108055e+02
7.777680871607099107e+02
6.960211187560444159e+02
5.632079579421738345e+02
3.960243265403948385e+02
2.134732812559481090e+02
3.442121454646299128e+01
-1.247210116941628968e+02
-2.518890820959305472e+02
-3.405833972040326216e+02
-3.902593960722708744e+02
-4.058459100290971264e+02
-3.964648770473236823e+02
-3.735345735673938634e+02
-3.485244136760915694e+02
-3.306807111225614335e+02
-3.250524599176740139e+02
-3.311122326381565699e+02
-3.421933634680204932e+02
-3.458597134326917626e+02
-3.252015419673740553e+02
-2.609258098704109443e+02
-1.339980080938533717e+02
7.148995581150700218e+01
3.655942775973559264e+02
7.503012584203680717e+02
1.218131521826903509e+03
1.751789952498673074e+03
2.324962390815046092e+03
2.904221415161204277e+03
3.451867462357201020e+03
3.929411728098930780e+03
4.301320768971341749e+03
4.538603489240653289e+03
4.621828958086994135e+03
4.543221365820291794e+03
4.307583345636623562e+03
3.931929277934878428e+03
3.443858977320991016e+03
2.878851344053247431e+03
2.276778084723679967e+03
1.678028713198678815e+03
1.119683771958695161e+03
6.321601869487710701e+02
2.366928857828560524e+02
-5.608384793883069364e+01
-2.463272489687404345e+02
-3.439669117461650103e+02
-3.666416158307834507e+02
-3.368743640791493590e+02
-2.788563428927403152e+02
-2.152467191271570641e+02
-1.643861387220687789e+02
-1.382572936856092269e+02
-1.414207854874634336e+02
-1.710273885043066002e+02
-2.178743558661740281e+02
-2.683205348381315503e+02
-3.067884438190138212e+02
-3.184955535816802126e+02
-2.920274392614163617e+02
-2.214112632539925869e+02
-1.073951500029192800e+02
4.224873429420944859e+01
2.134235357817172201e+02
3.873538099207942196e+02
5.429480063007532635e+02
6.595557006963639424e+02
7.197883344591657533e+02
7.120121145621711776e+02
6.321546732580179651e+02
4.846207434761867034e+02
2.821346192716770247e+02
4.453148532160591344e+01
-2.033728146443100115e+02
-4.346014269491396931e+02
-6.231790926883480779e+02
-7.472041707005769240e+02
-7.915476033181051889e+02
-7.497594146022397581e+02
-6.249589616397666987e+02
-4.296222914078518329e+02
-1.842604267068559523e+02
8.489074710716003835e+01
3.487919888836204905e+02
5.789295400170512949e+02
7.505645030198148788e+02
8.454937955154643987e+02
8.540924046570198698e+02
7.763566152803377918e+02
6.217268364337363664e+02
4.079574364344568949e+02
1.589565510448765906e+02
-9.806148725708094105e+01
-3.356819921398094948e+02
-5.293960114260729597e+02
-6.603605300505707874e+02
-7.172573237873996277e+02
-6.974458400865858039e+02
-6.069396501561984678e+02
-4.593227654620191629e+02
-2.739688187259517917e+02
-7.359893402493533188e+01
1.186609769588359882e+02
2.818010380502093994e+02
3.993351249416567725e+02
4.610136443757487541e+02
4.635556952726568056e+02
4.112296559037623638e+02
3.159283851746712344e+02
1.929837889886099447e+02
6.043621238607899926e+01
-6.370934267817533225e+01
-1.643779483500545098e+02
-2.297975867764363613e+02
-2.521967759563290770e+02
-2.347849835526820925e+02
-1.808474802312383076e+02
-9.932851380593308477e+01
-5.212336860848978404e+00
8.556107130023474383e+01
1.617631886149925720e+02
2.098117273860775072e+02
2.247286765284378873e+02
2.006326927262321931e+02
1.429646389735469256e+02
5.900750156718642359e+01
-4.070967154135475141e+01
-1.411498146670712970e+02
-2.281401836808842631e+02
-2.910093305752520223e+02
-3.203232401131940605e+02
-3.103073974077619823e+02
-2.616647508223917384e+02
-1.774515861823655030e+02
-6.689223743101921116e+01
5.784294567741606841e+01
1.815413736345710447e+02
2.882429885414549062e+02
3.642100584046647782e+02
4.068559146470786914e+02
4.101660902656301460e+02
3.612506141737688381e+02
2.793917369942179789e+02
1.682023998709126715e+02
4.052196296046824386e+01
-9.521037993713461844e+01
-2.157803177338955152e+02
-3.163905765498662390e+02
-3.806491141272014147e+02
-4.106331438558499372e+02
-3.962902047464787643e+02
-3.460066240253766523e+02
-2.704626830142561857e+02
-1.699472828051446811e+02
-5.209244030205003639e+01
6.022150092483056483e+01
1.652425462393407543e+02
2.503514092323480611e+02
3.015744202523225681e+02
3.230304196000329284e+02
3.227527979170471895e+02
2.880395317694851656e+02
2.346393984136462905e+02
1.646939383506646664e+02
8.765090441236090157e+01
1.683517604707922999e+01
-4.811251655338258360e+01
-1.015290506666028136e+02
-1.350289923273434454e+02
-1.567842931221244953e+02
-1.612880691583617931e+02
-1.488791765094073583e+02
-1.336782588460190482e+02
-1.132382209714261307e+02
-8.525428617268536868e+01
-6.007162172520523313e+01
-3.631124948256933749e+01
-1.921358050244387172e+01
-8.934146430648596038e+00
-2.249588041908003433e+00
-7.385379576687416403e-01
-3.817462100901200639e+00
-8.370132418056989820e+00
-1.391569018261337476e+01
-1.939807162106750837e+01
-2.324371999619142315e+01
-2.504752876233843395e+01
-2.443803818253064009e+01
-2.241167786426541042e+01
-1.969648733493883697e+01
-1.594420355693143776e+01
-1.164944046226124286e+01
-6.841124721275928522e+00
-4.188631176362768826e+00
-1.794789907354128911e+00
0.000000000000000000e+00
