7.458406887309967145e-04
4.633370387529396964e-03
1.251140703070651936e-02
2.544300115896726625e-02
4.436655294606797750e-02
6.948803543062037624e-02
1.020703150750913446e-01
1.449108737171224959e-01
1.946825910049739261e-01
2.557937392842887236e-01
3.308958200854132947e-01
4.190806423608931519e-01
5.205918418747432774e-01
6.409962083051616855e-01
7.792059457354972851e-01
9.402516986556228584e-01
1.121950705508146795e+00
1.330612994710693719e+00
1.568154001284162824e+00
1.836593260372188396e+00
2.141068598632374531e+00
2.484574746693943847e+00
2.868318540153263818e+00
3.296283621124356689e+00
3.773252884261700135e+00
4.302285315508597385e+00
4.889831936261605172e+00
5.539713229731436428e+00
6.256552847045367294e+00
7.042999334728610172e+00
7.901721695272719614e+00
8.836630975957541878e+00
9.860768591952126627e+00
1.097574924449326161e+01
1.217027771510003298e+01
1.346862270848926002e+01
1.486586514449482621e+01
1.636562627250935975e+01
1.796295840120500742e+01
1.967101278764536332e+01
2.147808612020779151e+01
2.339061619626240685e+01
2.539428601561454357e+01
2.749515616840803389e+01
2.967821321526567147e+01
3.193177270981705362e+01
3.425958427547066520e+01
3.665442122088710875e+01
3.909064114603440032e+01
4.156968399774150669e+01
4.407439008157904681e+01
4.658457036427786591e+01
4.909979347595924537e+01
5.161751801497683800e+01
5.410520319122839794e+01
5.656688412776207997e+01
5.898523577470754731e+01
6.135288042511866990e+01
6.366667276105791018e+01
6.590728344384621096e+01
6.806746577175884738e+01
7.014552850003856577e+01
7.212189303552776209e+01
7.399944033006579502e+01
7.577445254155114185e+01
7.742920600420080746e+01
7.897117855384064455e+01
8.040607322506298260e+01
8.172331769329440476e+01
8.292886467702660980e+01
8.401901880112174581e+01
8.499675175304840025e+01
8.586775638438930969e+01
8.663012855741936846e+01
8.728480665628552515e+01
8.783531612565400337e+01
8.828109461585273721e+01
8.862256308481997280e+01
8.886086199975076738e+01
8.899570321938767847e+01
8.902716152854242182e+01
8.895399734437242500e+01
8.877598358440107518e+01
8.849456313608821745e+01
8.811006615667287178e+01
8.762356793291067447e+01
8.703308386863915302e+01
8.634287133825280591e+01
8.555375379552427262e+01
8.466575043659557309e+01
8.368283614895950961e+01
8.260625370521556476e+01
8.143740305601681939e+01
8.017783624141451071e+01
7.882925228438021747e+01
7.739349207012998022e+01
7.587253319535312812e+01
7.426848484245877557e+01
7.258358265367867546e+01
7.082018360779653676e+01
6.898076092817127858e+01
6.706789900311039787e+01
6.508428831307179507e+01
6.303272039275429961e+01
6.091608279603372722e+01
5.873735407566512379e+01
5.649959878446891537e+01
5.420596247884444807e+01
5.185966673062619492e+01
4.946400415369586767e+01
4.702233342466971067e+01
4.453807431160404207e+01
4.201470270615271119e+01
3.945574564891430924e+01
3.686477635817585963e+01
3.424540925726336837e+01
3.160129499279008058e+01
2.893611545687498676e+01
2.625357880411318945e+01
2.355741446436095643e+01
2.085136815849157443e+01
1.813919691349158470e+01
1.542466407995200228e+01
1.271153435794944109e+01
1.000356882884019605e+01
7.304520000866940421e+00
4.618126871947976220e+00
1.948110010960522942e+00
-7.018333353298444877e-01
-3.328034105073378157e+00
-5.926856250668727455e+00
-8.494701527878273595e+00
-1.102801423967915895e+01
-1.352328592955099396e+01
-1.597706001894904659e+01
-1.838593638218602777e+01
-2.074657585364966650e+01
-2.305570466161743326e+01
-2.531011878201817922e+01
-2.750668820701156392e+01
-2.964236112227312958e+01
-3.171416798658927405e+01
-3.371922550938867147e+01
-3.565474051945045630e+01
-3.751801371931871643e+01
-3.930644332141763186e+01
-4.101752855936544506e+01
-4.264887306999034422e+01
-4.419818814206891489e+01
-4.566329582622400096e+01
-4.704213190238988318e+01
-4.833274870074777141e+01
-4.953331777166933136e+01
-5.064213240174166231e+01
-5.165760997213381245e+01
-5.257829415573944232e+01
-5.340285695048842740e+01
-5.413010054574078822e+01
-5.475895901914870478e+01
-5.528849986162028074e+01
-5.571792532813664423e+01
-5.604657361254658099e+01
-5.627391984457119634e+01
-5.639957690750259189e+01
-5.642329607533321223e+01
-5.634496746836001080e+01
-5.616462032647896763e+01
-5.588242309954262055e+01
-5.549868335457577473e+01
-5.501384749980189781e+01
-5.442850032555958251e+01
-5.374336436259943639e+01
-5.295929905840270635e+01
-5.207729977235285901e+01
-5.109849659090752994e+01
-5.002415296409688494e+01
-4.885566416489962194e+01
-4.759455557331763487e+01
-4.624248078715893939e+01
-4.480121956177207210e+01
-4.327267558120875890e+01
-4.165887406350282163e+01
-3.996195920297175519e+01
-3.818419145266592807e+01
-3.632794465029463993e+01
-3.439570299117359298e+01
-3.239005785192556175e+01
-3.031370446887734715e+01
-2.816943847527525691e+01
-2.596015230163953902e+01
-2.368883144375196537e+01
-2.135855060295122598e+01
-1.897246970358374085e+01
-1.653382979261381536e+01
-1.404594882656718369e+01
-1.151221735112586941e+01
-8.936094078841392729e+00
-6.321101370570787026e+00
-3.670820626375203233e+00
-9.888875917404078564e-01
1.721012414898723364e+00
4.455149347242496560e+00
7.209753342623706374e+00
9.981019693636106638e+00
1.276511387351653326e+01
1.555817660883072762e+01
1.835632899293984366e+01
2.115567763366301079e+01
2.395231982849648489e+01
2.674234876070496014e+01
2.952185870956514790e+01
3.228695026800821211e+01
3.503373556089412943e+01
3.775834345713494145e+01
4.045692476888127942e+01
4.312565743099708016e+01
4.576075165405417522e+01
4.835845504410916362e+01
5.091505768255278497e+01
5.342689715936182893e+01
5.589036355313520232e+01
5.830190435135200744e+01
6.065802930435414453e+01
6.295531520663200808e+01
6.519041059907421243e+01
6.736004038593202381e+01
6.946101036034855269e+01
7.149021163241040711e+01
7.344462495379286793e+01
7.532132493319286937e+01
7.711748413687544712e+01
7.883037706879179041e+01
8.045738402488009910e+01
8.199599481630355058e+01
8.344381235654432771e+01
8.479855610743655348e+01
8.605806537939066914e+01
8.722030248124437435e+01
8.828335571535588144e+01
8.924544221374868869e+01
9.010491061130849744e+01
9.086024355224105875e+01
9.151006002619976698e+01
9.205311753070652969e+01
9.248831405670532035e+01
9.281468989430956640e+01
9.303142925602298874e+01
9.313786171495281963e+01
9.313346345575538976e+01
9.301785833629647016e+01
9.279081875824439862e+01
9.245226634505438312e+01
9.200227242604979949e+01
9.144105832554399171e+01
9.076899545620352683e+01
8.998660521609326679e+01
8.909455868909807918e+01
8.809367614866933138e+01
8.698492636508801468e+01
8.576942571669530935e+01
8.444843710578899731e+01
8.302336868013561855e+01
8.149577236130046742e+01
7.986734218124271933e+01
7.813991242887647104e+01
7.631545560853997756e+01
7.439608021256107406e+01
7.238402831035050156e+01
7.028167295669278758e+01
6.809151542213878372e+01
6.581618224864253364e+01
6.345842213380849728e+01
6.102110264734713496e+01
5.850720678355483528e+01
5.591982935385213693e+01
5.326217322362927575e+01
5.053754539785413158e+01
4.774935296010055197e+01
4.490109886985169396e+01
4.199637762313012956e+01
3.903887078167990410e+01
3.603234237612061008e+01
3.298063418865349661e+01
2.988766092107300665e+01
2.675740525399498893e+01
2.359391280336518548e+01
2.040128698045300837e+01
1.718368376168156431e+01
1.394530637476499635e+01
1.069039990775226556e+01
7.423245847690395749e+00
4.148156555719936023e+00
8.694696855225458876e-01
-2.408457447880820723e+00
-5.681253541894463410e+00
-8.944539015520859948e+00
-1.219393174672500635e+01
-1.542505283071596978e+01
-1.863353235183246426e+01
-2.181501516167661947e+01
-2.496516665611907371e+01
-2.807967854377929839e+01
-3.115427459857469472e+01
-3.418471638893634434e+01
-3.716680897629941427e+01
-4.009640657549172715e+01
-4.296941816967856909e+01
-4.578181307255708532e+01
-4.852962643053913894e+01
-5.120896465772354134e+01
-5.381601079651861141e+01
-5.634702979685405921e+01
-5.879837370700421673e+01
-6.116648676913725069e+01
-6.344791041280694799e+01
-6.563928813971364207e+01
-6.773737029317817360e+01
-6.973901870590430008e+01
-7.164121121973553841e+01
-7.344104607125916573e+01
-7.513574613726230211e+01
-7.672266303420238387e+01
-7.819928106602253592e+01
-7.956322101482020059e+01
-8.081224376905322515e+01
-8.194425378416116246e+01
-8.295730237067633084e+01
-8.384959080509771923e+01
-8.461947325901121530e+01
-8.526545954215885104e+01
-8.578621765537104693e+01
-8.618057614951449352e+01
-8.644752628683016837e+01
-8.658622400127660512e+01
-8.659599165473761673e+01
-8.647631958619544434e+01
-8.622686745122273066e+01
-8.584746534940349250e+01
-8.533811473754579424e+01
-8.469898912681303216e+01
-8.393043456216848597e+01
-8.303296988278694357e+01
-8.200728676236113301e+01
-8.085424952850361535e+01
-7.957489476071137346e+01
-7.817043066664180628e+01
-7.664223623671745145e+01
-7.499186017735866017e+01
-7.322101962341274373e+01
-7.133159863063329453e+01
-6.932564644932899967e+01
-6.720537558058590832e+01
-6.497315961673398022e+01
-6.263153086800609515e+01
-6.018317777760765352e+01
-5.763094212768146463e+01
-5.497781603892519797e+01
-5.222693876687374370e+01
-4.938159329813117893e+01
-4.644520275008309795e+01
-4.342132657788289407e+01
-4.031365659274970881e+01
-3.712601279586651515e+01
-3.386233903240297138e+01
-3.052669847042501772e+01
-2.712326890968810744e+01
-2.365633792553076375e+01
-2.013029785330665788e+01
-1.654964061900952288e+01
-1.291895242194725313e+01
-9.242908275526673378e+00
-5.526266412401184880e+00
-1.773862560421235912e+00
2.009395903994658283e+00
5.818535918277532915e+00
9.648524804961127188e+00
1.349427644466142340e+01
1.735065754352758916e+01
2.121249398776670603e+01
2.507457727772032285e+01
2.893167103384421068e+01
3.277851756683433848e+01
3.660984450403610424e+01
4.042037146418251581e+01
4.420481677242042196e+01
4.795790420751234961e+01
5.167436977303011503e+01
5.534896848431074545e+01
5.897648116288932840e+01
6.255172123009565865e+01
6.606954149147222211e+01
6.952484090365615543e+01
7.291257131536519864e+01
7.622774417412574621e+01
7.946543719040580811e+01
8.262080095083095443e+01
8.568906547220429104e+01
8.866554668809187945e+01
9.154565285979222722e+01
9.432489090357640293e+01
9.699887262615530403e+01
9.956332086042210960e+01
1.020140754936090417e+02
1.043470993801049644e+02
1.065584841312930280e+02
1.086444557748942259e+02
1.106013802764356342e+02
1.124257689156025037e+02
1.141142835103889865e+02
1.156637414821229299e+02
1.170711207546051753e+02
1.183335644807911677e+02
1.194483855906182015e+02
1.204130711537873708e+02
1.212252865515051781e+02
1.218828794514016778e+02
1.223838835800638378e+02
1.227265222878440341e+02
1.229092119008365387e+02
1.229305648551583801e+02
1.227893926089097221e+02
1.224847083274489563e+02
1.220157293378661905e+02
1.213818793488121912e+02
1.205827904321005946e+02
1.196183047627776688e+02
1.184884761146363275e+02
1.171935711084256866e+02
1.157340702103016525e+02
1.141106684783521246e+02
1.123242760553215618e+02
1.103760184059604228e+02
1.082672362977238265e+02
1.059994855238432905e+02
1.035745363681013202e+02
1.009943728109443555e+02
9.826119147687384725e+01
9.537740032336616025e+01
9.234561707187664581e+01
8.916866738179459162e+01
8.584958276852050574e+01
8.239159826714687540e+01
7.879814984353075147e+01
7.507287155484691255e+01
7.121959246201996052e+01
6.724233329673063508e+01
6.314530288599178220e+01
5.893289433758666007e+01
5.460968098995196840e+01
5.018041213038365811e+01
4.565000848572113057e+01
4.102355748995326223e+01
3.630630833346430109e+01
3.150366679890844068e+01
2.662118988897260863e+01
2.166458025154082634e+01
1.663968040803962367e+01
1.155246679098276275e+01
6.409043596981760516e+00
1.215636461725310369e+00
-4.021414036344111764e+00
-9.295659036704520872e+00
-1.460054821461318397e+01
-1.992943674877800220e+01
-2.527559243127478794e+01
-3.063220291194889455e+01
-3.599238306936440779e+01
-4.134918250018803576e+01
-4.669559311873646834e+01
-5.202455685825857756e+01
-5.732897346538145200e+01
-6.260170837901991092e+01
-6.783560068491459560e+01
-7.302347113686114710e+01
-7.815813023558138184e+01
-8.323238635609740754e+01
-8.823905391438651691e+01
-9.317096156401814255e+01
-9.802096041342204558e+01
-1.027819322543751355e+02
-1.074467977922608668e+02
-1.120085248686263526e+02
-1.164601366665414446e+02
-1.207947198892591416e+02
-1.250054329026806670e+02
-1.290855138321446702e+02
-1.330282886040845653e+02
-1.368271789231377795e+02
-1.404757101753388611e+02
-1.439675192480864609e+02
-1.472963622576494060e+02
-1.504561221750517177e+02
-1.534408163412776105e+02
-1.562446038628343956e+02
-1.588617928788268614e+02
-1.612868476908236630e+02
-1.635143957469293809e+02
-1.655392344716206594e+02
-1.673563379330623206e+02
-1.689608633397846518e+02
-1.703481573587757225e+02
-1.715137622472319379e+02
-1.724534217904015350e+02
-1.731630870381590057e+02
-1.736389218331638062e+02
-1.738773081236760731e+02
-1.738748510543316570e+02
-1.736283838284189187e+02
-1.731349723354454966e+02
-1.723919195380333917e+02
-1.713967696124501003e+02
-1.701473118373444322e+02
-1.686415842255346718e+02
-1.668778768939779980e+02
-1.648547351673405785e+02
-1.625709624108762625e+02
-1.600256225886279822e+02
-1.572180425432682966e+02
-1.541478139942021244e+02
-1.508147952508754770e+02
-1.472191126385478697e+02
-1.433611616341094361e+02
-1.392416077098504559e+02
-1.348613868834193568e+02
-1.302217059725380182e+02
-1.253240425533740421e+02
-1.201701446218088165e+02
-1.147620299571769351e+02
-1.091019851883879710e+02
-1.031925645626862291e+02
-9.703658841763858334e+01
-9.063714135728417887e+01
-8.399757013371453240e+01
-7.712148123569761538e+01
-7.001273818628824586e+01
-6.267545855171077562e+01
-5.511401066412670957e+01
-4.733301006123714672e+01
-3.933731564599244734e+01
-3.113202557001304172e+01
-2.272247284464032191e+01
-1.411422068385971329e+01
-5.313057583648060245e+00
3.675007857390994559e+00
1.284375237093999544e+01
2.218674369996203666e+01
3.169734652202366476e+01
4.136872860889765491e+01
5.119386721612852398e+01
6.116555569595931274e+01
7.127641032675963118e+01
8.151887735183413497e+01
9.188524022023543125e+01
1.023676270219720124e+02
1.129580181097551872e+02
1.236482538992138274e+02
1.344300428392816116e+02
1.452949695442561335e+02
1.562345030788316649e+02
1.672400053872146657e+02
1.783027398572575635e+02
1.894138800103714857e+02
2.005645183078277114e+02
2.117456750638970391e+02
2.229483074561555611e+02
2.341633186231435673e+02
2.453815668394583724e+02
2.565938747582521842e+02
2.677910387110171087e+02
2.789638380544563461e+02
2.901030445541671270e+02
3.011994317948100957e+02
3.122437846063854181e+02
3.232269084962074430e+02
3.341396390761403268e+02
3.449728514746541919e+02
3.557174697232533163e+02
3.663644761068468370e+02
3.769049204676562681e+02
3.873299294522863079e+02
3.976307156916434451e+02
4.077985869034334314e+02
4.178249549070566786e+02
4.277013445407908989e+02
4.374194024712542159e+02
4.469709058852490671e+02
4.563477710541971533e+02
4.655420617615189940e+02
4.745459975834405668e+02
4.833519620138716846e+02
4.919525104241541840e+02
5.003403778486607507e+02
5.085084865874042634e+02
5.164499536170120564e+02
5.241580978016288554e+02
5.316264468955197344e+02
5.388487443293761316e+02
5.458189557725547729e+02
5.525312754637291164e+02
5.589801323026770206e+02
5.651601956961947053e+02
5.710663811513940118e+02
5.766938556099123616e+02
5.820380425168577858e+02
5.870946266185915192e+02
5.918595584837585193e+02
5.963290587422806084e+02
6.004996220373262759e+02
6.043680206856107588e+02
6.079313080416786761e+02
6.111868215621683476e+02
6.141321855663777569e+02
6.167653136897974946e+02
6.190844110276105994e+02
6.210879759655151702e+02
6.227748016955762296e+02
6.241439774151565416e+02
6.251948892073409070e+02
6.259272206016246400e+02
6.263409528139773101e+02
6.264363646657759546e+02
6.262140321814487152e+02
6.256748278649962458e+02
6.248199196560073005e+02
6.236507695660667423e+02
6.221691319967839036e+02
6.203770517411484207e+02
6.182768616702051077e+02
6.158711801073242214e+02
6.131629078929054231e+02
6.101552251425022178e+02
6.068515877017454159e+02
6.032557233020269223e+02
5.993716274209026551e+02
5.952035588516669122e+02
5.907560349870786922e+02
5.860338268222594706e+02
5.810419536821500515e+02
5.757856776794052394e+02
5.702704979088015307e+02
5.645021443846432021e+02
5.584865717276269379e+02
5.522299526083353385e+02
5.457386709545347685e+02
5.390193149298660273e+02
5.320786696915544098e+02
5.249237099352196765e+02
5.175615922352767484e+02
5.099996471894482966e+02
5.022453713756519846e+02
4.943064191311310083e+02
4.861905941622133582e+02
4.779058409943542074e+02
4.694602362725302100e+02
4.608619799206878724e+02
4.521193861708092641e+02
4.432408744717649824e+02
4.342349602865128304e+02
4.251102457900555009e+02
4.158754104768586330e+02
4.065392016872039562e+02
3.971104250651696361e+02
3.875979349570728800e+02
3.780106247592016757e+02
3.683574172284791075e+02
3.586472547628906682e+02
3.488890896636669936e+02
3.390918743887876303e+02
3.292645518062879546e+02
3.194160454575393260e+02
3.095552498427626915e+02
2.996910207305313634e+02
2.898321655063451772e+02
2.799874335666174829e+02
2.701655067635098817e+02
2.603749899096782769e+02
2.506244013515979248e+02
2.409221636102774937e+02
2.312765941057901387e+02
2.216958959634122834e+02
2.121881489051482959e+02
2.027613002380740852e+02
1.934231559395879003e+02
1.841813718364172132e+02
1.750434448981908986e+02
1.660167046314850268e+02
1.571083045843548689e+02
1.483252139700321663e+02
1.396742094040061488e+02
1.311618667574269921e+02
1.227945531468404283e+02
1.145784190344154467e+02
1.065193904707511621e+02
9.862316147603826266e+01
9.089518655059156060e+01
8.334067333743641370e+01
7.596457545232654240e+01
6.877158544877558199e+01
6.176612797499082319e+01
5.495235310784502758e+01
4.833412987050164134e+01
4.191575535110322903e+01
3.570275104723555160e+01
2.969864979597090837e+01
2.390682300136018057e+01
1.833013528317724194e+01
1.297037182968972502e+01
7.830017770437393665e+00
2.912621581561694484e+00
-1.784683618136625682e+00
-6.257346124453391667e+00
-1.050318729055295819e+01
-1.452396450634373082e+01
-1.832053430900259627e+01
-2.188895565045811509e+01
-2.523244120829644999e+01
-2.834850717847631074e+01
-3.124229576303584111e+01
-3.391086347153876090e+01
-3.635628639022196751e+01
-3.858093762212544675e+01
-4.058459433422879670e+01
-4.236974351288225193e+01
-4.394103086327734786e+01
-4.530070949223598120e+01
-4.645076637663395047e+01
-4.739538950058002342e+01
-4.813588442333596618e+01
-4.867672460037604765e+01
-4.902199465719368732e+01
-4.917809881957754214e+01
-4.915164521792628705e+01
-4.894825240334299110e+01
-4.856506707678913415e+01
-4.801124675776814854e+01
-4.730832581010264448e+01
-4.644257511863641952e+01
-4.543022668635384065e+01
-4.427864459705170219e+01
-4.300347791226440819e+01
-4.160230672028904308e+01
-4.009741721544246928e+01
-3.849233759939621535e+01
-3.681075004989371280e+01
-3.505519668029572244e+01
-3.324864995719779159e+01
-3.140924200588333548e+01
-2.953898859062162785e+01
-2.765049989165699174e+01
-2.577314448626026788e+01
-2.390783046879826301e+01
-2.207326900098238198e+01
-2.028941988880103153e+01
-1.855543663098552543e+01
-1.687243809223958380e+01
-1.527008485593324849e+01
-1.374012975005333992e+01
-1.229529392100313601e+01
-1.093737601714279783e+01
-9.663670145548969970e+00
-8.486952860082555006e+00
-7.406983299658884690e+00
-6.417892030470360609e+00
-5.531184080547555837e+00
-4.735496889996808179e+00
-4.026501011353959214e+00
-3.413425353484287772e+00
-2.880248195516727616e+00
-2.413827888619556550e+00
-2.017629617997413138e+00
-1.678824138528584919e+00
-1.394860231029466879e+00
-1.156947064692454230e+00
-9.544211109861809872e-01
-7.848563192485495943e-01
-6.433548360225492813e-01
-5.230291848583531467e-01
-4.216082893274907817e-01
-3.361862740200157740e-01
-2.635429226622739152e-01
-2.022446514001975670e-01
-1.507770268060693863e-01
-1.091652061172132260e-01
-7.660670945316183644e-02
-5.091289502432190528e-02
-3.130416409222221141e-02
-1.650655887169921038e-02
-8.445991785238863431e-03
-3.037831499355211646e-03
0.000000000000000000e+00
