0 290.6
0.02 300.3
0.04 297.9
0.06 300.7
0.08 293
0.1 286.8
0.12 302.7
0.14 300.6
0.16 290.9
0.18 292.6
0.2 298.3
0.22 292.6
0.24 287
0.26 307.2
0.28 294.3
0.3 298.9
0.32 295.9
0.34 292.1
0.36 296.8
0.38 298.3
0.4 296.3
0.42 285.6
0.44 285.1
0.46 303.9
0.48 289.8
0.5 296.3
0.52 300.1
0.54 293.9
0.56 295.1
0.58 297.5
0.6 294.6
0.62 309.1
0.64 301.8
0.66 297.6
0.68 303.7
0.7 296.5
0.72 307.7
0.74 305.4
0.76 302.1
0.78 295
0.8 301.7
0.82 301
0.84 293.8
0.86 302.9
0.88 307.1
0.9 301.1
0.92 299
0.94 298
0.96 301
0.98 297.8
1 302.2
1.02 296
1.04 294.4
1.06 296.9
1.08 307.4
1.1 292.4
1.12 304.1
1.14 300.4
1.16 297.8
1.18 298
1.2 304.6
1.22 303.5
1.24 307.6
1.26 298
1.28 296
1.3 299.9
1.32 303.4
1.34 298.4
1.36 303.5
1.38 307.2
1.4 308.1
1.42 295.4
1.44 296.3
1.46 295
1.48 295.9
1.5 292.5
1.52 302.7
1.54 310.9
1.56 305.1
1.58 308.1
1.6 306.2
1.62 303.8
1.64 305.3
1.66 301.6
1.68 306.4
1.7 305.5
1.72 322.9
1.74 317.7
1.76 303.7
1.78 315.8
1.8 312.5
1.82 319.5
1.84 315.4
1.86 314.2
1.88 316.3
1.9 326.1
1.92 321.1
1.94 326.3
1.96 325.1
1.98 327.9
2 329
2.02 332.9
2.04 338.3
2.06 325.2
2.08 336.9
2.1 342.1
2.12 352.9
2.14 347.5
2.16 361.9
2.18 356.9
2.2 363.8
2.22 370.8
2.24 383.6
2.26 387.5
2.28 397.1
2.3 390.5
2.32 416.7
2.34 430.5
2.36 427.8
2.38 437.9
2.4 443.5
2.42 447.3
2.44 461.2
2.46 471.2
2.48 474
2.5 484.2
2.52 479.3
2.54 479.6
2.56 485.1
2.58 487.5
2.6 489
2.62 497.1
2.64 482.9
2.66 480.1
2.68 484
2.7 483.1
2.72 491.1
2.74 498.9
2.76 501.8
2.78 490.5
2.8 511.8
2.82 499.8
2.84 497.7
2.86 495.5
2.88 511
2.9 495.7
2.92 496.5
2.94 497.3
2.96 475.8
2.98 498.4
3 509.9
3.02 486.5
3.04 503.3
3.06 487.8
3.08 502.4
3.1 508.4
3.12 512.8
3.14 497.1
3.16 495.7
3.18 499.9
3.2 500.6
3.22 486.3
3.24 504.9
3.26 506.2
3.28 507.6
3.3 499.7
3.32 502.5
3.34 491.7
3.36 497.9
3.38 485.8
3.4 492.5
3.42 498.6
3.44 510.7
3.46 503.7
3.48 500.8
3.5 490.9
3.52 499.2
3.54 500.8
3.56 500.4
3.58 488.7
3.6 497.2
3.62 520
3.64 498.6
3.66 514.4
3.68 521.5
3.7 525.7
3.72 515
3.74 520
3.76 500.4
3.78 518.5
3.8 508
3.82 521.7
3.84 520.8
3.86 514.2
3.88 516.9
3.9 532.1
3.92 524.1
3.94 525.9
3.96 526.4
3.98 532.3
4 528.2
4.02 532.1
4.04 537
4.06 529.7
4.08 538.2
4.1 524.9
4.12 541.3
4.14 546.9
4.16 522.3
4.18 541.5
4.2 538.4
4.22 530.7
4.24 558.7
4.26 556.5
4.28 557.5
4.3 549.4
4.32 572.8
4.34 565.7
4.36 562.8
4.38 564.6
4.4 574.4
4.42 568
4.44 565.5
4.46 580.9
4.48 575.4
4.5 582.3
4.52 583.5
4.54 585.7
4.56 589
4.58 589
4.6 580.4
4.62 594.2
4.64 598.7
4.66 586.5
4.68 608.4
4.7 608.7
4.72 599.7
4.74 603.5
4.76 593.5
4.78 599.8
4.8 626
4.82 617.5
4.84 624.7
4.86 621.8
4.88 628
4.9 633.2
4.92 634
4.94 612.6
4.96 607.8
4.98 617.6
5 626.1
5.02 622.4
5.04 639.9
5.06 621.3
5.08 629.5
5.1 633
5.12 611.3
5.14 630.1
5.16 643.3
5.18 645.8
5.2 633.5
5.22 628.5
5.24 638.8
5.26 626.3
5.28 631.6
5.3 628.3
5.32 654.4
5.34 628.1
5.36 629.1
5.38 634.8
5.4 634.4
5.42 631.6
5.44 611.6
5.46 639.4
5.48 638.5
5.5 634.1
5.52 634.4
5.54 653.9
5.56 634.8
5.58 631.7
5.6 636.3
5.62 632.1
5.64 624.8
5.66 619.3
5.68 635.8
5.7 630.1
5.72 626.9
5.74 614.9
5.76 637.2
5.78 632.4
5.8 640.7
5.82 631
5.84 643
5.86 647.1
5.88 631.8
5.9 635.6
5.92 641.1
5.94 628.7
5.96 628.1
5.98 629.6
6 622.7
6.02 643
6.04 645.6
6.06 643.5
6.08 649.6
6.1 635.9
6.12 639.8
6.14 647.6
6.16 649.6
6.18 640
6.2 644.6
6.22 638.3
6.24 640.4
6.26 643.6
6.28 662.3
6.3 645
6.32 652.3
6.34 632
6.36 663
6.38 635.7
6.4 643.8
6.42 646.3
6.44 647.3
6.46 661.4
6.48 661.3
6.5 658.4
6.52 655.3
6.54 672.7
6.56 670.1
6.58 676.7
6.6 665.9
6.62 658.8
6.64 659.6
6.66 653.8
6.68 671.2
6.7 663.1
6.72 666.2
6.74 668.9
6.76 667.4
6.78 662.2
6.8 668
6.82 660.6
6.84 658.8
6.86 677
6.88 660.8
6.9 660.8
6.92 682.7
6.94 664.8
6.96 689
6.98 677.2
7 684.6
