#energy geo_1 
400 4.49454e-06 
400.53 4.49415e-06 
401.061 4.49377e-06 
401.591 4.49337e-06 
402.121 4.49297e-06 
402.651 4.49257e-06 
403.182 4.49216e-06 
403.712 4.49175e-06 
404.242 4.49135e-06 
404.772 4.49096e-06 
405.303 4.49057e-06 
405.833 4.49021e-06 
406.363 4.48987e-06 
406.894 4.48957e-06 
407.424 4.48931e-06 
407.954 4.4891e-06 
408.484 4.48894e-06 
409.015 4.48879e-06 
409.545 4.48859e-06 
410.075 4.48826e-06 
410.605 4.48771e-06 
411.136 4.48691e-06 
411.666 4.48592e-06 
412.196 4.48484e-06 
412.727 4.48374e-06 
413.257 4.48267e-06 
413.787 4.48165e-06 
414.317 4.4807e-06 
414.848 4.47979e-06 
415.378 4.47892e-06 
415.908 4.4781e-06 
416.438 4.47731e-06 
416.969 4.47656e-06 
417.499 4.47585e-06 
418.029 4.47517e-06 
418.56 4.47452e-06 
419.09 4.47387e-06 
419.62 4.47318e-06 
420.15 4.47238e-06 
420.681 4.47143e-06 
421.211 4.4703e-06 
421.741 4.46904e-06 
422.271 4.46772e-06 
422.802 4.46638e-06 
423.332 4.46504e-06 
423.862 4.46373e-06 
424.393 4.46242e-06 
424.923 4.46114e-06 
425.453 4.45985e-06 
425.983 4.45856e-06 
426.514 4.45726e-06 
427.044 4.45595e-06 
427.574 4.45464e-06 
428.104 4.4533e-06 
428.635 4.45194e-06 
429.165 4.45057e-06 
429.695 4.44917e-06 
430.226 4.44776e-06 
430.756 4.44633e-06 
431.286 4.44488e-06 
431.816 4.44341e-06 
432.347 4.44193e-06 
432.877 4.44044e-06 
433.407 4.43895e-06 
433.938 4.43747e-06 
434.468 4.436e-06 
434.998 4.43455e-06 
435.528 4.43315e-06 
436.059 4.43183e-06 
436.589 4.43064e-06 
437.119 4.42965e-06 
437.649 4.42898e-06 
438.18 4.42883e-06 
438.71 4.42959e-06 
439.24 4.43207e-06 
439.771 4.43807e-06 
440.301 4.45218e-06 
440.831 4.48722e-06 
441.361 4.56367e-06 
441.892 4.58104e-06 
442.422 4.49987e-06 
442.952 4.45236e-06 
443.482 4.43113e-06 
444.013 4.42036e-06 
444.543 4.4138e-06 
445.073 4.40909e-06 
445.604 4.40529e-06 
446.134 4.40199e-06 
446.664 4.39905e-06 
447.194 4.39635e-06 
447.725 4.39386e-06 
448.255 4.39151e-06 
448.785 4.38928e-06 
449.315 4.38714e-06 
449.846 4.38507e-06 
450.376 4.38306e-06 
450.906 4.3811e-06 
451.437 4.37916e-06 
451.967 4.37722e-06 
452.497 4.37522e-06 
453.027 4.37313e-06 
453.558 4.37092e-06 
454.088 4.36864e-06 
454.618 4.36632e-06 
455.148 4.36403e-06 
455.679 4.36178e-06 
456.209 4.35956e-06 
456.739 4.35736e-06 
457.27 4.35512e-06 
457.8 4.35283e-06 
458.33 4.35052e-06 
458.86 4.34826e-06 
459.391 4.3462e-06 
459.921 4.34446e-06 
460.451 4.34325e-06 
460.981 4.34283e-06 
461.512 4.34372e-06 
462.042 4.34685e-06 
462.572 4.3543e-06 
463.103 4.37103e-06 
463.633 4.41057e-06 
464.163 4.50813e-06 
464.693 4.64894e-06 
465.224 4.561e-06 
465.754 4.43192e-06 
466.284 4.36977e-06 
466.814 4.34128e-06 
467.345 4.32628e-06 
467.875 4.31724e-06 
468.405 4.3112e-06 
468.936 4.30686e-06 
469.466 4.30358e-06 
469.996 4.30104e-06 
470.526 4.29908e-06 
471.057 4.29764e-06 
471.587 4.29669e-06 
472.117 4.2963e-06 
472.647 4.29653e-06 
473.178 4.2975e-06 
473.708 4.29937e-06 
474.238 4.30228e-06 
474.769 4.30633e-06 
475.299 4.31149e-06 
475.829 4.3176e-06 
476.359 4.32471e-06 
476.89 4.33478e-06 
477.42 4.35502e-06 
477.95 4.37696e-06 
478.48 4.34825e-06 
479.011 4.31725e-06 
479.541 4.30183e-06 
480.071 4.29804e-06 
480.602 4.29755e-06 
481.132 4.28384e-06 
481.662 4.27176e-06 
482.192 4.26426e-06 
482.723 4.25925e-06 
483.253 4.25642e-06 
483.783 4.25749e-06 
484.313 4.26301e-06 
484.844 4.25602e-06 
485.374 4.24398e-06 
485.904 4.23659e-06 
486.435 4.23207e-06 
486.965 4.22891e-06 
487.495 4.22652e-06 
488.025 4.22471e-06 
488.556 4.22339e-06 
489.086 4.2226e-06 
489.616 4.22233e-06 
490.146 4.22264e-06 
490.677 4.22355e-06 
491.207 4.22507e-06 
491.737 4.22718e-06 
492.268 4.22997e-06 
492.798 4.23371e-06 
493.328 4.23874e-06 
493.858 4.24541e-06 
494.389 4.25372e-06 
494.919 4.26304e-06 
495.449 4.27179e-06 
495.979 4.27747e-06 
496.51 4.27755e-06 
497.04 4.27097e-06 
497.57 4.25888e-06 
498.101 4.24379e-06 
498.631 4.22816e-06 
499.161 4.21353e-06 
499.691 4.20056e-06 
500.222 4.18936e-06 
500.752 4.17977e-06 
501.282 4.17154e-06 
501.812 4.16445e-06 
502.343 4.15828e-06 
502.873 4.15287e-06 
503.403 4.14808e-06 
503.934 4.14378e-06 
504.464 4.13987e-06 
504.994 4.13623e-06 
505.524 4.13279e-06 
506.055 4.12956e-06 
506.585 4.12659e-06 
507.115 4.12398e-06 
507.646 4.12182e-06 
508.176 4.12022e-06 
508.706 4.11928e-06 
509.236 4.11913e-06 
509.767 4.11995e-06 
510.297 4.12196e-06 
510.827 4.12547e-06 
511.357 4.13084e-06 
511.888 4.13852e-06 
512.418 4.14903e-06 
512.948 4.16281e-06 
513.479 4.18005e-06 
514.009 4.20027e-06 
514.539 4.22163e-06 
515.069 4.2404e-06 
515.6 4.25125e-06 
516.13 4.24952e-06 
516.66 4.23406e-06 
517.19 4.20814e-06 
517.721 4.1771e-06 
518.251 4.14559e-06 
518.781 4.11633e-06 
519.312 4.09038e-06 
519.842 4.06783e-06 
520.372 4.04835e-06 
520.902 4.03143e-06 
521.433 4.0166e-06 
521.963 4.00346e-06 
522.493 3.99165e-06 
523.023 3.98083e-06 
523.554 3.9707e-06 
524.084 3.96097e-06 
524.614 3.95144e-06 
525.145 3.942e-06 
525.675 3.93274e-06 
526.205 3.92378e-06 
526.735 3.91525e-06 
527.266 3.90727e-06 
527.796 3.89999e-06 
528.326 3.89357e-06 
528.856 3.88821e-06 
529.387 3.88427e-06 
529.917 3.88227e-06 
530.447 3.8831e-06 
530.978 3.88858e-06 
531.508 3.90251e-06 
532.038 3.93322e-06 
532.568 4.0006e-06 
533.099 4.15788e-06 
533.629 4.54369e-06 
534.159 5.11184e-06 
534.689 4.81701e-06 
535.22 4.29528e-06 
535.75 4.02121e-06 
536.28 3.89599e-06 
536.811 3.83071e-06 
537.341 3.7914e-06 
537.871 3.76478e-06 
538.401 3.74498e-06 
538.932 3.72917e-06 
539.462 3.71583e-06 
539.992 3.70412e-06 
540.522 3.69351e-06 
541.053 3.68372e-06 
541.583 3.6746e-06 
542.113 3.66603e-06 
542.644 3.65797e-06 
543.174 3.65045e-06 
543.704 3.64374e-06 
544.234 3.63867e-06 
544.765 3.63791e-06 
545.295 3.64857e-06 
545.825 3.67069e-06 
546.355 3.65039e-06 
546.886 3.61543e-06 
547.416 3.59414e-06 
547.946 3.58254e-06 
548.477 3.57626e-06 
549.007 3.57427e-06 
549.537 3.57726e-06 
550.067 3.58733e-06 
550.598 3.60873e-06 
551.128 3.64996e-06 
551.658 3.72934e-06 
552.188 3.89087e-06 
552.719 4.25353e-06 
553.249 5.12207e-06 
553.779 6.3059e-06 
554.31 5.62878e-06 
554.84 4.55155e-06 
555.37 3.99326e-06 
555.9 3.74557e-06 
556.431 3.62305e-06 
556.961 3.55495e-06 
557.491 3.51356e-06 
558.021 3.48668e-06 
558.552 3.4683e-06 
559.082 3.45524e-06 
559.612 3.44567e-06 
560.143 3.43849e-06 
560.673 3.43298e-06 
561.203 3.4287e-06 
561.733 3.42533e-06 
562.264 3.42266e-06 
562.794 3.42052e-06 
563.324 3.41879e-06 
563.854 3.41741e-06 
564.385 3.41629e-06 
564.915 3.4154e-06 
565.445 3.41469e-06 
565.976 3.41413e-06 
566.506 3.41369e-06 
567.036 3.41336e-06 
567.566 3.41313e-06 
568.097 3.41297e-06 
568.627 3.41288e-06 
569.157 3.41284e-06 
569.688 3.41285e-06 
570.218 3.41291e-06 
570.748 3.413e-06 
571.278 3.41313e-06 
571.809 3.41328e-06 
572.339 3.41346e-06 
572.869 3.41366e-06 
573.399 3.41389e-06 
573.93 3.41413e-06 
574.46 3.41438e-06 
574.99 3.41465e-06 
575.521 3.41493e-06 
576.051 3.41522e-06 
576.581 3.41552e-06 
577.111 3.41583e-06 
577.642 3.41615e-06 
578.172 3.41648e-06 
578.702 3.41682e-06 
579.232 3.41717e-06 
579.763 3.41752e-06 
580.293 3.4179e-06 
580.823 3.41828e-06 
581.354 3.41869e-06 
581.884 3.41911e-06 
582.414 3.41956e-06 
582.944 3.42004e-06 
583.475 3.42056e-06 
584.005 3.4211e-06 
584.535 3.42167e-06 
585.065 3.42224e-06 
585.596 3.42277e-06 
586.126 3.42323e-06 
586.656 3.42363e-06 
587.187 3.42401e-06 
587.717 3.4244e-06 
588.247 3.42486e-06 
588.777 3.42543e-06 
589.308 3.4261e-06 
589.838 3.42688e-06 
590.368 3.4277e-06 
590.898 3.42845e-06 
591.429 3.429e-06 
591.959 3.42921e-06 
592.489 3.42905e-06 
593.02 3.42862e-06 
593.55 3.42806e-06 
594.08 3.42749e-06 
594.61 3.42698e-06 
595.141 3.42655e-06 
595.671 3.42621e-06 
596.201 3.42594e-06 
596.731 3.42573e-06 
597.262 3.42557e-06 
597.792 3.42545e-06 
598.322 3.42535e-06 
598.853 3.42529e-06 
599.383 3.42525e-06 
599.913 3.42525e-06 
600.443 3.42527e-06 
600.974 3.42534e-06 
601.504 3.42546e-06 
602.034 3.42564e-06 
602.564 3.42588e-06 
603.095 3.42614e-06 
603.625 3.42638e-06 
604.155 3.42648e-06 
604.686 3.42635e-06 
605.216 3.42591e-06 
605.746 3.42519e-06 
606.276 3.42431e-06 
606.807 3.42337e-06 
607.337 3.42245e-06 
607.867 3.4216e-06 
608.397 3.42084e-06 
608.928 3.42017e-06 
609.458 3.41961e-06 
609.988 3.41917e-06 
610.519 3.41887e-06 
611.049 3.41878e-06 
611.579 3.41898e-06 
612.109 3.41962e-06 
612.64 3.42097e-06 
613.17 3.42353e-06 
613.7 3.42836e-06 
614.23 3.43783e-06 
614.761 3.45806e-06 
615.291 3.50327e-06 
615.821 3.57232e-06 
616.352 3.64149e-06 
616.882 3.60487e-06 
617.412 3.51468e-06 
617.942 3.46024e-06 
618.473 3.43576e-06 
619.003 3.42376e-06 
619.533 3.41709e-06 
620.063 3.413e-06 
620.594 3.41028e-06 
621.124 3.40836e-06 
621.654 3.40691e-06 
622.185 3.40576e-06 
622.715 3.40477e-06 
623.245 3.40385e-06 
623.775 3.40296e-06 
624.306 3.40211e-06 
624.836 3.40131e-06 
625.366 3.40058e-06 
625.896 3.39994e-06 
626.427 3.3994e-06 
626.957 3.39899e-06 
627.487 3.39873e-06 
628.018 3.39868e-06 
628.548 3.39892e-06 
629.078 3.39957e-06 
629.608 3.40084e-06 
630.139 3.40309e-06 
630.669 3.40697e-06 
631.199 3.41379e-06 
631.729 3.42638e-06 
632.26 3.45166e-06 
632.79 3.50864e-06 
633.32 3.64111e-06 
633.851 3.77115e-06 
634.381 3.66308e-06 
634.911 3.52737e-06 
635.441 3.45877e-06 
635.972 3.42848e-06 
636.502 3.41354e-06 
637.032 3.40532e-06 
637.562 3.40038e-06 
638.093 3.39724e-06 
638.623 3.39514e-06 
639.153 3.39371e-06 
639.684 3.39273e-06 
640.214 3.39207e-06 
640.744 3.39163e-06 
641.274 3.39136e-06 
641.805 3.39121e-06 
642.335 3.39115e-06 
642.865 3.39116e-06 
643.396 3.39122e-06 
643.926 3.39133e-06 
644.456 3.39147e-06 
644.986 3.39164e-06 
645.517 3.39184e-06 
646.047 3.39206e-06 
646.577 3.3923e-06 
647.107 3.39258e-06 
647.638 3.39289e-06 
648.168 3.39324e-06 
648.698 3.39365e-06 
649.229 3.39411e-06 
649.759 3.39464e-06 
650.289 3.39524e-06 
650.819 3.39589e-06 
651.35 3.39652e-06 
651.88 3.39706e-06 
652.41 3.39741e-06 
652.94 3.3975e-06 
653.471 3.39739e-06 
654.001 3.39718e-06 
654.531 3.39696e-06 
655.062 3.39683e-06 
655.592 3.3968e-06 
656.122 3.39686e-06 
656.652 3.39694e-06 
657.183 3.39697e-06 
657.713 3.39689e-06 
658.243 3.39668e-06 
658.773 3.39641e-06 
659.304 3.39617e-06 
659.834 3.39604e-06 
660.364 3.39609e-06 
660.895 3.3964e-06 
661.425 3.39704e-06 
661.955 3.39816e-06 
662.485 3.39999e-06 
663.016 3.40301e-06 
663.546 3.40819e-06 
664.076 3.41789e-06 
664.606 3.43848e-06 
665.137 3.48587e-06 
665.667 3.54556e-06 
666.197 3.51587e-06 
666.728 3.46025e-06 
667.258 3.4295e-06 
667.788 3.41592e-06 
668.318 3.40904e-06 
668.849 3.40487e-06 
669.379 3.40198e-06 
669.909 3.39985e-06 
670.439 3.39824e-06 
670.97 3.39703e-06 
671.5 3.39613e-06 
672.03 3.39548e-06 
672.561 3.39502e-06 
673.091 3.3947e-06 
673.621 3.39449e-06 
674.151 3.39437e-06 
674.682 3.39431e-06 
675.212 3.39431e-06 
675.742 3.39435e-06 
676.272 3.39442e-06 
676.803 3.39453e-06 
677.333 3.39466e-06 
677.863 3.39481e-06 
678.394 3.39499e-06 
678.924 3.39519e-06 
679.454 3.39542e-06 
679.984 3.39567e-06 
680.515 3.39596e-06 
681.045 3.39629e-06 
681.575 3.39667e-06 
682.105 3.39711e-06 
682.636 3.39761e-06 
683.166 3.39815e-06 
683.696 3.39869e-06 
684.227 3.39916e-06 
684.757 3.39946e-06 
685.287 3.39952e-06 
685.817 3.39935e-06 
686.348 3.39902e-06 
686.878 3.39862e-06 
687.408 3.39822e-06 
687.938 3.39786e-06 
688.469 3.39756e-06 
688.999 3.3973e-06 
689.529 3.39709e-06 
690.06 3.3969e-06 
690.59 3.39674e-06 
691.12 3.3966e-06 
691.65 3.39647e-06 
692.181 3.39634e-06 
692.711 3.39622e-06 
693.241 3.39609e-06 
693.771 3.39596e-06 
694.302 3.39583e-06 
694.832 3.39569e-06 
695.362 3.39555e-06 
695.893 3.39539e-06 
696.423 3.39523e-06 
696.953 3.39506e-06 
697.483 3.39489e-06 
698.014 3.39471e-06 
698.544 3.39452e-06 
699.074 3.39433e-06 
699.604 3.39414e-06 
700.135 3.39395e-06 
700.665 3.39376e-06 
701.195 3.39357e-06 
701.726 3.3934e-06 
702.256 3.39324e-06 
702.786 3.39311e-06 
703.316 3.39301e-06 
703.847 3.39296e-06 
704.377 3.39296e-06 
704.907 3.39305e-06 
705.438 3.39323e-06 
705.968 3.39353e-06 
706.498 3.39397e-06 
707.028 3.39456e-06 
707.559 3.39528e-06 
708.089 3.3961e-06 
708.619 3.39696e-06 
709.149 3.39784e-06 
709.68 3.39877e-06 
710.21 3.39982e-06 
710.74 3.40108e-06 
711.271 3.40254e-06 
711.801 3.40398e-06 
712.331 3.40498e-06 
712.861 3.40502e-06 
713.392 3.4038e-06 
713.922 3.40141e-06 
714.452 3.39828e-06 
714.982 3.39494e-06 
715.513 3.39175e-06 
716.043 3.38887e-06 
716.573 3.38637e-06 
717.104 3.38421e-06 
717.634 3.38234e-06 
718.164 3.38072e-06 
718.694 3.3793e-06 
719.225 3.37803e-06 
719.755 3.3769e-06 
720.285 3.37587e-06 
720.815 3.37494e-06 
721.346 3.3741e-06 
721.876 3.37335e-06 
722.406 3.37269e-06 
722.937 3.37212e-06 
723.467 3.37166e-06 
723.997 3.37133e-06 
724.527 3.37117e-06 
725.058 3.37119e-06 
725.588 3.37146e-06 
726.118 3.372e-06 
726.648 3.37285e-06 
727.179 3.37402e-06 
727.709 3.3754e-06 
728.239 3.37679e-06 
728.77 3.37784e-06 
729.3 3.37818e-06 
729.83 3.37752e-06 
730.36 3.37585e-06 
730.891 3.37343e-06 
731.421 3.37068e-06 
731.951 3.36799e-06 
732.481 3.36561e-06 
733.012 3.3637e-06 
733.542 3.36225e-06 
734.072 3.36121e-06 
734.603 3.36044e-06 
735.133 3.3597e-06 
735.663 3.35866e-06 
736.193 3.35711e-06 
736.724 3.35498e-06 
737.254 3.35242e-06 
737.784 3.34969e-06 
738.314 3.34698e-06 
738.845 3.34442e-06 
739.375 3.34204e-06 
739.905 3.33984e-06 
740.436 3.33779e-06 
740.966 3.33585e-06 
741.496 3.33401e-06 
742.026 3.33223e-06 
742.557 3.33049e-06 
743.087 3.32879e-06 
743.617 3.3271e-06 
744.147 3.32543e-06 
744.678 3.32376e-06 
745.208 3.32208e-06 
745.738 3.32041e-06 
746.269 3.31873e-06 
746.799 3.31704e-06 
747.329 3.31535e-06 
747.859 3.31367e-06 
748.39 3.312e-06 
748.92 3.31035e-06 
749.45 3.30873e-06 
749.98 3.30716e-06 
750.511 3.30563e-06 
751.041 3.30414e-06 
751.571 3.30264e-06 
752.102 3.30103e-06 
752.632 3.29918e-06 
753.162 3.29698e-06 
753.692 3.29441e-06 
754.223 3.29157e-06 
754.753 3.28859e-06 
755.283 3.28558e-06 
755.813 3.28262e-06 
756.344 3.27974e-06 
756.874 3.27696e-06 
757.404 3.27427e-06 
757.935 3.27168e-06 
758.465 3.26921e-06 
758.995 3.26685e-06 
759.525 3.26464e-06 
760.056 3.2626e-06 
760.586 3.26078e-06 
761.116 3.25923e-06 
761.646 3.25801e-06 
762.177 3.25722e-06 
762.707 3.25697e-06 
763.237 3.25742e-06 
763.768 3.25874e-06 
764.298 3.26118e-06 
764.828 3.26505e-06 
765.358 3.27074e-06 
765.889 3.27873e-06 
766.419 3.28952e-06 
766.949 3.30362e-06 
767.479 3.32128e-06 
768.01 3.34203e-06 
768.54 3.36411e-06 
769.07 3.38382e-06 
769.601 3.39607e-06 
770.131 3.39637e-06 
770.661 3.38358e-06 
771.191 3.3606e-06 
771.722 3.33244e-06 
772.252 3.30363e-06 
772.782 3.27698e-06 
773.312 3.25371e-06 
773.843 3.23401e-06 
774.373 3.21761e-06 
774.903 3.20405e-06 
775.434 3.19291e-06 
775.964 3.18383e-06 
776.494 3.17656e-06 
777.024 3.17091e-06 
777.555 3.16679e-06 
778.085 3.1641e-06 
778.615 3.16268e-06 
779.146 3.16222e-06 
779.676 3.16206e-06 
780.206 3.16124e-06 
780.736 3.15873e-06 
781.267 3.1539e-06 
781.797 3.14695e-06 
782.327 3.13876e-06 
782.857 3.13046e-06 
783.388 3.1229e-06 
783.918 3.11662e-06 
784.448 3.11188e-06 
784.979 3.10884e-06 
785.509 3.10764e-06 
786.039 3.10846e-06 
786.569 3.11153e-06 
787.1 3.11704e-06 
787.63 3.125e-06 
788.16 3.13497e-06 
788.69 3.1456e-06 
789.221 3.15452e-06 
789.751 3.15879e-06 
790.281 3.15636e-06 
790.812 3.14748e-06 
791.342 3.13461e-06 
791.872 3.12098e-06 
792.402 3.10926e-06 
792.933 3.10116e-06 
793.463 3.0976e-06 
793.993 3.09911e-06 
794.523 3.10602e-06 
795.054 3.11865e-06 
795.584 3.1376e-06 
796.114 3.16579e-06 
796.645 3.21525e-06 
797.175 3.3031e-06 
797.705 3.32236e-06 
798.235 3.22956e-06 
798.766 3.13425e-06 
799.296 3.07756e-06 
799.826 3.04038e-06 
800.356 3.01294e-06 
800.887 2.99148e-06 
801.417 2.97418e-06 
801.947 2.95993e-06 
802.478 2.94801e-06 
803.008 2.9379e-06 
803.538 2.92922e-06 
804.068 2.92173e-06 
804.599 2.91527e-06 
805.129 2.90978e-06 
805.659 2.90528e-06 
806.189 2.90194e-06 
806.72 2.90012e-06 
807.25 2.90064e-06 
807.78 2.90525e-06 
808.311 2.91808e-06 
808.841 2.95004e-06 
809.371 3.03012e-06 
809.901 3.16692e-06 
810.432 3.16481e-06 
810.962 3.03831e-06 
811.492 2.9447e-06 
812.022 2.90336e-06 
812.553 2.88433e-06 
813.083 2.8751e-06 
813.613 2.87109e-06 
814.144 2.87044e-06 
814.674 2.87223e-06 
815.204 2.87566e-06 
815.734 2.87961e-06 
816.265 2.88245e-06 
816.795 2.8823e-06 
817.325 2.87794e-06 
817.855 2.86949e-06 
818.386 2.85835e-06 
818.916 2.84624e-06 
819.446 2.83452e-06 
819.977 2.82388e-06 
820.507 2.81453e-06 
821.037 2.80641e-06 
821.567 2.79936e-06 
822.098 2.79317e-06 
822.628 2.78768e-06 
823.158 2.78281e-06 
823.688 2.77852e-06 
824.219 2.77488e-06 
824.749 2.77195e-06 
825.279 2.76984e-06 
825.81 2.76862e-06 
826.34 2.76836e-06 
826.87 2.76896e-06 
827.4 2.77008e-06 
827.931 2.77095e-06 
828.461 2.7704e-06 
828.991 2.76727e-06 
829.521 2.76106e-06 
830.052 2.75224e-06 
830.582 2.74198e-06 
831.112 2.73142e-06 
831.643 2.72131e-06 
832.173 2.712e-06 
832.703 2.70356e-06 
833.233 2.69596e-06 
833.764 2.68916e-06 
834.294 2.68311e-06 
834.824 2.6778e-06 
835.354 2.67323e-06 
835.885 2.66943e-06 
836.415 2.66649e-06 
836.945 2.66452e-06 
837.476 2.6637e-06 
838.006 2.66427e-06 
838.536 2.66654e-06 
839.066 2.67095e-06 
839.597 2.67803e-06 
840.127 2.68847e-06 
840.657 2.70313e-06 
841.188 2.72302e-06 
841.718 2.74918e-06 
842.248 2.78237e-06 
842.778 2.82246e-06 
843.309 2.86729e-06 
843.839 2.91141e-06 
844.369 2.9459e-06 
844.899 2.9611e-06 
845.43 2.95182e-06 
845.96 2.92089e-06 
846.49 2.87726e-06 
847.021 2.83059e-06 
847.551 2.7872e-06 
848.081 2.74927e-06 
848.611 2.71604e-06 
849.142 2.68575e-06 
849.672 2.65727e-06 
850.202 2.63059e-06 
850.732 2.60616e-06 
851.263 2.58415e-06 
851.793 2.56417e-06 
852.323 2.54569e-06 
852.854 2.52847e-06 
853.384 2.51267e-06 
853.914 2.49864e-06 
854.444 2.48663e-06 
854.975 2.47672e-06 
855.505 2.46883e-06 
856.035 2.46282e-06 
856.565 2.45853e-06 
857.096 2.45583e-06 
857.626 2.45467e-06 
858.156 2.45501e-06 
858.687 2.45678e-06 
859.217 2.45977e-06 
859.747 2.46371e-06 
860.277 2.46861e-06 
860.808 2.4751e-06 
861.338 2.48438e-06 
861.868 2.49784e-06 
862.398 2.51646e-06 
862.929 2.54021e-06 
863.459 2.56734e-06 
863.989 2.59366e-06 
864.52 2.61271e-06 
865.05 2.61796e-06 
865.58 2.60615e-06 
866.11 2.57918e-06 
866.641 2.54269e-06 
867.171 2.50299e-06 
867.701 2.4648e-06 
868.231 2.43065e-06 
868.762 2.40133e-06 
869.292 2.37666e-06 
869.822 2.35604e-06 
870.353 2.33877e-06 
870.883 2.3242e-06 
871.413 2.31178e-06 
871.943 2.30109e-06 
872.474 2.29178e-06 
873.004 2.28357e-06 
873.534 2.27626e-06 
874.064 2.26968e-06 
874.595 2.2637e-06 
875.125 2.25822e-06 
875.655 2.25317e-06 
876.186 2.24849e-06 
876.716 2.24414e-06 
877.246 2.24008e-06 
877.776 2.23629e-06 
878.307 2.23278e-06 
878.837 2.22954e-06 
879.367 2.2266e-06 
879.897 2.22395e-06 
880.428 2.22161e-06 
880.958 2.21954e-06 
881.488 2.2176e-06 
882.019 2.21553e-06 
882.549 2.21299e-06 
883.079 2.20964e-06 
883.609 2.20537e-06 
884.14 2.20036e-06 
884.67 2.19497e-06 
885.2 2.18952e-06 
885.73 2.18422e-06 
886.261 2.17914e-06 
886.791 2.1743e-06 
887.321 2.16964e-06 
887.852 2.16506e-06 
888.382 2.16045e-06 
888.912 2.15568e-06 
889.442 2.15067e-06 
889.973 2.14543e-06 
890.503 2.14001e-06 
891.033 2.13448e-06 
891.563 2.1289e-06 
892.094 2.12327e-06 
892.624 2.11761e-06 
893.154 2.1119e-06 
893.685 2.10613e-06 
894.215 2.10029e-06 
894.745 2.09437e-06 
895.275 2.08839e-06 
895.806 2.08235e-06 
896.336 2.07627e-06 
896.866 2.07018e-06 
897.396 2.06413e-06 
897.927 2.05821e-06 
898.457 2.05253e-06 
898.987 2.04732e-06 
899.518 2.04293e-06 
900.048 2.04005e-06 
900.578 2.04003e-06 
901.108 2.04589e-06 
901.639 2.06523e-06 
902.169 2.11877e-06 
902.699 2.23851e-06 
903.229 2.30432e-06 
903.76 2.20665e-06 
904.29 2.08092e-06 
904.82 2.01882e-06 
905.351 1.9881e-06 
905.881 1.97034e-06 
906.411 1.95888e-06 
906.941 1.95127e-06 
907.472 1.94658e-06 
908.002 1.94459e-06 
908.532 1.94541e-06 
909.062 1.94925e-06 
909.593 1.95629e-06 
910.123 1.96652e-06 
910.653 1.9799e-06 
911.184 1.99753e-06 
911.714 2.02502e-06 
912.244 2.08099e-06 
912.774 2.21499e-06 
913.305 2.43164e-06 
913.835 2.44447e-06 
914.365 2.24366e-06 
914.896 2.10702e-06 
915.426 2.06596e-06 
915.956 2.07144e-06 
916.486 2.10465e-06 
917.017 2.15955e-06 
917.547 2.23334e-06 
918.077 2.32172e-06 
918.607 2.41508e-06 
919.138 2.49618e-06 
919.668 2.54268e-06 
920.198 2.53678e-06 
920.729 2.47615e-06 
921.259 2.37539e-06 
921.789 2.25659e-06 
922.319 2.13839e-06 
922.85 2.03148e-06 
923.38 1.93973e-06 
923.91 1.86307e-06 
924.44 1.79972e-06 
924.971 1.74748e-06 
925.501 1.70427e-06 
926.031 1.66837e-06 
926.562 1.63842e-06 
927.092 1.61336e-06 
927.622 1.59242e-06 
928.152 1.57506e-06 
928.683 1.56092e-06 
929.213 1.54982e-06 
929.743 1.54173e-06 
930.273 1.53675e-06 
930.804 1.5351e-06 
931.334 1.5371e-06 
931.864 1.54303e-06 
932.395 1.55299e-06 
932.925 1.56651e-06 
933.455 1.58229e-06 
933.985 1.59808e-06 
934.516 1.6114e-06 
935.046 1.621e-06 
935.576 1.62806e-06 
936.106 1.63614e-06 
936.637 1.6497e-06 
937.167 1.67245e-06 
937.697 1.70619e-06 
938.228 1.74976e-06 
938.758 1.79816e-06 
939.288 1.84249e-06 
939.818 1.87312e-06 
940.349 1.88667e-06 
940.879 1.89336e-06 
941.409 1.92258e-06 
941.939 2.03661e-06 
942.47 2.38235e-06 
943 3.16827e-06 
943.53 3.61234e-06 
944.061 2.97032e-06 
944.591 2.13726e-06 
945.121 1.73792e-06 
945.651 1.54893e-06 
946.182 1.44557e-06 
946.712 1.38171e-06 
947.242 1.33859e-06 
947.772 1.30751e-06 
948.303 1.28402e-06 
948.833 1.26561e-06 
949.363 1.25075e-06 
949.894 1.2385e-06 
950.424 1.22822e-06 
950.954 1.21947e-06 
951.484 1.21192e-06 
952.015 1.20537e-06 
952.545 1.19964e-06 
953.075 1.19461e-06 
953.605 1.1902e-06 
954.136 1.18635e-06 
954.666 1.18302e-06 
955.196 1.18018e-06 
955.727 1.17785e-06 
956.257 1.17604e-06 
956.787 1.17477e-06 
957.317 1.17408e-06 
957.848 1.17403e-06 
958.378 1.17466e-06 
958.908 1.17605e-06 
959.438 1.17825e-06 
959.969 1.1812e-06 
960.499 1.18453e-06 
961.029 1.18746e-06 
961.56 1.18887e-06 
962.09 1.18773e-06 
962.62 1.1837e-06 
963.15 1.1774e-06 
963.681 1.16994e-06 
964.211 1.16237e-06 
964.741 1.15534e-06 
965.271 1.1491e-06 
965.802 1.14368e-06 
966.332 1.13898e-06 
966.862 1.1349e-06 
967.393 1.1313e-06 
967.923 1.1281e-06 
968.453 1.12521e-06 
968.983 1.12256e-06 
969.514 1.12011e-06 
970.044 1.1178e-06 
970.574 1.11562e-06 
971.104 1.11353e-06 
971.635 1.11151e-06 
972.165 1.10955e-06 
972.695 1.10764e-06 
973.226 1.10576e-06 
973.756 1.10392e-06 
974.286 1.10209e-06 
974.816 1.10029e-06 
975.347 1.09852e-06 
975.877 1.09676e-06 
976.407 1.09502e-06 
976.938 1.09331e-06 
977.468 1.09162e-06 
977.998 1.08993e-06 
978.528 1.08823e-06 
979.059 1.08647e-06 
979.589 1.08462e-06 
980.119 1.08268e-06 
980.649 1.08068e-06 
981.18 1.07866e-06 
981.71 1.07668e-06 
982.24 1.07477e-06 
982.771 1.07297e-06 
983.301 1.0713e-06 
983.831 1.06978e-06 
984.361 1.06845e-06 
984.892 1.06736e-06 
985.422 1.06656e-06 
985.952 1.06613e-06 
986.482 1.06616e-06 
987.013 1.06676e-06 
987.543 1.06811e-06 
988.073 1.07039e-06 
988.604 1.07387e-06 
989.134 1.07887e-06 
989.664 1.08578e-06 
990.194 1.09508e-06 
990.725 1.10724e-06 
991.255 1.1226e-06 
991.785 1.14107e-06 
992.315 1.16159e-06 
992.846 1.18154e-06 
993.376 1.19669e-06 
993.906 1.20244e-06 
994.437 1.19629e-06 
994.967 1.17952e-06 
995.497 1.15637e-06 
996.027 1.13152e-06 
996.558 1.10831e-06 
997.088 1.08842e-06 
997.618 1.07233e-06 
998.148 1.05996e-06 
998.679 1.05103e-06 
999.209 1.0452e-06 
999.739 1.04213e-06 
1000.27 1.04137e-06 
1000.8 1.04223e-06 
1001.33 1.04377e-06 
1001.86 1.04498e-06 
1002.39 1.04529e-06 
1002.92 1.04482e-06 
1003.45 1.04411e-06 
1003.98 1.04355e-06 
1004.51 1.04304e-06 
1005.04 1.04227e-06 
1005.57 1.04136e-06 
1006.1 1.04114e-06 
1006.63 1.04289e-06 
1007.16 1.04775e-06 
1007.69 1.05622e-06 
1008.22 1.06779e-06 
1008.75 1.08054e-06 
1009.28 1.09109e-06 
1009.81 1.0955e-06 
1010.34 1.09117e-06 
1010.88 1.07858e-06 
1011.41 1.06092e-06 
1011.94 1.04217e-06 
1012.47 1.02542e-06 
1013 1.01238e-06 
1013.53 1.00374e-06 
1014.06 9.99571e-07 
1014.59 9.99577e-07 
1015.12 1.00298e-06 
1015.65 1.00825e-06 
1016.18 1.01296e-06 
1016.71 1.01413e-06 
1017.24 1.00948e-06 
1017.77 9.98731e-07 
1018.3 9.83704e-07 
1018.83 9.67052e-07 
1019.36 9.50954e-07 
1019.89 9.3661e-07 
1020.42 9.24415e-07 
1020.95 9.14313e-07 
1021.48 9.06061e-07 
1022.01 8.99383e-07 
1022.54 8.94029e-07 
1023.07 8.89803e-07 
1023.6 8.8656e-07 
1024.13 8.84204e-07 
1024.66 8.82671e-07 
1025.19 8.81913e-07 
1025.72 8.81861e-07 
1026.25 8.82361e-07 
1026.78 8.83119e-07 
1027.31 8.83665e-07 
1027.84 8.83479e-07 
1028.37 8.82237e-07 
1028.9 8.80029e-07 
1029.43 8.77288e-07 
1029.96 8.7453e-07 
1030.5 8.72127e-07 
1031.03 8.70233e-07 
1031.56 8.68806e-07 
1032.09 8.67646e-07 
1032.62 8.66462e-07 
1033.15 8.64994e-07 
1033.68 8.63146e-07 
1034.21 8.61019e-07 
1034.74 8.58819e-07 
1035.27 8.56728e-07 
1035.8 8.54852e-07 
1036.33 8.53219e-07 
1036.86 8.5182e-07 
1037.39 8.50625e-07 
1037.92 8.49602e-07 
1038.45 8.48718e-07 
1038.98 8.47949e-07 
1039.51 8.47273e-07 
1040.04 8.46674e-07 
1040.57 8.46139e-07 
1041.1 8.45655e-07 
1041.63 8.45215e-07 
1042.16 8.44811e-07 
1042.69 8.44438e-07 
1043.22 8.44089e-07 
1043.75 8.43762e-07 
1044.28 8.43452e-07 
1044.81 8.43157e-07 
1045.34 8.42873e-07 
1045.87 8.42599e-07 
1046.4 8.42331e-07 
1046.93 8.42068e-07 
1047.46 8.41808e-07 
1047.99 8.4155e-07 
1048.52 8.4129e-07 
1049.05 8.4103e-07 
1049.58 8.40765e-07 
1050.12 8.40496e-07 
1050.65 8.4022e-07 
1051.18 8.39936e-07 
1051.71 8.39644e-07 
1052.24 8.39341e-07 
1052.77 8.39026e-07 
1053.3 8.38698e-07 
1053.83 8.38357e-07 
1054.36 8.38e-07 
1054.89 8.37626e-07 
1055.42 8.37235e-07 
1055.95 8.36825e-07 
1056.48 8.36397e-07 
1057.01 8.35948e-07 
1057.54 8.3548e-07 
1058.07 8.34992e-07 
1058.6 8.34483e-07 
1059.13 8.33958e-07 
1059.66 8.33414e-07 
1060.19 8.32857e-07 
1060.72 8.32288e-07 
1061.25 8.31712e-07 
1061.78 8.31133e-07 
1062.31 8.30552e-07 
1062.84 8.29963e-07 
1063.37 8.29348e-07 
1063.9 8.28673e-07 
1064.43 8.27891e-07 
1064.96 8.26964e-07 
1065.49 8.25883e-07 
1066.02 8.24682e-07 
1066.55 8.2341e-07 
1067.08 8.22112e-07 
1067.61 8.20816e-07 
1068.14 8.19538e-07 
1068.67 8.18284e-07 
1069.21 8.17056e-07 
1069.74 8.15861e-07 
1070.27 8.14704e-07 
1070.8 8.13594e-07 
1071.33 8.12546e-07 
1071.86 8.11576e-07 
1072.39 8.10705e-07 
1072.92 8.09961e-07 
1073.45 8.09376e-07 
1073.98 8.08989e-07 
1074.51 8.08854e-07 
1075.04 8.09029e-07 
1075.57 8.09592e-07 
1076.1 8.1064e-07 
1076.63 8.12291e-07 
1077.16 8.14697e-07 
1077.69 8.1805e-07 
1078.22 8.22593e-07 
1078.75 8.2864e-07 
1079.28 8.36591e-07 
1079.81 8.46954e-07 
1080.34 8.60361e-07 
1080.87 8.77572e-07 
1081.4 8.99421e-07 
1081.93 9.26661e-07 
1082.46 9.59578e-07 
1082.99 9.97262e-07 
1083.52 1.03659e-06 
1084.05 1.07148e-06 
1084.58 1.09376e-06 
1085.11 1.09653e-06 
1085.64 1.07833e-06 
1086.17 1.04415e-06 
1086.7 1.00227e-06 
1087.23 9.59976e-07 
1087.76 9.21591e-07 
1088.29 8.88789e-07 
1088.83 8.61641e-07 
1089.36 8.39509e-07 
1089.89 8.21558e-07 
1090.42 8.06989e-07 
1090.95 7.9512e-07 
1091.48 7.85398e-07 
1092.01 7.77388e-07 
1092.54 7.70746e-07 
1093.07 7.65208e-07 
1093.6 7.60564e-07 
1094.13 7.56652e-07 
1094.66 7.53342e-07 
1095.19 7.50532e-07 
1095.72 7.48139e-07 
1096.25 7.46098e-07 
1096.78 7.44355e-07 
1097.31 7.42865e-07 
1097.84 7.41593e-07 
1098.37 7.40508e-07 
1098.9 7.39587e-07 
1099.43 7.38807e-07 
1099.96 7.38152e-07 
1100.49 7.37607e-07 
1101.02 7.37158e-07 
1101.55 7.36795e-07 
1102.08 7.36508e-07 
1102.61 7.36291e-07 
1103.14 7.36135e-07 
1103.67 7.36034e-07 
1104.2 7.35983e-07 
1104.73 7.35978e-07 
1105.26 7.36015e-07 
1105.79 7.36089e-07 
1106.32 7.36198e-07 
1106.85 7.36339e-07 
1107.38 7.3651e-07 
1107.92 7.36707e-07 
1108.45 7.3693e-07 
1108.98 7.37176e-07 
1109.51 7.37444e-07 
1110.04 7.37732e-07 
1110.57 7.38039e-07 
1111.1 7.38364e-07 
1111.63 7.38705e-07 
1112.16 7.39063e-07 
1112.69 7.39434e-07 
1113.22 7.39821e-07 
1113.75 7.4022e-07 
1114.28 7.40633e-07 
1114.81 7.41057e-07 
1115.34 7.41493e-07 
1115.87 7.4194e-07 
1116.4 7.42397e-07 
1116.93 7.42864e-07 
1117.46 7.4334e-07 
1117.99 7.43826e-07 
1118.52 7.44321e-07 
1119.05 7.44824e-07 
1119.58 7.45335e-07 
1120.11 7.45855e-07 
1120.64 7.46382e-07 
1121.17 7.46916e-07 
1121.7 7.47457e-07 
1122.23 7.48006e-07 
1122.76 7.48561e-07 
1123.29 7.49122e-07 
1123.82 7.4969e-07 
1124.35 7.50263e-07 
1124.88 7.50843e-07 
1125.41 7.51428e-07 
1125.94 7.5202e-07 
1126.47 7.52615e-07 
1127 7.53217e-07 
1127.54 7.53823e-07 
1128.07 7.54434e-07 
1128.6 7.5505e-07 
1129.13 7.5567e-07 
1129.66 7.56294e-07 
1130.19 7.56922e-07 
1130.72 7.57555e-07 
1131.25 7.5819e-07 
1131.78 7.5883e-07 
1132.31 7.59472e-07 
1132.84 7.60118e-07 
1133.37 7.60767e-07 
1133.9 7.61418e-07 
1134.43 7.62072e-07 
1134.96 7.62728e-07 
1135.49 7.63386e-07 
1136.02 7.64046e-07 
1136.55 7.64708e-07 
1137.08 7.65371e-07 
1137.61 7.66034e-07 
1138.14 7.66699e-07 
1138.67 7.67365e-07 
1139.2 7.6803e-07 
1139.73 7.68696e-07 
1140.26 7.69362e-07 
1140.79 7.70027e-07 
1141.32 7.70691e-07 
1141.85 7.71356e-07 
1142.38 7.72018e-07 
1142.91 7.7268e-07 
1143.44 7.7334e-07 
1143.97 7.73998e-07 
1144.5 7.74655e-07 
1145.03 7.7531e-07 
1145.56 7.75963e-07 
1146.09 7.76615e-07 
1146.62 7.77264e-07 
1147.16 7.77911e-07 
1147.69 7.78557e-07 
1148.22 7.79202e-07 
1148.75 7.79846e-07 
1149.28 7.8049e-07 
1149.81 7.81133e-07 
1150.34 7.81778e-07 
1150.87 7.82424e-07 
1151.4 7.83074e-07 
1151.93 7.83729e-07 
1152.46 7.84391e-07 
1152.99 7.85061e-07 
1153.52 7.85744e-07 
1154.05 7.86441e-07 
1154.58 7.87158e-07 
1155.11 7.87899e-07 
1155.64 7.8867e-07 
1156.17 7.89479e-07 
1156.7 7.90335e-07 
1157.23 7.91249e-07 
1157.76 7.92236e-07 
1158.29 7.93314e-07 
1158.82 7.94504e-07 
1159.35 7.95835e-07 
1159.88 7.97343e-07 
1160.41 7.99075e-07 
1160.94 8.01088e-07 
1161.47 8.03461e-07 
1162 8.06288e-07 
1162.53 8.09688e-07 
1163.06 8.13804e-07 
1163.59 8.18786e-07 
1164.12 8.24758e-07 
1164.65 8.31735e-07 
1165.18 8.39476e-07 
1165.71 8.47282e-07 
1166.25 8.53912e-07 
1166.78 8.57849e-07 
1167.31 8.58023e-07 
1167.84 8.54519e-07 
1168.37 8.4852e-07 
1168.9 8.41557e-07 
1169.43 8.34812e-07 
1169.96 8.28908e-07 
1170.49 8.24042e-07 
1171.02 8.20175e-07 
1171.55 8.17183e-07 
1172.08 8.14923e-07 
1172.61 8.13272e-07 
1173.14 8.1213e-07 
1173.67 8.11428e-07 
1174.2 8.11118e-07 
1174.73 8.11171e-07 
1175.26 8.1156e-07 
1175.79 8.12241e-07 
1176.32 8.1312e-07 
1176.85 8.14009e-07 
1177.38 8.14621e-07 
1177.91 8.14653e-07 
1178.44 8.13932e-07 
1178.97 8.12524e-07 
1179.5 8.10683e-07 
1180.03 8.08694e-07 
1180.56 8.06751e-07 
1181.09 8.04944e-07 
1181.62 8.03289e-07 
1182.15 8.0177e-07 
1182.68 8.00355e-07 
1183.21 7.9901e-07 
1183.74 7.97709e-07 
1184.27 7.96433e-07 
1184.8 7.95161e-07 
1185.33 7.93882e-07 
1185.87 7.92591e-07 
1186.4 7.91282e-07 
1186.93 7.89954e-07 
1187.46 7.88609e-07 
1187.99 7.87255e-07 
1188.52 7.85902e-07 
1189.05 7.84557e-07 
1189.58 7.8324e-07 
1190.11 7.81978e-07 
1190.64 7.80798e-07 
1191.17 7.79734e-07 
1191.7 7.78833e-07 
1192.23 7.7816e-07 
1192.76 7.77788e-07 
1193.29 7.77816e-07 
1193.82 7.78381e-07 
1194.35 7.79656e-07 
1194.88 7.81877e-07 
1195.41 7.85376e-07 
1195.94 7.90622e-07 
1196.47 7.98295e-07 
1197 8.09414e-07 
1197.53 8.25567e-07 
1198.06 8.49339e-07 
1198.59 8.85147e-07 
1199.12 9.41052e-07 
1199.65 1.03298e-06 
1200.18 1.19564e-06 
1200.71 1.51422e-06 
1201.24 2.21775e-06 
1201.77 3.74023e-06 
1202.3 5.41651e-06 
1202.83 4.6159e-06 
1203.36 2.62411e-06 
1203.89 1.67873e-06 
1204.42 1.26478e-06 
1204.96 1.05892e-06 
1205.49 9.43982e-07 
1206.02 8.739e-07 
1206.55 8.28237e-07 
1207.08 7.96929e-07 
1207.61 7.74585e-07 
1208.14 7.58119e-07 
1208.67 7.45663e-07 
1209.2 7.36035e-07 
1209.73 7.28458e-07 
1210.26 7.22403e-07 
1210.79 7.17504e-07 
1211.32 7.13496e-07 
1211.85 7.10187e-07 
1212.38 7.07434e-07 
1212.91 7.05128e-07 
1213.44 7.03187e-07 
1213.97 7.01545e-07 
1214.5 7.00152e-07 
1215.03 6.98969e-07 
1215.56 6.9796e-07 
1216.09 6.97101e-07 
1216.62 6.96369e-07 
1217.15 6.95747e-07 
1217.68 6.95219e-07 
1218.21 6.94774e-07 
1218.74 6.94402e-07 
1219.27 6.94092e-07 
1219.8 6.93838e-07 
1220.33 6.93634e-07 
1220.86 6.93472e-07 
1221.39 6.9335e-07 
1221.92 6.93262e-07 
1222.45 6.93205e-07 
1222.98 6.93176e-07 
1223.51 6.93173e-07 
1224.04 6.93191e-07 
1224.58 6.93231e-07 
1225.11 6.93289e-07 
1225.64 6.93364e-07 
1226.17 6.93453e-07 
1226.7 6.93557e-07 
1227.23 6.93674e-07 
1227.76 6.93802e-07 
1228.29 6.9394e-07 
1228.82 6.94089e-07 
1229.35 6.94246e-07 
1229.88 6.94412e-07 
1230.41 6.94585e-07 
1230.94 6.94765e-07 
1231.47 6.94951e-07 
1232 6.95143e-07 
1232.53 6.9534e-07 
1233.06 6.95542e-07 
1233.59 6.95748e-07 
1234.12 6.95958e-07 
1234.65 6.96173e-07 
1235.18 6.9639e-07 
1235.71 6.9661e-07 
1236.24 6.96833e-07 
1236.77 6.97059e-07 
1237.3 6.97287e-07 
1237.83 6.97516e-07 
1238.36 6.97748e-07 
1238.89 6.97981e-07 
1239.42 6.98215e-07 
1239.95 6.9845e-07 
1240.48 6.98686e-07 
1241.01 6.98923e-07 
1241.54 6.9916e-07 
1242.07 6.99397e-07 
1242.6 6.99635e-07 
1243.13 6.99872e-07 
1243.67 7.00109e-07 
1244.2 7.00347e-07 
1244.73 7.00583e-07 
1245.26 7.00818e-07 
1245.79 7.01053e-07 
1246.32 7.01286e-07 
1246.85 7.01519e-07 
1247.38 7.0175e-07 
1247.91 7.0198e-07 
1248.44 7.02207e-07 
1248.97 7.02433e-07 
1249.5 7.02658e-07 
1250.03 7.0288e-07 
1250.56 7.031e-07 
1251.09 7.03317e-07 
1251.62 7.03532e-07 
1252.15 7.03744e-07 
1252.68 7.03954e-07 
1253.21 7.04161e-07 
1253.74 7.04365e-07 
1254.27 7.04566e-07 
1254.8 7.04763e-07 
1255.33 7.04957e-07 
1255.86 7.05148e-07 
1256.39 7.05335e-07 
1256.92 7.05519e-07 
1257.45 7.05699e-07 
1257.98 7.05877e-07 
1258.51 7.06049e-07 
1259.04 7.06219e-07 
1259.57 7.06386e-07 
1260.1 7.06549e-07 
1260.63 7.06709e-07 
1261.16 7.06865e-07 
1261.69 7.07019e-07 
1262.22 7.07171e-07 
1262.75 7.07321e-07 
1263.29 7.07469e-07 
1263.82 7.07616e-07 
1264.35 7.07763e-07 
1264.88 7.07913e-07 
1265.41 7.08066e-07 
1265.94 7.08224e-07 
1266.47 7.08392e-07 
1267 7.08572e-07 
1267.53 7.08773e-07 
1268.06 7.09004e-07 
1268.59 7.09281e-07 
1269.12 7.09628e-07 
1269.65 7.1009e-07 
1270.18 7.10747e-07 
1270.71 7.11757e-07 
1271.24 7.13469e-07 
1271.77 7.16747e-07 
1272.3 7.23907e-07 
1272.83 7.38911e-07 
1273.36 7.54719e-07 
1273.89 7.43256e-07 
1274.42 7.25781e-07 
1274.95 7.18054e-07 
1275.48 7.14718e-07 
1276.01 7.13114e-07 
1276.54 7.12278e-07 
1277.07 7.11826e-07 
1277.6 7.11584e-07 
1278.13 7.11466e-07 
1278.66 7.11423e-07 
1279.19 7.11431e-07 
1279.72 7.11471e-07 
1280.25 7.11534e-07 
1280.78 7.11612e-07 
1281.31 7.117e-07 
1281.84 7.11796e-07 
1282.38 7.11896e-07 
1282.91 7.11999e-07 
1283.44 7.12103e-07 
1283.97 7.12208e-07 
1284.5 7.12311e-07 
1285.03 7.12414e-07 
1285.56 7.12515e-07 
1286.09 7.12613e-07 
1286.62 7.12709e-07 
1287.15 7.12802e-07 
1287.68 7.12891e-07 
1288.21 7.12976e-07 
1288.74 7.13057e-07 
1289.27 7.13135e-07 
1289.8 7.13207e-07 
1290.33 7.13275e-07 
1290.86 7.13339e-07 
1291.39 7.13396e-07 
1291.92 7.13449e-07 
1292.45 7.13496e-07 
1292.98 7.13537e-07 
1293.51 7.13572e-07 
1294.04 7.13601e-07 
1294.57 7.13623e-07 
1295.1 7.1364e-07 
1295.63 7.13649e-07 
1296.16 7.13651e-07 
1296.69 7.13646e-07 
1297.22 7.13635e-07 
1297.75 7.13615e-07 
1298.28 7.13587e-07 
1298.81 7.13552e-07 
1299.34 7.13509e-07 
1299.87 7.13458e-07 
1300.4 7.13398e-07 
1300.93 7.1333e-07 
1301.46 7.13254e-07 
1302 7.13169e-07 
1302.53 7.13074e-07 
1303.06 7.12971e-07 
1303.59 7.1286e-07 
1304.12 7.12739e-07 
1304.65 7.1261e-07 
1305.18 7.12472e-07 
1305.71 7.12326e-07 
1306.24 7.12172e-07 
1306.77 7.12011e-07 
1307.3 7.11843e-07 
1307.83 7.11669e-07 
1308.36 7.11491e-07 
1308.89 7.11309e-07 
1309.42 7.11128e-07 
1309.95 7.1095e-07 
1310.48 7.1078e-07 
1311.01 7.10625e-07 
1311.54 7.10497e-07 
1312.07 7.1041e-07 
1312.6 7.10393e-07 
1313.13 7.10489e-07 
1313.66 7.10776e-07 
1314.19 7.114e-07 
1314.72 7.12666e-07 
1315.25 7.15272e-07 
1315.78 7.21024e-07 
1316.31 7.34555e-07 
1316.84 7.59522e-07 
1317.37 7.70426e-07 
1317.9 7.41471e-07 
1318.43 7.22415e-07 
1318.96 7.14111e-07 
1319.49 7.10017e-07 
1320.02 7.07648e-07 
1320.55 7.06076e-07 
1321.08 7.0491e-07 
1321.62 7.03964e-07 
1322.15 7.03143e-07 
1322.68 7.02391e-07 
1323.21 7.01678e-07 
1323.74 7.00982e-07 
1324.27 7.0029e-07 
1324.8 6.99592e-07 
1325.33 6.98883e-07 
1325.86 6.98157e-07 
1326.39 6.9741e-07 
1326.92 6.96641e-07 
1327.45 6.95846e-07 
1327.98 6.95023e-07 
1328.51 6.94172e-07 
1329.04 6.93292e-07 
1329.57 6.92383e-07 
1330.1 6.91444e-07 
1330.63 6.90478e-07 
1331.16 6.89485e-07 
1331.69 6.88467e-07 
1332.22 6.8743e-07 
1332.75 6.86378e-07 
1333.28 6.8532e-07 
1333.81 6.84267e-07 
1334.34 6.83238e-07 
1334.87 6.8226e-07 
1335.4 6.81374e-07 
1335.93 6.8065e-07 
1336.46 6.80201e-07 
1336.99 6.80238e-07 
1337.52 6.81177e-07 
1338.05 6.83934e-07 
1338.58 6.90774e-07 
1339.11 7.07134e-07 
1339.64 7.37132e-07 
1340.17 7.58519e-07 
1340.71 7.73417e-07 
1341.24 7.82593e-07 
1341.77 7.30147e-07 
1342.3 6.94542e-07 
1342.83 6.7912e-07 
1343.36 6.72339e-07 
1343.89 6.70187e-07 
1344.42 6.72163e-07 
1344.95 6.80409e-07 
1345.48 7.02154e-07 
1346.01 7.55812e-07 
1346.54 8.48589e-07 
1347.07 8.54892e-07 
1347.6 7.4676e-07 
1348.13 6.87748e-07 
1348.66 6.61206e-07 
1349.19 6.47223e-07 
1349.72 6.38529e-07 
1350.25 6.32347e-07 
1350.78 6.27476e-07 
1351.31 6.23346e-07 
1351.84 6.19658e-07 
1352.37 6.16247e-07 
1352.9 6.13016e-07 
1353.43 6.09915e-07 
1353.96 6.06918e-07 
1354.49 6.04013e-07 
1355.02 6.01207e-07 
1355.55 5.9852e-07 
1356.08 5.95988e-07 
1356.61 5.93661e-07 
1357.14 5.91619e-07 
1357.67 5.89978e-07 
1358.2 5.88906e-07 
1358.73 5.88659e-07 
1359.26 5.89636e-07 
1359.79 5.9249e-07 
1360.33 5.98331e-07 
1360.86 6.09191e-07 
1361.39 6.29071e-07 
1361.92 6.66687e-07 
1362.45 7.43355e-07 
1362.98 9.16176e-07 
1363.51 1.2991e-06 
1364.04 1.77194e-06 
1364.57 1.45014e-06 
1365.1 9.67739e-07 
1365.63 7.5319e-07 
1366.16 6.57316e-07 
1366.69 6.08205e-07 
1367.22 5.79875e-07 
1367.75 5.61942e-07 
1368.28 5.49728e-07 
1368.81 5.40907e-07 
1369.34 5.34231e-07 
1369.87 5.28986e-07 
1370.4 5.24755e-07 
1370.93 5.21298e-07 
1371.46 5.18497e-07 
1371.99 5.16339e-07 
1372.52 5.14948e-07 
1373.05 5.14673e-07 
1373.58 5.16362e-07 
1374.11 5.2215e-07 
1374.64 5.37807e-07 
1375.17 5.75683e-07 
1375.7 6.27516e-07 
1376.23 5.96024e-07 
1376.76 5.39824e-07 
1377.29 5.13528e-07 
1377.82 5.00998e-07 
1378.35 4.93986e-07 
1378.88 4.89598e-07 
1379.42 4.8682e-07 
1379.95 4.85436e-07 
1380.48 4.85798e-07 
1381.01 4.8909e-07 
1381.54 4.98387e-07 
1382.07 5.22021e-07 
1382.6 5.79614e-07 
1383.13 6.7121e-07 
1383.66 6.4339e-07 
1384.19 5.42963e-07 
1384.72 4.93651e-07 
1385.25 4.70449e-07 
1385.78 4.57336e-07 
1386.31 4.48535e-07 
1386.84 4.418e-07 
1387.37 4.36147e-07 
1387.9 4.31099e-07 
1388.43 4.26408e-07 
1388.96 4.21958e-07 
1389.49 4.177e-07 
1390.02 4.13632e-07 
1390.55 4.09809e-07 
1391.08 4.06369e-07 
1391.61 4.03555e-07 
1392.14 4.01824e-07 
1392.67 4.02112e-07 
1393.2 4.0649e-07 
1393.73 4.20087e-07 
1394.26 4.5633e-07 
1394.79 5.34484e-07 
1395.32 5.85213e-07 
1395.85 5.03698e-07 
1396.38 4.63664e-07 
1396.91 4.92697e-07 
1397.44 6.09339e-07 
1397.97 7.52228e-07 
1398.5 6.10962e-07 
1399.04 4.50187e-07 
1399.57 3.76455e-07 
1400.1 3.39642e-07 
1400.63 3.17638e-07 
1401.16 3.02431e-07 
1401.69 2.90806e-07 
1402.22 2.81361e-07 
1402.75 2.73481e-07 
1403.28 2.66948e-07 
1403.81 2.61798e-07 
1404.34 2.58304e-07 
1404.87 2.57028e-07 
1405.4 2.58957e-07 
1405.93 2.65843e-07 
1406.46 2.80973e-07 
1406.99 3.11028e-07 
1407.52 3.71187e-07 
1408.05 5.00266e-07 
1408.58 7.91601e-07 
1409.11 1.27949e-06 
1409.64 1.28184e-06 
1410.17 1.05045e-06 
1410.7 1.33593e-06 
1411.23 2.16239e-06 
1411.76 2.18352e-06 
1412.29 1.16999e-06 
1412.82 6.39427e-07 
1413.35 4.09366e-07 
1413.88 2.97046e-07 
1414.41 2.36106e-07 
1414.94 2.01697e-07 
1415.47 1.84632e-07 
1416 1.84646e-07 
1416.53 2.09837e-07 
1417.06 2.51776e-07 
1417.59 2.47199e-07 
1418.12 2.77013e-07 
1418.66 3.55675e-07 
1419.19 3.64483e-07 
1419.72 3.24097e-07 
1420.25 3.57472e-07 
1420.78 2.93537e-07 
1421.31 1.83261e-07 
1421.84 1.30338e-07 
1422.37 1.05178e-07 
1422.9 9.13358e-08 
1423.43 8.27162e-08 
1423.96 7.68299e-08 
1424.49 7.25224e-08 
1425.02 6.91978e-08 
1425.55 6.65228e-08 
1426.08 6.4297e-08 
1426.61 6.23932e-08 
1427.14 6.07267e-08 
1427.67 5.92393e-08 
1428.2 5.78904e-08 
1428.73 5.66492e-08 
1429.26 5.54931e-08 
1429.79 5.44054e-08 
1430.32 5.33734e-08 
1430.85 5.23866e-08 
1431.38 5.1437e-08 
1431.91 5.05194e-08 
1432.44 4.96297e-08 
1432.97 4.87643e-08 
1433.5 4.7922e-08 
1434.03 4.71028e-08 
1434.56 4.63077e-08 
1435.09 4.55384e-08 
1435.62 4.47997e-08 
1436.15 4.40982e-08 
1436.68 4.34427e-08 
1437.21 4.28458e-08 
1437.75 4.23263e-08 
1438.28 4.191e-08 
1438.81 4.16337e-08 
1439.34 4.15524e-08 
1439.87 4.17502e-08 
1440.4 4.2359e-08 
1440.93 4.35961e-08 
1441.46 4.58434e-08 
1441.99 4.98178e-08 
1442.52 5.69937e-08 
1443.05 7.07613e-08 
1443.58 9.98641e-08 
1444.11 1.65772e-07 
1444.64 2.76734e-07 
1445.17 2.92609e-07 
1445.7 2.50042e-07 
1446.23 2.54247e-07 
1446.76 1.6421e-07 
1447.29 9.54223e-08 
1447.82 6.46651e-08 
1448.35 4.96386e-08 
1448.88 4.12689e-08 
1449.41 3.61004e-08 
1449.94 3.26498e-08 
1450.47 3.02016e-08 
1451 2.83772e-08 
1451.53 2.69608e-08 
1452.06 2.58223e-08 
1452.59 2.48791e-08 
1453.12 2.40765e-08 
1453.65 2.33771e-08 
1454.18 2.27552e-08 
1454.71 2.21921e-08 
1455.24 2.16737e-08 
1455.77 2.11901e-08 
1456.3 2.07344e-08 
1456.83 2.03009e-08 
1457.37 1.98855e-08 
1457.9 1.94869e-08 
1458.43 1.9105e-08 
1458.96 1.87419e-08 
1459.49 1.84037e-08 
1460.02 1.81041e-08 
1460.55 1.78708e-08 
1461.08 1.77642e-08 
1461.61 1.7932e-08 
1462.14 1.87717e-08 
1462.67 2.12805e-08 
1463.2 2.51902e-08 
1463.73 2.2297e-08 
1464.26 1.79612e-08 
1464.79 1.58247e-08 
1465.32 1.46594e-08 
1465.85 1.38798e-08 
1466.38 1.32768e-08 
1466.91 1.27698e-08 
1467.44 1.23265e-08 
1467.97 1.19365e-08 
1468.5 1.16004e-08 
1469.03 1.1328e-08 
1469.56 1.11404e-08 
1470.09 1.10737e-08 
1470.62 1.11912e-08 
1471.15 1.16119e-08 
1471.68 1.25882e-08 
1472.21 1.47222e-08 
1472.74 1.92747e-08 
1473.27 2.48604e-08 
1473.8 2.85196e-08 
1474.33 3.84864e-08 
1474.86 4.67162e-08 
1475.39 6.62235e-08 
1475.92 1.24481e-07 
1476.46 1.90862e-07 
1476.99 1.23969e-07 
1477.52 6.02376e-08 
1478.05 3.28628e-08 
1478.58 2.04088e-08 
1479.11 1.39411e-08 
1479.64 1.01984e-08 
1480.17 7.848e-09 
1480.7 6.27693e-09 
1481.23 5.17451e-09 
1481.76 4.37052e-09 
1482.29 3.76557e-09 
1482.82 3.29854e-09 
1483.35 2.93021e-09 
1483.88 2.63446e-09 
1484.41 2.39339e-09 
1484.94 2.19434e-09 
1485.47 2.02819e-09 
