#energy geo_1 
400 4.01492e-06 
400.53 4.01353e-06 
401.061 4.01214e-06 
401.591 4.01074e-06 
402.121 4.00933e-06 
402.651 4.00791e-06 
403.182 4.00649e-06 
403.712 4.00506e-06 
404.242 4.00362e-06 
404.772 4.00218e-06 
405.303 4.00074e-06 
405.833 3.9993e-06 
406.363 3.99786e-06 
406.894 3.99642e-06 
407.424 3.99499e-06 
407.954 3.99357e-06 
408.484 3.99215e-06 
409.015 3.99074e-06 
409.545 3.98931e-06 
410.075 3.98784e-06 
410.605 3.98631e-06 
411.136 3.98472e-06 
411.666 3.98309e-06 
412.196 3.98144e-06 
412.727 3.97982e-06 
413.257 3.97826e-06 
413.787 3.97683e-06 
414.317 3.97566e-06 
414.848 3.97518e-06 
415.378 3.97622e-06 
415.908 3.97622e-06 
416.438 3.97156e-06 
416.969 3.96793e-06 
417.499 3.96544e-06 
418.029 3.96341e-06 
418.56 3.96157e-06 
419.09 3.95981e-06 
419.62 3.95808e-06 
420.15 3.95634e-06 
420.681 3.95456e-06 
421.211 3.95274e-06 
421.741 3.95089e-06 
422.271 3.94901e-06 
422.802 3.94712e-06 
423.332 3.94523e-06 
423.862 3.94334e-06 
424.393 3.94144e-06 
424.923 3.93954e-06 
425.453 3.93764e-06 
425.983 3.93572e-06 
426.514 3.9338e-06 
427.044 3.93186e-06 
427.574 3.92991e-06 
428.104 3.92795e-06 
428.635 3.92597e-06 
429.165 3.92398e-06 
429.695 3.92197e-06 
430.226 3.91996e-06 
430.756 3.91792e-06 
431.286 3.91588e-06 
431.816 3.91383e-06 
432.347 3.91176e-06 
432.877 3.90968e-06 
433.407 3.9076e-06 
433.938 3.90551e-06 
434.468 3.90343e-06 
434.998 3.90136e-06 
435.528 3.8993e-06 
436.059 3.89728e-06 
436.589 3.89532e-06 
437.119 3.89344e-06 
437.649 3.89172e-06 
438.18 3.89024e-06 
438.71 3.88921e-06 
439.24 3.88901e-06 
439.771 3.89051e-06 
440.301 3.89595e-06 
440.831 3.91158e-06 
441.361 3.94737e-06 
441.892 3.9544e-06 
442.422 3.9135e-06 
442.952 3.88899e-06 
443.482 3.87727e-06 
444.013 3.87065e-06 
444.543 3.86609e-06 
445.073 3.86245e-06 
445.604 3.85925e-06 
446.134 3.85631e-06 
446.664 3.85352e-06 
447.194 3.85085e-06 
447.725 3.84826e-06 
448.255 3.84572e-06 
448.785 3.84323e-06 
449.315 3.84076e-06 
449.846 3.83831e-06 
450.376 3.83587e-06 
450.906 3.83344e-06 
451.437 3.831e-06 
451.967 3.82855e-06 
452.497 3.82608e-06 
453.027 3.82358e-06 
453.558 3.82103e-06 
454.088 3.81845e-06 
454.618 3.81586e-06 
455.148 3.81327e-06 
455.679 3.81069e-06 
456.209 3.80813e-06 
456.739 3.80557e-06 
457.27 3.80301e-06 
457.8 3.80044e-06 
458.33 3.79789e-06 
458.86 3.79541e-06 
459.391 3.79307e-06 
459.921 3.79094e-06 
460.451 3.78915e-06 
460.981 3.7879e-06 
461.512 3.78754e-06 
462.042 3.78873e-06 
462.572 3.79291e-06 
463.103 3.80352e-06 
463.633 3.82989e-06 
464.163 3.89631e-06 
464.693 3.99259e-06 
465.224 3.93123e-06 
465.754 3.84153e-06 
466.284 3.79801e-06 
466.814 3.77772e-06 
467.345 3.76674e-06 
467.875 3.7599e-06 
468.405 3.75516e-06 
468.936 3.75162e-06 
469.466 3.74886e-06 
469.996 3.74666e-06 
470.526 3.74493e-06 
471.057 3.74362e-06 
471.587 3.74277e-06 
472.117 3.74242e-06 
472.647 3.74265e-06 
473.178 3.74357e-06 
473.708 3.7453e-06 
474.238 3.74795e-06 
474.769 3.75148e-06 
475.299 3.75563e-06 
475.829 3.75971e-06 
476.359 3.76251e-06 
476.89 3.76271e-06 
477.42 3.75955e-06 
477.95 3.75341e-06 
478.48 3.74558e-06 
479.011 3.73755e-06 
479.541 3.73065e-06 
480.071 3.72633e-06 
480.602 3.72287e-06 
481.132 3.71424e-06 
481.662 3.70649e-06 
482.192 3.70081e-06 
482.723 3.69638e-06 
483.253 3.69309e-06 
483.783 3.6917e-06 
484.313 3.69245e-06 
484.844 3.68764e-06 
485.374 3.68064e-06 
485.904 3.67583e-06 
486.435 3.67242e-06 
486.965 3.66972e-06 
487.495 3.66747e-06 
488.025 3.6656e-06 
488.556 3.66408e-06 
489.086 3.66296e-06 
489.616 3.66228e-06 
490.146 3.6621e-06 
490.677 3.66252e-06 
491.207 3.66363e-06 
491.737 3.66556e-06 
492.268 3.66851e-06 
492.798 3.67273e-06 
493.328 3.67851e-06 
493.858 3.68608e-06 
494.389 3.69534e-06 
494.919 3.70561e-06 
495.449 3.71521e-06 
495.979 3.72154e-06 
496.51 3.72198e-06 
497.04 3.71543e-06 
497.57 3.7031e-06 
498.101 3.68763e-06 
498.631 3.67158e-06 
499.161 3.65656e-06 
499.691 3.64326e-06 
500.222 3.6318e-06 
500.752 3.622e-06 
501.282 3.61363e-06 
501.812 3.60642e-06 
502.343 3.60017e-06 
502.873 3.5947e-06 
503.403 3.58989e-06 
503.934 3.58561e-06 
504.464 3.58179e-06 
504.994 3.57835e-06 
505.524 3.57525e-06 
506.055 3.5725e-06 
506.585 3.57011e-06 
507.115 3.56816e-06 
507.646 3.56671e-06 
508.176 3.56586e-06 
508.706 3.5657e-06 
509.236 3.56639e-06 
509.767 3.56811e-06 
510.297 3.57109e-06 
510.827 3.57567e-06 
511.357 3.58222e-06 
511.888 3.59125e-06 
512.418 3.60329e-06 
512.948 3.61884e-06 
513.479 3.63817e-06 
514.009 3.66077e-06 
514.539 3.68474e-06 
515.069 3.70611e-06 
515.6 3.7192e-06 
516.13 3.71904e-06 
516.66 3.70442e-06 
517.19 3.67878e-06 
517.721 3.64783e-06 
518.251 3.61649e-06 
518.781 3.58766e-06 
519.312 3.56243e-06 
519.842 3.54088e-06 
520.372 3.52259e-06 
520.902 3.50702e-06 
521.433 3.49366e-06 
521.963 3.48205e-06 
522.493 3.47182e-06 
523.023 3.46268e-06 
523.554 3.45437e-06 
524.084 3.44667e-06 
524.614 3.43943e-06 
525.145 3.43255e-06 
525.675 3.42599e-06 
526.205 3.41974e-06 
526.735 3.41381e-06 
527.266 3.40821e-06 
527.796 3.40297e-06 
528.326 3.39812e-06 
528.856 3.39373e-06 
529.387 3.3899e-06 
529.917 3.38683e-06 
530.447 3.38483e-06 
530.978 3.38455e-06 
531.508 3.38737e-06 
532.038 3.39632e-06 
532.568 3.41863e-06 
533.099 3.47365e-06 
533.629 3.61182e-06 
534.159 3.81639e-06 
534.689 3.70723e-06 
535.22 3.51563e-06 
535.75 3.41415e-06 
536.28 3.36682e-06 
536.811 3.34129e-06 
537.341 3.32518e-06 
537.871 3.31367e-06 
538.401 3.30462e-06 
538.932 3.29699e-06 
539.462 3.29024e-06 
539.992 3.28405e-06 
540.522 3.27824e-06 
541.053 3.27269e-06 
541.583 3.26736e-06 
542.113 3.26221e-06 
542.644 3.25721e-06 
543.174 3.25238e-06 
543.704 3.24779e-06 
544.234 3.24374e-06 
544.765 3.24112e-06 
545.295 3.2423e-06 
545.825 3.24732e-06 
546.355 3.23831e-06 
546.886 3.22452e-06 
547.416 3.21541e-06 
547.946 3.20971e-06 
548.477 3.20607e-06 
549.007 3.20429e-06 
549.537 3.20481e-06 
550.067 3.20873e-06 
550.598 3.21815e-06 
551.128 3.23723e-06 
551.658 3.27494e-06 
552.188 3.35278e-06 
552.719 3.52888e-06 
553.249 3.95212e-06 
553.779 4.52952e-06 
554.31 4.19842e-06 
554.84 3.67215e-06 
555.37 3.39946e-06 
555.9 3.2785e-06 
556.431 3.21871e-06 
556.961 3.18552e-06 
557.491 3.16539e-06 
558.021 3.15235e-06 
558.552 3.14348e-06 
559.082 3.13721e-06 
559.612 3.13265e-06 
560.143 3.12926e-06 
560.673 3.12669e-06 
561.203 3.12472e-06 
561.733 3.1232e-06 
562.264 3.12202e-06 
562.794 3.1211e-06 
563.324 3.12039e-06 
563.854 3.11984e-06 
564.385 3.11943e-06 
564.915 3.11912e-06 
565.445 3.11891e-06 
565.976 3.11876e-06 
566.506 3.11869e-06 
567.036 3.11866e-06 
567.566 3.11868e-06 
568.097 3.11873e-06 
568.627 3.11882e-06 
569.157 3.11894e-06 
569.688 3.11908e-06 
570.218 3.11924e-06 
570.748 3.11942e-06 
571.278 3.11961e-06 
571.809 3.11982e-06 
572.339 3.12004e-06 
572.869 3.12028e-06 
573.399 3.12052e-06 
573.93 3.12076e-06 
574.46 3.12102e-06 
574.99 3.12128e-06 
575.521 3.12155e-06 
576.051 3.12182e-06 
576.581 3.1221e-06 
577.111 3.12238e-06 
577.642 3.12266e-06 
578.172 3.12295e-06 
578.702 3.12324e-06 
579.232 3.12354e-06 
579.763 3.12384e-06 
580.293 3.12414e-06 
580.823 3.12445e-06 
581.354 3.12476e-06 
581.884 3.12508e-06 
582.414 3.12541e-06 
582.944 3.12575e-06 
583.475 3.12609e-06 
584.005 3.12645e-06 
584.535 3.12682e-06 
585.065 3.12719e-06 
585.596 3.12754e-06 
586.126 3.12788e-06 
586.656 3.1282e-06 
587.187 3.12851e-06 
587.717 3.12882e-06 
588.247 3.12916e-06 
588.777 3.12954e-06 
589.308 3.12995e-06 
589.838 3.1304e-06 
590.368 3.13086e-06 
590.898 3.1313e-06 
591.429 3.13167e-06 
591.959 3.13194e-06 
592.489 3.13207e-06 
593.02 3.13212e-06 
593.55 3.13213e-06 
594.08 3.13213e-06 
594.61 3.13216e-06 
595.141 3.13221e-06 
595.671 3.1323e-06 
596.201 3.13242e-06 
596.731 3.13256e-06 
597.262 3.13271e-06 
597.792 3.13288e-06 
598.322 3.13307e-06 
598.853 3.13327e-06 
599.383 3.13349e-06 
599.913 3.13371e-06 
600.443 3.13396e-06 
600.974 3.13422e-06 
601.504 3.1345e-06 
602.034 3.13481e-06 
602.564 3.13515e-06 
603.095 3.13549e-06 
603.625 3.13584e-06 
604.155 3.13614e-06 
604.686 3.13636e-06 
605.216 3.13647e-06 
605.746 3.1365e-06 
606.276 3.13647e-06 
606.807 3.13642e-06 
607.337 3.13638e-06 
607.867 3.13636e-06 
608.397 3.13637e-06 
608.928 3.13641e-06 
609.458 3.13646e-06 
609.988 3.13655e-06 
610.519 3.13666e-06 
611.049 3.1368e-06 
611.579 3.13699e-06 
612.109 3.13724e-06 
612.64 3.13758e-06 
613.17 3.13812e-06 
613.7 3.13902e-06 
614.23 3.14073e-06 
614.761 3.1445e-06 
615.291 3.15291e-06 
615.821 3.15906e-06 
616.352 3.15182e-06 
616.882 3.1446e-06 
617.412 3.14122e-06 
617.942 3.13978e-06 
618.473 3.13911e-06 
619.003 3.13881e-06 
619.533 3.13868e-06 
620.063 3.13866e-06 
620.594 3.13869e-06 
621.124 3.13877e-06 
621.654 3.13887e-06 
622.185 3.13898e-06 
622.715 3.13907e-06 
623.245 3.13913e-06 
623.775 3.13916e-06 
624.306 3.13917e-06 
624.836 3.13917e-06 
625.366 3.13918e-06 
625.896 3.13918e-06 
626.427 3.13919e-06 
626.957 3.13921e-06 
627.487 3.13923e-06 
628.018 3.13925e-06 
628.548 3.13927e-06 
629.078 3.13929e-06 
629.608 3.13931e-06 
630.139 3.13933e-06 
630.669 3.13935e-06 
631.199 3.13936e-06 
631.729 3.13937e-06 
632.26 3.13938e-06 
632.79 3.13939e-06 
633.32 3.1394e-06 
633.851 3.1394e-06 
634.381 3.13941e-06 
634.911 3.13942e-06 
635.441 3.13942e-06 
635.972 3.13941e-06 
636.502 3.13938e-06 
637.032 3.13934e-06 
637.562 3.13926e-06 
638.093 3.13915e-06 
638.623 3.13903e-06 
639.153 3.1389e-06 
639.684 3.13877e-06 
640.214 3.13863e-06 
640.744 3.1385e-06 
641.274 3.13836e-06 
641.805 3.13821e-06 
642.335 3.13807e-06 
642.865 3.13792e-06 
643.396 3.13776e-06 
643.926 3.1376e-06 
644.456 3.13744e-06 
644.986 3.13727e-06 
645.517 3.1371e-06 
646.047 3.13693e-06 
646.577 3.13676e-06 
647.107 3.13658e-06 
647.638 3.13642e-06 
648.168 3.13626e-06 
648.698 3.13612e-06 
649.229 3.13599e-06 
649.759 3.13589e-06 
650.289 3.13581e-06 
650.819 3.13574e-06 
651.35 3.13566e-06 
651.88 3.13554e-06 
652.41 3.13533e-06 
652.94 3.13501e-06 
653.471 3.13459e-06 
654.001 3.13413e-06 
654.531 3.13367e-06 
655.062 3.13322e-06 
655.592 3.13282e-06 
656.122 3.13245e-06 
656.652 3.13208e-06 
657.183 3.13168e-06 
657.713 3.13123e-06 
658.243 3.13072e-06 
658.773 3.13018e-06 
659.304 3.12964e-06 
659.834 3.12913e-06 
660.364 3.12868e-06 
660.895 3.1283e-06 
661.425 3.12804e-06 
661.955 3.12793e-06 
662.485 3.12806e-06 
663.016 3.12858e-06 
663.546 3.12983e-06 
664.076 3.13263e-06 
664.606 3.13917e-06 
665.137 3.15499e-06 
665.667 3.17503e-06 
666.197 3.16399e-06 
666.728 3.14393e-06 
667.258 3.13255e-06 
667.788 3.12723e-06 
668.318 3.12437e-06 
668.849 3.12257e-06 
669.379 3.1213e-06 
669.909 3.12032e-06 
670.439 3.11951e-06 
670.97 3.11881e-06 
671.5 3.11818e-06 
672.03 3.11759e-06 
672.561 3.11703e-06 
673.091 3.11649e-06 
673.621 3.11596e-06 
674.151 3.11545e-06 
674.682 3.11493e-06 
675.212 3.11443e-06 
675.742 3.11392e-06 
676.272 3.11341e-06 
676.803 3.11289e-06 
677.333 3.11237e-06 
677.863 3.11185e-06 
678.394 3.11133e-06 
678.924 3.1108e-06 
679.454 3.11026e-06 
679.984 3.10972e-06 
680.515 3.10918e-06 
681.045 3.10863e-06 
681.575 3.10808e-06 
682.105 3.10752e-06 
682.636 3.10696e-06 
683.166 3.1064e-06 
683.696 3.10583e-06 
684.227 3.10524e-06 
684.757 3.10464e-06 
685.287 3.104e-06 
685.817 3.10334e-06 
686.348 3.10266e-06 
686.878 3.10197e-06 
687.408 3.10127e-06 
687.938 3.10056e-06 
688.469 3.09985e-06 
688.999 3.09913e-06 
689.529 3.09841e-06 
690.06 3.09768e-06 
690.59 3.09694e-06 
691.12 3.0962e-06 
691.65 3.09544e-06 
692.181 3.09468e-06 
692.711 3.09391e-06 
693.241 3.09312e-06 
693.771 3.09233e-06 
694.302 3.09153e-06 
694.832 3.09072e-06 
695.362 3.0899e-06 
695.893 3.08908e-06 
696.423 3.08824e-06 
696.953 3.08739e-06 
697.483 3.08653e-06 
698.014 3.08566e-06 
698.544 3.08478e-06 
699.074 3.08389e-06 
699.604 3.083e-06 
700.135 3.08209e-06 
700.665 3.08118e-06 
701.195 3.08026e-06 
701.726 3.07933e-06 
702.256 3.0784e-06 
702.786 3.07746e-06 
703.316 3.07652e-06 
703.847 3.07558e-06 
704.377 3.07464e-06 
704.907 3.07371e-06 
705.438 3.07279e-06 
705.968 3.07189e-06 
706.498 3.071e-06 
707.028 3.07012e-06 
707.559 3.06924e-06 
708.089 3.06833e-06 
708.619 3.06737e-06 
709.149 3.0663e-06 
709.68 3.06514e-06 
710.21 3.06387e-06 
710.74 3.06255e-06 
711.271 3.0612e-06 
711.801 3.05984e-06 
712.331 3.05849e-06 
712.861 3.05717e-06 
713.392 3.05585e-06 
713.922 3.05455e-06 
714.452 3.05325e-06 
714.982 3.05195e-06 
715.513 3.05066e-06 
716.043 3.04936e-06 
716.573 3.04806e-06 
717.104 3.04675e-06 
717.634 3.04544e-06 
718.164 3.04412e-06 
718.694 3.0428e-06 
719.225 3.04146e-06 
719.755 3.04012e-06 
720.285 3.03878e-06 
720.815 3.03742e-06 
721.346 3.03606e-06 
721.876 3.0347e-06 
722.406 3.03334e-06 
722.937 3.03198e-06 
723.467 3.03062e-06 
723.997 3.02927e-06 
724.527 3.02794e-06 
725.058 3.02662e-06 
725.588 3.02534e-06 
726.118 3.02409e-06 
726.648 3.02287e-06 
727.179 3.02167e-06 
727.709 3.02047e-06 
728.239 3.0192e-06 
728.77 3.01779e-06 
729.3 3.01619e-06 
729.83 3.01441e-06 
730.36 3.01251e-06 
730.891 3.01054e-06 
731.421 3.00857e-06 
731.951 3.00663e-06 
732.481 3.00472e-06 
733.012 3.00283e-06 
733.542 3.00097e-06 
734.072 2.99913e-06 
734.603 2.9973e-06 
735.133 2.99547e-06 
735.663 2.99364e-06 
736.193 2.9918e-06 
736.724 2.98996e-06 
737.254 2.98811e-06 
737.784 2.98624e-06 
738.314 2.98436e-06 
738.845 2.98247e-06 
739.375 2.98055e-06 
739.905 2.97863e-06 
740.436 2.97668e-06 
740.966 2.97471e-06 
741.496 2.97272e-06 
742.026 2.97071e-06 
742.557 2.96867e-06 
743.087 2.96661e-06 
743.617 2.96453e-06 
744.147 2.96243e-06 
744.678 2.9603e-06 
745.208 2.95814e-06 
745.738 2.95595e-06 
746.269 2.95374e-06 
746.799 2.9515e-06 
747.329 2.94923e-06 
747.859 2.94693e-06 
748.39 2.9446e-06 
748.92 2.94225e-06 
749.45 2.93986e-06 
749.98 2.93744e-06 
750.511 2.935e-06 
751.041 2.93252e-06 
751.571 2.93002e-06 
752.102 2.92748e-06 
752.632 2.92492e-06 
753.162 2.92233e-06 
753.692 2.91972e-06 
754.223 2.91708e-06 
754.753 2.91443e-06 
755.283 2.91175e-06 
755.813 2.90906e-06 
756.344 2.90636e-06 
756.874 2.90366e-06 
757.404 2.90096e-06 
757.935 2.89827e-06 
758.465 2.89561e-06 
758.995 2.89297e-06 
759.525 2.89038e-06 
760.056 2.88786e-06 
760.586 2.88543e-06 
761.116 2.88312e-06 
761.646 2.88096e-06 
762.177 2.879e-06 
762.707 2.8773e-06 
763.237 2.87592e-06 
763.768 2.87497e-06 
764.298 2.87456e-06 
764.828 2.87485e-06 
765.358 2.87603e-06 
765.889 2.87832e-06 
766.419 2.88199e-06 
766.949 2.88728e-06 
767.479 2.89431e-06 
768.01 2.90285e-06 
768.54 2.91203e-06 
769.07 2.92004e-06 
769.601 2.92437e-06 
770.131 2.92282e-06 
770.661 2.91483e-06 
771.191 2.90185e-06 
771.722 2.88634e-06 
772.252 2.87053e-06 
772.782 2.85577e-06 
773.312 2.84265e-06 
773.843 2.83122e-06 
774.373 2.82133e-06 
774.903 2.81272e-06 
775.434 2.80518e-06 
775.964 2.79848e-06 
776.494 2.79246e-06 
777.024 2.78699e-06 
777.555 2.78197e-06 
778.085 2.77731e-06 
778.615 2.77294e-06 
779.146 2.76877e-06 
779.676 2.76473e-06 
780.206 2.76077e-06 
780.736 2.75687e-06 
781.267 2.75306e-06 
781.797 2.74939e-06 
782.327 2.7459e-06 
782.857 2.74265e-06 
783.388 2.73968e-06 
783.918 2.73704e-06 
784.448 2.7348e-06 
784.979 2.73304e-06 
785.509 2.73189e-06 
786.039 2.73146e-06 
786.569 2.73192e-06 
787.1 2.7334e-06 
787.63 2.73593e-06 
788.16 2.73931e-06 
788.69 2.74292e-06 
789.221 2.74562e-06 
789.751 2.74601e-06 
790.281 2.74309e-06 
790.812 2.737e-06 
791.342 2.72889e-06 
791.872 2.72033e-06 
792.402 2.71258e-06 
792.933 2.70643e-06 
793.463 2.70229e-06 
793.993 2.70038e-06 
794.523 2.70082e-06 
795.054 2.70369e-06 
795.584 2.70919e-06 
796.114 2.71854e-06 
796.645 2.73694e-06 
797.175 2.77188e-06 
797.705 2.77741e-06 
798.235 2.73498e-06 
798.766 2.69201e-06 
799.296 2.66612e-06 
799.826 2.64889e-06 
800.356 2.63592e-06 
800.887 2.62546e-06 
801.417 2.6167e-06 
801.947 2.60915e-06 
802.478 2.6025e-06 
803.008 2.59655e-06 
803.538 2.59114e-06 
804.068 2.58618e-06 
804.599 2.58162e-06 
805.129 2.57743e-06 
805.659 2.57363e-06 
806.189 2.57029e-06 
806.72 2.56757e-06 
807.25 2.5658e-06 
807.78 2.56571e-06 
808.311 2.56902e-06 
808.841 2.58023e-06 
809.371 2.61132e-06 
809.901 2.66585e-06 
810.432 2.66305e-06 
810.962 2.60892e-06 
811.492 2.56842e-06 
812.022 2.54955e-06 
812.553 2.53996e-06 
813.083 2.53448e-06 
813.613 2.53125e-06 
814.144 2.52952e-06 
814.674 2.52889e-06 
815.204 2.52902e-06 
815.734 2.52936e-06 
816.265 2.52911e-06 
816.795 2.52732e-06 
817.325 2.52337e-06 
817.855 2.51734e-06 
818.386 2.50994e-06 
818.916 2.50204e-06 
819.446 2.49434e-06 
819.977 2.48718e-06 
820.507 2.48067e-06 
821.037 2.4748e-06 
821.567 2.46948e-06 
822.098 2.46463e-06 
822.628 2.46017e-06 
823.158 2.45606e-06 
823.688 2.4523e-06 
824.219 2.44893e-06 
824.749 2.44599e-06 
825.279 2.44355e-06 
825.81 2.44167e-06 
826.34 2.4404e-06 
826.87 2.43967e-06 
827.4 2.43926e-06 
827.931 2.43868e-06 
828.461 2.43715e-06 
828.991 2.43392e-06 
829.521 2.42865e-06 
830.052 2.42167e-06 
830.582 2.41373e-06 
831.112 2.40559e-06 
831.643 2.39774e-06 
832.173 2.39041e-06 
832.703 2.38365e-06 
833.233 2.37743e-06 
833.764 2.37171e-06 
834.294 2.36644e-06 
834.824 2.36161e-06 
835.354 2.35719e-06 
835.885 2.3532e-06 
836.415 2.34967e-06 
836.945 2.34666e-06 
837.476 2.34424e-06 
838.006 2.34255e-06 
838.536 2.34172e-06 
839.066 2.34199e-06 
839.597 2.34363e-06 
840.127 2.34699e-06 
840.657 2.3525e-06 
841.188 2.36068e-06 
841.718 2.37205e-06 
842.248 2.387e-06 
842.778 2.40542e-06 
843.309 2.42617e-06 
843.839 2.44633e-06 
844.369 2.4612e-06 
844.899 2.46564e-06 
845.43 2.45686e-06 
845.96 2.43625e-06 
846.49 2.40847e-06 
847.021 2.37866e-06 
847.551 2.35048e-06 
848.081 2.32571e-06 
848.611 2.30483e-06 
849.142 2.28763e-06 
849.672 2.27363e-06 
850.202 2.26225e-06 
850.732 2.25279e-06 
851.263 2.24454e-06 
851.793 2.23673e-06 
852.323 2.22886e-06 
852.854 2.22081e-06 
853.384 2.21282e-06 
853.914 2.20525e-06 
854.444 2.1984e-06 
854.975 2.19242e-06 
855.505 2.18736e-06 
856.035 2.18319e-06 
856.565 2.17985e-06 
857.096 2.17731e-06 
857.626 2.17551e-06 
858.156 2.17441e-06 
858.687 2.17382e-06 
859.217 2.17342e-06 
859.747 2.17284e-06 
860.277 2.17184e-06 
860.808 2.17064e-06 
861.338 2.16987e-06 
861.868 2.17027e-06 
862.398 2.17239e-06 
862.929 2.17631e-06 
863.459 2.18139e-06 
863.989 2.18613e-06 
864.52 2.18828e-06 
865.05 2.18572e-06 
865.58 2.17764e-06 
866.11 2.16507e-06 
866.641 2.15017e-06 
867.171 2.13498e-06 
867.701 2.1208e-06 
868.231 2.10819e-06 
868.762 2.0972e-06 
869.292 2.08767e-06 
869.822 2.07936e-06 
870.353 2.07205e-06 
870.883 2.06553e-06 
871.413 2.05966e-06 
871.943 2.05428e-06 
872.474 2.04932e-06 
873.004 2.04468e-06 
873.534 2.04032e-06 
874.064 2.03617e-06 
874.595 2.03221e-06 
875.125 2.02841e-06 
875.655 2.02475e-06 
876.186 2.02122e-06 
876.716 2.0178e-06 
877.246 2.01451e-06 
877.776 2.01133e-06 
878.307 2.00828e-06 
878.837 2.00538e-06 
879.367 2.00265e-06 
879.897 2.0001e-06 
880.428 1.99775e-06 
880.958 1.99556e-06 
881.488 1.99345e-06 
882.019 1.99122e-06 
882.549 1.9886e-06 
883.079 1.98534e-06 
883.609 1.98135e-06 
884.14 1.97678e-06 
884.67 1.97188e-06 
885.2 1.96691e-06 
885.73 1.96202e-06 
886.261 1.95726e-06 
886.791 1.95265e-06 
887.321 1.94816e-06 
887.852 1.94376e-06 
888.382 1.93942e-06 
888.912 1.93511e-06 
889.442 1.93082e-06 
889.973 1.92652e-06 
890.503 1.92219e-06 
891.033 1.91784e-06 
891.563 1.91344e-06 
892.094 1.909e-06 
892.624 1.9045e-06 
893.154 1.89994e-06 
893.685 1.89532e-06 
894.215 1.89064e-06 
894.745 1.88589e-06 
895.275 1.88108e-06 
895.806 1.87622e-06 
896.336 1.87131e-06 
896.866 1.86637e-06 
897.396 1.86141e-06 
897.927 1.85648e-06 
898.457 1.85162e-06 
898.987 1.84691e-06 
899.518 1.84251e-06 
900.048 1.83867e-06 
900.578 1.83595e-06 
901.108 1.83551e-06 
901.639 1.84036e-06 
902.169 1.85861e-06 
902.699 1.9028e-06 
903.229 1.92591e-06 
903.76 1.88507e-06 
904.29 1.83332e-06 
904.82 1.80658e-06 
905.351 1.79226e-06 
905.881 1.78318e-06 
906.411 1.77678e-06 
906.941 1.77218e-06 
907.472 1.76908e-06 
908.002 1.7675e-06 
908.532 1.76755e-06 
909.062 1.76937e-06 
909.593 1.77293e-06 
910.123 1.77794e-06 
910.653 1.7838e-06 
911.184 1.79023e-06 
911.714 1.7989e-06 
912.244 1.81731e-06 
912.774 1.86602e-06 
913.305 1.94773e-06 
913.835 1.9476e-06 
914.365 1.86214e-06 
914.896 1.80365e-06 
915.426 1.78492e-06 
915.956 1.78629e-06 
916.486 1.80028e-06 
917.017 1.82455e-06 
917.547 1.85799e-06 
918.077 1.89858e-06 
918.607 1.94167e-06 
919.138 1.97883e-06 
919.668 1.99913e-06 
920.198 1.99385e-06 
920.729 1.96183e-06 
921.259 1.91022e-06 
921.789 1.84983e-06 
922.319 1.78976e-06 
922.85 1.73523e-06 
923.38 1.68816e-06 
923.91 1.64848e-06 
924.44 1.61532e-06 
924.971 1.58761e-06 
925.501 1.56433e-06 
926.031 1.54463e-06 
926.562 1.52786e-06 
927.092 1.51351e-06 
927.622 1.5012e-06 
928.152 1.4907e-06 
928.683 1.48183e-06 
929.213 1.47455e-06 
929.743 1.46886e-06 
930.273 1.46486e-06 
930.804 1.46272e-06 
931.334 1.46263e-06 
931.864 1.46482e-06 
932.395 1.46938e-06 
932.925 1.47606e-06 
933.455 1.48409e-06 
933.985 1.49202e-06 
934.516 1.4982e-06 
935.046 1.50168e-06 
935.576 1.50311e-06 
936.106 1.50465e-06 
936.637 1.50911e-06 
937.167 1.51888e-06 
937.697 1.53527e-06 
938.228 1.55808e-06 
938.758 1.58525e-06 
939.288 1.61301e-06 
939.818 1.63782e-06 
940.349 1.66062e-06 
940.879 1.69214e-06 
941.409 1.75979e-06 
941.939 1.9267e-06 
942.47 2.35319e-06 
943 3.27149e-06 
943.53 3.79947e-06 
944.061 3.09856e-06 
944.591 2.17825e-06 
945.121 1.74338e-06 
945.651 1.54287e-06 
946.182 1.43667e-06 
946.712 1.37326e-06 
947.242 1.33181e-06 
947.772 1.30282e-06 
948.303 1.28146e-06 
948.833 1.26509e-06 
949.363 1.25212e-06 
949.894 1.2416e-06 
950.424 1.23288e-06 
950.954 1.22554e-06 
951.484 1.21929e-06 
952.015 1.21392e-06 
952.545 1.20926e-06 
953.075 1.20517e-06 
953.605 1.20149e-06 
954.136 1.19809e-06 
954.666 1.19484e-06 
955.196 1.19172e-06 
955.727 1.18875e-06 
956.257 1.18601e-06 
956.787 1.18357e-06 
957.317 1.18148e-06 
957.848 1.17979e-06 
958.378 1.17851e-06 
958.908 1.17766e-06 
959.438 1.17726e-06 
959.969 1.17726e-06 
960.499 1.17748e-06 
961.029 1.17756e-06 
961.56 1.17698e-06 
962.09 1.17526e-06 
962.62 1.17226e-06 
963.15 1.16823e-06 
963.681 1.16368e-06 
964.211 1.1591e-06 
964.741 1.15477e-06 
965.271 1.1508e-06 
965.802 1.1472e-06 
966.332 1.14394e-06 
966.862 1.14095e-06 
967.393 1.13818e-06 
967.923 1.13558e-06 
968.453 1.13311e-06 
968.983 1.13075e-06 
969.514 1.12847e-06 
970.044 1.12625e-06 
970.574 1.12407e-06 
971.104 1.12192e-06 
971.635 1.1198e-06 
972.165 1.11769e-06 
972.695 1.11558e-06 
973.226 1.11348e-06 
973.756 1.11139e-06 
974.286 1.10929e-06 
974.816 1.10718e-06 
975.347 1.10508e-06 
975.877 1.10297e-06 
976.407 1.10087e-06 
976.938 1.09876e-06 
977.468 1.09666e-06 
977.998 1.09457e-06 
978.528 1.09246e-06 
979.059 1.09033e-06 
979.589 1.08818e-06 
980.119 1.086e-06 
980.649 1.08382e-06 
981.18 1.08167e-06 
981.71 1.07958e-06 
982.24 1.07759e-06 
982.771 1.07574e-06 
983.301 1.07405e-06 
983.831 1.07258e-06 
984.361 1.07138e-06 
984.892 1.07053e-06 
985.422 1.07009e-06 
985.952 1.07017e-06 
986.482 1.07087e-06 
987.013 1.07225e-06 
987.543 1.07435e-06 
988.073 1.0771e-06 
988.604 1.08041e-06 
989.134 1.08428e-06 
989.664 1.08899e-06 
990.194 1.09514e-06 
990.725 1.10344e-06 
991.255 1.11449e-06 
991.785 1.12837e-06 
992.315 1.14422e-06 
992.846 1.1598e-06 
993.376 1.17139e-06 
993.906 1.175e-06 
994.437 1.1684e-06 
994.967 1.15267e-06 
995.497 1.13142e-06 
996.027 1.10867e-06 
996.558 1.08725e-06 
997.088 1.06855e-06 
997.618 1.05293e-06 
998.148 1.04026e-06 
998.679 1.03021e-06 
999.209 1.02244e-06 
999.739 1.01665e-06 
1000.27 1.01254e-06 
1000.8 1.00979e-06 
1001.33 1.00805e-06 
1001.86 1.00697e-06 
1002.39 1.00631e-06 
1002.92 1.00603e-06 
1003.45 1.00616e-06 
1003.98 1.00653e-06 
1004.51 1.0067e-06 
1005.04 1.00623e-06 
1005.57 1.00507e-06 
1006.1 1.00379e-06 
1006.63 1.00331e-06 
1007.16 1.00449e-06 
1007.69 1.00775e-06 
1008.22 1.01289e-06 
1008.75 1.01884e-06 
1009.28 1.02375e-06 
1009.81 1.02538e-06 
1010.34 1.02229e-06 
1010.88 1.01477e-06 
1011.41 1.00461e-06 
1011.94 9.94089e-07 
1012.47 9.84969e-07 
1013 9.78266e-07 
1013.53 9.74423e-07 
1014.06 9.73538e-07 
1014.59 9.75449e-07 
1015.12 9.79636e-07 
1015.65 9.84978e-07 
1016.18 9.89607e-07 
1016.71 9.91219e-07 
1017.24 9.88049e-07 
1017.77 9.79915e-07 
1018.3 9.68282e-07 
1018.83 9.55279e-07 
1019.36 9.42653e-07 
1019.89 9.31367e-07 
1020.42 9.21747e-07 
1020.95 9.13754e-07 
1021.48 9.07203e-07 
1022.01 9.01882e-07 
1022.54 8.97598e-07 
1023.07 8.94201e-07 
1023.6 8.91583e-07 
1024.13 8.89673e-07 
1024.66 8.88428e-07 
1025.19 8.87816e-07 
1025.72 8.87791e-07 
1026.25 8.88238e-07 
1026.78 8.88921e-07 
1027.31 8.8946e-07 
1027.84 8.8941e-07 
1028.37 8.88465e-07 
1028.9 8.86639e-07 
1029.43 8.84245e-07 
1029.96 8.81708e-07 
1030.5 8.79374e-07 
1031.03 8.77424e-07 
1031.56 8.75861e-07 
1032.09 8.74541e-07 
1032.62 8.73232e-07 
1033.15 8.71719e-07 
1033.68 8.6992e-07 
1034.21 8.67914e-07 
1034.74 8.65864e-07 
1035.27 8.63917e-07 
1035.8 8.62156e-07 
1036.33 8.60604e-07 
1036.86 8.5925e-07 
1037.39 8.58068e-07 
1037.92 8.5703e-07 
1038.45 8.56111e-07 
1038.98 8.55289e-07 
1039.51 8.54545e-07 
1040.04 8.53866e-07 
1040.57 8.53242e-07 
1041.1 8.52661e-07 
1041.63 8.52118e-07 
1042.16 8.51605e-07 
1042.69 8.51119e-07 
1043.22 8.50656e-07 
1043.75 8.5021e-07 
1044.28 8.49781e-07 
1044.81 8.49364e-07 
1045.34 8.48959e-07 
1045.87 8.48564e-07 
1046.4 8.48175e-07 
1046.93 8.47793e-07 
1047.46 8.47415e-07 
1047.99 8.4704e-07 
1048.52 8.46668e-07 
1049.05 8.46295e-07 
1049.58 8.45924e-07 
1050.12 8.4555e-07 
1050.65 8.45174e-07 
1051.18 8.44796e-07 
1051.71 8.44413e-07 
1052.24 8.44024e-07 
1052.77 8.4363e-07 
1053.3 8.43229e-07 
1053.83 8.4282e-07 
1054.36 8.42403e-07 
1054.89 8.41976e-07 
1055.42 8.41539e-07 
1055.95 8.41091e-07 
1056.48 8.40631e-07 
1057.01 8.4016e-07 
1057.54 8.39676e-07 
1058.07 8.39179e-07 
1058.6 8.38669e-07 
1059.13 8.38147e-07 
1059.66 8.37613e-07 
1060.19 8.37068e-07 
1060.72 8.36513e-07 
1061.25 8.3595e-07 
1061.78 8.35381e-07 
1062.31 8.34805e-07 
1062.84 8.34221e-07 
1063.37 8.33619e-07 
1063.9 8.32982e-07 
1064.43 8.32285e-07 
1064.96 8.31512e-07 
1065.49 8.30658e-07 
1066.02 8.29737e-07 
1066.55 8.28776e-07 
1067.08 8.27796e-07 
1067.61 8.26811e-07 
1068.14 8.25829e-07 
1068.67 8.24853e-07 
1069.21 8.23885e-07 
1069.74 8.22928e-07 
1070.27 8.21986e-07 
1070.8 8.21063e-07 
1071.33 8.20168e-07 
1071.86 8.1931e-07 
1072.39 8.185e-07 
1072.92 8.17754e-07 
1073.45 8.1709e-07 
1073.98 8.16529e-07 
1074.51 8.16102e-07 
1075.04 8.1584e-07 
1075.57 8.15787e-07 
1076.1 8.15996e-07 
1076.63 8.16533e-07 
1077.16 8.17482e-07 
1077.69 8.18948e-07 
1078.22 8.21067e-07 
1078.75 8.24013e-07 
1079.28 8.28005e-07 
1079.81 8.33323e-07 
1080.34 8.40317e-07 
1080.87 8.49401e-07 
1081.4 8.61032e-07 
1081.93 8.75612e-07 
1082.46 8.93273e-07 
1082.99 9.13476e-07 
1083.52 9.34461e-07 
1084.05 9.52874e-07 
1084.58 9.64297e-07 
1085.11 9.65108e-07 
1085.64 9.54667e-07 
1086.17 9.35782e-07 
1086.7 9.12921e-07 
1087.23 8.89967e-07 
1087.76 8.69204e-07 
1088.29 8.51496e-07 
1088.83 8.36859e-07 
1089.36 8.2494e-07 
1089.89 8.15283e-07 
1090.42 8.07456e-07 
1090.95 8.01091e-07 
1091.48 7.95887e-07 
1092.01 7.91611e-07 
1092.54 7.88078e-07 
1093.07 7.85143e-07 
1093.6 7.82694e-07 
1094.13 7.80643e-07 
1094.66 7.78919e-07 
1095.19 7.77468e-07 
1095.72 7.76245e-07 
1096.25 7.75215e-07 
1096.78 7.74347e-07 
1097.31 7.73618e-07 
1097.84 7.73008e-07 
1098.37 7.72501e-07 
1098.9 7.72085e-07 
1099.43 7.71746e-07 
1099.96 7.71476e-07 
1100.49 7.71267e-07 
1101.02 7.71111e-07 
1101.55 7.71002e-07 
1102.08 7.70936e-07 
1102.61 7.70908e-07 
1103.14 7.70915e-07 
1103.67 7.70953e-07 
1104.2 7.71018e-07 
1104.73 7.7111e-07 
1105.26 7.71224e-07 
1105.79 7.71359e-07 
1106.32 7.71515e-07 
1106.85 7.71688e-07 
1107.38 7.71878e-07 
1107.92 7.72083e-07 
1108.45 7.72303e-07 
1108.98 7.72536e-07 
1109.51 7.72781e-07 
1110.04 7.73038e-07 
1110.57 7.73306e-07 
1111.1 7.73584e-07 
1111.63 7.73872e-07 
1112.16 7.74169e-07 
1112.69 7.74474e-07 
1113.22 7.74788e-07 
1113.75 7.75109e-07 
1114.28 7.75438e-07 
1114.81 7.75773e-07 
1115.34 7.76116e-07 
1115.87 7.76465e-07 
1116.4 7.7682e-07 
1116.93 7.77181e-07 
1117.46 7.77548e-07 
1117.99 7.7792e-07 
1118.52 7.78297e-07 
1119.05 7.7868e-07 
1119.58 7.79067e-07 
1120.11 7.79459e-07 
1120.64 7.79856e-07 
1121.17 7.80257e-07 
1121.7 7.80663e-07 
1122.23 7.81072e-07 
1122.76 7.81486e-07 
1123.29 7.81904e-07 
1123.82 7.82325e-07 
1124.35 7.8275e-07 
1124.88 7.83178e-07 
1125.41 7.8361e-07 
1125.94 7.84045e-07 
1126.47 7.84483e-07 
1127 7.84924e-07 
1127.54 7.85368e-07 
1128.07 7.85815e-07 
1128.6 7.86265e-07 
1129.13 7.86716e-07 
1129.66 7.8717e-07 
1130.19 7.87627e-07 
1130.72 7.88086e-07 
1131.25 7.88546e-07 
1131.78 7.89009e-07 
1132.31 7.89472e-07 
1132.84 7.89938e-07 
1133.37 7.90404e-07 
1133.9 7.90871e-07 
1134.43 7.9134e-07 
1134.96 7.91808e-07 
1135.49 7.92277e-07 
1136.02 7.92747e-07 
1136.55 7.93217e-07 
1137.08 7.93686e-07 
1137.61 7.94154e-07 
1138.14 7.94623e-07 
1138.67 7.9509e-07 
1139.2 7.95556e-07 
1139.73 7.9602e-07 
1140.26 7.96483e-07 
1140.79 7.96944e-07 
1141.32 7.97402e-07 
1141.85 7.97858e-07 
1142.38 7.98312e-07 
1142.91 7.98763e-07 
1143.44 7.99211e-07 
1143.97 7.99655e-07 
1144.5 8.00095e-07 
1145.03 8.00532e-07 
1145.56 8.00966e-07 
1146.09 8.01396e-07 
1146.62 8.01821e-07 
1147.16 8.02243e-07 
1147.69 8.02662e-07 
1148.22 8.03076e-07 
1148.75 8.03488e-07 
1149.28 8.03896e-07 
1149.81 8.04302e-07 
1150.34 8.04707e-07 
1150.87 8.0511e-07 
1151.4 8.05513e-07 
1151.93 8.05918e-07 
1152.46 8.06326e-07 
1152.99 8.06738e-07 
1153.52 8.07157e-07 
1154.05 8.07587e-07 
1154.58 8.08029e-07 
1155.11 8.08489e-07 
1155.64 8.08973e-07 
1156.17 8.09486e-07 
1156.7 8.10036e-07 
1157.23 8.10633e-07 
1157.76 8.11289e-07 
1158.29 8.12019e-07 
1158.82 8.12844e-07 
1159.35 8.13786e-07 
1159.88 8.14878e-07 
1160.41 8.16159e-07 
1160.94 8.17679e-07 
1161.47 8.19506e-07 
1162 8.2172e-07 
1162.53 8.24425e-07 
1163.06 8.27743e-07 
1163.59 8.31803e-07 
1164.12 8.36714e-07 
1164.65 8.42489e-07 
1165.18 8.4892e-07 
1165.71 8.55409e-07 
1166.25 8.60891e-07 
1166.78 8.64062e-07 
1167.31 8.64003e-07 
1167.84 8.60788e-07 
1168.37 8.55431e-07 
1168.9 8.49248e-07 
1169.43 8.43252e-07 
1169.96 8.37978e-07 
1170.49 8.33593e-07 
1171.02 8.30065e-07 
1171.55 8.27284e-07 
1172.08 8.25128e-07 
1172.61 8.23489e-07 
1173.14 8.22283e-07 
1173.67 8.21449e-07 
1174.2 8.20949e-07 
1174.73 8.20756e-07 
1175.26 8.20846e-07 
1175.79 8.21182e-07 
1176.32 8.21679e-07 
1176.85 8.22173e-07 
1177.38 8.22408e-07 
1177.91 8.22114e-07 
1178.44 8.21137e-07 
1178.97 8.19535e-07 
1179.5 8.17535e-07 
1180.03 8.15389e-07 
1180.56 8.13269e-07 
1181.09 8.11252e-07 
1181.62 8.09354e-07 
1182.15 8.0756e-07 
1182.68 8.05842e-07 
1183.21 8.04167e-07 
1183.74 8.02513e-07 
1184.27 8.00864e-07 
1184.8 7.99201e-07 
1185.33 7.97512e-07 
1185.87 7.95794e-07 
1186.4 7.94045e-07 
1186.93 7.9226e-07 
1187.46 7.90443e-07 
1187.99 7.88604e-07 
1188.52 7.86751e-07 
1189.05 7.84893e-07 
1189.58 7.83049e-07 
1190.11 7.81247e-07 
1190.64 7.79512e-07 
1191.17 7.7788e-07 
1191.7 7.76399e-07 
1192.23 7.75133e-07 
1192.76 7.74154e-07 
1193.29 7.73563e-07 
1193.82 7.73494e-07 
1194.35 7.74122e-07 
1194.88 7.75683e-07 
1195.41 7.78505e-07 
1195.94 7.8306e-07 
1196.47 7.90022e-07 
1197 8.00408e-07 
1197.53 8.15802e-07 
1198.06 8.38776e-07 
1198.59 8.73732e-07 
1199.12 9.28699e-07 
1199.65 1.01954e-06 
1200.18 1.18082e-06 
1200.71 1.49738e-06 
1201.24 2.1973e-06 
1201.77 3.7128e-06 
1202.3 5.38153e-06 
1202.83 4.58376e-06 
1203.36 2.59986e-06 
1203.89 1.65804e-06 
1204.42 1.24549e-06 
1204.96 1.04016e-06 
1205.49 9.25383e-07 
1206.02 8.55282e-07 
1206.55 8.09502e-07 
1207.08 7.78018e-07 
1207.61 7.55463e-07 
1208.14 7.38761e-07 
1208.67 7.26053e-07 
1209.2 7.16161e-07 
1209.73 7.08311e-07 
1210.26 7.01977e-07 
1210.79 6.96793e-07 
1211.32 6.92496e-07 
1211.85 6.88895e-07 
1212.38 6.85845e-07 
1212.91 6.83241e-07 
1213.44 6.80998e-07 
1213.97 6.79054e-07 
1214.5 6.77356e-07 
1215.03 6.75864e-07 
1215.56 6.74546e-07 
1216.09 6.73376e-07 
1216.62 6.72332e-07 
1217.15 6.71395e-07 
1217.68 6.70552e-07 
1218.21 6.6979e-07 
1218.74 6.69099e-07 
1219.27 6.68468e-07 
1219.8 6.67893e-07 
1220.33 6.67364e-07 
1220.86 6.66878e-07 
1221.39 6.6643e-07 
1221.92 6.66014e-07 
1222.45 6.65628e-07 
1222.98 6.65269e-07 
1223.51 6.64933e-07 
1224.04 6.64618e-07 
1224.58 6.64322e-07 
1225.11 6.64044e-07 
1225.64 6.63781e-07 
1226.17 6.63532e-07 
1226.7 6.63294e-07 
1227.23 6.63069e-07 
1227.76 6.62854e-07 
1228.29 6.62647e-07 
1228.82 6.6245e-07 
1229.35 6.62259e-07 
1229.88 6.62075e-07 
1230.41 6.61898e-07 
1230.94 6.61726e-07 
1231.47 6.61559e-07 
1232 6.61395e-07 
1232.53 6.61236e-07 
1233.06 6.6108e-07 
1233.59 6.60928e-07 
1234.12 6.60778e-07 
1234.65 6.6063e-07 
1235.18 6.60484e-07 
1235.71 6.6034e-07 
1236.24 6.60197e-07 
1236.77 6.60055e-07 
1237.3 6.59914e-07 
1237.83 6.59774e-07 
1238.36 6.59633e-07 
1238.89 6.59494e-07 
1239.42 6.59354e-07 
1239.95 6.59214e-07 
1240.48 6.59073e-07 
1241.01 6.58932e-07 
1241.54 6.58791e-07 
1242.07 6.58648e-07 
1242.6 6.58504e-07 
1243.13 6.58358e-07 
1243.67 6.58211e-07 
1244.2 6.58063e-07 
1244.73 6.57914e-07 
1245.26 6.57762e-07 
1245.79 6.57609e-07 
1246.32 6.57453e-07 
1246.85 6.57295e-07 
1247.38 6.57135e-07 
1247.91 6.56972e-07 
1248.44 6.56807e-07 
1248.97 6.56639e-07 
1249.5 6.56468e-07 
1250.03 6.56294e-07 
1250.56 6.56118e-07 
1251.09 6.55938e-07 
1251.62 6.55754e-07 
1252.15 6.55568e-07 
1252.68 6.55378e-07 
1253.21 6.55184e-07 
1253.74 6.54987e-07 
1254.27 6.54786e-07 
1254.8 6.54581e-07 
1255.33 6.54371e-07 
1255.86 6.54159e-07 
1256.39 6.53942e-07 
1256.92 6.53721e-07 
1257.45 6.53495e-07 
1257.98 6.53266e-07 
1258.51 6.53032e-07 
1259.04 6.52794e-07 
1259.57 6.52551e-07 
1260.1 6.52305e-07 
1260.63 6.52054e-07 
1261.16 6.51799e-07 
1261.69 6.5154e-07 
1262.22 6.51277e-07 
1262.75 6.51011e-07 
1263.29 6.5074e-07 
1263.82 6.50467e-07 
1264.35 6.50191e-07 
1264.88 6.49914e-07 
1265.41 6.49634e-07 
1265.94 6.49355e-07 
1266.47 6.49078e-07 
1267 6.48804e-07 
1267.53 6.48537e-07 
1268.06 6.48282e-07 
1268.59 6.48046e-07 
1269.12 6.47842e-07 
1269.65 6.47692e-07 
1270.18 6.47634e-07 
1270.71 6.47744e-07 
1271.24 6.48196e-07 
1271.77 6.49411e-07 
1272.3 6.52521e-07 
1272.83 6.59462e-07 
1273.36 6.66796e-07 
1273.89 6.60802e-07 
1274.42 6.51869e-07 
1274.95 6.47699e-07 
1275.48 6.45672e-07 
1276.01 6.44488e-07 
1276.54 6.43679e-07 
1277.07 6.43053e-07 
1277.6 6.42527e-07 
1278.13 6.42058e-07 
1278.66 6.41624e-07 
1279.19 6.41211e-07 
1279.72 6.40811e-07 
1280.25 6.40418e-07 
1280.78 6.4003e-07 
1281.31 6.39644e-07 
1281.84 6.39257e-07 
1282.38 6.3887e-07 
1282.91 6.38481e-07 
1283.44 6.38089e-07 
1283.97 6.37694e-07 
1284.5 6.37296e-07 
1285.03 6.36893e-07 
1285.56 6.36486e-07 
1286.09 6.36075e-07 
1286.62 6.35659e-07 
1287.15 6.35238e-07 
1287.68 6.34811e-07 
1288.21 6.3438e-07 
1288.74 6.33943e-07 
1289.27 6.335e-07 
1289.8 6.33051e-07 
1290.33 6.32597e-07 
1290.86 6.32136e-07 
1291.39 6.3167e-07 
1291.92 6.31197e-07 
1292.45 6.30718e-07 
1292.98 6.30232e-07 
1293.51 6.2974e-07 
1294.04 6.29241e-07 
1294.57 6.28735e-07 
1295.1 6.28221e-07 
1295.63 6.27702e-07 
1296.16 6.27175e-07 
1296.69 6.2664e-07 
1297.22 6.26098e-07 
1297.75 6.25548e-07 
1298.28 6.24991e-07 
1298.81 6.24426e-07 
1299.34 6.23853e-07 
1299.87 6.23272e-07 
1300.4 6.22683e-07 
1300.93 6.22086e-07 
1301.46 6.2148e-07 
1302 6.20866e-07 
1302.53 6.20244e-07 
1303.06 6.19613e-07 
1303.59 6.18973e-07 
1304.12 6.18325e-07 
1304.65 6.17668e-07 
1305.18 6.17003e-07 
1305.71 6.16329e-07 
1306.24 6.15647e-07 
1306.77 6.14956e-07 
1307.3 6.14257e-07 
1307.83 6.13551e-07 
1308.36 6.12837e-07 
1308.89 6.12118e-07 
1309.42 6.11393e-07 
1309.95 6.10665e-07 
1310.48 6.09934e-07 
1311.01 6.09205e-07 
1311.54 6.08483e-07 
1312.07 6.07775e-07 
1312.6 6.07092e-07 
1313.13 6.06456e-07 
1313.66 6.05902e-07 
1314.19 6.05497e-07 
1314.72 6.05381e-07 
1315.25 6.05876e-07 
1315.78 6.07811e-07 
1316.31 6.13318e-07 
1316.84 6.24081e-07 
1317.37 6.28371e-07 
1317.9 6.14325e-07 
1318.43 6.04827e-07 
1318.96 6.00268e-07 
1319.49 5.97638e-07 
1320.02 5.95794e-07 
1320.55 5.94307e-07 
1321.08 5.93e-07 
1321.62 5.91784e-07 
1322.15 5.90615e-07 
1322.68 5.8947e-07 
1323.21 5.88332e-07 
1323.74 5.87192e-07 
1324.27 5.86043e-07 
1324.8 5.8488e-07 
1325.33 5.83702e-07 
1325.86 5.82503e-07 
1326.39 5.81284e-07 
1326.92 5.80042e-07 
1327.45 5.78775e-07 
1327.98 5.77484e-07 
1328.51 5.76166e-07 
1329.04 5.74822e-07 
1329.57 5.73451e-07 
1330.1 5.72054e-07 
1330.63 5.7063e-07 
1331.16 5.6918e-07 
1331.69 5.67705e-07 
1332.22 5.66208e-07 
1332.75 5.64692e-07 
1333.28 5.6316e-07 
1333.81 5.61618e-07 
1334.34 5.60077e-07 
1334.87 5.58552e-07 
1335.4 5.57063e-07 
1335.93 5.55646e-07 
1336.46 5.54363e-07 
1336.99 5.53322e-07 
1337.52 5.52739e-07 
1338.05 5.53089e-07 
1338.58 5.55535e-07 
1339.11 5.62876e-07 
1339.64 5.77264e-07 
1340.17 5.87491e-07 
1340.71 5.94786e-07 
1341.24 5.98895e-07 
1341.77 5.70397e-07 
1342.3 5.50828e-07 
1342.83 5.42034e-07 
1343.36 5.38026e-07 
1343.89 5.36875e-07 
1344.42 5.387e-07 
1344.95 5.4553e-07 
1345.48 5.63533e-07 
1346.01 6.08198e-07 
1346.54 6.85604e-07 
1347.07 6.90561e-07 
1347.6 5.99657e-07 
1348.13 5.49912e-07 
1348.66 5.27375e-07 
1349.19 5.15363e-07 
1349.72 5.07786e-07 
1350.25 5.02317e-07 
1350.78 4.97952e-07 
1351.31 4.94211e-07 
1351.84 4.90844e-07 
1352.37 4.87711e-07 
1352.9 4.8473e-07 
1353.43 4.81856e-07 
1353.96 4.79062e-07 
1354.49 4.76335e-07 
1355.02 4.73674e-07 
1355.55 4.71089e-07 
1356.08 4.68597e-07 
1356.61 4.66225e-07 
1357.14 4.64019e-07 
1357.67 4.62047e-07 
1358.2 4.60406e-07 
1358.73 4.59242e-07 
1359.26 4.5879e-07 
1359.79 4.59427e-07 
1360.33 4.618e-07 
1360.86 4.67087e-07 
1361.39 4.77614e-07 
1361.92 4.98441e-07 
1362.45 5.41947e-07 
1362.98 6.41285e-07 
1363.51 8.62617e-07 
1364.04 1.13622e-06 
1364.57 9.4865e-07 
1365.1 6.67947e-07 
1365.63 5.42761e-07 
1366.16 4.86479e-07 
1366.69 4.57346e-07 
1367.22 4.40273e-07 
1367.75 4.29224e-07 
1368.28 4.21482e-07 
1368.81 4.15688e-07 
1369.34 4.11108e-07 
1369.87 4.07318e-07 
1370.4 4.04057e-07 
1370.93 4.01161e-07 
1371.46 3.9852e-07 
1371.99 3.9606e-07 
1372.52 3.93727e-07 
1373.05 3.91483e-07 
1373.58 3.89301e-07 
1374.11 3.8716e-07 
1374.64 3.85045e-07 
1375.17 3.82945e-07 
1375.7 3.80854e-07 
1376.23 3.78768e-07 
1376.76 3.76687e-07 
1377.29 3.74617e-07 
1377.82 3.72574e-07 
1378.35 3.70577e-07 
1378.88 3.68672e-07 
1379.42 3.66936e-07 
1379.95 3.65509e-07 
1380.48 3.64668e-07 
1381.01 3.65009e-07 
1381.54 3.67954e-07 
1382.07 3.77279e-07 
1382.6 4.01838e-07 
1383.13 4.41666e-07 
1383.66 4.2766e-07 
1384.19 3.80908e-07 
1384.72 3.57144e-07 
1385.25 3.45107e-07 
1385.78 3.37578e-07 
1386.31 3.31957e-07 
1386.84 3.27236e-07 
1387.37 3.2298e-07 
1387.9 3.18977e-07 
1388.43 3.15125e-07 
1388.96 3.11389e-07 
1389.49 3.07765e-07 
1390.02 3.04279e-07 
1390.55 3.01001e-07 
1391.08 2.98065e-07 
1391.61 2.95702e-07 
1392.14 2.9433e-07 
1392.67 2.94796e-07 
1393.2 2.98965e-07 
1393.73 3.1145e-07 
1394.26 3.4431e-07 
1394.79 4.14851e-07 
1395.32 4.609e-07 
1395.85 3.88476e-07 
1396.38 3.53586e-07 
1396.91 3.81357e-07 
1397.44 4.89196e-07 
1397.97 6.21048e-07 
1398.5 4.92563e-07 
1399.04 3.46238e-07 
1399.57 2.79693e-07 
1400.1 2.46982e-07 
1400.63 2.27832e-07 
1401.16 2.14883e-07 
1401.69 2.05169e-07 
1402.22 1.97372e-07 
1402.75 1.90889e-07 
1403.28 1.85464e-07 
1403.81 1.81046e-07 
1404.34 1.77766e-07 
1404.87 1.7595e-07 
1405.4 1.76204e-07 
1405.93 1.79623e-07 
1406.46 1.88281e-07 
1406.99 2.06415e-07 
1407.52 2.43672e-07 
1408.05 3.2478e-07 
1408.58 5.09246e-07 
1409.11 8.18641e-07 
1409.64 8.15982e-07 
1410.17 6.59958e-07 
1410.7 8.24584e-07 
1411.23 1.32053e-06 
1411.76 1.3314e-06 
1412.29 7.17616e-07 
1412.82 3.96172e-07 
1413.35 2.56521e-07 
1413.88 1.88039e-07 
1414.41 1.5048e-07 
1414.94 1.28651e-07 
1415.47 1.16704e-07 
1416 1.1385e-07 
1416.53 1.23676e-07 
1417.06 1.40116e-07 
1417.59 1.25293e-07 
1418.12 1.16076e-07 
1418.66 1.33513e-07 
1419.19 1.49025e-07 
1419.72 1.12681e-07 
1420.25 8.58383e-08 
1420.78 7.36648e-08 
1421.31 6.76784e-08 
1421.84 6.4859e-08 
1422.37 6.48573e-08 
1422.9 6.75294e-08 
1423.43 6.5007e-08 
1423.96 5.88264e-08 
1424.49 5.53379e-08 
1425.02 5.32993e-08 
1425.55 5.18722e-08 
1426.08 5.07434e-08 
1426.61 4.9783e-08 
1427.14 4.89284e-08 
1427.67 4.81458e-08 
1428.2 4.7415e-08 
1428.73 4.67225e-08 
1429.26 4.60592e-08 
1429.79 4.54186e-08 
1430.32 4.47963e-08 
1430.85 4.41885e-08 
1431.38 4.35926e-08 
1431.91 4.3007e-08 
1432.44 4.2431e-08 
1432.97 4.18638e-08 
1433.5 4.13056e-08 
1434.03 4.07578e-08 
1434.56 4.02221e-08 
1435.09 3.97009e-08 
1435.62 3.91982e-08 
1436.15 3.87196e-08 
1436.68 3.82723e-08 
1437.21 3.78664e-08 
1437.75 3.75162e-08 
1438.28 3.72418e-08 
1438.81 3.70716e-08 
1439.34 3.70476e-08 
1439.87 3.72342e-08 
1440.4 3.77325e-08 
1440.93 3.87096e-08 
1441.46 4.04584e-08 
1441.99 4.3529e-08 
1442.52 4.90487e-08 
1443.05 5.95961e-08 
1443.58 8.17972e-08 
1444.11 1.32526e-07 
1444.64 2.25982e-07 
1445.17 2.5043e-07 
1445.7 1.84407e-07 
1446.23 1.59095e-07 
1446.76 1.0484e-07 
1447.29 6.67288e-08 
1447.82 4.91504e-08 
1448.35 4.02108e-08 
1448.88 3.50474e-08 
1449.41 3.17555e-08 
1449.94 2.94941e-08 
1450.47 2.78474e-08 
1451 2.65909e-08 
1451.53 2.55955e-08 
1452.06 2.4784e-08 
1452.59 2.41102e-08 
1453.12 2.35492e-08 
1453.65 2.30975e-08 
1454.18 2.27849e-08 
1454.71 2.27171e-08 
1455.24 2.3205e-08 
1455.77 2.47408e-08 
1456.3 2.5094e-08 
1456.83 2.25429e-08 
1457.37 2.0878e-08 
1457.9 1.9958e-08 
1458.43 1.93314e-08 
1458.96 1.8831e-08 
1459.49 1.83969e-08 
1460.02 1.80097e-08 
1460.55 1.76713e-08 
1461.08 1.74069e-08 
1461.61 1.72917e-08 
1462.14 1.75356e-08 
1462.67 1.86687e-08 
1463.2 2.05473e-08 
1463.73 1.87985e-08 
1464.26 1.62796e-08 
1464.79 1.49314e-08 
1465.32 1.40993e-08 
1465.85 1.34719e-08 
1466.38 1.29386e-08 
1466.91 1.24572e-08 
1467.44 1.2012e-08 
1467.97 1.15994e-08 
1468.5 1.12224e-08 
1469.03 1.08892e-08 
1469.56 1.0616e-08 
1470.09 1.04288e-08 
1470.62 1.03706e-08 
1471.15 1.05182e-08 
1471.68 1.10263e-08 
1472.21 1.22442e-08 
1472.74 1.48892e-08 
1473.27 1.83954e-08 
1473.8 2.15433e-08 
1474.33 2.9079e-08 
1474.86 3.7791e-08 
1475.39 5.80186e-08 
1475.92 1.12351e-07 
1476.46 1.73385e-07 
1476.99 1.12429e-07 
1477.52 5.43734e-08 
1478.05 2.94668e-08 
1478.58 1.81542e-08 
1479.11 1.22905e-08 
1479.64 8.90451e-09 
1480.17 6.78294e-09 
1480.7 5.36819e-09 
1481.23 4.37799e-09 
1481.76 3.65776e-09 
1482.29 3.11738e-09 
1482.82 2.70145e-09 
1483.35 2.37447e-09 
1483.88 2.11282e-09 
1484.41 1.9003e-09 
1484.94 1.7255e-09 
1485.47 1.58017e-09 
