#energy geo_1 
400 4.57301e-06 
400.53 4.57253e-06 
401.061 4.57203e-06 
401.591 4.57152e-06 
402.121 4.57099e-06 
402.651 4.57044e-06 
403.182 4.56988e-06 
403.712 4.56929e-06 
404.242 4.56869e-06 
404.772 4.56806e-06 
405.303 4.56742e-06 
405.833 4.56676e-06 
406.363 4.56609e-06 
406.894 4.56539e-06 
407.424 4.56468e-06 
407.954 4.56395e-06 
408.484 4.56322e-06 
409.015 4.56248e-06 
409.545 4.56173e-06 
410.075 4.56098e-06 
410.605 4.56026e-06 
411.136 4.55957e-06 
411.666 4.55895e-06 
412.196 4.55846e-06 
412.727 4.5582e-06 
413.257 4.55839e-06 
413.787 4.55952e-06 
414.317 4.5628e-06 
414.848 4.57161e-06 
415.378 4.59292e-06 
415.908 4.60557e-06 
416.438 4.57964e-06 
416.969 4.56208e-06 
417.499 4.55393e-06 
418.029 4.54951e-06 
418.56 4.54659e-06 
419.09 4.54437e-06 
419.62 4.54247e-06 
420.15 4.54076e-06 
420.681 4.53913e-06 
421.211 4.53754e-06 
421.741 4.53599e-06 
422.271 4.53443e-06 
422.802 4.53288e-06 
423.332 4.53132e-06 
423.862 4.52977e-06 
424.393 4.52822e-06 
424.923 4.52669e-06 
425.453 4.5252e-06 
425.983 4.52374e-06 
426.514 4.52233e-06 
427.044 4.52095e-06 
427.574 4.51956e-06 
428.104 4.51804e-06 
428.635 4.51625e-06 
429.165 4.51405e-06 
429.695 4.51143e-06 
430.226 4.50849e-06 
430.756 4.50539e-06 
431.286 4.50227e-06 
431.816 4.49921e-06 
432.347 4.49624e-06 
432.877 4.49339e-06 
433.407 4.49068e-06 
433.938 4.48812e-06 
434.468 4.48574e-06 
434.998 4.48359e-06 
435.528 4.48173e-06 
436.059 4.48026e-06 
436.589 4.47928e-06 
437.119 4.479e-06 
437.649 4.4797e-06 
438.18 4.48205e-06 
438.71 4.48743e-06 
439.24 4.4987e-06 
439.771 4.52237e-06 
440.301 4.57494e-06 
440.831 4.70213e-06 
441.361 4.97702e-06 
441.892 5.04086e-06 
442.422 4.75294e-06 
442.952 4.58506e-06 
443.482 4.51108e-06 
444.013 4.47476e-06 
444.543 4.45408e-06 
445.073 4.44067e-06 
445.604 4.43103e-06 
446.134 4.4235e-06 
446.664 4.41727e-06 
447.194 4.41185e-06 
447.725 4.40697e-06 
448.255 4.40246e-06 
448.785 4.39818e-06 
449.315 4.39407e-06 
449.846 4.39007e-06 
450.376 4.38614e-06 
450.906 4.38226e-06 
451.437 4.37839e-06 
451.967 4.37452e-06 
452.497 4.37062e-06 
453.027 4.36665e-06 
453.558 4.36262e-06 
454.088 4.35854e-06 
454.618 4.35445e-06 
455.148 4.35039e-06 
455.679 4.34634e-06 
456.209 4.34234e-06 
456.739 4.33841e-06 
457.27 4.33459e-06 
457.8 4.331e-06 
458.33 4.32781e-06 
458.86 4.32524e-06 
459.391 4.32363e-06 
459.921 4.32344e-06 
460.451 4.3254e-06 
460.981 4.33072e-06 
461.512 4.3416e-06 
462.042 4.3623e-06 
462.572 4.40199e-06 
463.103 4.48261e-06 
463.633 4.6634e-06 
464.163 5.09878e-06 
464.693 5.7237e-06 
465.224 5.34535e-06 
465.754 4.78623e-06 
466.284 4.52031e-06 
466.814 4.40177e-06 
467.345 4.34212e-06 
467.875 4.30842e-06 
468.405 4.28763e-06 
468.936 4.27396e-06 
469.466 4.26454e-06 
469.996 4.25786e-06 
470.526 4.25306e-06 
471.057 4.24966e-06 
471.587 4.24736e-06 
472.117 4.24602e-06 
472.647 4.24558e-06 
473.178 4.24605e-06 
473.708 4.24745e-06 
474.238 4.24984e-06 
474.769 4.25314e-06 
475.299 4.25709e-06 
475.829 4.26104e-06 
476.359 4.2639e-06 
476.89 4.26444e-06 
477.42 4.26197e-06 
477.95 4.25679e-06 
478.48 4.24998e-06 
479.011 4.24271e-06 
479.541 4.2358e-06 
480.071 4.22963e-06 
480.602 4.22431e-06 
481.132 4.21979e-06 
481.662 4.21599e-06 
482.192 4.21288e-06 
482.723 4.21053e-06 
483.253 4.20933e-06 
483.783 4.21046e-06 
484.313 4.21427e-06 
484.844 4.21033e-06 
485.374 4.20322e-06 
485.904 4.19889e-06 
486.435 4.19627e-06 
486.965 4.19444e-06 
487.495 4.19305e-06 
488.025 4.19199e-06 
488.556 4.19123e-06 
489.086 4.19078e-06 
489.616 4.19069e-06 
490.146 4.19101e-06 
490.677 4.19185e-06 
491.207 4.19332e-06 
491.737 4.1956e-06 
492.268 4.19886e-06 
492.798 4.20335e-06 
493.328 4.2093e-06 
493.858 4.21685e-06 
494.389 4.22591e-06 
494.919 4.23581e-06 
495.449 4.24507e-06 
495.979 4.25136e-06 
496.51 4.25232e-06 
497.04 4.24699e-06 
497.57 4.23644e-06 
498.101 4.22305e-06 
498.631 4.2091e-06 
499.161 4.19604e-06 
499.691 4.18448e-06 
500.222 4.17454e-06 
500.752 4.16607e-06 
501.282 4.15883e-06 
501.812 4.1526e-06 
502.343 4.1472e-06 
502.873 4.14247e-06 
503.403 4.13829e-06 
503.934 4.13455e-06 
504.464 4.13115e-06 
504.994 4.12803e-06 
505.524 4.12512e-06 
506.055 4.12243e-06 
506.585 4.12e-06 
507.115 4.11788e-06 
507.646 4.11615e-06 
508.176 4.11488e-06 
508.706 4.11417e-06 
509.236 4.11414e-06 
509.767 4.11494e-06 
510.297 4.11679e-06 
510.827 4.11995e-06 
511.357 4.12478e-06 
511.888 4.1317e-06 
512.418 4.1412e-06 
512.948 4.15373e-06 
513.479 4.1695e-06 
514.009 4.1881e-06 
514.539 4.20784e-06 
515.069 4.22516e-06 
515.6 4.23501e-06 
516.13 4.23295e-06 
516.66 4.2179e-06 
517.19 4.19289e-06 
517.721 4.16298e-06 
518.251 4.13254e-06 
518.781 4.10412e-06 
519.312 4.07872e-06 
519.842 4.05641e-06 
520.372 4.03682e-06 
520.902 4.01949e-06 
521.433 4.00395e-06 
521.963 3.98983e-06 
522.493 3.9768e-06 
523.023 3.96462e-06 
523.554 3.95311e-06 
524.084 3.94215e-06 
524.614 3.93163e-06 
525.145 3.9215e-06 
525.675 3.91173e-06 
526.205 3.90231e-06 
526.735 3.89326e-06 
527.266 3.88466e-06 
527.796 3.8767e-06 
528.326 3.86964e-06 
528.856 3.86389e-06 
529.387 3.86008e-06 
529.917 3.85918e-06 
530.447 3.86284e-06 
530.978 3.87409e-06 
531.508 3.899e-06 
532.038 3.95062e-06 
532.568 4.06009e-06 
533.099 4.31107e-06 
533.629 4.92173e-06 
534.159 5.8194e-06 
534.689 5.35819e-06 
535.22 4.53961e-06 
535.75 4.11097e-06 
536.28 3.91665e-06 
536.811 3.81657e-06 
537.341 3.75721e-06 
537.871 3.71765e-06 
538.401 3.68866e-06 
538.932 3.66579e-06 
539.462 3.64664e-06 
539.992 3.62989e-06 
540.522 3.6147e-06 
541.053 3.6006e-06 
541.583 3.58731e-06 
542.113 3.57464e-06 
542.644 3.56247e-06 
543.174 3.55081e-06 
543.704 3.5398e-06 
544.234 3.52991e-06 
544.765 3.52267e-06 
545.295 3.52208e-06 
545.825 3.52826e-06 
546.355 3.51149e-06 
546.886 3.48736e-06 
547.416 3.4719e-06 
547.946 3.46335e-06 
548.477 3.45996e-06 
549.007 3.4622e-06 
549.537 3.47216e-06 
550.067 3.49387e-06 
550.598 3.53485e-06 
551.128 3.60989e-06 
551.658 3.75068e-06 
552.188 4.03328e-06 
552.719 4.66327e-06 
553.249 6.16716e-06 
553.779 8.21539e-06 
554.31 7.04706e-06 
554.84 5.18661e-06 
555.37 4.22264e-06 
555.9 3.79519e-06 
556.431 3.58397e-06 
556.961 3.46671e-06 
557.491 3.39557e-06 
558.021 3.34945e-06 
558.552 3.31802e-06 
559.082 3.29576e-06 
559.612 3.27951e-06 
560.143 3.26737e-06 
560.673 3.25813e-06 
561.203 3.251e-06 
561.733 3.24544e-06 
562.264 3.24108e-06 
562.794 3.23764e-06 
563.324 3.23494e-06 
563.854 3.23281e-06 
564.385 3.23116e-06 
564.915 3.2299e-06 
565.445 3.22897e-06 
565.976 3.22831e-06 
566.506 3.22788e-06 
567.036 3.22765e-06 
567.566 3.22759e-06 
568.097 3.22765e-06 
568.627 3.22781e-06 
569.157 3.22804e-06 
569.688 3.22831e-06 
570.218 3.22864e-06 
570.748 3.22902e-06 
571.278 3.22946e-06 
571.809 3.22997e-06 
572.339 3.23053e-06 
572.869 3.23115e-06 
573.399 3.23182e-06 
573.93 3.23253e-06 
574.46 3.23328e-06 
574.99 3.23406e-06 
575.521 3.23487e-06 
576.051 3.23571e-06 
576.581 3.23657e-06 
577.111 3.23746e-06 
577.642 3.23836e-06 
578.172 3.23929e-06 
578.702 3.24023e-06 
579.232 3.24119e-06 
579.763 3.24216e-06 
580.293 3.24315e-06 
580.823 3.24415e-06 
581.354 3.24516e-06 
581.884 3.24619e-06 
582.414 3.24723e-06 
582.944 3.24828e-06 
583.475 3.24935e-06 
584.005 3.25044e-06 
584.535 3.25154e-06 
585.065 3.25267e-06 
585.596 3.25382e-06 
586.126 3.255e-06 
586.656 3.25622e-06 
587.187 3.25748e-06 
587.717 3.2588e-06 
588.247 3.26019e-06 
588.777 3.26165e-06 
589.308 3.2632e-06 
589.838 3.26484e-06 
590.368 3.26654e-06 
590.898 3.26825e-06 
591.429 3.26987e-06 
591.959 3.27129e-06 
592.489 3.27245e-06 
593.02 3.27333e-06 
593.55 3.27399e-06 
594.08 3.27452e-06 
594.61 3.27502e-06 
595.141 3.27558e-06 
595.671 3.27624e-06 
596.201 3.277e-06 
596.731 3.27788e-06 
597.262 3.27888e-06 
597.792 3.28001e-06 
598.322 3.28129e-06 
598.853 3.2828e-06 
599.383 3.28467e-06 
599.913 3.28725e-06 
600.443 3.29138e-06 
600.974 3.29944e-06 
601.504 3.31511e-06 
602.034 3.321e-06 
602.564 3.30936e-06 
603.095 3.30078e-06 
603.625 3.29767e-06 
604.155 3.29698e-06 
604.686 3.29719e-06 
605.216 3.29774e-06 
605.746 3.29841e-06 
606.276 3.29914e-06 
606.807 3.29994e-06 
607.337 3.30081e-06 
607.867 3.30175e-06 
608.397 3.30275e-06 
608.928 3.3038e-06 
609.458 3.3049e-06 
609.988 3.30603e-06 
610.519 3.30719e-06 
611.049 3.30836e-06 
611.579 3.30956e-06 
612.109 3.31078e-06 
612.64 3.31201e-06 
613.17 3.31324e-06 
613.7 3.31449e-06 
614.23 3.31574e-06 
614.761 3.317e-06 
615.291 3.31827e-06 
615.821 3.31954e-06 
616.352 3.32081e-06 
616.882 3.3221e-06 
617.412 3.32339e-06 
617.942 3.32469e-06 
618.473 3.32599e-06 
619.003 3.32731e-06 
619.533 3.32863e-06 
620.063 3.32998e-06 
620.594 3.33133e-06 
621.124 3.33269e-06 
621.654 3.33405e-06 
622.185 3.33541e-06 
622.715 3.33673e-06 
623.245 3.33802e-06 
623.775 3.33927e-06 
624.306 3.34049e-06 
624.836 3.3417e-06 
625.366 3.34291e-06 
625.896 3.34413e-06 
626.427 3.34537e-06 
626.957 3.34661e-06 
627.487 3.34788e-06 
628.018 3.34915e-06 
628.548 3.35043e-06 
629.078 3.35172e-06 
629.608 3.35303e-06 
630.139 3.35435e-06 
630.669 3.35568e-06 
631.199 3.35703e-06 
631.729 3.35839e-06 
632.26 3.35978e-06 
632.79 3.36119e-06 
633.32 3.36261e-06 
633.851 3.36403e-06 
634.381 3.36542e-06 
634.911 3.36674e-06 
635.441 3.36799e-06 
635.972 3.36916e-06 
636.502 3.37029e-06 
637.032 3.37141e-06 
637.562 3.37254e-06 
638.093 3.37368e-06 
638.623 3.37485e-06 
639.153 3.37603e-06 
639.684 3.37723e-06 
640.214 3.37844e-06 
640.744 3.37966e-06 
641.274 3.3809e-06 
641.805 3.38214e-06 
642.335 3.38338e-06 
642.865 3.38463e-06 
643.396 3.38589e-06 
643.926 3.38715e-06 
644.456 3.38842e-06 
644.986 3.38969e-06 
645.517 3.39097e-06 
646.047 3.39227e-06 
646.577 3.39357e-06 
647.107 3.39489e-06 
647.638 3.39623e-06 
648.168 3.39759e-06 
648.698 3.39899e-06 
649.229 3.40042e-06 
649.759 3.40189e-06 
650.289 3.40341e-06 
650.819 3.40496e-06 
651.35 3.40651e-06 
651.88 3.40803e-06 
652.41 3.40944e-06 
652.94 3.41074e-06 
653.471 3.41195e-06 
654.001 3.41311e-06 
654.531 3.4143e-06 
655.062 3.41557e-06 
655.592 3.41694e-06 
656.122 3.41843e-06 
656.652 3.42004e-06 
657.183 3.42174e-06 
657.713 3.42348e-06 
658.243 3.42515e-06 
658.773 3.42661e-06 
659.304 3.42778e-06 
659.834 3.42866e-06 
660.364 3.42936e-06 
660.895 3.43e-06 
661.425 3.43069e-06 
661.955 3.43146e-06 
662.485 3.43234e-06 
663.016 3.43332e-06 
663.546 3.4344e-06 
664.076 3.43555e-06 
664.606 3.43672e-06 
665.137 3.43787e-06 
665.667 3.43897e-06 
666.197 3.43999e-06 
666.728 3.44096e-06 
667.258 3.4419e-06 
667.788 3.44287e-06 
668.318 3.44385e-06 
668.849 3.44487e-06 
669.379 3.44592e-06 
669.909 3.44699e-06 
670.439 3.44808e-06 
670.97 3.44919e-06 
671.5 3.45031e-06 
672.03 3.45144e-06 
672.561 3.45258e-06 
673.091 3.45372e-06 
673.621 3.45487e-06 
674.151 3.45602e-06 
674.682 3.45717e-06 
675.212 3.45833e-06 
675.742 3.45948e-06 
676.272 3.46063e-06 
676.803 3.46179e-06 
677.333 3.46294e-06 
677.863 3.46409e-06 
678.394 3.46525e-06 
678.924 3.4664e-06 
679.454 3.46755e-06 
679.984 3.4687e-06 
680.515 3.46985e-06 
681.045 3.471e-06 
681.575 3.47215e-06 
682.105 3.47331e-06 
682.636 3.47447e-06 
683.166 3.47563e-06 
683.696 3.47679e-06 
684.227 3.47794e-06 
684.757 3.47907e-06 
685.287 3.48017e-06 
685.817 3.48125e-06 
686.348 3.48231e-06 
686.878 3.48336e-06 
687.408 3.48441e-06 
687.938 3.48546e-06 
688.469 3.48652e-06 
688.999 3.48758e-06 
689.529 3.48864e-06 
690.06 3.48971e-06 
690.59 3.49078e-06 
691.12 3.49186e-06 
691.65 3.49294e-06 
692.181 3.49404e-06 
692.711 3.49514e-06 
693.241 3.49625e-06 
693.771 3.49738e-06 
694.302 3.49851e-06 
694.832 3.49965e-06 
695.362 3.50079e-06 
695.893 3.50191e-06 
696.423 3.50302e-06 
696.953 3.50412e-06 
697.483 3.50522e-06 
698.014 3.50636e-06 
698.544 3.50755e-06 
699.074 3.50877e-06 
699.604 3.51001e-06 
700.135 3.51122e-06 
700.665 3.51233e-06 
701.195 3.51327e-06 
701.726 3.51405e-06 
702.256 3.51472e-06 
702.786 3.51533e-06 
703.316 3.51594e-06 
703.847 3.51659e-06 
704.377 3.51728e-06 
704.907 3.51803e-06 
705.438 3.51882e-06 
705.968 3.51966e-06 
706.498 3.52054e-06 
707.028 3.52145e-06 
707.559 3.5224e-06 
708.089 3.52336e-06 
708.619 3.5243e-06 
709.149 3.52517e-06 
709.68 3.52597e-06 
710.21 3.52666e-06 
710.74 3.52729e-06 
711.271 3.52788e-06 
711.801 3.52846e-06 
712.331 3.52905e-06 
712.861 3.52965e-06 
713.392 3.53027e-06 
713.922 3.5309e-06 
714.452 3.53154e-06 
714.982 3.53219e-06 
715.513 3.53283e-06 
716.043 3.53348e-06 
716.573 3.53412e-06 
717.104 3.53475e-06 
717.634 3.53539e-06 
718.164 3.53601e-06 
718.694 3.53663e-06 
719.225 3.53724e-06 
719.755 3.53785e-06 
720.285 3.53845e-06 
720.815 3.53904e-06 
721.346 3.53963e-06 
721.876 3.54022e-06 
722.406 3.54081e-06 
722.937 3.54141e-06 
723.467 3.54202e-06 
723.997 3.54264e-06 
724.527 3.5433e-06 
725.058 3.54401e-06 
725.588 3.5448e-06 
726.118 3.54573e-06 
726.648 3.54688e-06 
727.179 3.54844e-06 
727.709 3.55079e-06 
728.239 3.55479e-06 
728.77 3.56278e-06 
729.3 3.5809e-06 
729.83 3.61078e-06 
730.36 3.6083e-06 
730.891 3.58273e-06 
731.421 3.56531e-06 
731.951 3.55788e-06 
732.481 3.5546e-06 
733.012 3.55303e-06 
733.542 3.55227e-06 
734.072 3.55191e-06 
734.603 3.55178e-06 
735.133 3.55178e-06 
735.663 3.55185e-06 
736.193 3.55196e-06 
736.724 3.55209e-06 
737.254 3.55223e-06 
737.784 3.55236e-06 
738.314 3.55248e-06 
738.845 3.55258e-06 
739.375 3.55267e-06 
739.905 3.55273e-06 
740.436 3.55275e-06 
740.966 3.55275e-06 
741.496 3.55272e-06 
742.026 3.55265e-06 
742.557 3.55254e-06 
743.087 3.55239e-06 
743.617 3.5522e-06 
744.147 3.55196e-06 
744.678 3.55168e-06 
745.208 3.55135e-06 
745.738 3.55097e-06 
746.269 3.55055e-06 
746.799 3.55007e-06 
747.329 3.54953e-06 
747.859 3.54895e-06 
748.39 3.54831e-06 
748.92 3.54761e-06 
749.45 3.54686e-06 
749.98 3.54606e-06 
750.511 3.5452e-06 
751.041 3.54429e-06 
751.571 3.54333e-06 
752.102 3.54232e-06 
752.632 3.54126e-06 
753.162 3.54017e-06 
753.692 3.53904e-06 
754.223 3.53788e-06 
754.753 3.5367e-06 
755.283 3.53551e-06 
755.813 3.53433e-06 
756.344 3.53317e-06 
756.874 3.53205e-06 
757.404 3.53099e-06 
757.935 3.53002e-06 
758.465 3.52918e-06 
758.995 3.52851e-06 
759.525 3.52805e-06 
760.056 3.52786e-06 
760.586 3.528e-06 
761.116 3.52853e-06 
761.646 3.52954e-06 
762.177 3.53115e-06 
762.707 3.53352e-06 
763.237 3.53691e-06 
763.768 3.54165e-06 
764.298 3.54814e-06 
764.828 3.55689e-06 
765.358 3.56849e-06 
765.889 3.58369e-06 
766.419 3.60332e-06 
766.949 3.62815e-06 
767.479 3.65861e-06 
768.01 3.69407e-06 
768.54 3.73195e-06 
769.07 3.76692e-06 
769.601 3.79187e-06 
770.131 3.80183e-06 
770.661 3.80012e-06 
771.191 3.80464e-06 
771.722 3.82613e-06 
772.252 3.78038e-06 
772.782 3.68654e-06 
773.312 3.61429e-06 
773.843 3.56945e-06 
774.373 3.53855e-06 
774.903 3.51544e-06 
775.434 3.49734e-06 
775.964 3.48275e-06 
776.494 3.47074e-06 
777.024 3.46071e-06 
777.555 3.45221e-06 
778.085 3.44494e-06 
778.615 3.43867e-06 
779.146 3.43325e-06 
779.676 3.42857e-06 
780.206 3.42454e-06 
780.736 3.42114e-06 
781.267 3.41834e-06 
781.797 3.41616e-06 
782.327 3.41466e-06 
782.857 3.41391e-06 
783.388 3.41403e-06 
783.918 3.41518e-06 
784.448 3.4176e-06 
784.979 3.42156e-06 
785.509 3.42744e-06 
786.039 3.43569e-06 
786.569 3.44677e-06 
787.1 3.46111e-06 
787.63 3.47883e-06 
788.16 3.49927e-06 
788.69 3.52045e-06 
789.221 3.53869e-06 
789.751 3.54948e-06 
790.281 3.54965e-06 
790.812 3.53957e-06 
791.342 3.52297e-06 
791.872 3.50475e-06 
792.402 3.48895e-06 
792.933 3.47801e-06 
793.463 3.47314e-06 
793.993 3.47479e-06 
794.523 3.48297e-06 
795.054 3.49709e-06 
795.584 3.51589e-06 
796.114 3.53806e-06 
796.645 3.56596e-06 
797.175 3.60511e-06 
797.705 3.60386e-06 
798.235 3.54357e-06 
798.766 3.48012e-06 
799.296 3.43585e-06 
799.826 3.40293e-06 
800.356 3.37706e-06 
800.887 3.35629e-06 
801.417 3.33942e-06 
801.947 3.32559e-06 
802.478 3.31412e-06 
803.008 3.30452e-06 
803.538 3.29641e-06 
804.068 3.28952e-06 
804.599 3.28365e-06 
805.129 3.27868e-06 
805.659 3.27455e-06 
806.189 3.27129e-06 
806.72 3.26906e-06 
807.25 3.26823e-06 
807.78 3.26966e-06 
808.311 3.27542e-06 
808.841 3.29101e-06 
809.371 3.33098e-06 
809.901 3.39967e-06 
810.432 3.39886e-06 
810.962 3.33591e-06 
811.492 3.28986e-06 
812.022 3.27057e-06 
812.553 3.26311e-06 
813.083 3.26134e-06 
813.613 3.26312e-06 
814.144 3.26764e-06 
814.674 3.27444e-06 
815.204 3.28286e-06 
815.734 3.29158e-06 
816.265 3.29844e-06 
816.795 3.30093e-06 
817.325 3.29738e-06 
817.855 3.28802e-06 
818.386 3.27483e-06 
818.916 3.26027e-06 
819.446 3.24623e-06 
819.977 3.23373e-06 
820.507 3.22309e-06 
821.037 3.21431e-06 
821.567 3.20723e-06 
822.098 3.20171e-06 
822.628 3.19765e-06 
823.158 3.19501e-06 
823.688 3.19384e-06 
824.219 3.19429e-06 
824.749 3.19657e-06 
825.279 3.20096e-06 
825.81 3.20776e-06 
826.34 3.21714e-06 
826.87 3.22887e-06 
827.4 3.24189e-06 
827.931 3.25395e-06 
828.461 3.26162e-06 
828.991 3.26156e-06 
829.521 3.25235e-06 
830.052 3.23549e-06 
830.582 3.21436e-06 
831.112 3.19238e-06 
831.643 3.17178e-06 
832.173 3.15361e-06 
832.703 3.13807e-06 
833.233 3.12502e-06 
833.764 3.11418e-06 
834.294 3.10532e-06 
834.824 3.09823e-06 
835.354 3.09281e-06 
835.885 3.08903e-06 
836.415 3.08693e-06 
836.945 3.08668e-06 
837.476 3.08851e-06 
838.006 3.09279e-06 
838.536 3.10001e-06 
839.066 3.11084e-06 
839.597 3.12617e-06 
840.127 3.14712e-06 
840.657 3.17508e-06 
841.188 3.21169e-06 
841.718 3.25863e-06 
842.248 3.31714e-06 
842.778 3.38688e-06 
843.309 3.46407e-06 
843.839 3.53935e-06 
844.369 3.59743e-06 
844.899 3.62166e-06 
845.43 3.60292e-06 
845.96 3.54574e-06 
846.49 3.46519e-06 
847.021 3.37797e-06 
847.551 3.29597e-06 
848.081 3.22504e-06 
848.611 3.16679e-06 
849.142 3.12057e-06 
849.672 3.08485e-06 
850.202 3.05767e-06 
850.732 3.03675e-06 
851.263 3.01947e-06 
851.793 3.00318e-06 
852.323 2.98604e-06 
852.854 2.96768e-06 
853.384 2.94908e-06 
853.914 2.93171e-06 
854.444 2.9167e-06 
854.975 2.90472e-06 
855.505 2.89598e-06 
856.035 2.89054e-06 
856.565 2.8884e-06 
857.096 2.88954e-06 
857.626 2.89393e-06 
858.156 2.90131e-06 
858.687 2.91097e-06 
859.217 2.92162e-06 
859.747 2.93167e-06 
860.277 2.94028e-06 
860.808 2.94822e-06 
861.338 2.95786e-06 
861.868 2.97202e-06 
862.398 2.99276e-06 
862.929 3.02033e-06 
863.459 3.05226e-06 
863.989 3.08258e-06 
864.52 3.10248e-06 
865.05 3.10356e-06 
865.58 3.08269e-06 
866.11 3.04397e-06 
866.641 2.99589e-06 
867.171 2.94655e-06 
867.701 2.90113e-06 
868.231 2.86178e-06 
868.762 2.82877e-06 
869.292 2.80147e-06 
869.822 2.77897e-06 
870.353 2.76039e-06 
870.883 2.74494e-06 
871.413 2.732e-06 
871.943 2.72107e-06 
872.474 2.71175e-06 
873.004 2.70375e-06 
873.534 2.69683e-06 
874.064 2.69082e-06 
874.595 2.68557e-06 
875.125 2.68098e-06 
875.655 2.67699e-06 
876.186 2.67353e-06 
876.716 2.67058e-06 
877.246 2.66814e-06 
877.776 2.66623e-06 
878.307 2.66488e-06 
878.837 2.66415e-06 
879.367 2.66414e-06 
879.897 2.6649e-06 
880.428 2.66649e-06 
880.958 2.66879e-06 
881.488 2.67145e-06 
882.019 2.67372e-06 
882.549 2.67455e-06 
883.079 2.67297e-06 
883.609 2.66867e-06 
884.14 2.66218e-06 
884.67 2.65454e-06 
885.2 2.64671e-06 
885.73 2.63928e-06 
886.261 2.63251e-06 
886.791 2.6264e-06 
887.321 2.62089e-06 
887.852 2.61585e-06 
888.382 2.61118e-06 
888.912 2.60678e-06 
889.442 2.60257e-06 
889.973 2.59849e-06 
890.503 2.59449e-06 
891.033 2.59051e-06 
891.563 2.58654e-06 
892.094 2.58254e-06 
892.624 2.5785e-06 
893.154 2.57439e-06 
893.685 2.57021e-06 
894.215 2.56594e-06 
894.745 2.56157e-06 
895.275 2.5571e-06 
895.806 2.55252e-06 
896.336 2.54784e-06 
896.866 2.54306e-06 
897.396 2.53817e-06 
897.927 2.5332e-06 
898.457 2.52814e-06 
898.987 2.52303e-06 
899.518 2.51788e-06 
900.048 2.51271e-06 
900.578 2.50757e-06 
901.108 2.5025e-06 
901.639 2.49756e-06 
902.169 2.49282e-06 
902.699 2.48838e-06 
903.229 2.48433e-06 
903.76 2.48084e-06 
904.29 2.47808e-06 
904.82 2.47628e-06 
905.351 2.47573e-06 
905.881 2.47681e-06 
906.411 2.47999e-06 
906.941 2.48585e-06 
907.472 2.49509e-06 
908.002 2.50848e-06 
908.532 2.52675e-06 
909.062 2.55022e-06 
909.593 2.57826e-06 
910.123 2.60836e-06 
910.653 2.63567e-06 
911.184 2.65384e-06 
911.714 2.65808e-06 
912.244 2.64842e-06 
912.774 2.63014e-06 
913.305 2.61084e-06 
913.835 2.59729e-06 
914.365 2.59415e-06 
914.896 2.60446e-06 
915.426 2.63054e-06 
915.956 2.67467e-06 
916.486 2.73926e-06 
917.017 2.82639e-06 
917.547 2.93643e-06 
918.077 3.0652e-06 
918.607 3.20013e-06 
919.138 3.31748e-06 
919.668 3.38619e-06 
920.198 3.38147e-06 
920.729 3.30003e-06 
921.259 3.16231e-06 
921.789 2.9992e-06 
922.319 2.83673e-06 
922.85 2.68989e-06 
923.38 2.56415e-06 
923.91 2.45943e-06 
924.44 2.3733e-06 
924.971 2.3027e-06 
925.501 2.24479e-06 
926.031 2.19718e-06 
926.562 2.15799e-06 
927.092 2.1258e-06 
927.622 2.09958e-06 
928.152 2.07862e-06 
928.683 2.06249e-06 
929.213 2.05103e-06 
929.743 2.04428e-06 
930.273 2.04253e-06 
930.804 2.04624e-06 
931.334 2.05602e-06 
931.864 2.0724e-06 
932.395 2.09552e-06 
932.925 2.12445e-06 
933.455 2.15647e-06 
933.985 2.18691e-06 
934.516 2.21052e-06 
935.046 2.22445e-06 
935.576 2.2307e-06 
936.106 2.23562e-06 
936.637 2.24706e-06 
937.167 2.27129e-06 
937.697 2.31121e-06 
938.228 2.36516e-06 
938.758 2.4257e-06 
939.288 2.47963e-06 
939.818 2.51232e-06 
940.349 2.51691e-06 
940.879 2.50357e-06 
941.409 2.5043e-06 
941.939 2.58337e-06 
942.47 2.88432e-06 
943 3.60741e-06 
943.53 4.00903e-06 
944.061 3.3808e-06 
944.591 2.57389e-06 
945.121 2.18222e-06 
945.651 1.99277e-06 
946.182 1.88647e-06 
946.712 1.81912e-06 
947.242 1.77259e-06 
947.772 1.73844e-06 
948.303 1.71227e-06 
948.833 1.69158e-06 
949.363 1.67487e-06 
949.894 1.66117e-06 
950.424 1.64985e-06 
950.954 1.64047e-06 
951.484 1.63274e-06 
952.015 1.62643e-06 
952.545 1.6213e-06 
953.075 1.61708e-06 
953.605 1.61336e-06 
954.136 1.60969e-06 
954.666 1.60568e-06 
955.196 1.60126e-06 
955.727 1.59666e-06 
956.257 1.59232e-06 
956.787 1.58863e-06 
957.317 1.58586e-06 
957.848 1.5842e-06 
958.378 1.58378e-06 
958.908 1.58468e-06 
959.438 1.58692e-06 
959.969 1.59032e-06 
960.499 1.59435e-06 
961.029 1.59793e-06 
961.56 1.59956e-06 
962.09 1.59788e-06 
962.62 1.59245e-06 
963.15 1.58405e-06 
963.681 1.57413e-06 
964.211 1.56404e-06 
964.741 1.55462e-06 
965.271 1.5462e-06 
965.802 1.5388e-06 
966.332 1.53232e-06 
966.862 1.52658e-06 
967.393 1.52145e-06 
967.923 1.51679e-06 
968.453 1.51248e-06 
968.983 1.50845e-06 
969.514 1.50462e-06 
970.044 1.50094e-06 
970.574 1.49737e-06 
971.104 1.49387e-06 
971.635 1.49042e-06 
972.165 1.48699e-06 
972.695 1.48357e-06 
973.226 1.48014e-06 
973.756 1.4767e-06 
974.286 1.47324e-06 
974.816 1.46976e-06 
975.347 1.46624e-06 
975.877 1.46271e-06 
976.407 1.45915e-06 
976.938 1.45558e-06 
977.468 1.45201e-06 
977.998 1.44843e-06 
978.528 1.44486e-06 
979.059 1.4413e-06 
979.589 1.43776e-06 
980.119 1.43428e-06 
980.649 1.43089e-06 
981.18 1.42768e-06 
981.71 1.42472e-06 
982.24 1.42212e-06 
982.771 1.41996e-06 
983.301 1.4184e-06 
983.831 1.41759e-06 
984.361 1.41773e-06 
984.892 1.41908e-06 
985.422 1.42192e-06 
985.952 1.42662e-06 
986.482 1.4335e-06 
987.013 1.44283e-06 
987.543 1.45469e-06 
988.073 1.46887e-06 
988.604 1.48503e-06 
989.134 1.50325e-06 
989.664 1.52468e-06 
990.194 1.55178e-06 
990.725 1.58799e-06 
991.255 1.63734e-06 
991.785 1.70511e-06 
992.315 1.80203e-06 
992.846 1.94352e-06 
993.376 2.05032e-06 
993.906 2.01203e-06 
994.437 1.90205e-06 
994.967 1.80946e-06 
995.497 1.72288e-06 
996.027 1.64105e-06 
996.558 1.56818e-06 
997.088 1.50693e-06 
997.618 1.45782e-06 
998.148 1.42038e-06 
998.679 1.39414e-06 
999.209 1.37959e-06 
999.739 1.37972e-06 
1000.27 1.40418e-06 
1000.8 1.48007e-06 
1001.33 1.62057e-06 
1001.86 1.66211e-06 
1002.39 1.52998e-06 
1002.92 1.41829e-06 
1003.45 1.37156e-06 
1003.98 1.35199e-06 
1004.51 1.34204e-06 
1005.04 1.33402e-06 
1005.57 1.32502e-06 
1006.1 1.3156e-06 
1006.63 1.30819e-06 
1007.16 1.30528e-06 
1007.69 1.30824e-06 
1008.22 1.31666e-06 
1008.75 1.32806e-06 
1009.28 1.33792e-06 
1009.81 1.34097e-06 
1010.34 1.33375e-06 
1010.88 1.31685e-06 
1011.41 1.29454e-06 
1011.94 1.27213e-06 
1012.47 1.25389e-06 
1013 1.2423e-06 
1013.53 1.23856e-06 
1014.06 1.24303e-06 
1014.59 1.25536e-06 
1015.12 1.27406e-06 
1015.65 1.29572e-06 
1016.18 1.31452e-06 
1016.71 1.32321e-06 
1017.24 1.31627e-06 
1017.77 1.29317e-06 
1018.3 1.25864e-06 
1018.83 1.21953e-06 
1019.36 1.18142e-06 
1019.89 1.14745e-06 
1020.42 1.11866e-06 
1020.95 1.09496e-06 
1021.48 1.0758e-06 
1022.01 1.06052e-06 
1022.54 1.04852e-06 
1023.07 1.03934e-06 
1023.6 1.03268e-06 
1024.13 1.02832e-06 
1024.66 1.02615e-06 
1025.19 1.0261e-06 
1025.72 1.02802e-06 
1026.25 1.03151e-06 
1026.78 1.03573e-06 
1027.31 1.03932e-06 
1027.84 1.04065e-06 
1028.37 1.03864e-06 
1028.9 1.03333e-06 
1029.43 1.02584e-06 
1029.96 1.01772e-06 
1030.5 1.01023e-06 
1031.03 1.00404e-06 
1031.56 9.99183e-07 
1032.09 9.95208e-07 
1032.62 9.9135e-07 
1033.15 9.86897e-07 
1033.68 9.81564e-07 
1034.21 9.75597e-07 
1034.74 9.69516e-07 
1035.27 9.63794e-07 
1035.8 9.58691e-07 
1036.33 9.5428e-07 
1036.86 9.50521e-07 
1037.39 9.47329e-07 
1037.92 9.44611e-07 
1038.45 9.42283e-07 
1038.98 9.40274e-07 
1039.51 9.38524e-07 
1040.04 9.36988e-07 
1040.57 9.35628e-07 
1041.1 9.34415e-07 
1041.63 9.33325e-07 
1042.16 9.32338e-07 
1042.69 9.31438e-07 
1043.22 9.30613e-07 
1043.75 9.29849e-07 
1044.28 9.2914e-07 
1044.81 9.28477e-07 
1045.34 9.27852e-07 
1045.87 9.27261e-07 
1046.4 9.26698e-07 
1046.93 9.26158e-07 
1047.46 9.25636e-07 
1047.99 9.2513e-07 
1048.52 9.24635e-07 
1049.05 9.24148e-07 
1049.58 9.23667e-07 
1050.12 9.23187e-07 
1050.65 9.22708e-07 
1051.18 9.22225e-07 
1051.71 9.21737e-07 
1052.24 9.21241e-07 
1052.77 9.20735e-07 
1053.3 9.20216e-07 
1053.83 9.19682e-07 
1054.36 9.19132e-07 
1054.89 9.18562e-07 
1055.42 9.17972e-07 
1055.95 9.17358e-07 
1056.48 9.1672e-07 
1057.01 9.16056e-07 
1057.54 9.15363e-07 
1058.07 9.14641e-07 
1058.6 9.1389e-07 
1059.13 9.13106e-07 
1059.66 9.12292e-07 
1060.19 9.11446e-07 
1060.72 9.1057e-07 
1061.25 9.09665e-07 
1061.78 9.08731e-07 
1062.31 9.07769e-07 
1062.84 9.06776e-07 
1063.37 9.05744e-07 
1063.9 9.04658e-07 
1064.43 9.03498e-07 
1064.96 9.02247e-07 
1065.49 9.00904e-07 
1066.02 8.99486e-07 
1066.55 8.98016e-07 
1067.08 8.96521e-07 
1067.61 8.95017e-07 
1068.14 8.93514e-07 
1068.67 8.92024e-07 
1069.21 8.90554e-07 
1069.74 8.89118e-07 
1070.27 8.87729e-07 
1070.8 8.86406e-07 
1071.33 8.85169e-07 
1071.86 8.84046e-07 
1072.39 8.83071e-07 
1072.92 8.82284e-07 
1073.45 8.81734e-07 
1073.98 8.81483e-07 
1074.51 8.81602e-07 
1075.04 8.82183e-07 
1075.57 8.8334e-07 
1076.1 8.85212e-07 
1076.63 8.87975e-07 
1077.16 8.91851e-07 
1077.69 8.97122e-07 
1078.22 9.04148e-07 
1078.75 9.13387e-07 
1079.28 9.25429e-07 
1079.81 9.41018e-07 
1080.34 9.6108e-07 
1080.87 9.86718e-07 
1081.4 1.01913e-06 
1081.93 1.05935e-06 
1082.46 1.10766e-06 
1082.99 1.16251e-06 
1083.52 1.21904e-06 
1084.05 1.26818e-06 
1084.58 1.29822e-06 
1085.11 1.29981e-06 
1085.64 1.27161e-06 
1086.17 1.22128e-06 
1086.7 1.16067e-06 
1087.23 1.09996e-06 
1087.76 1.04508e-06 
1088.29 9.98253e-07 
1088.83 9.59494e-07 
1089.36 9.2786e-07 
1089.89 9.02149e-07 
1090.42 8.81226e-07 
1090.95 8.64123e-07 
1091.48 8.50056e-07 
1092.01 8.3841e-07 
1092.54 8.287e-07 
1093.07 8.2055e-07 
1093.6 8.13665e-07 
1094.13 8.07815e-07 
1094.66 8.02816e-07 
1095.19 7.98525e-07 
1095.72 7.94822e-07 
1096.25 7.91616e-07 
1096.78 7.88831e-07 
1097.31 7.86404e-07 
1097.84 7.84283e-07 
1098.37 7.82428e-07 
1098.9 7.80801e-07 
1099.43 7.79374e-07 
1099.96 7.78121e-07 
1100.49 7.77022e-07 
1101.02 7.76058e-07 
1101.55 7.75214e-07 
1102.08 7.74477e-07 
1102.61 7.73835e-07 
1103.14 7.73279e-07 
1103.67 7.72799e-07 
1104.2 7.72388e-07 
1104.73 7.72041e-07 
1105.26 7.7175e-07 
1105.79 7.71511e-07 
1106.32 7.71319e-07 
1106.85 7.71171e-07 
1107.38 7.71062e-07 
1107.92 7.7099e-07 
1108.45 7.7095e-07 
1108.98 7.70943e-07 
1109.51 7.70964e-07 
1110.04 7.71012e-07 
1110.57 7.71085e-07 
1111.1 7.71181e-07 
1111.63 7.71298e-07 
1112.16 7.71435e-07 
1112.69 7.71591e-07 
1113.22 7.71765e-07 
1113.75 7.71956e-07 
1114.28 7.72163e-07 
1114.81 7.72384e-07 
1115.34 7.72619e-07 
1115.87 7.72867e-07 
1116.4 7.73128e-07 
1116.93 7.73401e-07 
1117.46 7.73684e-07 
1117.99 7.73978e-07 
1118.52 7.74283e-07 
1119.05 7.74597e-07 
1119.58 7.7492e-07 
1120.11 7.75251e-07 
1120.64 7.75591e-07 
1121.17 7.75938e-07 
1121.7 7.76293e-07 
1122.23 7.76654e-07 
1122.76 7.77023e-07 
1123.29 7.77397e-07 
1123.82 7.77777e-07 
1124.35 7.78163e-07 
1124.88 7.78553e-07 
1125.41 7.78949e-07 
1125.94 7.79348e-07 
1126.47 7.79752e-07 
1127 7.8016e-07 
1127.54 7.80571e-07 
1128.07 7.80985e-07 
1128.6 7.81402e-07 
1129.13 7.8182e-07 
1129.66 7.82241e-07 
1130.19 7.82663e-07 
1130.72 7.83086e-07 
1131.25 7.8351e-07 
1131.78 7.83933e-07 
1132.31 7.84357e-07 
1132.84 7.8478e-07 
1133.37 7.85202e-07 
1133.9 7.85622e-07 
1134.43 7.86039e-07 
1134.96 7.86455e-07 
1135.49 7.86867e-07 
1136.02 7.87276e-07 
1136.55 7.8768e-07 
1137.08 7.88079e-07 
1137.61 7.88474e-07 
1138.14 7.88862e-07 
1138.67 7.89244e-07 
1139.2 7.89618e-07 
1139.73 7.89986e-07 
1140.26 7.90345e-07 
1140.79 7.90696e-07 
1141.32 7.91038e-07 
1141.85 7.91369e-07 
1142.38 7.91691e-07 
1142.91 7.92004e-07 
1143.44 7.92304e-07 
1143.97 7.92594e-07 
1144.5 7.92873e-07 
1145.03 7.9314e-07 
1145.56 7.93396e-07 
1146.09 7.93641e-07 
1146.62 7.93875e-07 
1147.16 7.94098e-07 
1147.69 7.94312e-07 
1148.22 7.94516e-07 
1148.75 7.94713e-07 
1149.28 7.94902e-07 
1149.81 7.95088e-07 
1150.34 7.95272e-07 
1150.87 7.95456e-07 
1151.4 7.95643e-07 
1151.93 7.9584e-07 
1152.46 7.9605e-07 
1152.99 7.96278e-07 
1153.52 7.96534e-07 
1154.05 7.96825e-07 
1154.58 7.97161e-07 
1155.11 7.97558e-07 
1155.64 7.98028e-07 
1156.17 7.98593e-07 
1156.7 7.99276e-07 
1157.23 8.00105e-07 
1157.76 8.01117e-07 
1158.29 8.02356e-07 
1158.82 8.03879e-07 
1159.35 8.05758e-07 
1159.88 8.08083e-07 
1160.41 8.1097e-07 
1160.94 8.14568e-07 
1161.47 8.19066e-07 
1162 8.24705e-07 
1162.53 8.31783e-07 
1163.06 8.40651e-07 
1163.59 8.51689e-07 
1164.12 8.65206e-07 
1164.65 8.81241e-07 
1165.18 8.9919e-07 
1165.71 9.17321e-07 
1166.25 9.32544e-07 
1166.78 9.41082e-07 
1167.31 9.4028e-07 
1167.84 9.30347e-07 
1168.37 9.14234e-07 
1168.9 8.95757e-07 
1169.43 8.77867e-07 
1169.96 8.62121e-07 
1170.49 8.49011e-07 
1171.02 8.38453e-07 
1171.55 8.30142e-07 
1172.08 8.23735e-07 
1172.61 8.18931e-07 
1173.14 8.15499e-07 
1173.67 8.13276e-07 
1174.2 8.12161e-07 
1174.73 8.12094e-07 
1175.26 8.13022e-07 
1175.79 8.14838e-07 
1176.32 8.17285e-07 
1176.85 8.19841e-07 
1177.38 8.21706e-07 
1177.91 8.22017e-07 
1178.44 8.20288e-07 
1178.97 8.16722e-07 
1179.5 8.12053e-07 
1180.03 8.07096e-07 
1180.56 8.02416e-07 
1181.09 7.98271e-07 
1181.62 7.94718e-07 
1182.15 7.91708e-07 
1182.68 7.89154e-07 
1183.21 7.86966e-07 
1183.74 7.85068e-07 
1184.27 7.83398e-07 
1184.8 7.81904e-07 
1185.33 7.80547e-07 
1185.87 7.793e-07 
1186.4 7.78141e-07 
1186.93 7.77055e-07 
1187.46 7.76032e-07 
1187.99 7.75071e-07 
1188.52 7.74171e-07 
1189.05 7.73333e-07 
1189.58 7.72567e-07 
1190.11 7.71891e-07 
1190.64 7.71322e-07 
1191.17 7.70885e-07 
1191.7 7.70617e-07 
1192.23 7.70565e-07 
1192.76 7.70786e-07 
1193.29 7.71359e-07 
1193.82 7.72388e-07 
1194.35 7.74013e-07 
1194.88 7.76422e-07 
1195.41 7.79876e-07 
1195.94 7.84751e-07 
1196.47 7.91589e-07 
1197 8.01205e-07 
1197.53 8.1487e-07 
1198.06 8.34651e-07 
1198.59 8.64084e-07 
1199.12 9.09623e-07 
1199.65 9.84021e-07 
1200.18 1.11508e-06 
1200.71 1.37104e-06 
1201.24 1.93533e-06 
1201.77 3.1556e-06 
1202.3 4.49898e-06 
1202.83 3.85803e-06 
1203.36 2.26275e-06 
1203.89 1.50563e-06 
1204.42 1.17419e-06 
1204.96 1.00942e-06 
1205.49 9.17464e-07 
1206.02 8.61439e-07 
1206.55 8.24971e-07 
1207.08 7.99998e-07 
1207.61 7.82204e-07 
1208.14 7.69117e-07 
1208.67 7.59241e-07 
1209.2 7.51631e-07 
1209.73 7.45663e-07 
1210.26 7.40915e-07 
1210.79 7.37093e-07 
1211.32 7.33985e-07 
1211.85 7.31438e-07 
1212.38 7.29336e-07 
1212.91 7.27594e-07 
1213.44 7.26144e-07 
1213.97 7.24935e-07 
1214.5 7.23926e-07 
1215.03 7.23084e-07 
1215.56 7.22384e-07 
1216.09 7.21804e-07 
1216.62 7.21328e-07 
1217.15 7.2094e-07 
1217.68 7.20628e-07 
1218.21 7.20384e-07 
1218.74 7.20198e-07 
1219.27 7.20063e-07 
1219.8 7.19974e-07 
1220.33 7.19925e-07 
1220.86 7.19912e-07 
1221.39 7.19931e-07 
1221.92 7.19977e-07 
1222.45 7.2005e-07 
1222.98 7.20146e-07 
1223.51 7.20263e-07 
1224.04 7.20398e-07 
1224.58 7.20552e-07 
1225.11 7.2072e-07 
1225.64 7.20903e-07 
1226.17 7.21099e-07 
1226.7 7.21307e-07 
1227.23 7.21525e-07 
1227.76 7.21754e-07 
1228.29 7.21992e-07 
1228.82 7.22239e-07 
1229.35 7.22493e-07 
1229.88 7.22755e-07 
1230.41 7.23024e-07 
1230.94 7.23299e-07 
1231.47 7.2358e-07 
1232 7.23866e-07 
1232.53 7.24157e-07 
1233.06 7.24453e-07 
1233.59 7.24753e-07 
1234.12 7.25057e-07 
1234.65 7.25365e-07 
1235.18 7.25677e-07 
1235.71 7.25992e-07 
1236.24 7.26309e-07 
1236.77 7.2663e-07 
1237.3 7.26953e-07 
1237.83 7.27279e-07 
1238.36 7.27607e-07 
1238.89 7.27937e-07 
1239.42 7.28269e-07 
1239.95 7.28603e-07 
1240.48 7.28938e-07 
1241.01 7.29275e-07 
1241.54 7.29614e-07 
1242.07 7.29954e-07 
1242.6 7.30295e-07 
1243.13 7.30637e-07 
1243.67 7.30979e-07 
1244.2 7.31323e-07 
1244.73 7.31667e-07 
1245.26 7.32012e-07 
1245.79 7.32357e-07 
1246.32 7.32703e-07 
1246.85 7.33049e-07 
1247.38 7.33395e-07 
1247.91 7.33742e-07 
1248.44 7.34088e-07 
1248.97 7.34434e-07 
1249.5 7.3478e-07 
1250.03 7.35126e-07 
1250.56 7.35472e-07 
1251.09 7.35817e-07 
1251.62 7.36162e-07 
1252.15 7.36506e-07 
1252.68 7.3685e-07 
1253.21 7.37193e-07 
1253.74 7.37535e-07 
1254.27 7.37877e-07 
1254.8 7.38218e-07 
1255.33 7.38558e-07 
1255.86 7.38896e-07 
1256.39 7.39235e-07 
1256.92 7.39572e-07 
1257.45 7.39907e-07 
1257.98 7.40242e-07 
1258.51 7.40576e-07 
1259.04 7.40909e-07 
1259.57 7.4124e-07 
1260.1 7.4157e-07 
1260.63 7.419e-07 
1261.16 7.42228e-07 
1261.69 7.42556e-07 
1262.22 7.42884e-07 
1262.75 7.4321e-07 
1263.29 7.43536e-07 
1263.82 7.43862e-07 
1264.35 7.44189e-07 
1264.88 7.44517e-07 
1265.41 7.44846e-07 
1265.94 7.45178e-07 
1266.47 7.45515e-07 
1267 7.45856e-07 
1267.53 7.46208e-07 
1268.06 7.46572e-07 
1268.59 7.46956e-07 
1269.12 7.4737e-07 
1269.65 7.47835e-07 
1270.18 7.48383e-07 
1270.71 7.49084e-07 
1271.24 7.50088e-07 
1271.77 7.51768e-07 
1272.3 7.55123e-07 
1272.83 7.61864e-07 
1273.36 7.68951e-07 
1273.89 7.64264e-07 
1274.42 7.56981e-07 
1274.95 7.53905e-07 
1275.48 7.52723e-07 
1276.01 7.5229e-07 
1276.54 7.52187e-07 
1277.07 7.52251e-07 
1277.6 7.52405e-07 
1278.13 7.52612e-07 
1278.66 7.52853e-07 
1279.19 7.53114e-07 
1279.72 7.5339e-07 
1280.25 7.53675e-07 
1280.78 7.53968e-07 
1281.31 7.54264e-07 
1281.84 7.54564e-07 
1282.38 7.54866e-07 
1282.91 7.55169e-07 
1283.44 7.55473e-07 
1283.97 7.55777e-07 
1284.5 7.56081e-07 
1285.03 7.56385e-07 
1285.56 7.56688e-07 
1286.09 7.5699e-07 
1286.62 7.57291e-07 
1287.15 7.5759e-07 
1287.68 7.57889e-07 
1288.21 7.58187e-07 
1288.74 7.58482e-07 
1289.27 7.58776e-07 
1289.8 7.59069e-07 
1290.33 7.59361e-07 
1290.86 7.5965e-07 
1291.39 7.59938e-07 
1291.92 7.60224e-07 
1292.45 7.60507e-07 
1292.98 7.60789e-07 
1293.51 7.61069e-07 
1294.04 7.61347e-07 
1294.57 7.61622e-07 
1295.1 7.61895e-07 
1295.63 7.62166e-07 
1296.16 7.62435e-07 
1296.69 7.62701e-07 
1297.22 7.62965e-07 
1297.75 7.63226e-07 
1298.28 7.63484e-07 
1298.81 7.63739e-07 
1299.34 7.63992e-07 
1299.87 7.64241e-07 
1300.4 7.64488e-07 
1300.93 7.64731e-07 
1301.46 7.6497e-07 
1302 7.65206e-07 
1302.53 7.65438e-07 
1303.06 7.65666e-07 
1303.59 7.65891e-07 
1304.12 7.66111e-07 
1304.65 7.66325e-07 
1305.18 7.66535e-07 
1305.71 7.6674e-07 
1306.24 7.66939e-07 
1306.77 7.67133e-07 
1307.3 7.67321e-07 
1307.83 7.67503e-07 
1308.36 7.67677e-07 
1308.89 7.67844e-07 
1309.42 7.68004e-07 
1309.95 7.68156e-07 
1310.48 7.68299e-07 
1311.01 7.68434e-07 
1311.54 7.68559e-07 
1312.07 7.68673e-07 
1312.6 7.68776e-07 
1313.13 7.68868e-07 
1313.66 7.68948e-07 
1314.19 7.69014e-07 
1314.72 7.69066e-07 
1315.25 7.69105e-07 
1315.78 7.69128e-07 
1316.31 7.69134e-07 
1316.84 7.69122e-07 
1317.37 7.69093e-07 
1317.9 7.69044e-07 
1318.43 7.68974e-07 
1318.96 7.68884e-07 
1319.49 7.6877e-07 
1320.02 7.68631e-07 
1320.55 7.68467e-07 
1321.08 7.68277e-07 
1321.62 7.68058e-07 
1322.15 7.6781e-07 
1322.68 7.67532e-07 
1323.21 7.67221e-07 
1323.74 7.66876e-07 
1324.27 7.66496e-07 
1324.8 7.66079e-07 
1325.33 7.65624e-07 
1325.86 7.65129e-07 
1326.39 7.64594e-07 
1326.92 7.64017e-07 
1327.45 7.63396e-07 
1327.98 7.62729e-07 
1328.51 7.62016e-07 
1329.04 7.61257e-07 
1329.57 7.60451e-07 
1330.1 7.59595e-07 
1330.63 7.58692e-07 
1331.16 7.57741e-07 
1331.69 7.56742e-07 
1332.22 7.55697e-07 
1332.75 7.5461e-07 
1333.28 7.53483e-07 
1333.81 7.52323e-07 
1334.34 7.51139e-07 
1334.87 7.49945e-07 
1335.4 7.48761e-07 
1335.93 7.47621e-07 
1336.46 7.4658e-07 
1336.99 7.45736e-07 
1337.52 7.45279e-07 
1338.05 7.45624e-07 
1338.58 7.4778e-07 
1339.11 7.54157e-07 
1339.64 7.66567e-07 
1340.17 7.7513e-07 
1340.71 7.80741e-07 
1341.24 7.84302e-07 
1341.77 7.61912e-07 
1342.3 7.47403e-07 
1342.83 7.42556e-07 
1343.36 7.43063e-07 
1343.89 7.48453e-07 
1344.42 7.61121e-07 
1344.95 7.88104e-07 
1345.48 8.48538e-07 
1346.01 9.89652e-07 
1346.54 1.23007e-06 
1347.07 1.25092e-06 
1347.6 9.81677e-07 
1348.13 8.39171e-07 
1348.66 7.84011e-07 
1349.19 7.67596e-07 
1349.72 7.53432e-07 
1350.25 7.24204e-07 
1350.78 7.0567e-07 
1351.31 6.94866e-07 
1351.84 6.87495e-07 
1352.37 6.81827e-07 
1352.9 6.77119e-07 
1353.43 6.73017e-07 
1353.96 6.69337e-07 
1354.49 6.65979e-07 
1355.02 6.62899e-07 
1355.55 6.60092e-07 
1356.08 6.57579e-07 
1356.61 6.55414e-07 
1357.14 6.53689e-07 
1357.67 6.5255e-07 
1358.2 6.52213e-07 
1358.73 6.53008e-07 
1359.26 6.55462e-07 
1359.79 6.60429e-07 
1360.33 6.69377e-07 
1360.86 6.84984e-07 
1361.39 7.12533e-07 
1361.92 7.63537e-07 
1362.45 8.66156e-07 
1362.98 1.09583e-06 
1363.51 1.6031e-06 
1364.04 2.22913e-06 
1364.57 1.80502e-06 
1365.1 1.16862e-06 
1365.63 8.86099e-07 
1366.16 7.60377e-07 
1366.69 6.96432e-07 
1367.22 6.59931e-07 
1367.75 6.37146e-07 
1368.28 6.21892e-07 
1368.81 6.11082e-07 
1369.34 6.03045e-07 
1369.87 5.96816e-07 
1370.4 5.91805e-07 
1370.93 5.87637e-07 
1371.46 5.84062e-07 
1371.99 5.80908e-07 
1372.52 5.78052e-07 
1373.05 5.75406e-07 
1373.58 5.72906e-07 
1374.11 5.70498e-07 
1374.64 5.68143e-07 
1375.17 5.6581e-07 
1375.7 5.63475e-07 
1376.23 5.61112e-07 
1376.76 5.58705e-07 
1377.29 5.56238e-07 
1377.82 5.537e-07 
1378.35 5.51075e-07 
1378.88 5.48352e-07 
1379.42 5.45525e-07 
1379.95 5.42584e-07 
1380.48 5.39518e-07 
1381.01 5.36324e-07 
1381.54 5.32997e-07 
1382.07 5.29528e-07 
1382.6 5.25912e-07 
1383.13 5.22152e-07 
1383.66 5.18247e-07 
1384.19 5.14191e-07 
1384.72 5.09987e-07 
1385.25 5.05647e-07 
1385.78 5.01178e-07 
1386.31 4.96588e-07 
1386.84 4.91898e-07 
1387.37 4.87141e-07 
1387.9 4.8235e-07 
1388.43 4.77575e-07 
1388.96 4.72901e-07 
1389.49 4.68442e-07 
1390.02 4.64356e-07 
1390.55 4.60901e-07 
1391.08 4.58497e-07 
1391.61 4.57841e-07 
1392.14 4.6018e-07 
1392.67 4.6799e-07 
1393.2 4.86697e-07 
1393.73 5.29724e-07 
1394.26 6.32123e-07 
1394.79 8.44184e-07 
1395.32 9.85337e-07 
1395.85 7.82734e-07 
1396.38 6.90047e-07 
1396.91 7.81462e-07 
1397.44 1.10986e-06 
1397.97 1.5093e-06 
1398.5 1.13587e-06 
1399.04 7.09609e-07 
1399.57 5.2057e-07 
1400.1 4.32771e-07 
1400.63 3.86726e-07 
1401.16 3.62194e-07 
1401.69 3.54606e-07 
1402.22 3.70765e-07 
1402.75 4.15884e-07 
1403.28 4.07914e-07 
1403.81 3.40285e-07 
1404.34 3.05146e-07 
1404.87 2.91287e-07 
1405.4 2.88974e-07 
1405.93 2.9654e-07 
1406.46 3.16877e-07 
1406.99 3.58387e-07 
1407.52 4.41437e-07 
1408.05 6.18906e-07 
1408.58 1.01839e-06 
1409.11 1.68603e-06 
1409.64 1.68353e-06 
1410.17 1.35155e-06 
1410.7 1.7078e-06 
1411.23 2.77515e-06 
1411.76 2.80023e-06 
1412.29 1.48326e-06 
1412.82 7.93646e-07 
1413.35 4.94071e-07 
1413.88 3.469e-07 
1414.41 2.65468e-07 
1414.94 2.16611e-07 
1415.47 1.86457e-07 
1416 1.69866e-07 
1416.53 1.67246e-07 
1417.06 1.72437e-07 
1417.59 1.54789e-07 
1418.12 1.42643e-07 
1418.66 1.51996e-07 
1419.19 1.60774e-07 
1419.72 1.30881e-07 
1420.25 1.08794e-07 
1420.78 9.84796e-08 
1421.31 9.37671e-08 
1421.84 9.31913e-08 
1422.37 9.86464e-08 
1422.9 1.10951e-07 
1423.43 1.06205e-07 
1423.96 8.95132e-08 
1424.49 8.08444e-08 
1425.02 7.64438e-08 
1425.55 7.37741e-08 
1426.08 7.1908e-08 
1426.61 7.04755e-08 
1427.14 6.93072e-08 
1427.67 6.83157e-08 
1428.2 6.74508e-08 
1428.73 6.66815e-08 
1429.26 6.59873e-08 
1429.79 6.53538e-08 
1430.32 6.47706e-08 
1430.85 6.42296e-08 
1431.38 6.37247e-08 
1431.91 6.3251e-08 
1432.44 6.2805e-08 
1432.97 6.23834e-08 
1433.5 6.19841e-08 
1434.03 6.16051e-08 
1434.56 6.12456e-08 
1435.09 6.0905e-08 
1435.62 6.05834e-08 
1436.15 6.02818e-08 
1436.68 6.00025e-08 
1437.21 5.97485e-08 
1437.75 5.95253e-08 
1438.28 5.93409e-08 
1438.81 5.92075e-08 
1439.34 5.91434e-08 
1439.87 5.91774e-08 
1440.4 5.93561e-08 
1440.93 5.97566e-08 
1441.46 6.05154e-08 
1441.99 6.18896e-08 
1442.52 6.44048e-08 
1443.05 6.92541e-08 
1443.58 7.94883e-08 
1444.11 1.03335e-07 
1444.64 1.53351e-07 
1445.17 1.738e-07 
1445.7 1.17417e-07 
1446.23 8.37692e-08 
1446.76 6.92985e-08 
1447.29 6.22537e-08 
1447.82 5.82866e-08 
1448.35 5.57654e-08 
1448.88 5.39983e-08 
1449.41 5.26575e-08 
1449.94 5.15754e-08 
1450.47 5.06596e-08 
1451 4.98575e-08 
1451.53 4.91401e-08 
1452.06 4.8496e-08 
1452.59 4.79281e-08 
1453.12 4.74585e-08 
1453.65 4.71464e-08 
1454.18 4.71351e-08 
1454.71 4.77935e-08 
1455.24 5.01212e-08 
1455.77 5.56787e-08 
1456.3 5.75643e-08 
1456.83 5.04682e-08 
1457.37 4.62228e-08 
1457.9 4.44665e-08 
1458.43 4.3926e-08 
1458.96 4.43203e-08 
1459.49 4.59447e-08 
1460.02 4.98383e-08 
1460.55 5.88355e-08 
1461.08 8.0018e-08 
1461.61 1.15047e-07 
1462.14 1.2631e-07 
1462.67 1.36792e-07 
1463.2 1.00648e-07 
1463.73 6.5208e-08 
1464.26 4.81293e-08 
1464.79 3.98133e-08 
1465.32 3.51171e-08 
1465.85 3.20833e-08 
1466.38 2.99135e-08 
1466.91 2.82433e-08 
1467.44 2.68948e-08 
1467.97 2.57793e-08 
1468.5 2.48549e-08 
1469.03 2.41098e-08 
1469.56 2.35591e-08 
1470.09 2.32435e-08 
1470.62 2.32371e-08 
1471.15 2.36698e-08 
1471.68 2.47798e-08 
1472.21 2.70382e-08 
1472.74 3.13519e-08 
1473.27 3.78502e-08 
1473.8 4.67052e-08 
1474.33 6.4355e-08 
1474.86 9.46117e-08 
1475.39 1.63048e-07 
1475.92 3.28662e-07 
1476.46 5.11941e-07 
1476.99 3.31613e-07 
1477.52 1.59658e-07 
1478.05 8.60079e-08 
1478.58 5.26358e-08 
1479.11 3.53861e-08 
1479.64 2.54545e-08 
1480.17 1.92505e-08 
1480.7 1.51258e-08 
1481.23 1.22474e-08 
1481.76 1.01596e-08 
1482.29 8.59726e-09 
1482.82 7.39764e-09 
1483.35 6.45658e-09 
1483.88 5.70485e-09 
1484.41 5.09513e-09 
1484.94 4.59405e-09 
1485.47 4.17761e-09 
