#energy geo_1 
400 2.96462e-07 
400.53 2.96503e-07 
401.061 2.96544e-07 
401.591 2.96584e-07 
402.121 2.96623e-07 
402.651 2.96662e-07 
403.182 2.96701e-07 
403.712 2.9674e-07 
404.242 2.96778e-07 
404.772 2.96817e-07 
405.303 2.96856e-07 
405.833 2.96896e-07 
406.363 2.96936e-07 
406.894 2.96977e-07 
407.424 2.97019e-07 
407.954 2.97061e-07 
408.484 2.97105e-07 
409.015 2.97149e-07 
409.545 2.97193e-07 
410.075 2.97238e-07 
410.605 2.97283e-07 
411.136 2.97328e-07 
411.666 2.97374e-07 
412.196 2.97418e-07 
412.727 2.97462e-07 
413.257 2.97506e-07 
413.787 2.97549e-07 
414.317 2.97591e-07 
414.848 2.97633e-07 
415.378 2.97674e-07 
415.908 2.97714e-07 
416.438 2.97755e-07 
416.969 2.97794e-07 
417.499 2.97834e-07 
418.029 2.97873e-07 
418.56 2.97913e-07 
419.09 2.97952e-07 
419.62 2.97992e-07 
420.15 2.98032e-07 
420.681 2.98073e-07 
421.211 2.98114e-07 
421.741 2.98156e-07 
422.271 2.98198e-07 
422.802 2.9824e-07 
423.332 2.98283e-07 
423.862 2.98326e-07 
424.393 2.9837e-07 
424.923 2.98413e-07 
425.453 2.98457e-07 
425.983 2.985e-07 
426.514 2.98544e-07 
427.044 2.98587e-07 
427.574 2.98631e-07 
428.104 2.98674e-07 
428.635 2.98716e-07 
429.165 2.98759e-07 
429.695 2.98801e-07 
430.226 2.98842e-07 
430.756 2.98884e-07 
431.286 2.98925e-07 
431.816 2.98966e-07 
432.347 2.99007e-07 
432.877 2.99048e-07 
433.407 2.99089e-07 
433.938 2.9913e-07 
434.468 2.99171e-07 
434.998 2.99213e-07 
435.528 2.99254e-07 
436.059 2.99296e-07 
436.589 2.99338e-07 
437.119 2.99381e-07 
437.649 2.99423e-07 
438.18 2.99467e-07 
438.71 2.9951e-07 
439.24 2.99554e-07 
439.771 2.99598e-07 
440.301 2.99643e-07 
440.831 2.99687e-07 
441.361 2.99732e-07 
441.892 2.99777e-07 
442.422 2.99822e-07 
442.952 2.99867e-07 
443.482 2.99911e-07 
444.013 2.99956e-07 
444.543 3.00001e-07 
445.073 3.00045e-07 
445.604 3.00089e-07 
446.134 3.00133e-07 
446.664 3.00176e-07 
447.194 3.00219e-07 
447.725 3.00262e-07 
448.255 3.00305e-07 
448.785 3.00347e-07 
449.315 3.00389e-07 
449.846 3.00431e-07 
450.376 3.00473e-07 
450.906 3.00514e-07 
451.437 3.00556e-07 
451.967 3.00597e-07 
452.497 3.00639e-07 
453.027 3.0068e-07 
453.558 3.00722e-07 
454.088 3.00764e-07 
454.618 3.00806e-07 
455.148 3.00848e-07 
455.679 3.00891e-07 
456.209 3.00934e-07 
456.739 3.00977e-07 
457.27 3.01021e-07 
457.8 3.01065e-07 
458.33 3.0111e-07 
458.86 3.01154e-07 
459.391 3.01199e-07 
459.921 3.01245e-07 
460.451 3.0129e-07 
460.981 3.01336e-07 
461.512 3.01382e-07 
462.042 3.01428e-07 
462.572 3.01475e-07 
463.103 3.01521e-07 
463.633 3.01567e-07 
464.163 3.01614e-07 
464.693 3.0166e-07 
465.224 3.01706e-07 
465.754 3.01752e-07 
466.284 3.01798e-07 
466.814 3.01844e-07 
467.345 3.0189e-07 
467.875 3.01935e-07 
468.405 3.0198e-07 
468.936 3.02024e-07 
469.466 3.02069e-07 
469.996 3.02113e-07 
470.526 3.02157e-07 
471.057 3.02201e-07 
471.587 3.02245e-07 
472.117 3.02289e-07 
472.647 3.02332e-07 
473.178 3.02375e-07 
473.708 3.02419e-07 
474.238 3.02462e-07 
474.769 3.02505e-07 
475.299 3.02548e-07 
475.829 3.02592e-07 
476.359 3.02635e-07 
476.89 3.02679e-07 
477.42 3.02723e-07 
477.95 3.02767e-07 
478.48 3.02811e-07 
479.011 3.02856e-07 
479.541 3.029e-07 
480.071 3.02945e-07 
480.602 3.02991e-07 
481.132 3.03036e-07 
481.662 3.03082e-07 
482.192 3.03128e-07 
482.723 3.03175e-07 
483.253 3.03221e-07 
483.783 3.03268e-07 
484.313 3.03315e-07 
484.844 3.03362e-07 
485.374 3.0341e-07 
485.904 3.03457e-07 
486.435 3.03505e-07 
486.965 3.03553e-07 
487.495 3.036e-07 
488.025 3.03648e-07 
488.556 3.03696e-07 
489.086 3.03743e-07 
489.616 3.03791e-07 
490.146 3.03839e-07 
490.677 3.03886e-07 
491.207 3.03933e-07 
491.737 3.03981e-07 
492.268 3.04028e-07 
492.798 3.04074e-07 
493.328 3.04121e-07 
493.858 3.04168e-07 
494.389 3.04214e-07 
494.919 3.04261e-07 
495.449 3.04307e-07 
495.979 3.04353e-07 
496.51 3.04399e-07 
497.04 3.04445e-07 
497.57 3.0449e-07 
498.101 3.04536e-07 
498.631 3.04582e-07 
499.161 3.04627e-07 
499.691 3.04673e-07 
500.222 3.04719e-07 
500.752 3.04764e-07 
501.282 3.0481e-07 
501.812 3.04856e-07 
502.343 3.04902e-07 
502.873 3.04949e-07 
503.403 3.04995e-07 
503.934 3.05041e-07 
504.464 3.05088e-07 
504.994 3.05135e-07 
505.524 3.05182e-07 
506.055 3.05229e-07 
506.585 3.05277e-07 
507.115 3.05325e-07 
507.646 3.05372e-07 
508.176 3.0542e-07 
508.706 3.05469e-07 
509.236 3.05517e-07 
509.767 3.05566e-07 
510.297 3.05615e-07 
510.827 3.05664e-07 
511.357 3.05713e-07 
511.888 3.05762e-07 
512.418 3.05811e-07 
512.948 3.0586e-07 
513.479 3.0591e-07 
514.009 3.05959e-07 
514.539 3.06009e-07 
515.069 3.06058e-07 
515.6 3.06107e-07 
516.13 3.06157e-07 
516.66 3.06206e-07 
517.19 3.06255e-07 
517.721 3.06305e-07 
518.251 3.06354e-07 
518.781 3.06403e-07 
519.312 3.06452e-07 
519.842 3.06501e-07 
520.372 3.0655e-07 
520.902 3.06599e-07 
521.433 3.06648e-07 
521.963 3.06697e-07 
522.493 3.06745e-07 
523.023 3.06794e-07 
523.554 3.06842e-07 
524.084 3.06891e-07 
524.614 3.06939e-07 
525.145 3.06988e-07 
525.675 3.07036e-07 
526.205 3.07084e-07 
526.735 3.07133e-07 
527.266 3.07181e-07 
527.796 3.0723e-07 
528.326 3.07279e-07 
528.856 3.07327e-07 
529.387 3.07376e-07 
529.917 3.07425e-07 
530.447 3.07474e-07 
530.978 3.07523e-07 
531.508 3.07572e-07 
532.038 3.07622e-07 
532.568 3.07671e-07 
533.099 3.07721e-07 
533.629 3.0777e-07 
534.159 3.0782e-07 
534.689 3.0787e-07 
535.22 3.07921e-07 
535.75 3.07971e-07 
536.28 3.08021e-07 
536.811 3.08072e-07 
537.341 3.08123e-07 
537.871 3.08174e-07 
538.401 3.08225e-07 
538.932 3.08276e-07 
539.462 3.08327e-07 
539.992 3.08378e-07 
540.522 3.0843e-07 
541.053 3.08481e-07 
541.583 3.08533e-07 
542.113 3.08584e-07 
542.644 3.08636e-07 
543.174 3.08688e-07 
543.704 3.08739e-07 
544.234 3.08791e-07 
544.765 3.08843e-07 
545.295 3.08894e-07 
545.825 3.08946e-07 
546.355 3.08998e-07 
546.886 3.0905e-07 
547.416 3.09101e-07 
547.946 3.09153e-07 
548.477 3.09204e-07 
549.007 3.09256e-07 
549.537 3.09307e-07 
550.067 3.09359e-07 
550.598 3.09411e-07 
551.128 3.09462e-07 
551.658 3.09514e-07 
552.188 3.09565e-07 
552.719 3.09617e-07 
553.249 3.09668e-07 
553.779 3.0972e-07 
554.31 3.09771e-07 
554.84 3.09823e-07 
555.37 3.09874e-07 
555.9 3.09926e-07 
556.431 3.09978e-07 
556.961 3.10029e-07 
557.491 3.10081e-07 
558.021 3.10133e-07 
558.552 3.10185e-07 
559.082 3.10237e-07 
559.612 3.10289e-07 
560.143 3.10341e-07 
560.673 3.10393e-07 
561.203 3.10446e-07 
561.733 3.10498e-07 
562.264 3.1055e-07 
562.794 3.10603e-07 
563.324 3.10656e-07 
563.854 3.10709e-07 
564.385 3.10762e-07 
564.915 3.10815e-07 
565.445 3.10868e-07 
565.976 3.10921e-07 
566.506 3.10975e-07 
567.036 3.11028e-07 
567.566 3.11082e-07 
568.097 3.11136e-07 
568.627 3.11189e-07 
569.157 3.11243e-07 
569.688 3.11297e-07 
570.218 3.11351e-07 
570.748 3.11406e-07 
571.278 3.1146e-07 
571.809 3.11514e-07 
572.339 3.11568e-07 
572.869 3.11623e-07 
573.399 3.11677e-07 
573.93 3.11732e-07 
574.46 3.11786e-07 
574.99 3.11841e-07 
575.521 3.11896e-07 
576.051 3.1195e-07 
576.581 3.12005e-07 
577.111 3.12059e-07 
577.642 3.12114e-07 
578.172 3.12169e-07 
578.702 3.12224e-07 
579.232 3.12278e-07 
579.763 3.12333e-07 
580.293 3.12388e-07 
580.823 3.12443e-07 
581.354 3.12497e-07 
581.884 3.12552e-07 
582.414 3.12607e-07 
582.944 3.12662e-07 
583.475 3.12717e-07 
584.005 3.12772e-07 
584.535 3.12827e-07 
585.065 3.12882e-07 
585.596 3.12937e-07 
586.126 3.12992e-07 
586.656 3.13047e-07 
587.187 3.13102e-07 
587.717 3.13157e-07 
588.247 3.13213e-07 
588.777 3.13268e-07 
589.308 3.13323e-07 
589.838 3.13379e-07 
590.368 3.13435e-07 
590.898 3.1349e-07 
591.429 3.13546e-07 
591.959 3.13602e-07 
592.489 3.13657e-07 
593.02 3.13713e-07 
593.55 3.13769e-07 
594.08 3.13826e-07 
594.61 3.13882e-07 
595.141 3.13938e-07 
595.671 3.13995e-07 
596.201 3.14051e-07 
596.731 3.14108e-07 
597.262 3.14164e-07 
597.792 3.14221e-07 
598.322 3.14278e-07 
598.853 3.14335e-07 
599.383 3.14392e-07 
599.913 3.14449e-07 
600.443 3.14506e-07 
600.974 3.14563e-07 
601.504 3.14621e-07 
602.034 3.14678e-07 
602.564 3.14736e-07 
603.095 3.14793e-07 
603.625 3.14851e-07 
604.155 3.14909e-07 
604.686 3.14966e-07 
605.216 3.15025e-07 
605.746 3.15082e-07 
606.276 3.1514e-07 
606.807 3.15198e-07 
607.337 3.15256e-07 
607.867 3.15315e-07 
608.397 3.15373e-07 
608.928 3.15431e-07 
609.458 3.15489e-07 
609.988 3.15548e-07 
610.519 3.15606e-07 
611.049 3.15664e-07 
611.579 3.15723e-07 
612.109 3.15781e-07 
612.64 3.1584e-07 
613.17 3.15898e-07 
613.7 3.15957e-07 
614.23 3.16016e-07 
614.761 3.16074e-07 
615.291 3.16133e-07 
615.821 3.16192e-07 
616.352 3.16251e-07 
616.882 3.1631e-07 
617.412 3.16369e-07 
617.942 3.16428e-07 
618.473 3.16487e-07 
619.003 3.16546e-07 
619.533 3.16605e-07 
620.063 3.16664e-07 
620.594 3.16724e-07 
621.124 3.16783e-07 
621.654 3.16842e-07 
622.185 3.16902e-07 
622.715 3.16961e-07 
623.245 3.17021e-07 
623.775 3.17081e-07 
624.306 3.1714e-07 
624.836 3.172e-07 
625.366 3.1726e-07 
625.896 3.1732e-07 
626.427 3.1738e-07 
626.957 3.17441e-07 
627.487 3.17501e-07 
628.018 3.17561e-07 
628.548 3.17621e-07 
629.078 3.17682e-07 
629.608 3.17743e-07 
630.139 3.17803e-07 
630.669 3.17864e-07 
631.199 3.17925e-07 
631.729 3.17986e-07 
632.26 3.18047e-07 
632.79 3.18108e-07 
633.32 3.18169e-07 
633.851 3.1823e-07 
634.381 3.18292e-07 
634.911 3.18353e-07 
635.441 3.18415e-07 
635.972 3.18476e-07 
636.502 3.18538e-07 
637.032 3.18599e-07 
637.562 3.18661e-07 
638.093 3.18723e-07 
638.623 3.18785e-07 
639.153 3.18847e-07 
639.684 3.18909e-07 
640.214 3.18971e-07 
640.744 3.19034e-07 
641.274 3.19096e-07 
641.805 3.19158e-07 
642.335 3.19221e-07 
642.865 3.19283e-07 
643.396 3.19346e-07 
643.926 3.19408e-07 
644.456 3.19471e-07 
644.986 3.19534e-07 
645.517 3.19597e-07 
646.047 3.1966e-07 
646.577 3.19723e-07 
647.107 3.19786e-07 
647.638 3.19849e-07 
648.168 3.19912e-07 
648.698 3.19975e-07 
649.229 3.20038e-07 
649.759 3.20102e-07 
650.289 3.20165e-07 
650.819 3.20228e-07 
651.35 3.20292e-07 
651.88 3.20356e-07 
652.41 3.20419e-07 
652.94 3.20483e-07 
653.471 3.20547e-07 
654.001 3.20611e-07 
654.531 3.20675e-07 
655.062 3.20739e-07 
655.592 3.20803e-07 
656.122 3.20867e-07 
656.652 3.20931e-07 
657.183 3.20995e-07 
657.713 3.2106e-07 
658.243 3.21124e-07 
658.773 3.21188e-07 
659.304 3.21253e-07 
659.834 3.21318e-07 
660.364 3.21382e-07 
660.895 3.21447e-07 
661.425 3.21512e-07 
661.955 3.21577e-07 
662.485 3.21642e-07 
663.016 3.21707e-07 
663.546 3.21772e-07 
664.076 3.21838e-07 
664.606 3.21903e-07 
665.137 3.21968e-07 
665.667 3.22034e-07 
666.197 3.221e-07 
666.728 3.22166e-07 
667.258 3.22231e-07 
667.788 3.22297e-07 
668.318 3.22363e-07 
668.849 3.22429e-07 
669.379 3.22495e-07 
669.909 3.22562e-07 
670.439 3.22628e-07 
670.97 3.22694e-07 
671.5 3.22761e-07 
672.03 3.22827e-07 
672.561 3.22894e-07 
673.091 3.22961e-07 
673.621 3.23028e-07 
674.151 3.23095e-07 
674.682 3.23162e-07 
675.212 3.23229e-07 
675.742 3.23296e-07 
676.272 3.23363e-07 
676.803 3.23431e-07 
677.333 3.23498e-07 
677.863 3.23566e-07 
678.394 3.23633e-07 
678.924 3.23701e-07 
679.454 3.23769e-07 
679.984 3.23837e-07 
680.515 3.23905e-07 
681.045 3.23973e-07 
681.575 3.24041e-07 
682.105 3.24109e-07 
682.636 3.24177e-07 
683.166 3.24246e-07 
683.696 3.24314e-07 
684.227 3.24383e-07 
684.757 3.24451e-07 
685.287 3.2452e-07 
685.817 3.24589e-07 
686.348 3.24657e-07 
686.878 3.24726e-07 
687.408 3.24795e-07 
687.938 3.24864e-07 
688.469 3.24933e-07 
688.999 3.25002e-07 
689.529 3.25071e-07 
690.06 3.25141e-07 
690.59 3.2521e-07 
691.12 3.2528e-07 
691.65 3.25349e-07 
692.181 3.25418e-07 
692.711 3.25488e-07 
693.241 3.25558e-07 
693.771 3.25628e-07 
694.302 3.25698e-07 
694.832 3.25768e-07 
695.362 3.25838e-07 
695.893 3.25908e-07 
696.423 3.25978e-07 
696.953 3.26048e-07 
697.483 3.26119e-07 
698.014 3.26189e-07 
698.544 3.2626e-07 
699.074 3.26331e-07 
699.604 3.26401e-07 
700.135 3.26472e-07 
700.665 3.26543e-07 
701.195 3.26614e-07 
701.726 3.26685e-07 
702.256 3.26756e-07 
702.786 3.26828e-07 
703.316 3.26899e-07 
703.847 3.26971e-07 
704.377 3.27042e-07 
704.907 3.27114e-07 
705.438 3.27186e-07 
705.968 3.27258e-07 
706.498 3.2733e-07 
707.028 3.27402e-07 
707.559 3.27475e-07 
708.089 3.27547e-07 
708.619 3.27619e-07 
709.149 3.27692e-07 
709.68 3.27764e-07 
710.21 3.27837e-07 
710.74 3.2791e-07 
711.271 3.27983e-07 
711.801 3.28056e-07 
712.331 3.28129e-07 
712.861 3.28203e-07 
713.392 3.28276e-07 
713.922 3.2835e-07 
714.452 3.28423e-07 
714.982 3.28497e-07 
715.513 3.2857e-07 
716.043 3.28644e-07 
716.573 3.28718e-07 
717.104 3.28792e-07 
717.634 3.28866e-07 
718.164 3.2894e-07 
718.694 3.29015e-07 
719.225 3.29089e-07 
719.755 3.29163e-07 
720.285 3.29238e-07 
720.815 3.29312e-07 
721.346 3.29387e-07 
721.876 3.29462e-07 
722.406 3.29537e-07 
722.937 3.29611e-07 
723.467 3.29686e-07 
723.997 3.29761e-07 
724.527 3.29836e-07 
725.058 3.29912e-07 
725.588 3.29987e-07 
726.118 3.30062e-07 
726.648 3.30138e-07 
727.179 3.30213e-07 
727.709 3.30289e-07 
728.239 3.30365e-07 
728.77 3.3044e-07 
729.3 3.30516e-07 
729.83 3.30592e-07 
730.36 3.30668e-07 
730.891 3.30744e-07 
731.421 3.30821e-07 
731.951 3.30897e-07 
732.481 3.30974e-07 
733.012 3.3105e-07 
733.542 3.31127e-07 
734.072 3.31203e-07 
734.603 3.3128e-07 
735.133 3.31357e-07 
735.663 3.31434e-07 
736.193 3.31511e-07 
736.724 3.31589e-07 
737.254 3.31666e-07 
737.784 3.31744e-07 
738.314 3.31821e-07 
738.845 3.31899e-07 
739.375 3.31977e-07 
739.905 3.32055e-07 
740.436 3.32133e-07 
740.966 3.32211e-07 
741.496 3.3229e-07 
742.026 3.32368e-07 
742.557 3.32447e-07 
743.087 3.32525e-07 
743.617 3.32604e-07 
744.147 3.32683e-07 
744.678 3.32762e-07 
745.208 3.32842e-07 
745.738 3.32921e-07 
746.269 3.33e-07 
746.799 3.3308e-07 
747.329 3.33159e-07 
747.859 3.33239e-07 
748.39 3.33319e-07 
748.92 3.33399e-07 
749.45 3.33479e-07 
749.98 3.33559e-07 
750.511 3.33639e-07 
751.041 3.3372e-07 
751.571 3.338e-07 
752.102 3.3388e-07 
752.632 3.33961e-07 
753.162 3.34042e-07 
753.692 3.34122e-07 
754.223 3.34203e-07 
754.753 3.34284e-07 
755.283 3.34365e-07 
755.813 3.34446e-07 
756.344 3.34528e-07 
756.874 3.34609e-07 
757.404 3.3469e-07 
757.935 3.34772e-07 
758.465 3.34853e-07 
758.995 3.34935e-07 
759.525 3.35017e-07 
760.056 3.35098e-07 
760.586 3.3518e-07 
761.116 3.35263e-07 
761.646 3.35345e-07 
762.177 3.35427e-07 
762.707 3.35509e-07 
763.237 3.35592e-07 
763.768 3.35674e-07 
764.298 3.35757e-07 
764.828 3.3584e-07 
765.358 3.35922e-07 
765.889 3.36005e-07 
766.419 3.36089e-07 
766.949 3.36172e-07 
767.479 3.36255e-07 
768.01 3.36339e-07 
768.54 3.36422e-07 
769.07 3.36506e-07 
769.601 3.3659e-07 
770.131 3.36674e-07 
770.661 3.36758e-07 
771.191 3.36842e-07 
771.722 3.36926e-07 
772.252 3.37011e-07 
772.782 3.37095e-07 
773.312 3.3718e-07 
773.843 3.37265e-07 
774.373 3.3735e-07 
774.903 3.37435e-07 
775.434 3.3752e-07 
775.964 3.37606e-07 
776.494 3.37691e-07 
777.024 3.37777e-07 
777.555 3.37863e-07 
778.085 3.37948e-07 
778.615 3.38034e-07 
779.146 3.3812e-07 
779.676 3.38207e-07 
780.206 3.38293e-07 
780.736 3.3838e-07 
781.267 3.38466e-07 
781.797 3.38553e-07 
782.327 3.3864e-07 
782.857 3.38727e-07 
783.388 3.38814e-07 
783.918 3.38901e-07 
784.448 3.38988e-07 
784.979 3.39076e-07 
785.509 3.39163e-07 
786.039 3.39251e-07 
786.569 3.39339e-07 
787.1 3.39426e-07 
787.63 3.39514e-07 
788.16 3.39602e-07 
788.69 3.3969e-07 
789.221 3.39779e-07 
789.751 3.39867e-07 
790.281 3.39956e-07 
790.812 3.40044e-07 
791.342 3.40133e-07 
791.872 3.40222e-07 
792.402 3.4031e-07 
792.933 3.40399e-07 
793.463 3.40488e-07 
793.993 3.40578e-07 
794.523 3.40667e-07 
795.054 3.40756e-07 
795.584 3.40846e-07 
796.114 3.40935e-07 
796.645 3.41025e-07 
797.175 3.41115e-07 
797.705 3.41205e-07 
798.235 3.41295e-07 
798.766 3.41385e-07 
799.296 3.41476e-07 
799.826 3.41566e-07 
800.356 3.41657e-07 
800.887 3.41747e-07 
801.417 3.41838e-07 
801.947 3.41929e-07 
802.478 3.42021e-07 
803.008 3.42112e-07 
803.538 3.42203e-07 
804.068 3.42295e-07 
804.599 3.42387e-07 
805.129 3.42478e-07 
805.659 3.42571e-07 
806.189 3.42663e-07 
806.72 3.42755e-07 
807.25 3.42848e-07 
807.78 3.4294e-07 
808.311 3.43033e-07 
808.841 3.43126e-07 
809.371 3.43219e-07 
809.901 3.43312e-07 
810.432 3.43405e-07 
810.962 3.43499e-07 
811.492 3.43593e-07 
812.022 3.43686e-07 
812.553 3.4378e-07 
813.083 3.43874e-07 
813.613 3.43968e-07 
814.144 3.44063e-07 
814.674 3.44157e-07 
815.204 3.44252e-07 
815.734 3.44346e-07 
816.265 3.44441e-07 
816.795 3.44536e-07 
817.325 3.44631e-07 
817.855 3.44726e-07 
818.386 3.44822e-07 
818.916 3.44917e-07 
819.446 3.45013e-07 
819.977 3.45109e-07 
820.507 3.45204e-07 
821.037 3.453e-07 
821.567 3.45396e-07 
822.098 3.45492e-07 
822.628 3.45588e-07 
823.158 3.45685e-07 
823.688 3.45781e-07 
824.219 3.45878e-07 
824.749 3.45975e-07 
825.279 3.46071e-07 
825.81 3.46168e-07 
826.34 3.46265e-07 
826.87 3.46363e-07 
827.4 3.4646e-07 
827.931 3.46557e-07 
828.461 3.46655e-07 
828.991 3.46753e-07 
829.521 3.46851e-07 
830.052 3.46949e-07 
830.582 3.47047e-07 
831.112 3.47145e-07 
831.643 3.47243e-07 
832.173 3.47342e-07 
832.703 3.47441e-07 
833.233 3.4754e-07 
833.764 3.47639e-07 
834.294 3.47738e-07 
834.824 3.47837e-07 
835.354 3.47937e-07 
835.885 3.48037e-07 
836.415 3.48136e-07 
836.945 3.48236e-07 
837.476 3.48337e-07 
838.006 3.48437e-07 
838.536 3.48537e-07 
839.066 3.48638e-07 
839.597 3.48739e-07 
840.127 3.4884e-07 
840.657 3.48941e-07 
841.188 3.49042e-07 
841.718 3.49144e-07 
842.248 3.49246e-07 
842.778 3.49347e-07 
843.309 3.49449e-07 
843.839 3.49551e-07 
844.369 3.49654e-07 
844.899 3.49756e-07 
845.43 3.49859e-07 
845.96 3.49962e-07 
846.49 3.50065e-07 
847.021 3.50168e-07 
847.551 3.50271e-07 
848.081 3.50374e-07 
848.611 3.50477e-07 
849.142 3.50581e-07 
849.672 3.50685e-07 
850.202 3.50789e-07 
850.732 3.50893e-07 
851.263 3.50997e-07 
851.793 3.51101e-07 
852.323 3.51205e-07 
852.854 3.5131e-07 
853.384 3.51415e-07 
853.914 3.51519e-07 
854.444 3.51624e-07 
854.975 3.51729e-07 
855.505 3.51834e-07 
856.035 3.5194e-07 
856.565 3.52045e-07 
857.096 3.52151e-07 
857.626 3.52256e-07 
858.156 3.52362e-07 
858.687 3.52468e-07 
859.217 3.52575e-07 
859.747 3.52681e-07 
860.277 3.52787e-07 
860.808 3.52894e-07 
861.338 3.53001e-07 
861.868 3.53108e-07 
862.398 3.53215e-07 
862.929 3.53322e-07 
863.459 3.53429e-07 
863.989 3.53537e-07 
864.52 3.53645e-07 
865.05 3.53753e-07 
865.58 3.53861e-07 
866.11 3.53969e-07 
866.641 3.54078e-07 
867.171 3.54186e-07 
867.701 3.54295e-07 
868.231 3.54404e-07 
868.762 3.54514e-07 
869.292 3.54623e-07 
869.822 3.54732e-07 
870.353 3.54843e-07 
870.883 3.54953e-07 
871.413 3.55063e-07 
871.943 3.55173e-07 
872.474 3.55284e-07 
873.004 3.55394e-07 
873.534 3.55506e-07 
874.064 3.55617e-07 
874.595 3.55728e-07 
875.125 3.5584e-07 
875.655 3.55951e-07 
876.186 3.56063e-07 
876.716 3.56175e-07 
877.246 3.56288e-07 
877.776 3.564e-07 
878.307 3.56512e-07 
878.837 3.56625e-07 
879.367 3.56738e-07 
879.897 3.56851e-07 
880.428 3.56965e-07 
880.958 3.57078e-07 
881.488 3.57191e-07 
882.019 3.57305e-07 
882.549 3.57419e-07 
883.079 3.57532e-07 
883.609 3.57646e-07 
884.14 3.57761e-07 
884.67 3.57875e-07 
885.2 3.57989e-07 
885.73 3.58104e-07 
886.261 3.58219e-07 
886.791 3.58333e-07 
887.321 3.58448e-07 
887.852 3.58564e-07 
888.382 3.58679e-07 
888.912 3.58794e-07 
889.442 3.5891e-07 
889.973 3.59026e-07 
890.503 3.59142e-07 
891.033 3.59258e-07 
891.563 3.59374e-07 
892.094 3.59491e-07 
892.624 3.59607e-07 
893.154 3.59724e-07 
893.685 3.59841e-07 
894.215 3.59959e-07 
894.745 3.60076e-07 
895.275 3.60194e-07 
895.806 3.60312e-07 
896.336 3.6043e-07 
896.866 3.60548e-07 
897.396 3.60666e-07 
897.927 3.60785e-07 
898.457 3.60904e-07 
898.987 3.61023e-07 
899.518 3.61143e-07 
900.048 3.61263e-07 
900.578 3.61382e-07 
901.108 3.61503e-07 
901.639 3.61623e-07 
902.169 3.61744e-07 
902.699 3.61864e-07 
903.229 3.61985e-07 
903.76 3.62107e-07 
904.29 3.62228e-07 
904.82 3.6235e-07 
905.351 3.62472e-07 
905.881 3.62594e-07 
906.411 3.62716e-07 
906.941 3.62839e-07 
907.472 3.62962e-07 
908.002 3.63084e-07 
908.532 3.63208e-07 
909.062 3.63331e-07 
909.593 3.63454e-07 
910.123 3.63578e-07 
910.653 3.63702e-07 
911.184 3.63826e-07 
911.714 3.6395e-07 
912.244 3.64074e-07 
912.774 3.64198e-07 
913.305 3.64323e-07 
913.835 3.64448e-07 
914.365 3.64572e-07 
914.896 3.64697e-07 
915.426 3.64823e-07 
915.956 3.64948e-07 
916.486 3.65073e-07 
917.017 3.65199e-07 
917.547 3.65325e-07 
918.077 3.6545e-07 
918.607 3.65576e-07 
919.138 3.65703e-07 
919.668 3.65829e-07 
920.198 3.65955e-07 
920.729 3.66082e-07 
921.259 3.66209e-07 
921.789 3.66336e-07 
922.319 3.66463e-07 
922.85 3.66591e-07 
923.38 3.66718e-07 
923.91 3.66846e-07 
924.44 3.66975e-07 
924.971 3.67103e-07 
925.501 3.67232e-07 
926.031 3.6736e-07 
926.562 3.6749e-07 
927.092 3.67619e-07 
927.622 3.67749e-07 
928.152 3.67879e-07 
928.683 3.68009e-07 
929.213 3.68139e-07 
929.743 3.6827e-07 
930.273 3.68401e-07 
930.804 3.68532e-07 
931.334 3.68664e-07 
931.864 3.68796e-07 
932.395 3.68928e-07 
932.925 3.69061e-07 
933.455 3.69193e-07 
933.985 3.69327e-07 
934.516 3.6946e-07 
935.046 3.69593e-07 
935.576 3.69727e-07 
936.106 3.69861e-07 
936.637 3.69995e-07 
937.167 3.7013e-07 
937.697 3.70265e-07 
938.228 3.704e-07 
938.758 3.70535e-07 
939.288 3.7067e-07 
939.818 3.70806e-07 
940.349 3.70941e-07 
940.879 3.71077e-07 
941.409 3.71213e-07 
941.939 3.71349e-07 
942.47 3.71486e-07 
943 3.71622e-07 
943.53 3.71759e-07 
944.061 3.71896e-07 
944.591 3.72033e-07 
945.121 3.72169e-07 
945.651 3.72307e-07 
946.182 3.72444e-07 
946.712 3.72581e-07 
947.242 3.72719e-07 
947.772 3.72857e-07 
948.303 3.72995e-07 
948.833 3.73132e-07 
949.363 3.73271e-07 
949.894 3.73409e-07 
950.424 3.73548e-07 
950.954 3.73686e-07 
951.484 3.73825e-07 
952.015 3.73965e-07 
952.545 3.74104e-07 
953.075 3.74244e-07 
953.605 3.74383e-07 
954.136 3.74524e-07 
954.666 3.74664e-07 
955.196 3.74805e-07 
955.727 3.74946e-07 
956.257 3.75087e-07 
956.787 3.75229e-07 
957.317 3.75371e-07 
957.848 3.75513e-07 
958.378 3.75655e-07 
958.908 3.75798e-07 
959.438 3.75942e-07 
959.969 3.76085e-07 
960.499 3.76229e-07 
961.029 3.76374e-07 
961.56 3.76518e-07 
962.09 3.76663e-07 
962.62 3.76809e-07 
963.15 3.76954e-07 
963.681 3.771e-07 
964.211 3.77247e-07 
964.741 3.77394e-07 
965.271 3.77541e-07 
965.802 3.77688e-07 
966.332 3.77835e-07 
966.862 3.77983e-07 
967.393 3.78131e-07 
967.923 3.78279e-07 
968.453 3.78428e-07 
968.983 3.78577e-07 
969.514 3.78725e-07 
970.044 3.78874e-07 
970.574 3.79024e-07 
971.104 3.79173e-07 
971.635 3.79322e-07 
972.165 3.79472e-07 
972.695 3.79621e-07 
973.226 3.79771e-07 
973.756 3.79921e-07 
974.286 3.80071e-07 
974.816 3.80221e-07 
975.347 3.80371e-07 
975.877 3.80522e-07 
976.407 3.80672e-07 
976.938 3.80823e-07 
977.468 3.80974e-07 
977.998 3.81124e-07 
978.528 3.81275e-07 
979.059 3.81427e-07 
979.589 3.81578e-07 
980.119 3.81729e-07 
980.649 3.81881e-07 
981.18 3.82033e-07 
981.71 3.82185e-07 
982.24 3.82338e-07 
982.771 3.82491e-07 
983.301 3.82644e-07 
983.831 3.82798e-07 
984.361 3.82951e-07 
984.892 3.83105e-07 
985.422 3.8326e-07 
985.952 3.83415e-07 
986.482 3.8357e-07 
987.013 3.83725e-07 
987.543 3.83882e-07 
988.073 3.84038e-07 
988.604 3.84195e-07 
989.134 3.84352e-07 
989.664 3.8451e-07 
990.194 3.84668e-07 
990.725 3.84827e-07 
991.255 3.84986e-07 
991.785 3.85145e-07 
992.315 3.85305e-07 
992.846 3.85465e-07 
993.376 3.85625e-07 
993.906 3.85786e-07 
994.437 3.85947e-07 
994.967 3.86109e-07 
995.497 3.86271e-07 
996.027 3.86433e-07 
996.558 3.86595e-07 
997.088 3.86757e-07 
997.618 3.8692e-07 
998.148 3.87083e-07 
998.679 3.87246e-07 
999.209 3.87409e-07 
999.739 3.87572e-07 
1000.27 3.87736e-07 
1000.8 3.87899e-07 
1001.33 3.88063e-07 
1001.86 3.88226e-07 
1002.39 3.8839e-07 
1002.92 3.88554e-07 
1003.45 3.88717e-07 
1003.98 3.88881e-07 
1004.51 3.89045e-07 
1005.04 3.89209e-07 
1005.57 3.89373e-07 
1006.1 3.89537e-07 
1006.63 3.89701e-07 
1007.16 3.89865e-07 
1007.69 3.90029e-07 
1008.22 3.90193e-07 
1008.75 3.90358e-07 
1009.28 3.90523e-07 
1009.81 3.90688e-07 
1010.34 3.90854e-07 
1010.88 3.91019e-07 
1011.41 3.91185e-07 
1011.94 3.91352e-07 
1012.47 3.91518e-07 
1013 3.91685e-07 
1013.53 3.91853e-07 
1014.06 3.92021e-07 
1014.59 3.9219e-07 
1015.12 3.92359e-07 
1015.65 3.92528e-07 
1016.18 3.92699e-07 
1016.71 3.92869e-07 
1017.24 3.9304e-07 
1017.77 3.93212e-07 
1018.3 3.93385e-07 
1018.83 3.93557e-07 
1019.36 3.93731e-07 
1019.89 3.93905e-07 
1020.42 3.94079e-07 
1020.95 3.94253e-07 
1021.48 3.94429e-07 
1022.01 3.94604e-07 
1022.54 3.9478e-07 
1023.07 3.94956e-07 
1023.6 3.95132e-07 
1024.13 3.95308e-07 
1024.66 3.95485e-07 
1025.19 3.95662e-07 
1025.72 3.95838e-07 
1026.25 3.96015e-07 
1026.78 3.96192e-07 
1027.31 3.96369e-07 
1027.84 3.96546e-07 
1028.37 3.96723e-07 
1028.9 3.96899e-07 
1029.43 3.97076e-07 
1029.96 3.97252e-07 
1030.5 3.97429e-07 
1031.03 3.97605e-07 
1031.56 3.97782e-07 
1032.09 3.97958e-07 
1032.62 3.98134e-07 
1033.15 3.9831e-07 
1033.68 3.98487e-07 
1034.21 3.98663e-07 
1034.74 3.9884e-07 
1035.27 3.99016e-07 
1035.8 3.99193e-07 
1036.33 3.99371e-07 
1036.86 3.99548e-07 
1037.39 3.99725e-07 
1037.92 3.99904e-07 
1038.45 4.00082e-07 
1038.98 4.00261e-07 
1039.51 4.0044e-07 
1040.04 4.0062e-07 
1040.57 4.008e-07 
1041.1 4.00981e-07 
1041.63 4.01163e-07 
1042.16 4.01345e-07 
1042.69 4.01527e-07 
1043.22 4.0171e-07 
1043.75 4.01894e-07 
1044.28 4.02079e-07 
1044.81 4.02263e-07 
1045.34 4.02449e-07 
1045.87 4.02635e-07 
1046.4 4.02821e-07 
1046.93 4.03008e-07 
1047.46 4.03196e-07 
1047.99 4.03383e-07 
1048.52 4.03572e-07 
1049.05 4.0376e-07 
1049.58 4.03949e-07 
1050.12 4.04138e-07 
1050.65 4.04327e-07 
1051.18 4.04517e-07 
1051.71 4.04706e-07 
1052.24 4.04896e-07 
1052.77 4.05086e-07 
1053.3 4.05275e-07 
1053.83 4.05465e-07 
1054.36 4.05654e-07 
1054.89 4.05843e-07 
1055.42 4.06032e-07 
1055.95 4.06221e-07 
1056.48 4.06409e-07 
1057.01 4.06598e-07 
1057.54 4.06785e-07 
1058.07 4.06973e-07 
1058.6 4.0716e-07 
1059.13 4.07347e-07 
1059.66 4.07534e-07 
1060.19 4.07721e-07 
1060.72 4.07907e-07 
1061.25 4.08094e-07 
1061.78 4.0828e-07 
1062.31 4.08466e-07 
1062.84 4.08653e-07 
1063.37 4.0884e-07 
1063.9 4.09027e-07 
1064.43 4.09214e-07 
1064.96 4.09402e-07 
1065.49 4.0959e-07 
1066.02 4.0978e-07 
1066.55 4.0997e-07 
1067.08 4.1016e-07 
1067.61 4.10352e-07 
1068.14 4.10545e-07 
1068.67 4.10738e-07 
1069.21 4.10933e-07 
1069.74 4.11129e-07 
1070.27 4.11326e-07 
1070.8 4.11523e-07 
1071.33 4.11722e-07 
1071.86 4.11921e-07 
1072.39 4.12121e-07 
1072.92 4.12322e-07 
1073.45 4.12524e-07 
1073.98 4.12726e-07 
1074.51 4.12928e-07 
1075.04 4.1313e-07 
1075.57 4.13332e-07 
1076.1 4.13534e-07 
1076.63 4.13736e-07 
1077.16 4.13937e-07 
1077.69 4.14137e-07 
1078.22 4.14337e-07 
1078.75 4.14536e-07 
1079.28 4.14734e-07 
1079.81 4.14931e-07 
1080.34 4.15127e-07 
1080.87 4.15322e-07 
1081.4 4.15515e-07 
1081.93 4.15709e-07 
1082.46 4.15901e-07 
1082.99 4.16092e-07 
1083.52 4.16283e-07 
1084.05 4.16473e-07 
1084.58 4.16664e-07 
1085.11 4.16854e-07 
1085.64 4.17045e-07 
1086.17 4.17236e-07 
1086.7 4.17428e-07 
1087.23 4.17621e-07 
1087.76 4.17815e-07 
1088.29 4.1801e-07 
1088.83 4.18207e-07 
1089.36 4.18405e-07 
1089.89 4.18604e-07 
1090.42 4.18806e-07 
1090.95 4.19009e-07 
1091.48 4.19214e-07 
1092.01 4.1942e-07 
1092.54 4.19628e-07 
1093.07 4.19837e-07 
1093.6 4.20047e-07 
1094.13 4.20258e-07 
1094.66 4.2047e-07 
1095.19 4.20682e-07 
1095.72 4.20894e-07 
1096.25 4.21105e-07 
1096.78 4.21317e-07 
1097.31 4.21527e-07 
1097.84 4.21737e-07 
1098.37 4.21945e-07 
1098.9 4.22152e-07 
1099.43 4.22358e-07 
1099.96 4.22562e-07 
1100.49 4.22765e-07 
1101.02 4.22966e-07 
1101.55 4.23165e-07 
1102.08 4.23363e-07 
1102.61 4.2356e-07 
1103.14 4.23756e-07 
1103.67 4.23952e-07 
1104.2 4.24147e-07 
1104.73 4.24342e-07 
1105.26 4.24537e-07 
1105.79 4.24733e-07 
1106.32 4.24929e-07 
1106.85 4.25127e-07 
1107.38 4.25326e-07 
1107.92 4.25527e-07 
1108.45 4.2573e-07 
1108.98 4.25934e-07 
1109.51 4.26141e-07 
1110.04 4.2635e-07 
1110.57 4.26561e-07 
1111.1 4.26774e-07 
1111.63 4.26988e-07 
1112.16 4.27204e-07 
1112.69 4.27422e-07 
1113.22 4.2764e-07 
1113.75 4.27859e-07 
1114.28 4.28078e-07 
1114.81 4.28298e-07 
1115.34 4.28516e-07 
1115.87 4.28734e-07 
1116.4 4.28951e-07 
1116.93 4.29167e-07 
1117.46 4.2938e-07 
1117.99 4.29593e-07 
1118.52 4.29803e-07 
1119.05 4.30012e-07 
1119.58 4.30219e-07 
1120.11 4.30424e-07 
1120.64 4.30628e-07 
1121.17 4.30831e-07 
1121.7 4.31033e-07 
1122.23 4.31235e-07 
1122.76 4.31436e-07 
1123.29 4.31638e-07 
1123.82 4.31841e-07 
1124.35 4.32045e-07 
1124.88 4.3225e-07 
1125.41 4.32458e-07 
1125.94 4.32667e-07 
1126.47 4.32879e-07 
1127 4.33094e-07 
1127.54 4.33312e-07 
1128.07 4.33532e-07 
1128.6 4.33754e-07 
1129.13 4.33979e-07 
1129.66 4.34206e-07 
1130.19 4.34435e-07 
1130.72 4.34666e-07 
1131.25 4.34897e-07 
1131.78 4.35129e-07 
1132.31 4.35361e-07 
1132.84 4.35592e-07 
1133.37 4.35823e-07 
1133.9 4.36052e-07 
1134.43 4.36279e-07 
1134.96 4.36505e-07 
1135.49 4.36728e-07 
1136.02 4.36949e-07 
1136.55 4.37168e-07 
1137.08 4.37384e-07 
1137.61 4.37598e-07 
1138.14 4.37811e-07 
1138.67 4.38022e-07 
1139.2 4.38232e-07 
1139.73 4.38442e-07 
1140.26 4.38652e-07 
1140.79 4.38863e-07 
1141.32 4.39075e-07 
1141.85 4.39289e-07 
1142.38 4.39506e-07 
1142.91 4.39727e-07 
1143.44 4.39951e-07 
1143.97 4.40179e-07 
1144.5 4.40411e-07 
1145.03 4.40647e-07 
1145.56 4.40888e-07 
1146.09 4.41133e-07 
1146.62 4.41383e-07 
1147.16 4.41636e-07 
1147.69 4.41891e-07 
1148.22 4.4215e-07 
1148.75 4.4241e-07 
1149.28 4.42671e-07 
1149.81 4.42932e-07 
1150.34 4.43193e-07 
1150.87 4.43453e-07 
1151.4 4.43711e-07 
1151.93 4.43966e-07 
1152.46 4.44219e-07 
1152.99 4.44468e-07 
1153.52 4.44714e-07 
1154.05 4.44956e-07 
1154.58 4.45195e-07 
1155.11 4.45431e-07 
1155.64 4.45665e-07 
1156.17 4.45896e-07 
1156.7 4.46126e-07 
1157.23 4.46356e-07 
1157.76 4.46586e-07 
1158.29 4.46817e-07 
1158.82 4.47051e-07 
1159.35 4.47288e-07 
1159.88 4.4753e-07 
1160.41 4.47776e-07 
1160.94 4.48029e-07 
1161.47 4.48288e-07 
1162 4.48553e-07 
1162.53 4.48826e-07 
1163.06 4.49106e-07 
1163.59 4.49393e-07 
1164.12 4.49687e-07 
1164.65 4.49988e-07 
1165.18 4.50293e-07 
1165.71 4.50604e-07 
1166.25 4.50918e-07 
1166.78 4.51235e-07 
1167.31 4.51553e-07 
1167.84 4.51872e-07 
1168.37 4.52191e-07 
1168.9 4.52508e-07 
1169.43 4.52823e-07 
1169.96 4.53135e-07 
1170.49 4.53443e-07 
1171.02 4.53746e-07 
1171.55 4.54046e-07 
1172.08 4.54341e-07 
1172.61 4.54631e-07 
1173.14 4.54919e-07 
1173.67 4.55203e-07 
1174.2 4.55484e-07 
1174.73 4.55764e-07 
1175.26 4.56045e-07 
1175.79 4.56326e-07 
1176.32 4.56609e-07 
1176.85 4.56897e-07 
1177.38 4.57189e-07 
1177.91 4.57488e-07 
1178.44 4.57794e-07 
1178.97 4.58109e-07 
1179.5 4.58433e-07 
1180.03 4.58768e-07 
1180.56 4.59113e-07 
1181.09 4.5947e-07 
1181.62 4.59838e-07 
1182.15 4.60217e-07 
1182.68 4.60606e-07 
1183.21 4.61005e-07 
1183.74 4.61414e-07 
1184.27 4.61831e-07 
1184.8 4.62255e-07 
1185.33 4.62684e-07 
1185.87 4.63118e-07 
1186.4 4.63555e-07 
1186.93 4.63993e-07 
1187.46 4.64432e-07 
1187.99 4.64869e-07 
1188.52 4.65304e-07 
1189.05 4.65735e-07 
1189.58 4.66162e-07 
1190.11 4.66584e-07 
1190.64 4.66999e-07 
1191.17 4.67408e-07 
1191.7 4.67811e-07 
1192.23 4.68208e-07 
1192.76 4.68599e-07 
1193.29 4.68986e-07 
1193.82 4.69368e-07 
1194.35 4.69749e-07 
1194.88 4.70129e-07 
1195.41 4.70511e-07 
1195.94 4.70896e-07 
1196.47 4.71287e-07 
1197 4.71687e-07 
1197.53 4.72098e-07 
1198.06 4.72522e-07 
1198.59 4.72962e-07 
1199.12 4.7342e-07 
1199.65 4.73899e-07 
1200.18 4.74398e-07 
1200.71 4.74921e-07 
1201.24 4.75467e-07 
1201.77 4.76036e-07 
1202.3 4.76628e-07 
1202.83 4.77242e-07 
1203.36 4.77878e-07 
1203.89 4.78531e-07 
1204.42 4.79201e-07 
1204.96 4.79883e-07 
1205.49 4.80576e-07 
1206.02 4.81273e-07 
1206.55 4.81971e-07 
1207.08 4.82667e-07 
1207.61 4.83355e-07 
1208.14 4.84032e-07 
1208.67 4.84692e-07 
1209.2 4.85332e-07 
1209.73 4.85951e-07 
1210.26 4.86544e-07 
1210.79 4.87112e-07 
1211.32 4.87654e-07 
1211.85 4.88172e-07 
1212.38 4.88669e-07 
1212.91 4.89148e-07 
1213.44 4.89615e-07 
1213.97 4.90076e-07 
1214.5 4.90537e-07 
1215.03 4.91008e-07 
1215.56 4.91496e-07 
1216.09 4.92009e-07 
1216.62 4.92555e-07 
1217.15 4.93142e-07 
1217.68 4.93776e-07 
1218.21 4.94462e-07 
1218.74 4.95204e-07 
1219.27 4.96005e-07 
1219.8 4.96863e-07 
1220.33 4.9778e-07 
1220.86 4.98753e-07 
1221.39 4.99776e-07 
1221.92 5.00845e-07 
1222.45 5.01954e-07 
1222.98 5.03096e-07 
1223.51 5.0426e-07 
1224.04 5.05438e-07 
1224.58 5.06619e-07 
1225.11 5.0779e-07 
1225.64 5.0894e-07 
1226.17 5.10059e-07 
1226.7 5.11135e-07 
1227.23 5.12159e-07 
1227.76 5.13126e-07 
1228.29 5.14032e-07 
1228.82 5.14873e-07 
1229.35 5.1565e-07 
1229.88 5.16368e-07 
1230.41 5.17034e-07 
1230.94 5.17655e-07 
1231.47 5.18245e-07 
1232 5.18814e-07 
1232.53 5.19378e-07 
1233.06 5.19954e-07 
1233.59 5.20554e-07 
1234.12 5.21194e-07 
1234.65 5.21888e-07 
1235.18 5.22652e-07 
1235.71 5.23494e-07 
1236.24 5.24427e-07 
1236.77 5.25461e-07 
1237.3 5.26597e-07 
1237.83 5.27815e-07 
1238.36 5.2911e-07 
1238.89 5.30498e-07 
1239.42 5.3199e-07 
1239.95 5.33587e-07 
1240.48 5.35291e-07 
1241.01 5.37094e-07 
1241.54 5.38988e-07 
1242.07 5.40961e-07 
1242.6 5.42995e-07 
1243.13 5.45071e-07 
1243.67 5.47168e-07 
1244.2 5.49261e-07 
1244.73 5.51324e-07 
1245.26 5.53332e-07 
1245.79 5.55258e-07 
1246.32 5.57077e-07 
1246.85 5.58767e-07 
1247.38 5.6031e-07 
1247.91 5.61692e-07 
1248.44 5.62902e-07 
1248.97 5.63937e-07 
1249.5 5.64804e-07 
1250.03 5.65513e-07 
1250.56 5.66083e-07 
1251.09 5.6654e-07 
1251.62 5.66917e-07 
1252.15 5.67252e-07 
1252.68 5.67589e-07 
1253.21 5.67972e-07 
1253.74 5.68448e-07 
1254.27 5.69064e-07 
1254.8 5.69863e-07 
1255.33 5.70885e-07 
1255.86 5.72164e-07 
1256.39 5.73729e-07 
1256.92 5.75599e-07 
1257.45 5.77784e-07 
1257.98 5.80288e-07 
1258.51 5.83105e-07 
1259.04 5.86217e-07 
1259.57 5.89597e-07 
1260.1 5.93206e-07 
1260.63 5.96998e-07 
1261.16 6.00914e-07 
1261.69 6.04887e-07 
1262.22 6.08845e-07 
1262.75 6.12706e-07 
1263.29 6.16387e-07 
1263.82 6.19801e-07 
1264.35 6.22866e-07 
1264.88 6.25505e-07 
1265.41 6.27651e-07 
1265.94 6.29253e-07 
1266.47 6.30278e-07 
1267 6.30715e-07 
1267.53 6.30581e-07 
1268.06 6.29917e-07 
1268.59 6.28792e-07 
1269.12 6.27297e-07 
1269.65 6.25547e-07 
1270.18 6.23669e-07 
1270.71 6.21805e-07 
1271.24 6.20096e-07 
1271.77 6.18684e-07 
1272.3 6.17705e-07 
1272.83 6.17283e-07 
1273.36 6.17527e-07 
1273.89 6.18531e-07 
1274.42 6.20366e-07 
1274.95 6.23082e-07 
1275.48 6.26708e-07 
1276.01 6.31255e-07 
1276.54 6.36709e-07 
1277.07 6.43035e-07 
1277.6 6.50175e-07 
1278.13 6.58047e-07 
1278.66 6.66542e-07 
1279.19 6.75512e-07 
1279.72 6.84776e-07 
1280.25 6.94114e-07 
1280.78 7.03269e-07 
1281.31 7.11955e-07 
1281.84 7.19861e-07 
1282.38 7.26668e-07 
1282.91 7.32065e-07 
1283.44 7.35775e-07 
1283.97 7.37582e-07 
1284.5 7.37346e-07 
1285.03 7.35036e-07 
1285.56 7.3073e-07 
1286.09 7.24624e-07 
1286.62 7.17015e-07 
1287.15 7.08285e-07 
1287.68 6.98864e-07 
1288.21 6.89208e-07 
1288.74 6.79786e-07 
1289.27 6.71061e-07 
1289.8 6.63447e-07 
1290.33 6.57293e-07 
1290.86 6.52876e-07 
1291.39 6.5042e-07 
1291.92 6.50094e-07 
1292.45 6.52023e-07 
1292.98 6.56293e-07 
1293.51 6.62963e-07 
1294.04 6.72085e-07 
1294.57 6.83695e-07 
1295.1 6.97826e-07 
1295.63 7.14493e-07 
1296.16 7.33676e-07 
1296.69 7.55287e-07 
1297.22 7.79125e-07 
1297.75 8.04826e-07 
1298.28 8.31816e-07 
1298.81 8.59249e-07 
1299.34 8.85979e-07 
1299.87 9.10578e-07 
1300.4 9.31421e-07 
1300.93 9.46874e-07 
1301.46 9.55494e-07 
1302 9.56218e-07 
1302.53 9.4853e-07 
1303.06 9.32602e-07 
1303.59 9.09308e-07 
1304.12 8.80118e-07 
1304.65 8.46885e-07 
1305.18 8.11659e-07 
1305.71 7.76445e-07 
1306.24 7.42962e-07 
1306.77 7.12522e-07 
1307.3 6.86067e-07 
1307.83 6.64185e-07 
1308.36 6.4711e-07 
1308.89 6.34859e-07 
1309.42 6.27399e-07 
1309.95 6.2466e-07 
1310.48 6.26447e-07 
1311.01 6.32691e-07 
1311.54 6.43527e-07 
1312.07 6.59193e-07 
1312.6 6.79972e-07 
1313.13 7.06484e-07 
1313.66 7.39684e-07 
1314.19 7.80614e-07 
1314.72 8.30783e-07 
1315.25 8.9244e-07 
1315.78 9.68375e-07 
1316.31 1.06012e-06 
1316.84 1.16584e-06 
1317.37 1.27895e-06 
1317.9 1.38815e-06 
1318.43 1.48227e-06 
1318.96 1.54867e-06 
1319.49 1.57317e-06 
1320.02 1.5463e-06 
1320.55 1.46953e-06 
1321.08 1.35338e-06 
1321.62 1.21591e-06 
1322.15 1.07586e-06 
1322.68 9.45853e-07 
1323.21 8.33433e-07 
1323.74 7.41527e-07 
1324.27 6.68194e-07 
1324.8 6.10905e-07 
1325.33 5.67385e-07 
1325.86 5.35123e-07 
1326.39 5.11537e-07 
1326.92 4.94965e-07 
1327.45 4.84335e-07 
1327.98 4.78625e-07 
1328.51 4.77084e-07 
1329.04 4.7934e-07 
1329.57 4.85238e-07 
1330.1 4.94691e-07 
1330.63 5.07854e-07 
1331.16 5.25086e-07 
1331.69 5.47232e-07 
1332.22 5.76601e-07 
1332.75 6.17506e-07 
1333.28 6.7703e-07 
1333.81 7.67993e-07 
1334.34 9.17695e-07 
1334.87 1.18729e-06 
1335.4 1.73152e-06 
1335.93 2.96015e-06 
1336.46 5.39579e-06 
1336.99 7.14505e-06 
1337.52 4.47092e-06 
1338.05 2.34273e-06 
1338.58 1.4308e-06 
1339.11 1.00694e-06 
1339.64 7.81522e-07 
1340.17 6.48094e-07 
1340.71 5.62736e-07 
1341.24 5.05149e-07 
1341.77 4.65025e-07 
1342.3 4.3673e-07 
1342.83 4.16982e-07 
1343.36 4.03771e-07 
1343.89 3.95816e-07 
1344.42 3.92275e-07 
1344.95 3.92582e-07 
1345.48 3.96341e-07 
1346.01 4.03266e-07 
1346.54 4.13119e-07 
1347.07 4.25657e-07 
1347.6 4.40581e-07 
1348.13 4.57485e-07 
1348.66 4.75802e-07 
1349.19 4.9476e-07 
1349.72 5.13362e-07 
1350.25 5.304e-07 
1350.78 5.4454e-07 
1351.31 5.54463e-07 
1351.84 5.59029e-07 
1352.37 5.57416e-07 
1352.9 5.49255e-07 
1353.43 5.34726e-07 
1353.96 5.1455e-07 
1354.49 4.89897e-07 
1355.02 4.62228e-07 
1355.55 4.33131e-07 
1356.08 4.04132e-07 
1356.61 3.76528e-07 
1357.14 3.51306e-07 
1357.67 3.29159e-07 
1358.2 3.10505e-07 
1358.73 2.95506e-07 
1359.26 2.84179e-07 
1359.79 2.76499e-07 
1360.33 2.72401e-07 
1360.86 2.71783e-07 
1361.39 2.74641e-07 
1361.92 2.81123e-07 
1362.45 2.91458e-07 
1362.98 3.05978e-07 
1363.51 3.25259e-07 
1364.04 3.50106e-07 
1364.57 3.81483e-07 
1365.1 4.2074e-07 
1365.63 4.6976e-07 
1366.16 5.30544e-07 
1366.69 6.03843e-07 
1367.22 6.87601e-07 
1367.75 7.76057e-07 
1368.28 8.60559e-07 
1368.81 9.31891e-07 
1369.34 9.79829e-07 
1369.87 9.9399e-07 
1370.4 9.68394e-07 
1370.93 9.05e-07 
1371.46 8.12905e-07 
1371.99 7.05996e-07 
1372.52 5.9798e-07 
1373.05 4.98306e-07 
1373.58 4.12324e-07 
1374.11 3.41692e-07 
1374.64 2.85009e-07 
1375.17 2.40246e-07 
1375.7 2.05512e-07 
1376.23 1.788e-07 
1376.76 1.58221e-07 
1377.29 1.425e-07 
1377.82 1.30789e-07 
1378.35 1.22362e-07 
1378.88 1.16726e-07 
1379.42 1.13672e-07 
1379.95 1.13174e-07 
1380.48 1.15324e-07 
1381.01 1.20401e-07 
1381.54 1.28925e-07 
1382.07 1.41965e-07 
1382.6 1.61779e-07 
1383.13 1.92295e-07 
1383.66 2.40055e-07 
1384.19 3.17353e-07 
1384.72 4.50461e-07 
1385.25 7.0091e-07 
1385.78 1.22768e-06 
1386.31 2.36532e-06 
1386.84 4.07229e-06 
1387.37 4.72695e-06 
1387.9 3.0579e-06 
1388.43 1.50263e-06 
1388.96 8.2054e-07 
1389.49 5.07069e-07 
1390.02 3.43052e-07 
1390.55 2.47638e-07 
1391.08 1.87521e-07 
1391.61 1.4727e-07 
1392.14 1.19015e-07 
1392.67 9.8418e-08 
1393.2 8.29341e-08 
1393.73 7.09931e-08 
1394.26 6.15838e-08 
1394.79 5.40324e-08 
1395.32 4.78749e-08 
1395.85 4.27839e-08 
1396.38 3.85231e-08 
1396.91 3.49185e-08 
1397.44 3.18393e-08 
1397.97 2.9186e-08 
1398.5 2.68819e-08 
1399.04 2.48666e-08 
1399.57 2.30926e-08 
1400.1 2.15217e-08 
1400.63 2.0123e-08 
1401.16 1.88713e-08 
1401.69 1.77462e-08 
1402.22 1.67303e-08 
1402.75 1.58094e-08 
1403.28 1.49716e-08 
1403.81 1.42066e-08 
1404.34 1.35059e-08 
1404.87 1.28621e-08 
1405.4 1.22689e-08 
1405.93 1.17208e-08 
1406.46 1.12131e-08 
1406.99 1.07417e-08 
1407.52 1.03029e-08 
1408.05 9.89374e-09 
1408.58 9.51131e-09 
1409.11 9.15318e-09 
1409.64 8.81719e-09 
1410.17 8.50142e-09 
1410.7 8.20413e-09 
1411.23 7.92381e-09 
1411.76 7.65908e-09 
1412.29 7.4087e-09 
1412.82 7.17157e-09 
1413.35 6.9467e-09 
1413.88 6.73318e-09 
1414.41 6.53021e-09 
1414.94 6.33704e-09 
1415.47 6.15301e-09 
1416 5.9775e-09 
1416.53 5.80997e-09 
1417.06 5.64991e-09 
1417.59 5.49685e-09 
1418.12 5.35036e-09 
1418.66 5.21005e-09 
1419.19 5.07554e-09 
1419.72 4.94652e-09 
1420.25 4.82264e-09 
1420.78 4.70362e-09 
1421.31 4.58918e-09 
1421.84 4.47906e-09 
1422.37 4.37301e-09 
1422.9 4.27081e-09 
1423.43 4.17222e-09 
1423.96 4.07707e-09 
1424.49 3.98514e-09 
1425.02 3.89626e-09 
1425.55 3.81025e-09 
1426.08 3.72697e-09 
1426.61 3.64625e-09 
1427.14 3.56795e-09 
1427.67 3.49195e-09 
1428.2 3.41813e-09 
1428.73 3.34636e-09 
1429.26 3.27654e-09 
1429.79 3.2086e-09 
1430.32 3.14243e-09 
1430.85 3.07798e-09 
1431.38 3.01519e-09 
1431.91 2.954e-09 
1432.44 2.89438e-09 
1432.97 2.8363e-09 
1433.5 2.77975e-09 
1434.03 2.72469e-09 
1434.56 2.67113e-09 
1435.09 2.61905e-09 
1435.62 2.56842e-09 
1436.15 2.51922e-09 
1436.68 2.47142e-09 
1437.21 2.42499e-09 
1437.75 2.37988e-09 
1438.28 2.33604e-09 
1438.81 2.2934e-09 
1439.34 2.2519e-09 
1439.87 2.21149e-09 
1440.4 2.17208e-09 
1440.93 2.13362e-09 
1441.46 2.09602e-09 
1441.99 2.05923e-09 
1442.52 2.02317e-09 
1443.05 1.98778e-09 
1443.58 1.95298e-09 
1444.11 1.91872e-09 
1444.64 1.88492e-09 
1445.17 1.85151e-09 
1445.7 1.81842e-09 
1446.23 1.78559e-09 
1446.76 1.75294e-09 
1447.29 1.72043e-09 
1447.82 1.68801e-09 
1448.35 1.65566e-09 
1448.88 1.62338e-09 
1449.41 1.59122e-09 
1449.94 1.55927e-09 
1450.47 1.52763e-09 
1451 1.49646e-09 
1451.53 1.46593e-09 
1452.06 1.4362e-09 
1452.59 1.40741e-09 
1453.12 1.3797e-09 
1453.65 1.35312e-09 
1454.18 1.3277e-09 
1454.71 1.30343e-09 
1455.24 1.28024e-09 
1455.77 1.25805e-09 
1456.3 1.23678e-09 
1456.83 1.2163e-09 
1457.37 1.19652e-09 
1457.9 1.17735e-09 
1458.43 1.15869e-09 
1458.96 1.14046e-09 
1459.49 1.12257e-09 
1460.02 1.10496e-09 
1460.55 1.08756e-09 
1461.08 1.07028e-09 
1461.61 1.05304e-09 
1462.14 1.03577e-09 
1462.67 1.01835e-09 
1463.2 1.00066e-09 
1463.73 9.82548e-10 
1464.26 9.63843e-10 
1464.79 9.4424e-10 
1465.32 9.23288e-10 
1465.85 9.00555e-10 
1466.38 8.75548e-10 
1466.91 8.48381e-10 
1467.44 8.19227e-10 
1467.97 7.88436e-10 
1468.5 7.56857e-10 
1469.03 7.25949e-10 
1469.56 6.96948e-10 
1470.09 6.70984e-10 
1470.62 6.48593e-10 
1471.15 6.29522e-10 
1471.68 6.13391e-10 
1472.21 5.99706e-10 
1472.74 5.87773e-10 
1473.27 5.77229e-10 
1473.8 5.67768e-10 
1474.33 5.59123e-10 
1474.86 5.5107e-10 
1475.39 5.43513e-10 
1475.92 5.36371e-10 
1476.46 5.29554e-10 
1476.99 5.23012e-10 
1477.52 5.16716e-10 
1478.05 5.10638e-10 
1478.58 5.04746e-10 
1479.11 4.99025e-10 
1479.64 4.93458e-10 
1480.17 4.88026e-10 
1480.7 4.82759e-10 
1481.23 4.77678e-10 
1481.76 4.72776e-10 
1482.29 4.67984e-10 
1482.82 4.63354e-10 
1483.35 4.58852e-10 
1483.88 4.54432e-10 
1484.41 4.50084e-10 
1484.94 4.45802e-10 
1485.47 4.41584e-10 
