1.753990966701324794e+01
1.718402341619873397e+01
1.332469291479156759e+01
9.241620102718387741e+00
7.404587715183734709e+00
9.123950840961366993e+00
1.162778602630184643e+01
1.222309186290168803e+01
1.070971018193822033e+01
9.014924495333925591e+00
9.083248996750715065e+00
1.089273538934221364e+01
1.262573062621079956e+01
1.263887838253016760e+01
1.112326522192710421e+01
9.829967014499976230e+00
1.022441696969058178e+01
1.198294808586223503e+01
1.333428063246578787e+01
1.285766636518093264e+01
1.091311045262344415e+01
9.281724351063436629e+00
9.402937984515258307e+00
1.097869164104940864e+01
1.231182732728643714e+01
1.201765893852522815e+01
1.039874302799748662e+01
9.132532242400987599e+00
9.604092274093083859e+00
1.152821482493030736e+01
1.319792032041859819e+01
1.309846142383124779e+01
1.131488802820433826e+01
9.412004769423191419e+00
8.960494301353426394e+00
1.015125176435693000e+01
1.177608809941857615e+01
1.248135334286341980e+01
1.200927496773415726e+01
1.125751940461645262e+01
1.122106206783613125e+01
1.195794009056465512e+01
1.260716067455842726e+01
1.236280824600197015e+01
1.135312307586469771e+01
1.052029142420045282e+01
1.065210744588221559e+01
1.157775641368990094e+01
1.234585431801242095e+01
1.218791575790750237e+01
1.128183340026920156e+01
1.055313562837207897e+01
1.073534617634842547e+01
1.164262685899212713e+01
1.237164330126742051e+01
1.220497473407492528e+01
1.130118163177169066e+01
1.050671870001899322e+01
1.051423239212426708e+01
1.122172987000564959e+01
1.190257654692313949e+01
1.195948242436320186e+01
1.147810980728796615e+01
1.105227377472357020e+01
1.112047457648396787e+01
1.152949022770603449e+01
1.175570467375759343e+01
1.150362960221032083e+01
1.102104892099136357e+01
1.080407572152248186e+01
1.103587515958022180e+01
1.138696157751984828e+01
1.140262683359622109e+01
1.105024011037136944e+01
1.080305808427727143e+01
1.112370707784052470e+01
1.187529778555385107e+01
1.231754614196003317e+01
1.176968128750947429e+01
1.031448761809504511e+01
8.818513143987852132e+00
8.190898199128961110e+00
8.567761608876372392e+00
9.214689368675184511e+00
9.254595956952071489e+00
8.517081340558352309e+00
7.677137823411052331e+00
7.546493924789160701e+00
8.220331399377540649e+00
8.933692383123741365e+00
8.788571994897120376e+00
7.652769148143607758e+00
6.350589315048000394e+00
5.942760642668744708e+00
6.767918590884987928e+00
8.143088523614915530e+00
8.988702032778908446e+00
8.776858751914508261e+00
7.929174637224130961e+00
7.344749854412555123e+00
7.555673445926029075e+00
8.304984555401087931e+00
8.879732983125343537e+00
8.806288693627234210e+00
8.231680772399780466e+00
7.693969741229397918e+00
7.591502084083434632e+00
7.888155780517239535e+00
8.271251799086750012e+00
8.502742657964875050e+00
8.572153963143104960e+00
8.556751860997403369e+00
8.443270133841419778e+00
8.170404089767192346e+00
7.833337989113980271e+00
7.746414773253733621e+00
8.197531105438647714e+00
9.109540185950256941e+00
1.000511218951034920e+01
1.040078748680282850e+01
1.028479769771019470e+01
1.017632718526620828e+01
1.064290174426618663e+01
1.171813403891126981e+01
1.282104935975404203e+01
1.331554011310011276e+01
1.319281607471817352e+01
1.318227093844917341e+01
1.412215352686498626e+01
1.616153889930228971e+01
1.857545058075745459e+01
2.040902281425540110e+01
2.135581295543195068e+01
2.202539204346138391e+01
2.333828923120011467e+01
2.564350961680214169e+01
2.843217176959300829e+01
3.092714347981761946e+01
3.294298305475675193e+01
3.512353787995999710e+01
3.828321767957934441e+01
4.249811191245119346e+01
4.688612090543158217e+01
5.035960997440863451e+01
5.265873849309615906e+01
5.465108346360889868e+01
5.756073125541534097e+01
6.182507091838134983e+01
6.665614736172892663e+01
7.072152714958362196e+01
7.329319050490077814e+01
7.478006947281615169e+01
7.617866378007492756e+01
7.803164815471356519e+01
7.993728823274317108e+01
8.106820487845912737e+01
8.113300770139449014e+01
8.077622983192325989e+01
8.099295619728411566e+01
8.214263196645197240e+01
8.356282787055860695e+01
8.418621746709889919e+01
8.355243873703878421e+01
8.220141232571965872e+01
8.105153749712836486e+01
8.039284179731362201e+01
7.952926589624743769e+01
7.746696608366588066e+01
7.398884301965172483e+01
7.003246817891539422e+01
6.693798131023305586e+01
6.523553071023384575e+01
6.412218244058549033e+01
6.215581569396198347e+01
5.855524774384319642e+01
5.392569798515546609e+01
4.976131624859078073e+01
4.719502558104312584e+01
4.611788311039006771e+01
4.539810449652645730e+01
4.391234863708432101e+01
4.142741996397886339e+01
3.861814143156703949e+01
3.635613377732005347e+01
3.501256877121677746e+01
3.436270250606992960e+01
3.401698749513128206e+01
3.383502552248945960e+01
3.392261100017864095e+01
3.432757889580587118e+01
3.485637194403366124e+01
3.523849617520878041e+01
3.543836824023581755e+01
3.574479722284863925e+01
3.652728303785618635e+01
3.792198882122755776e+01
3.977425843361412916e+01
4.186012209617945246e+01
4.409710312026740553e+01
4.649674918975154725e+01
4.895408731587544082e+01
5.119980073689143296e+01
5.306156451058644308e+01
5.477171989919881412e+01
5.690402534340159235e+01
5.986579173752109995e+01
6.339480339830844713e+01
6.662770361474771619e+01
6.880302062487497494e+01
6.999031661464914578e+01
7.110513645362598822e+01
7.309787551365259617e+01
7.602861560495570359e+01
7.892448737889110078e+01
8.060973696286632162e+01
8.074948090521156985e+01
8.010407522512680600e+01
7.974176119003587360e+01
7.999144937381682041e+01
8.019403993521582663e+01
7.951245477295103115e+01
7.796224434746210363e+01
7.655228927075596346e+01
7.630900679462492064e+01
7.714198395101749384e+01
7.776861557798271463e+01
7.690550775189932153e+01
7.461056779736711064e+01
7.237975198802575960e+01
7.175209298047062134e+01
7.269816121866487890e+01
7.343249126750103528e+01
7.202142143052837753e+01
6.838762664167700223e+01
6.476551871028692631e+01
6.397794757403299570e+01
6.694119623822068377e+01
7.165024900224676685e+01
7.467941325898291893e+01
7.400126720879315201e+01
7.071029213182274020e+01
6.816428125456438636e+01
6.929503810706525258e+01
7.437514114679294153e+01
8.102812715868272164e+01
8.627662117608177539e+01
8.877258203634731615e+01
8.943936635047774075e+01
9.030747416437215236e+01
9.281267795920166463e+01
9.697778785008840430e+01
1.018334316784380320e+02
1.063432013147696438e+02
1.099652710285137402e+02
1.126660873797135309e+02
1.147799397919753517e+02
1.169797938975683991e+02
1.201332586026555873e+02
1.247478123185292560e+02
1.302768840457733575e+02
1.350772181475758771e+02
1.374656542016815308e+02
1.372225713990983422e+02
1.361342934889706555e+02
1.367567682978850598e+02
1.402171806862238270e+02
1.450183227666771870e+02
1.481633867923895025e+02
1.478322433515494652e+02
1.452173873851944279e+02
1.436628642425225166e+02
1.456644669993515890e+02
1.504034313292762590e+02
1.542065211176475543e+02
1.537185916906628904e+02
1.489962491690671982e+02
1.436511403934795226e+02
1.417849046983284040e+02
1.444181084918389217e+02
1.486276806095294205e+02
1.501507595950241694e+02
1.470674059445541957e+02
1.412562336835052008e+02
1.364615406070801384e+02
1.349362141313445136e+02
1.357765853887016760e+02
1.362591183174224625e+02
1.345865364690276920e+02
1.312956773646204738e+02
1.281746566566000354e+02
1.261288565390466800e+02
1.243695684936398891e+02
1.216946105646240852e+02
1.182727569805049370e+02
1.157711567552589855e+02
1.155113179511463244e+02
1.166375266545179130e+02
1.164985089204016901e+02
1.131850709671478938e+02
1.077233411737128677e+02
1.034637625680254160e+02
1.029290738581259461e+02
1.051473365857953013e+02
1.063233589837321489e+02
1.035039297415382862e+02
9.774155334428493802e+01
9.342750044681100974e+01
9.411630811797637364e+01
9.880436986706338587e+01
1.025022609029947631e+02
1.008937540677808755e+02
9.468519107438378057e+01
8.921231485656799975e+01
8.935724567609217672e+01
9.461435095578279686e+01
9.931888545988923056e+01
9.822351279822012771e+01
9.206442030866983828e+01
8.729447952175323167e+01
8.967745218686009423e+01
9.777847153221786414e+01
1.033409337870338049e+02
9.902540877168254951e+01
8.710342005504504925e+01
7.960381933886260697e+01
8.654512015349060050e+01
1.080761057217504657e+02
1.277150933819629017e+02
1.046454100773054989e+02
7.123551799656119954e+01
3.183464648468813252e+01
7.227569891403612390e-01
3.608000829452097102e-01
3.258126358366075781e-01
3.102812121575197479e-01
2.920481123096739795e-01
2.712319879680404333e-01
2.448193029322535408e-01
2.191250781032724748e-01
2.071333198351070215e-01
2.003730406017301957e-01
1.958258054327117192e-01
1.889679436509831001e-01
1.855916309502826933e-01
1.797230024382371338e-01
1.761310605138620977e-01
1.703217788047086401e-01
1.627669135674146006e-01
1.575191696279608922e-01
1.506515715756873708e-01
1.491490612305963748e-01
