3.447777846171759819e+01
1.199953074372099948e+01
9.701724558784721175e-01
7.309627641471589499e+00
1.227635543652601591e+01
1.850410101558197695e+01
1.202534773321412231e+01
2.964696079065976875e+00
6.460135750252450570e+00
1.279327999868997878e+01
1.534020229093413334e+01
1.221111495612813691e+01
7.581567127676326123e+00
9.143233875197951832e+00
1.284533530969772919e+01
1.324696046260084437e+01
1.088732001602460464e+01
9.821223963302839977e+00
1.236143147841733203e+01
1.360821611418788279e+01
1.162313532409540606e+01
8.842100057966549187e+00
8.369537922706339117e+00
1.216959684407038544e+01
1.375138273442247794e+01
1.089496223147869003e+01
8.873024093962357028e+00
8.367593017334408856e+00
1.120303275391638742e+01
1.415048685163395703e+01
1.198990276433394975e+01
1.076571726718908906e+01
1.080039751530308045e+01
1.007619696899280193e+01
1.144600805466587090e+01
1.039046834314131651e+01
9.533097763985894701e+00
1.225805470770554706e+01
1.182069487335786562e+01
1.174563261345785747e+01
1.279570780917649664e+01
1.124314955755647105e+01
1.254229123484576824e+01
1.216220185098887541e+01
9.366972701071686558e+00
1.162374577753065275e+01
1.236153809091856282e+01
1.186687404383748046e+01
1.245941333049482225e+01
9.145241911481607033e+00
1.017687345418522860e+01
1.386202911094626344e+01
1.209600082850556291e+01
1.161349719837746797e+01
1.012156403755754575e+01
9.138889747154934184e+00
1.398074959259299277e+01
1.334002866769884577e+01
1.000126278749566566e+01
1.027600087108774929e+01
9.064384414148310753e+00
1.232111709958331325e+01
1.485724404180758995e+01
1.052395492702533986e+01
1.051870772909181184e+01
1.093788125775886577e+01
1.036282938864192360e+01
1.348637730009089708e+01
1.118004672248320297e+01
9.636612406832853139e+00
1.257195995371227859e+01
1.053673411780087221e+01
1.078375757530969636e+01
1.169372915184328754e+01
9.460761517975186052e+00
1.285460495341322229e+01
1.317393134241049424e+01
1.000363808355323947e+01
1.172347348853306848e+01
9.975364133502655051e+00
9.209269323420546272e+00
1.077969018548721003e+01
6.814803223171512769e+00
7.689617803400362384e+00
1.033798743547523991e+01
8.021831991553145969e+00
9.114605967579127110e+00
7.624946503318269286e+00
6.006005601960937135e+00
1.051331972014120986e+01
9.083337016179573453e+00
6.548974112037673656e+00
7.174089860754857995e+00
4.801378515103786881e+00
7.690022485547860498e+00
1.000824553719093934e+01
6.485257343260399487e+00
8.156320147222196226e+00
8.671513981784210401e+00
7.619250316590870042e+00
9.913294953056260184e+00
6.761704085342185699e+00
6.115738038306083979e+00
1.029656741862429747e+01
8.903245749889759253e+00
8.839741692106084514e+00
7.988382456628468020e+00
4.768291361783793647e+00
8.700257294650544537e+00
1.014776095482337226e+01
8.033627081846571372e+00
9.537293148768851481e+00
7.418575470028287100e+00
7.240314549131028343e+00
9.629778673616424811e+00
6.575539450691270993e+00
7.746600920439053795e+00
1.064266325400491908e+01
9.412385826917692100e+00
1.104919476668265332e+01
9.606329936815136250e+00
7.923709757049077318e+00
1.272715783659508837e+01
1.319365616256155960e+01
1.221543363419538153e+01
1.305232240825097279e+01
1.074399884737064070e+01
1.358944327503572502e+01
1.721987501178007207e+01
1.562293277643455092e+01
1.788904980196912220e+01
1.950653339743681869e+01
2.006816868824487798e+01
2.432197691724387312e+01
2.393323657406195792e+01
2.434428090837221959e+01
2.921267574568024727e+01
3.003582875602384661e+01
3.259272861848981506e+01
3.608203706222947460e+01
3.722996380045545095e+01
4.376623959729343483e+01
4.816840201944453526e+01
4.814417897368167587e+01
5.201509206913348038e+01
5.455839002917790737e+01
5.845061069230186490e+01
6.480959140699188481e+01
6.512903423645515488e+01
6.767297643317749589e+01
7.357989112381200414e+01
7.562132096944201010e+01
7.879564465857336586e+01
7.865555098649336685e+01
7.615104098278105482e+01
8.047970061210016013e+01
8.259312004424819520e+01
8.163500652874074603e+01
8.249366495577706360e+01
8.023022839602828071e+01
8.200534492534595188e+01
8.607975557251688770e+01
8.315044666188376254e+01
8.198191837816088423e+01
8.171952223891432254e+01
7.960574659597405400e+01
8.104931978897323575e+01
7.714943295733948503e+01
7.095895622337570785e+01
7.115105246930387750e+01
6.878310460116425418e+01
6.633113587790985832e+01
6.436540566371027694e+01
5.779483364228879338e+01
5.736004627544280510e+01
5.802331966561721543e+01
5.165239525136079379e+01
4.739398195155317239e+01
4.273200970448574765e+01
4.147060263502292088e+01
4.749185298161042112e+01
4.520180893263049171e+01
3.842388602999496783e+01
3.471600542195056960e+01
3.072602817675732467e+01
3.486690116202673551e+01
3.882966992987788757e+01
3.402892594537981807e+01
3.298441019192853929e+01
3.228814835602626943e+01
3.258391667771649480e+01
3.851853970122608217e+01
3.698605463963370710e+01
3.450021619342912516e+01
3.693050984214009702e+01
3.570722810573250428e+01
3.964854043179181531e+01
4.429501685986974024e+01
4.306429074174646132e+01
4.733430859030165294e+01
4.912705465508853564e+01
4.854907706940182521e+01
5.443966441416660729e+01
5.525093824087480243e+01
5.661012168630492170e+01
6.185878872650368976e+01
6.106102148567981658e+01
6.544757302352468287e+01
7.090311608730254989e+01
6.933783653478511155e+01
7.240078768641362217e+01
7.292730657193457944e+01
7.294935492318640513e+01
8.092077819069172051e+01
8.165770115789474914e+01
8.006752085119565265e+01
8.112100867385272807e+01
7.693248104771674889e+01
7.991767284721720443e+01
8.359935694475039725e+01
7.855468711769225365e+01
7.782500703176340551e+01
7.526744634985395521e+01
7.390779566986218185e+01
8.102883334387639991e+01
7.947701607603588059e+01
7.504281497891976471e+01
7.381991911725630473e+01
6.907823623464852858e+01
7.345174107206157998e+01
7.796626379461007161e+01
7.221671581470432955e+01
6.980840857514458264e+01
6.537764430563787243e+01
6.341101063640979163e+01
7.052150097846964627e+01
6.939858096619005323e+01
6.780612786700739036e+01
7.148044110836875120e+01
7.108462733381169585e+01
7.536246736793225409e+01
7.468355055847085566e+01
6.598724859253829322e+01
6.961982495583885111e+01
7.848371656688667031e+01
8.816026534084936372e+01
9.650748314654772742e+01
8.898947708302642923e+01
8.372185829971765259e+01
9.096622558169639206e+01
9.813039141823317379e+01
1.075378881805236801e+02
1.085738329446265453e+02
1.030409129685368157e+02
1.102966535028624548e+02
1.177174176100762963e+02
1.201973785140162647e+02
1.223851504012157818e+02
1.192354425830564821e+02
1.264307643120258859e+02
1.400758501763914410e+02
1.406162477184271324e+02
1.371436634408380257e+02
1.322051359829615933e+02
1.320534869103093740e+02
1.451635560742707867e+02
1.503589078921926045e+02
1.461540131266865785e+02
1.441862009529053239e+02
1.412961296236406668e+02
1.463795970238100779e+02
1.524738422911923976e+02
1.489098497895103890e+02
1.499940604632039651e+02
1.517865767806845838e+02
1.494445761181082446e+02
1.486429943036967813e+02
1.421669033189618006e+02
1.405342965823364807e+02
1.488960407344767702e+02
1.504222079222957120e+02
1.475569005739549766e+02
1.417586441334151459e+02
1.344477625714008866e+02
1.372218516395883796e+02
1.382453135214788631e+02
1.327847206968893659e+02
1.317766912486595743e+02
1.310584747837743294e+02
1.323795269974758924e+02
1.317253551613235061e+02
1.203120042433550339e+02
1.140210623072315030e+02
1.174679121692203267e+02
1.213380077611062831e+02
1.233086113970752535e+02
1.153622522193134898e+02
1.063494842528920259e+02
1.094492319701924430e+02
1.129612292625890291e+02
1.112671350444125693e+02
1.050973873525833540e+02
9.727569447144743719e+01
1.002828574639352297e+02
1.063419012111666575e+02
1.029366057500956231e+02
9.649965121400914825e+01
9.177992159807234884e+01
9.461162640029583315e+01
1.026132289763755949e+02
1.013874306106162777e+02
9.464244280337818793e+01
9.143889135197697726e+01
9.175977342095573874e+01
9.494177449714013051e+01
9.464891962390893809e+01
9.199555710006309539e+01
9.431212036749815297e+01
9.738762623098959637e+01
9.545302553210032670e+01
8.997076391562862341e+01
9.017225460694098160e+01
9.713106582726062754e+01
9.992372118063069308e+01
9.500189058118908747e+01
8.073967929496544116e+01
8.706159554625527619e+01
1.249338131056675678e+02
1.096837170658426857e+02
9.094039995421617562e+01
5.111512840153853432e+01
9.397920671459575326e-01
3.819602568418090649e-01
3.326327419664265594e-01
3.115355694530376751e-01
2.921007855067735415e-01
2.795169565704256343e-01
2.583019378709263125e-01
2.258469893756014646e-01
2.076648882366833315e-01
1.994719019052875186e-01
1.978207295917112085e-01
1.912261501804831398e-01
1.891043264885800268e-01
1.780115038645890546e-01
1.753167627198263523e-01
1.722325113404698793e-01
1.658915265574534281e-01
1.619122990534818674e-01
1.486117433882649941e-01
1.483537087500989560e-01
