3.439112893002242544e+01
1.199780787410913874e+01
9.560515570126969509e-01
7.688610422731034788e+00
1.180963901567119656e+01
1.844323062647259448e+01
1.259505063063340735e+01
2.286592278401442080e+00
6.974569984114085130e+00
1.289145186600992155e+01
1.432976578975839921e+01
1.344299619513315314e+01
7.192598897734105101e+00
8.455760324127206573e+00
1.416853275220529795e+01
1.194191208906843826e+01
1.120775656643759177e+01
1.103845918097485601e+01
1.045154651791726330e+01
1.475177635545330723e+01
1.192456395054059293e+01
7.265476386174569257e+00
1.041862292857842220e+01
1.110729799863385558e+01
1.282399796378768642e+01
1.312015817221469938e+01
6.980198318103322919e+00
8.798818028308970085e+00
1.255285860155601796e+01
1.168076825207590907e+01
1.382325884120719550e+01
1.104068432003019140e+01
8.725499307876596333e+00
1.243934336462511503e+01
1.021200242931416113e+01
9.635346301821131831e+00
1.198454583698085685e+01
9.892174881690745991e+00
1.230504825770649369e+01
1.329580869102464113e+01
1.036518933314232349e+01
1.309108755777413258e+01
1.256900039336537134e+01
1.009784889289577237e+01
1.189684290654930621e+01
1.051927978801001728e+01
1.149893215932705459e+01
1.401322343079143451e+01
1.031998340150073545e+01
9.749626072979891589e+00
1.167259743748398826e+01
1.150189420529327400e+01
1.354925192528805766e+01
1.183949675665693135e+01
8.446329204505643062e+00
1.126787470023243110e+01
1.297043329524415256e+01
1.240096229184699084e+01
1.200052024146570240e+01
8.734875800591783701e+00
9.303683319834910037e+00
1.351060480305915412e+01
1.291978407915361515e+01
1.171865811253953282e+01
1.102105207312756896e+01
9.340597123288294057e+00
1.183350132466540749e+01
1.295298311930796409e+01
1.039746730655346951e+01
1.132815039638234822e+01
1.132779705464150410e+01
1.035264165352590204e+01
1.201497007937626016e+01
1.034686948850717769e+01
1.018996296443722649e+01
1.330347759693131593e+01
1.172508815769270463e+01
1.124660734864354339e+01
1.164396445973869021e+01
9.087165958466453475e+00
1.041698394968662633e+01
9.888485619527159542e+00
6.684277220574011302e+00
8.874622023754962896e+00
9.128975396159363598e+00
8.358548767830564330e+00
9.627847193155842476e+00
6.609329429650455445e+00
7.022288954901908298e+00
1.030645552118844144e+01
8.240276742465439952e+00
7.638530163805631545e+00
6.608773451550302269e+00
4.717911409431096104e+00
8.399130975903338125e+00
8.974200451509688037e+00
7.008342797796730750e+00
8.563578335439578026e+00
7.855449690482641856e+00
8.296744660818131223e+00
9.569476935060979628e+00
6.484679410096918950e+00
6.980943629222840840e+00
9.583966967737323372e+00
8.954547037557016864e+00
9.219207831793879038e+00
7.406215996816741587e+00
5.412908021822017801e+00
8.502710097495212338e+00
9.648983524635799114e+00
8.704754848189072192e+00
9.145310110465395326e+00
7.545397092313508303e+00
7.505078168824816487e+00
8.930492499288094521e+00
7.133536795118710749e+00
7.781559312993295840e+00
1.026401211836967420e+01
9.892572232014771316e+00
1.051865780463413103e+01
9.775584911780899944e+00
8.403053526749159730e+00
1.207288875400335471e+01
1.353447749202840988e+01
1.215974565623166015e+01
1.277393684461749501e+01
1.140904830180210716e+01
1.306739010469488349e+01
1.712537869566948956e+01
1.606144590728667509e+01
1.744251561012610452e+01
1.992881582343387592e+01
1.996413840691093000e+01
2.385204294782326784e+01
2.452915768453874890e+01
2.410791035938996174e+01
2.919428938914902361e+01
3.024504502170309195e+01
3.208566481638305845e+01
3.652143103863301832e+01
3.727830907753269685e+01
4.346210412344627372e+01
4.845262266839028342e+01
4.777368155031332009e+01
5.228816509143431546e+01
5.476598300093619542e+01
5.796729403578763851e+01
6.516829434072890592e+01
6.486701155373081917e+01
6.774188807285699454e+01
7.404798454599819024e+01
7.486685793255010424e+01
7.919009111709769400e+01
7.875644637002754678e+01
7.567384644768549151e+01
8.133298827455156754e+01
8.184146455004295717e+01
8.151411361702592728e+01
8.344049311096102883e+01
7.918082888543123943e+01
8.265433865110239253e+01
8.621524798421091873e+01
8.198245950089109613e+01
8.349691419488183897e+01
8.109194495845908079e+01
7.894653777681718054e+01
8.249383283634317365e+01
7.562908086912179328e+01
7.159785984508894785e+01
7.214610018275499215e+01
6.674735322297206608e+01
6.786897645107904964e+01
6.426624144540623718e+01
5.644486045965564358e+01
5.954147028722819357e+01
5.640887541632000080e+01
5.132919238170661203e+01
4.945906409385487734e+01
4.045901504925265613e+01
4.257816526037930771e+01
4.822594365932681626e+01
4.283676546678965025e+01
4.087443784538294977e+01
3.407502473490243489e+01
2.917662146859176531e+01
3.741710298681761770e+01
3.680505564144547037e+01
3.424067903022134374e+01
3.497935509459668424e+01
2.943857083629265858e+01
3.414307192454393203e+01
3.918096705083328146e+01
3.471410707194241496e+01
3.704022103938162758e+01
3.577669180816339178e+01
3.448229451876414231e+01
4.234108226423369103e+01
4.218312530629597035e+01
4.333401385668622652e+01
4.890660684477272468e+01
4.661290232571859349e+01
5.031408611078395410e+01
5.481000878098547702e+01
5.315855560859328222e+01
5.875178733621875438e+01
6.094371202451841185e+01
6.030601012302122399e+01
6.748582442026197725e+01
6.903255477875752888e+01
6.957328809081570853e+01
7.373981222889787546e+01
7.120790885097203216e+01
7.403289612136663322e+01
8.107453582701715789e+01
8.027117815909480214e+01
8.158827102782139207e+01
8.073093290953107726e+01
7.616855411841528678e+01
8.102166242120537731e+01
8.279398691411070388e+01
7.857224403195704099e+01
7.871065458455345265e+01
7.430965179243676744e+01
7.401367980623595599e+01
8.161929655368612657e+01
7.885990828470485781e+01
7.534823314979576026e+01
7.406660244154021200e+01
6.831233040455886396e+01
7.394818408238324992e+01
7.837480093639639733e+01
7.137554558162891283e+01
7.030414082589038571e+01
6.548773004443232537e+01
6.265581339438431741e+01
7.158631004264466924e+01
6.901998270858807416e+01
6.695100415936923355e+01
7.282269144936837790e+01
7.029187472494673727e+01
7.516626948306783618e+01
7.590335649630024761e+01
6.436224252512084831e+01
7.029135148493050167e+01
7.946941747238116704e+01
8.634364709708864893e+01
9.787606780765507608e+01
8.886224759509768489e+01
8.233093912024789063e+01
9.314649179515674859e+01
9.687681906703087975e+01
1.068313114207011125e+02
1.105887955988959135e+02
1.010709260198658654e+02
1.110524670275163288e+02
1.188799362454313524e+02
1.177157388333555872e+02
1.242709475553229908e+02
1.193387154674914541e+02
1.246103388520602806e+02
1.424266856354381616e+02
1.391510801659464676e+02
1.365423207898869293e+02
1.346063103083846499e+02
1.297265398939275656e+02
1.457805310653026822e+02
1.516405603872692325e+02
1.437798426188541896e+02
1.462059167121592793e+02
1.411923592892829333e+02
1.444113576978598701e+02
1.549069884137761903e+02
1.476823157975480285e+02
1.494253456453841409e+02
1.538376938579680200e+02
1.471751625709151767e+02
1.493804094628378323e+02
1.434986671390159927e+02
1.383355654268104047e+02
1.504714193618441413e+02
1.503067565112226021e+02
1.460477490040945554e+02
1.439502994635046491e+02
1.333014425809690238e+02
1.365429226321617762e+02
1.399751991337913353e+02
1.311612403582670083e+02
1.323953851566249966e+02
1.319761250625171556e+02
1.305094563701043455e+02
1.330066401607137436e+02
1.204684774976764317e+02
1.128436138512915647e+02
1.189017523493875217e+02
1.204568242204070430e+02
1.228932342895031695e+02
1.167963774498282135e+02
1.051649624358396977e+02
1.096177103098620620e+02
1.136316757978121785e+02
1.101528324883198593e+02
1.060223732101814988e+02
9.734933794034219545e+01
9.928327667397770995e+01
1.072839686441273557e+02
1.026359093265181599e+02
9.621687253434359377e+01
9.254515807575739927e+01
9.379831415565077180e+01
1.027105085269059970e+02
1.020261414286759560e+02
9.400414912849615234e+01
9.172038872173524737e+01
9.179825636181723780e+01
9.448680920551642259e+01
9.526042968696010860e+01
9.187734486711741511e+01
9.392609225355433011e+01
9.772327973611497498e+01
9.529611737692648887e+01
9.003309138241482401e+01
9.039790619341511047e+01
9.675823158919176592e+01
9.993923275770536918e+01
9.526190055267812795e+01
8.065676103232776484e+01
8.703054368545728892e+01
1.249089073554366962e+02
1.095709913463238081e+02
9.108857536482896933e+01
5.129291800250222622e+01
9.415743366742366227e-01
3.820669129095521366e-01
3.328365312884928318e-01
3.114912352698349096e-01
2.921835389919708592e-01
2.794755889738507748e-01
2.582862270218534428e-01
2.260653811423866122e-01
2.076131583629649835e-01
1.994943919260989129e-01
1.978564496777854009e-01
1.910689666269988207e-01
1.892817442199069278e-01
1.780319628950111366e-01
1.752129387742641931e-01
1.723361697807155035e-01
1.657755979814873049e-01
1.619916734049903217e-01
1.487480577274479798e-01
1.481714950881479753e-01
