3.467258037891371458e+01
1.163907375952202550e+01
9.749433337515523990e-01
7.878989957246470333e+00
1.160833239027440378e+01
1.879094019863650900e+01
1.230478306827505186e+01
2.065511715490855327e+00
7.517887690345345320e+00
1.253141599147593332e+01
1.445077280884862425e+01
1.358647682693458947e+01
6.596858864650739562e+00
9.120285098386389677e+00
1.411613774290104217e+01
1.142443299765393583e+01
1.182859899364970602e+01
1.051383146764811904e+01
1.057433456302406860e+01
1.538703680267926011e+01
1.097374616424764859e+01
7.681782249808009944e+00
1.068899040623647601e+01
1.045271503163002258e+01
1.364777986194512494e+01
1.264489921410161877e+01
6.549540366838828120e+00
9.767300959305602603e+00
1.190310722143108535e+01
1.175268779220458093e+01
1.423220526135438746e+01
1.023030451140115638e+01
9.394577081119338757e+00
1.255767127999513022e+01
9.551526732204271397e+00
1.016317589135899446e+01
1.174358276955193681e+01
9.850175328035794209e+00
1.274229437415202426e+01
1.282400328824987135e+01
1.037383181830468359e+01
1.330936022922931272e+01
1.254027603823444537e+01
1.010237564422051548e+01
1.177239423661276341e+01
1.057901655223292003e+01
1.139684791669832364e+01
1.428938446841632270e+01
1.032447010110542251e+01
9.190702472088361219e+00
1.225271277975508966e+01
1.137395711378970020e+01
1.325340160984522697e+01
1.254996046296038870e+01
7.576676006063683744e+00
1.146599583587398463e+01
1.379463826547078042e+01
1.127832289405919752e+01
1.265169379549426587e+01
8.819873423089081399e+00
8.375179081555959471e+00
1.485292226444704866e+01
1.228598140112678649e+01
1.110761079492343661e+01
1.222249601681625109e+01
8.351369012443100814e+00
1.216759110120860221e+01
1.359806317721890423e+01
9.103794008623545153e+00
1.215895396852319266e+01
1.153541636970194517e+01
9.586349869008756741e+00
1.279510131658077121e+01
9.865754531789528770e+00
9.987203145379545788e+00
1.404980422527064299e+01
1.124689547157900371e+01
1.114991977222058139e+01
1.186131692133931637e+01
8.960274947413342517e+00
1.051941942189414725e+01
9.970581771227196910e+00
6.529604955538022004e+00
8.633949601633622351e+00
9.599949188348166018e+00
8.332094721935217052e+00
9.156659923451323735e+00
7.155583096665875331e+00
6.608746162179046202e+00
1.027562122005231693e+01
9.038359703225903985e+00
6.625232048009026542e+00
6.868620015347484120e+00
5.319655477580360170e+00
7.467695227307279637e+00
9.805029788893515175e+00
6.822816573442327837e+00
7.723640413023880491e+00
9.062046833247169531e+00
7.783183131341962380e+00
9.222200136448618579e+00
7.263561136056555512e+00
6.127606610729237957e+00
9.953008672857064809e+00
9.488696633258193458e+00
8.346470873783022881e+00
7.765566029285666083e+00
5.580032473327706910e+00
8.156011008496115267e+00
1.005720129550674180e+01
8.551789247056335697e+00
8.788408237589720784e+00
7.901639462399847602e+00
7.673457905846563065e+00
8.570544488824131335e+00
7.250774566902999041e+00
7.867895902015506593e+00
9.936381950314540745e+00
1.042417794604059722e+01
1.039143053875837630e+01
9.178165388332457653e+00
9.103009154253287605e+00
1.184250326563697264e+01
1.333696667729224217e+01
1.273245696213748879e+01
1.202284323246377795e+01
1.163810516671096806e+01
1.362720405981462157e+01
1.643944210180545795e+01
1.636774463720531969e+01
1.743666750817208921e+01
1.962111344572638316e+01
2.049970994578816175e+01
2.363749686684124995e+01
2.427952464100852481e+01
2.426801856923251677e+01
2.928851052108599973e+01
3.025861143289820987e+01
3.194626315373561098e+01
3.666322236605452645e+01
3.697746864465588601e+01
4.369305510492114308e+01
4.886865564565584918e+01
4.691361780056608666e+01
5.278082090306886442e+01
5.493130719962287856e+01
5.726903763842355488e+01
6.623661015837210186e+01
6.412607262096055649e+01
6.731875477038040856e+01
7.535512567085112323e+01
7.373614863979318557e+01
7.955782420156637613e+01
7.928728460565523051e+01
7.434578125796399206e+01
8.259949402757696646e+01
8.168677661880680319e+01
8.062969119083062708e+01
8.453313479171943357e+01
7.836434942905641776e+01
8.288230970216108062e+01
8.683158313310137544e+01
8.100761986684571525e+01
8.404043533879458039e+01
8.098794668974687738e+01
7.891310554053785609e+01
8.283693469235177531e+01
7.495623760445324990e+01
7.217272219810708123e+01
7.180772580952097428e+01
6.682890112868273036e+01
6.849611359778599251e+01
6.290648299917933883e+01
5.754645027946089186e+01
5.955006202353958145e+01
5.530479879452988712e+01
5.312567962323519311e+01
4.785431307136654766e+01
4.051746834944641762e+01
4.443764417350715235e+01
4.575962730957726166e+01
4.431435733331547766e+01
4.118299870205644453e+01
3.195378226217577122e+01
3.199597355007544053e+01
3.593178655778041986e+01
3.588782244252948317e+01
3.670317059848137831e+01
3.253412782541766290e+01
3.059021367593158303e+01
3.505921444560755873e+01
3.671518853142001859e+01
3.691223417272382790e+01
3.643788861676700463e+01
3.489531856021199729e+01
3.618246179810947893e+01
4.061938882892129499e+01
4.292213152629584982e+01
4.388415539180932257e+01
4.780932882570368747e+01
4.767413233469504519e+01
4.933554658032199569e+01
5.532878978205967968e+01
5.357686308145932941e+01
5.761007198300364962e+01
6.236313409640232663e+01
5.896658922837640660e+01
6.787330803884000829e+01
7.040791606082848375e+01
6.705944168129819616e+01
7.578530420211814089e+01
7.080895219795758067e+01
7.233577326908472571e+01
8.432956796428248936e+01
7.746864273965809389e+01
8.179187307912825133e+01
8.330826194938030937e+01
7.247712877941145848e+01
8.374334525082419134e+01
8.277005355822043953e+01
7.554661953094102955e+01
8.283206454255919482e+01
7.192533493786027066e+01
7.337790453640674571e+01
8.464409493085777569e+01
7.514601194839734433e+01
7.750963900303169396e+01
7.490162276310567790e+01
6.529646392907126540e+01
7.698261120178899830e+01
7.684758590303390235e+01
7.087201706968794213e+01
7.254554158029635857e+01
6.289965470641458722e+01
6.400133433770426450e+01
7.180753555399412846e+01
6.778725415250633546e+01
6.876591824240787787e+01
7.108755833466243246e+01
7.098454594595612832e+01
7.577223702722299947e+01
7.442408809104102829e+01
6.635541241919329991e+01
6.852273809342098332e+01
7.970901492702326152e+01
8.809160489358509949e+01
9.514587872440758076e+01
9.117227295211164062e+01
8.167062371015963151e+01
9.132921832867202738e+01
1.004460727995542015e+02
1.038656320699110722e+02
1.110304042472312887e+02
1.033069275178329463e+02
1.072880134314110165e+02
1.221103181222207326e+02
1.172511508147679677e+02
1.215254990256855905e+02
1.233526667802174188e+02
1.217696208774025592e+02
1.426634181015861031e+02
1.417250486004273853e+02
1.325829072498538892e+02
1.373365473718608314e+02
1.298438121739151256e+02
1.433222015916600753e+02
1.549222707144854496e+02
1.413204160423606481e+02
1.463928135573372344e+02
1.433741250328646117e+02
1.414742602240369536e+02
1.569185046460697208e+02
1.472853915284787263e+02
1.480706960392082294e+02
1.563723266743390354e+02
1.449975848801987865e+02
1.499852213165101205e+02
1.444196410858501736e+02
1.364226678557828336e+02
1.526905160380347581e+02
1.490174801088769811e+02
1.455154457992102266e+02
1.458160791976528401e+02
1.311771982394351426e+02
1.380962839299849634e+02
1.398581966564758261e+02
1.294635306501428715e+02
1.348701091266123910e+02
1.302706405402015264e+02
1.307424465284727262e+02
1.343174915938938341e+02
1.180221106972561671e+02
1.150301309084579060e+02
1.184598731937944223e+02
1.190644678919630053e+02
1.251925922294408196e+02
1.145949147881669745e+02
1.060795810814614129e+02
1.108205271147457580e+02
1.110424800095350122e+02
1.124341939932452590e+02
1.051554160145775541e+02
9.641411164959104951e+01
1.017952696532701253e+02
1.046251374644614742e+02
1.035880059538566513e+02
9.744433635284083550e+01
9.006870131080084718e+01
9.626554085742836264e+01
1.016400420021276574e+02
1.007715677697021874e+02
9.676967450298839424e+01
8.944229733265399318e+01
9.233639874302848227e+01
9.576498671499433613e+01
9.281182966762021636e+01
9.398718147003295087e+01
9.371615521417376726e+01
9.610028227541121737e+01
9.731700500482484983e+01
8.876856500902211167e+01
9.038400973857841336e+01
9.807607840556494239e+01
9.830128571542674365e+01
9.588651798858555253e+01
8.115696219338803985e+01
8.624038218680659895e+01
1.255206339555872859e+02
1.093191597830122106e+02
9.081888075134509108e+01
5.164108326676657867e+01
9.443013568121222390e-01
3.838763141791736166e-01
3.312840161661469440e-01
3.120584475686005721e-01
2.930789094513102100e-01
2.778657020960216273e-01
2.595961426115782622e-01
2.257330892158858349e-01
2.068992315781812141e-01
2.009362841110957643e-01
1.966846198880735086e-01
1.913253231845411517e-01
1.899200217057871176e-01
1.768892597721998250e-01
1.762696856636226106e-01
1.720438127479161916e-01
1.652056439242342856e-01
1.628948818375100249e-01
1.480450631427201458e-01
1.484474651191072248e-01
