3.487553394258432604e+01
1.115308194148046894e+01
1.381830903753222373e+00
7.961402762879282946e+00
1.102496485094918910e+01
1.958294131147222927e+01
1.176167944639857055e+01
1.866532150326084549e+00
8.482803116531082210e+00
1.147677677899609883e+01
1.484049536220295273e+01
1.407954669194099750e+01
5.515896851046156790e+00
1.014612091898536406e+01
1.387592699946532449e+01
1.069167473279504676e+01
1.293042174210594908e+01
9.804274064125877430e+00
1.055993629475236517e+01
1.603767644318799768e+01
1.011806803259996990e+01
8.136317530478081039e+00
1.086716893113534432e+01
9.985408328609345574e+00
1.401530311061189948e+01
1.246962752900707017e+01
6.552044245641056364e+00
9.856018833254378109e+00
1.187848003883871861e+01
1.176880795571541505e+01
1.397443788120740038e+01
1.068143433489441740e+01
9.144599378110765286e+00
1.235060868742288953e+01
1.016352256770043105e+01
9.413129107656910577e+00
1.212183433268300803e+01
1.028623524124504129e+01
1.170166084776998794e+01
1.371801101649860577e+01
1.021255075887126473e+01
1.263833832873874208e+01
1.369292022219162774e+01
9.218167095721629067e+00
1.171561781765056764e+01
1.149455357360320562e+01
1.033902406911991001e+01
1.484604776903139189e+01
1.052540042065025716e+01
8.379917821282599988e+00
1.309503783068233496e+01
1.109899666084562675e+01
1.293620842402756566e+01
1.304679329353351491e+01
7.202527225483719597e+00
1.160884187889026542e+01
1.388734242827592347e+01
1.113814392553651089e+01
1.266996238895432647e+01
8.758625881889447129e+00
8.680525580889833392e+00
1.448164955943034826e+01
1.239508006026829356e+01
1.139758396291441755e+01
1.157772770841016374e+01
9.045680480401552259e+00
1.199939961050118775e+01
1.295339669869730415e+01
1.013949522999932640e+01
1.144119636454556854e+01
1.149087107094191929e+01
1.043317608516931827e+01
1.161418004753871358e+01
1.053451563481738518e+01
1.032692844595155712e+01
1.302744650587787589e+01
1.223600164807530533e+01
1.074967492411906278e+01
1.144989727580815142e+01
9.899234515229021980e+00
9.765182323913879969e+00
1.006416097946099164e+01
6.943424065469129047e+00
8.102111432559944149e+00
9.980176045506830462e+00
8.267043151316050498e+00
8.967398373505963249e+00
7.307648062803695055e+00
6.584041041109015779e+00
1.040105695996266810e+01
8.734387235538768834e+00
6.884016304876978687e+00
6.866117518423833666e+00
4.963378445899301106e+00
8.144499895034243764e+00
9.218920400126613401e+00
6.751818642427434902e+00
8.510375182464265720e+00
8.092986932791477628e+00
8.326841561580160089e+00
9.475964121483468006e+00
6.250407460188794673e+00
7.256486972025380844e+00
9.554552898825951601e+00
8.913745099358582280e+00
9.422028268754830904e+00
6.857750179774498633e+00
5.789129798228997537e+00
8.794231255889204846e+00
9.058262278996584982e+00
9.160460812064737723e+00
8.854043205502920344e+00
7.404921845978583050e+00
8.252372497883449398e+00
8.223407172395225118e+00
7.196188259735443182e+00
8.124324959410575531e+00
9.794119173401922396e+00
1.048148512614878847e+01
1.022119977111718647e+01
9.425247928599976177e+00
8.948345358438579922e+00
1.177251102573492858e+01
1.376405110605606730e+01
1.204918269803861364e+01
1.243990507898804587e+01
1.193132801389915087e+01
1.277495140530482232e+01
1.731604692336074081e+01
1.599938374408477415e+01
1.695665986343374954e+01
2.075653310228462090e+01
1.951356379584184353e+01
2.375672776321139423e+01
2.503189069330631966e+01
2.316517092235980613e+01
3.008885568264754085e+01
3.028915249703438661e+01
3.110464210574910027e+01
3.763992309651072077e+01
3.653354666392953476e+01
4.349204650865182487e+01
4.945901175832331376e+01
4.629995334192672374e+01
5.303552137142086309e+01
5.511185055877100325e+01
5.698594611487755657e+01
6.637800802728354199e+01
6.402243759840916937e+01
6.748469309494853974e+01
7.519281991056986669e+01
7.381946082989205138e+01
7.969275301926245447e+01
7.878514156286205150e+01
7.497938002679279634e+01
8.238956315363334681e+01
8.122545731443179307e+01
8.149380934411301780e+01
8.375521884160724539e+01
7.853365277031515745e+01
8.359307631652892212e+01
8.565490084246600588e+01
8.178386335482724689e+01
8.417203613808446505e+01
8.009741340181653868e+01
8.002589915301275880e+01
8.219801243055991335e+01
7.465421422346901181e+01
7.315362629997115107e+01
7.091641730940011712e+01
6.711657475424904362e+01
6.883128927666908226e+01
6.221094246456254240e+01
5.814626586435559119e+01
5.943520323691723917e+01
5.502700036022562102e+01
5.341383589000480470e+01
4.768925655252720475e+01
4.064722352388915994e+01
4.432705995070380567e+01
4.584783162074561602e+01
4.427638379820727721e+01
4.096794483400292108e+01
3.250798764123982210e+01
3.147840092960174729e+01
3.593970167130530058e+01
3.645542368851216253e+01
3.584893859978415520e+01
3.319760099236534501e+01
3.065736914075622721e+01
3.415141736606880585e+01
3.783937656254051518e+01
3.637013193136756684e+01
3.609202009964146640e+01
3.590805044570115001e+01
3.509675237111147794e+01
4.102901650321889804e+01
4.348519964607916677e+01
4.284339384296719544e+01
4.858743842765142062e+01
4.753535744979070898e+01
4.884564161298693108e+01
5.611262708707040758e+01
5.305916378761084218e+01
5.757409343925094447e+01
6.269986551226406846e+01
5.866513921516759211e+01
6.807189458195774989e+01
7.030080374619645056e+01
6.709198295544935320e+01
7.573933021093141349e+01
7.079997779954065606e+01
7.264245330268936129e+01
8.377889975836438907e+01
7.782633219301949623e+01
8.194537166197115141e+01
8.267450628603153007e+01
7.331332776607725066e+01
8.323546773131283771e+01
8.244458839545701778e+01
7.657778936696462324e+01
8.183296908960144833e+01
7.224282110796592349e+01
7.391932739343121739e+01
8.352301155273421784e+01
7.613604702733660190e+01
7.737908295490124999e+01
7.413008533234096831e+01
6.633474451153593066e+01
7.632214324384371196e+01
7.682144735538456359e+01
7.153358839824792881e+01
7.172873896815720229e+01
6.328001226481337937e+01
6.416492799274153924e+01
7.143071646182595202e+01
6.812321293049052429e+01
6.855857122811498527e+01
7.112342488537595386e+01
7.101536182562128374e+01
7.579808572669649891e+01
7.450303241028508694e+01
6.597567368263837295e+01
6.900370013701434857e+01
7.951328412575603011e+01
8.782321851177964334e+01
9.583388411591590739e+01
9.037734841908940098e+01
8.196801927836570201e+01
9.189380829337071077e+01
9.937986945286576201e+01
1.047062104981096979e+02
1.109230245624989948e+02
1.025690084422250550e+02
1.084776869128187968e+02
1.212998473337306535e+02
1.170961670925854037e+02
1.224367964204641339e+02
1.223477742454161046e+02
1.223027096731338332e+02
1.428902552780020869e+02
1.409074861400980581e+02
1.333572899641426943e+02
1.371124223914646620e+02
1.295839203308790957e+02
1.437484913602728795e+02
1.545480072190306089e+02
1.414844872120094976e+02
1.464471709981472998e+02
1.433131364730661232e+02
1.414751095915870849e+02
1.567528522455302493e+02
1.476859844695276536e+02
1.477034162931201706e+02
1.564367693560439250e+02
1.453559398475649687e+02
1.492467189073813358e+02
1.451212850723725296e+02
1.363735337105439385e+02
1.519476201212654871e+02
1.500490199910241813e+02
1.448378189266034042e+02
1.457095854940555739e+02
1.321086534428151822e+02
1.369135099516982734e+02
1.404238782809571546e+02
1.298673420139041070e+02
1.338732033906361210e+02
1.312298317459549253e+02
1.303698696515495783e+02
1.338635746132323732e+02
1.189385891928074415e+02
1.143586387583173689e+02
1.185449035482142364e+02
1.194063380445414566e+02
1.246976914083892609e+02
1.149790897206269591e+02
1.060034147134516473e+02
1.106967387525852473e+02
1.111138902806850268e+02
1.123746244150395057e+02
1.053986543231506516e+02
9.605225557069013576e+01
1.020424366576763617e+02
1.046644959155466807e+02
1.031327478833653402e+02
9.821152005903459781e+01
8.953019755294816662e+01
9.606411182198753806e+01
1.024908411128843539e+02
9.980746652967476962e+01
9.727723029185506221e+01
8.979020302398475906e+01
9.123964199833581290e+01
9.685061275708586948e+01
9.251582779762804876e+01
9.338064822820902577e+01
9.477935244724335462e+01
9.520494218505483275e+01
9.747545580049336422e+01
8.944760672112265354e+01
8.943619886469174673e+01
9.862614074746761617e+01
9.833403204630361927e+01
9.543960132577579714e+01
8.173327075122642782e+01
8.589244539612759866e+01
1.254911942703480037e+02
1.094907143292806495e+02
9.070906861812471789e+01
5.178931203346940748e+01
9.453285495254438731e-01
3.841577763577196936e-01
3.315909320007876526e-01
3.115292553452537194e-01
2.935728223615214350e-01
2.777787523418310811e-01
2.592466042348016697e-01
2.263816235906404295e-01
2.064754107615118517e-01
2.009444918501830379e-01
1.970963828882582591e-01
1.907315362700801042e-01
1.903496037435394306e-01
1.769017294310940847e-01
1.759089300029756664e-01
1.724821177676747752e-01
1.649369022473575752e-01
1.629037783595370381e-01
1.482891470326728744e-01
1.481654899195919972e-01
