3.643187570007874854e+01
9.301906944765812923e+00
6.034675811736736062e-01
1.039617554254554577e+01
9.669695183390514259e+00
2.001068248584379816e+01
1.178311731093328873e+01
3.910547248561278000e-01
1.037263662902643979e+01
1.124068393219369710e+01
1.458016649263428732e+01
1.328323669353545711e+01
5.566644921152007264e+00
1.205095278181173768e+01
1.186915208275214972e+01
1.180522588276331675e+01
1.244226957340374184e+01
8.349179611435099346e+00
1.418901728031100973e+01
1.346003317639207175e+01
9.713199220414244550e+00
9.864854003572236962e+00
8.851068172439433113e+00
1.242414249320635022e+01
1.276186072305073793e+01
1.141162548415968736e+01
8.187045919807989236e+00
8.660457218645587929e+00
1.359392556320820944e+01
1.033828685192697527e+01
1.325293208532917077e+01
1.267831789834507816e+01
7.627448670984945167e+00
1.359306794711752531e+01
9.405675788124499448e+00
8.389609979800008333e+00
1.411025472229842670e+01
9.257868284385082802e+00
1.212433165930594825e+01
1.317021930324076351e+01
9.694556256712251852e+00
1.449256164526843271e+01
1.226515696920782794e+01
9.523655889450338918e+00
1.207197554800508854e+01
1.006649038469154078e+01
1.241335941120149933e+01
1.440035953205175190e+01
8.751452446785453532e+00
1.021062922930001271e+01
1.261220617027537294e+01
1.050381779794272674e+01
1.440366981905126131e+01
1.153192294709345944e+01
7.084307191529211956e+00
1.317795488470570753e+01
1.293489624921296155e+01
1.093867064720802773e+01
1.282091968751076649e+01
9.004982718502235528e+00
8.482975761696259553e+00
1.446462740806864211e+01
1.320229651813577831e+01
9.408334539381359107e+00
1.314805969780446659e+01
9.993745212998241811e+00
8.962722503922186945e+00
1.574339059438259625e+01
9.295995817960427843e+00
9.918375350023532988e+00
1.454768021608018991e+01
7.963041434888903147e+00
1.185410486865124113e+01
1.186846915076938558e+01
9.090184428323016874e+00
1.372018050776001985e+01
1.153032614319208271e+01
1.168095068511616752e+01
1.067173106546700012e+01
9.820501673099613527e+00
1.135805402666225561e+01
7.344348938235186530e+00
8.959011380751027431e+00
8.478603906127673895e+00
7.534574352381882889e+00
1.084905233660555268e+01
7.803482522795374798e+00
6.884367185870035932e+00
7.829568167295873238e+00
9.359764434107285425e+00
8.990877808722220976e+00
6.873828560847174529e+00
7.564896430014703910e+00
3.926548314882693180e+00
8.155506167148622865e+00
1.055970443771674283e+01
5.055366367944893469e+00
9.690651002270906034e+00
7.914773110061813277e+00
7.241930669215903116e+00
1.100638695428057723e+01
5.581456254416372609e+00
7.291269060700783733e+00
9.103678258630994335e+00
9.340896374857285522e+00
1.003277493931213904e+01
5.572634401787709635e+00
7.077415492374200312e+00
7.648715451475751159e+00
9.156059438385989679e+00
1.083753999801417223e+01
6.885217971804392434e+00
8.085300946264341704e+00
8.118683744514036960e+00
8.462696259505282370e+00
7.884122024613623658e+00
6.418895513617697723e+00
1.130965206623456965e+01
9.368306638048380819e+00
1.055863213792790667e+01
1.147069564511479456e+01
5.251495310961841412e+00
1.348352792276555334e+01
1.530120152165940794e+01
9.461444034295096728e+00
1.448886705519768903e+01
1.115874774860711938e+01
1.124069648064091886e+01
1.968617688670883226e+01
1.606233919846001257e+01
1.509621978984165480e+01
2.087125968492659212e+01
2.124246548486729580e+01
2.267126206470348393e+01
2.476605440672046043e+01
2.493989849273699733e+01
2.691761872862178961e+01
3.138273193212024736e+01
3.510259789609308712e+01
3.233323542128331951e+01
3.733857574063183193e+01
4.727768662611133976e+01
4.437152587941930904e+01
4.986339623018664469e+01
5.426227634633076491e+01
4.881088556419614832e+01
6.210348519884329477e+01
6.745570577416964397e+01
6.000941264852067292e+01
6.960616687548511550e+01
7.514223585620712242e+01
7.275791759683629323e+01
8.064551980944838760e+01
8.099695748062143252e+01
7.061818115832274145e+01
8.195667227623043516e+01
8.848937592957690867e+01
7.439689713124847970e+01
8.476255284576318161e+01
8.368934824266045780e+01
7.453259657217056144e+01
9.295135404965776615e+01
8.348135579093656133e+01
7.509079779739809624e+01
8.672166133128914112e+01
8.004054191381852945e+01
7.948402039591751134e+01
7.703981858834677610e+01
7.238855863011430358e+01
6.890679455724320235e+01
6.800202083291100053e+01
7.424451955792945057e+01
5.512204758205822230e+01
5.767070558156171955e+01
6.745787785571653217e+01
4.629050789386809583e+01
5.809582889732877220e+01
5.057653653482265099e+01
3.015104363224377337e+01
5.326099130366228707e+01
4.715600765500748537e+01
3.707700177433384425e+01
4.521717769409436016e+01
3.244174175231083979e+01
2.934776524348146509e+01
3.868706053003389655e+01
3.770466689792885973e+01
2.961050208918766558e+01
3.578731609420703563e+01
3.700380478677134732e+01
2.601762355753390210e+01
4.038500240592220791e+01
3.924879773586159359e+01
2.917651947291651027e+01
4.338049307801044563e+01
3.497882482008438387e+01
3.318716141070440528e+01
4.899696922996353976e+01
4.463735208295474166e+01
4.495298999114194771e+01
4.949150445479695293e+01
4.867096079445843060e+01
5.241360554443580355e+01
5.797345081449972071e+01
5.937359123260502258e+01
5.537264592228284243e+01
6.199612852204523250e+01
7.048270627597315752e+01
6.696681554609568821e+01
7.060383788696562135e+01
7.339399585948943638e+01
6.764888204438980779e+01
7.787848721492677839e+01
8.423624037845797830e+01
7.407315063598015570e+01
8.234578686428056926e+01
8.382952410784255903e+01
7.323416603897199195e+01
8.493741083576280460e+01
8.084810361714545479e+01
7.363434499046420001e+01
8.495212505657491420e+01
7.416155116569926520e+01
7.182720128978864693e+01
8.218703107975953515e+01
7.633484411132977243e+01
7.871568492712970055e+01
7.536175441627790406e+01
6.542330161110761821e+01
7.367982760652910201e+01
7.769308098116572125e+01
7.426558236459683826e+01
7.168213208045388285e+01
6.090307069047010202e+01
6.288125660255121119e+01
7.419854904785724159e+01
6.838259665444314805e+01
6.841264478497646451e+01
7.062329188297735527e+01
6.710807260961257725e+01
8.075024170567279214e+01
7.637049591204134913e+01
6.066442270074957577e+01
7.099228686635913732e+01
7.868027406855476613e+01
8.858735316439990015e+01
9.913643995188226654e+01
8.646572903887535233e+01
8.029885667148387540e+01
9.409122213397088785e+01
1.022537736375216468e+02
1.025785294664026850e+02
1.085808374041937583e+02
1.046616648790424051e+02
1.066495367027164747e+02
1.252498471011008547e+02
1.172361029084174362e+02
1.151716083832821340e+02
1.273930854162003357e+02
1.241500778539403456e+02
1.404191009463672231e+02
1.425875223528338722e+02
1.298225398015149494e+02
1.377745781054481711e+02
1.338011089357035814e+02
1.426167087154400122e+02
1.512765300462619678e+02
1.410916300199004638e+02
1.498429161920205672e+02
1.434930584068933683e+02
1.402268717719906022e+02
1.560177251549565085e+02
1.457854837491366027e+02
1.508333703005625068e+02
1.593973974462315653e+02
1.403819534596240715e+02
1.476102222335283898e+02
1.494133512895935496e+02
1.354638947240827349e+02
1.524942336377851575e+02
1.501831294006767337e+02
1.396070519543464172e+02
1.501236551894953095e+02
1.356795227555853955e+02
1.322317526754984272e+02
1.396234404211700735e+02
1.306118468350116473e+02
1.355686514607135678e+02
1.315348473047502580e+02
1.305240425504806012e+02
1.306394172799107594e+02
1.171371979394645280e+02
1.235685363297594250e+02
1.135975217948803504e+02
1.150170187454195059e+02
1.315773215415090647e+02
1.081759068161740061e+02
1.115576858405454175e+02
1.142950795785602054e+02
9.920248833246810705e+01
1.187873245429931757e+02
1.084087135602245837e+02
9.242760844872816506e+01
1.042878696575891126e+02
1.016501045057004120e+02
1.024708242414852037e+02
1.015640184235361971e+02
9.247911581881639620e+01
8.962027226239767685e+01
1.008794440397897034e+02
1.077772474716961426e+02
9.188888996212018867e+01
9.223770893547413152e+01
9.257633154696024746e+01
8.724069567701656069e+01
1.027842816864498730e+02
9.494136752355879594e+01
8.568097029760012617e+01
1.006380413500337880e+02
9.573213407482748494e+01
8.860571488339664370e+01
9.598540768181555904e+01
9.288686824735665937e+01
9.420549202652581755e+01
1.025432901470044698e+02
8.159841485161564378e+01
8.301349646305139629e+01
1.272101313366322159e+02
1.058188520935857468e+02
9.259233574186924898e+01
5.719896126732876951e+01
1.004064253790629468e+00
3.863226802168812646e-01
3.327047696917168063e-01
3.150144049905413968e-01
2.921414286641212943e-01
2.790986610495459486e-01
2.596481973000306365e-01
2.266932465850588774e-01
2.101125237389777078e-01
1.997562027070071966e-01
1.967572850895996928e-01
1.914369181638946316e-01
1.887282578032248581e-01
1.790312367792556980e-01
1.777876383780409020e-01
1.689314756770143866e-01
1.659431594338031946e-01
1.646966935307595525e-01
1.469125643869619580e-01
1.507057749335907471e-01
