3.729576746376790197e+01
8.081085862081289761e+00
1.533670212031809310e+00
9.278056948216589106e+00
1.039592459934587154e+01
2.116319585179427776e+01
9.491264683824201853e+00
1.813396710762370301e+00
9.911177319993212720e+00
1.132087408921977278e+01
1.545613827506850235e+01
1.170442730275176224e+01
6.502430053723590397e+00
1.155142435310970939e+01
1.274881487696567461e+01
1.165272164781148057e+01
1.094107063507935429e+01
1.015335600968676566e+01
1.310171963142151164e+01
1.424631444572331418e+01
9.745952117019530903e+00
8.278107974678997394e+00
1.065071148767662557e+01
1.167121479177819054e+01
1.327800121840899017e+01
1.093550517261395072e+01
7.409391819783254007e+00
1.034096885383273268e+01
1.243944521094578270e+01
1.118418069567740325e+01
1.242094887389747448e+01
1.220403913114495964e+01
9.506151271182222473e+00
1.208301245522289413e+01
1.017682171023760063e+01
7.631550019348549263e+00
1.399352590360903648e+01
1.089439924893288669e+01
1.050945419224951571e+01
1.390732978299052824e+01
8.946292854675768069e+00
1.487297213990671274e+01
1.340322736754434985e+01
7.840342230922352940e+00
1.303568719370600881e+01
9.141955954502172688e+00
1.326533790092807230e+01
1.516734786268195379e+01
6.735140591925466325e+00
1.160248311797232645e+01
1.184020209900975651e+01
1.118173434188740778e+01
1.491519476885166995e+01
9.778044302423218426e+00
8.278304420523411977e+00
1.267033513855416871e+01
1.391604157525736341e+01
1.043498092478844796e+01
1.157640942313674515e+01
1.076595847605013567e+01
7.302474569510809310e+00
1.562099206706675147e+01
1.274068917013875435e+01
7.901605628618858290e+00
1.521191941855938090e+01
9.228431735618933374e+00
9.318281739647039430e+00
1.506383411434669917e+01
8.988201033969108522e+00
1.127701499755115577e+01
1.349810634345040228e+01
9.051652080971010150e+00
1.033127047418406974e+01
1.189893087134101890e+01
1.124141898734199607e+01
1.173475350785137294e+01
1.223748859727277605e+01
1.121094873356273069e+01
1.059000289417959806e+01
1.113052317625875709e+01
1.025646872266304221e+01
7.629515434359286807e+00
7.898603668872260286e+00
9.940517960593668434e+00
8.035800764261670892e+00
8.718791560503605709e+00
9.456701244408110441e+00
5.797225755574615391e+00
8.440450529525863388e+00
1.049537498547817194e+01
6.885876024222801206e+00
7.563145052105423538e+00
7.716569818077005039e+00
4.812339090185880686e+00
7.382919947707399899e+00
9.664933234475936885e+00
6.505499733703992149e+00
8.389032239962402215e+00
9.577534343051889110e+00
6.719513130855949257e+00
8.918842054988141754e+00
7.987577558086180751e+00
6.837200208809042223e+00
8.978932818334277144e+00
8.999587694204659982e+00
9.628128872633716639e+00
6.524969019253157754e+00
6.634658888390481124e+00
8.728005628161529472e+00
7.156310930897358702e+00
1.096298112965538962e+01
9.392667507663645665e+00
5.887873947619709725e+00
8.759615709255509586e+00
8.268580777631500567e+00
7.257937133984932565e+00
8.075709894649806486e+00
1.063356883249910290e+01
8.950334450418667487e+00
9.633518627008195168e+00
1.318662150546150080e+01
5.667319814769987474e+00
1.131614192946229913e+01
1.701501047176342851e+01
8.231091328777781158e+00
1.494564527289318612e+01
1.295569005421404896e+01
8.712465795578371086e+00
1.999123721715602287e+01
1.684356841008405326e+01
1.569538983498430795e+01
2.016107249471259877e+01
2.044062504494722177e+01
2.385545408260254518e+01
2.350824229673853694e+01
2.684401819669069411e+01
2.653861755416657076e+01
2.864279903893152124e+01
3.787289279649353801e+01
3.214536605604057939e+01
3.673081573997332328e+01
4.741777517622438154e+01
4.361056422858190729e+01
5.067628633012492401e+01
5.428696199834788416e+01
4.978700687388329271e+01
5.991186722287818611e+01
6.738817694656877677e+01
6.303148950481634216e+01
6.714843481427548966e+01
7.569914709673511766e+01
7.292678633513797593e+01
7.932251049680196786e+01
8.320557027571909714e+01
7.013074521463462929e+01
8.100162971099503295e+01
8.774124794285974360e+01
7.612031715440370760e+01
8.540088665730483797e+01
8.123755486283651805e+01
7.643363741062611894e+01
9.160940380335463828e+01
8.362228475604260325e+01
7.775577830817618974e+01
8.355514559660798568e+01
8.017611349382616481e+01
8.076343452319399319e+01
7.730935001316018429e+01
7.193985195640219388e+01
6.791736187337367880e+01
6.921415334259867791e+01
7.283039804009933960e+01
5.727058145191448091e+01
5.761232378366801754e+01
6.380008924549706251e+01
4.971501234768646071e+01
5.793551462764714444e+01
4.956882730436865359e+01
3.086379383589008896e+01
5.194873639264213239e+01
4.808653038995802120e+01
3.728111570057506441e+01
4.630745563178134461e+01
3.000801994309859211e+01
2.895872605852468951e+01
4.251068200548849063e+01
3.460299054143992237e+01
3.039488846788393062e+01
3.624006723624694359e+01
3.484103989076813690e+01
2.903295084284093264e+01
3.979588733565226022e+01
3.801770467384780972e+01
2.843841528180648126e+01
4.517292848540714800e+01
3.590051972940410963e+01
3.019399522515853462e+01
5.151710445978114450e+01
4.278682367884373150e+01
4.492670189709986062e+01
5.316939765445978594e+01
4.451420840648722788e+01
5.277838103715860285e+01
5.948345200562344104e+01
5.940254532653867159e+01
5.517713851175577133e+01
6.077543676713819565e+01
7.192534486927566206e+01
6.500127076491187950e+01
7.343594611424003915e+01
7.338806638467912080e+01
6.300355244738543092e+01
8.238140450348856803e+01
8.355444998619260843e+01
7.301638431665683981e+01
8.357628187295063071e+01
8.187072348046628179e+01
7.440995606003205864e+01
8.514005652860619477e+01
8.234155661604434329e+01
7.056204546101304231e+01
8.461001115034663655e+01
7.872579832692998991e+01
6.767022131398894658e+01
8.386813633383738420e+01
7.656145934892316518e+01
7.583841775333762314e+01
7.937629735959657751e+01
6.442473639412317254e+01
7.242081889249899973e+01
7.678054462736419339e+01
7.639876099936662968e+01
7.251620295205773914e+01
5.754774865118361049e+01
6.631620996842637794e+01
7.115344339794229711e+01
6.887880021226290239e+01
7.279430518086775237e+01
6.526489819491810351e+01
6.821756393707461541e+01
8.206758343067190253e+01
7.633238743694117545e+01
6.060149160877598717e+01
6.977661247392160249e+01
8.015126867343042250e+01
8.594645847782122416e+01
1.032207332222229326e+02
8.571091476374881779e+01
7.521333821493743699e+01
9.977839552308893190e+01
1.004032574768313424e+02
1.021393265810604873e+02
1.100118707640168481e+02
1.020876731167156635e+02
1.080739496590843203e+02
1.255268381261893609e+02
1.191265396284828597e+02
1.111053393375511149e+02
1.278658961355991153e+02
1.287227889346147265e+02
1.353165632165045054e+02
1.457827828524285110e+02
1.289352412039302749e+02
1.347853945553463575e+02
1.387325051991051339e+02
1.409617949761168916e+02
1.501781686712213855e+02
1.399958517415462040e+02
1.524630158316191739e+02
1.436677185645143027e+02
1.372664479605582812e+02
1.600144185083336481e+02
1.411360325275688865e+02
1.528346807588248737e+02
1.635484562973196603e+02
1.341189898552661361e+02
1.498314645432914176e+02
1.500315948463533573e+02
1.355781898527708336e+02
1.525033521794092906e+02
1.492505032001867278e+02
1.405302840182355624e+02
1.473132273957621123e+02
1.411143750387998352e+02
1.298388667480680851e+02
1.352729859732027364e+02
1.368585571680382031e+02
1.322731231287110347e+02
1.324694435267402071e+02
1.315622728279853391e+02
1.276322224995839605e+02
1.187972668002827135e+02
1.241453433830803448e+02
1.154277098659368193e+02
1.101312790092781881e+02
1.334796542022317851e+02
1.115624784874881783e+02
1.064487871721136258e+02
1.189789697772965127e+02
9.638477051621458713e+01
1.166834488389884683e+02
1.137489631573513122e+02
9.003579650863647998e+01
1.035143999198673157e+02
1.005461865383781799e+02
1.053154031144526925e+02
1.008214492003586145e+02
9.086264410674363035e+01
9.307794281965233552e+01
9.506136392059958951e+01
1.119127864733391533e+02
9.455110262970775636e+01
8.601484200558651594e+01
9.581599194393375285e+01
8.674120206491906515e+01
1.033184322378141928e+02
9.509470997533303205e+01
8.502251873441483099e+01
1.004900527783579207e+02
9.375346588086040356e+01
9.463092430873142291e+01
9.169683662661009294e+01
9.051418484758202965e+01
9.969730046357780395e+01
9.829202408157904358e+01
8.432313671860693205e+01
8.295898234962510287e+01
1.241201836636918188e+02
1.077631906491404266e+02
9.355147093259245139e+01
5.827371676664029110e+01
1.015275776973630251e+00
3.884857442464876853e-01
3.319083464844411191e-01
3.168491752454571930e-01
2.909292654200360539e-01
2.803604687445925836e-01
2.600497229394380105e-01
2.259030596028835658e-01
2.126601494604186404e-01
1.978288554679896449e-01
1.980053577745251037e-01
1.906367093033128068e-01
1.883249280470909448e-01
1.812963738447373463e-01
1.759503311033330797e-01
1.696248840323356100e-01
1.656792224810509362e-01
1.646660429659337621e-01
1.484044389721418944e-01
1.493861501914762746e-01
