4.012520814525538526e+01
4.872393633044142192e+00
7.867148822257830076e-01
1.092980585242456293e+01
1.180128024934362685e+01
2.020341243892614713e+01
7.138301901501939994e+00
4.036793893848494186e+00
9.195852750766873029e+00
1.272386769522949201e+01
1.517198711582073045e+01
8.627645531857421446e+00
8.896426845548944584e+00
1.247589104077483668e+01
1.279478937777933467e+01
9.125512271548119614e+00
1.146117034362278275e+01
1.226906471958329803e+01
1.177294756185762559e+01
1.550444352071195375e+01
7.160113421817867696e+00
8.812915872618031443e+00
1.309915322078921740e+01
1.067260047791888766e+01
1.249665868373610245e+01
9.324610880538882540e+00
1.039581319958990591e+01
9.948533738635946477e+00
1.153442218024242472e+01
1.132803679442000622e+01
1.076772654806783613e+01
1.531153417092970237e+01
8.772267336622764589e+00
1.108601053291051208e+01
9.387878380097010478e+00
8.380165543806816331e+00
1.626740783705299265e+01
8.261753072900512862e+00
1.115512076253338947e+01
1.304167876890060640e+01
1.010041875597029915e+01
1.616908604546177486e+01
1.103787262221281296e+01
8.395861839992239339e+00
1.236786709672424145e+01
1.159723789705576991e+01
1.217082100226651420e+01
1.359461501458371657e+01
8.009983341195329842e+00
1.097784253325348836e+01
1.389629093425562445e+01
9.145858361575864848e+00
1.486312521409088916e+01
1.008609752150943351e+01
8.589618800023373524e+00
1.417352135537699453e+01
1.092608120338871736e+01
1.172132199818610765e+01
1.167994291435279131e+01
1.145989673373731677e+01
7.006789431422293823e+00
1.406412942900604257e+01
1.450789922412643307e+01
6.647247781211265583e+00
1.710779982862131021e+01
7.891321279280116840e+00
8.217497236207652378e+00
1.684786509507743091e+01
8.521502942912780654e+00
1.196766224902331288e+01
1.143920313946395595e+01
1.076408876323149499e+01
9.938982199476255275e+00
1.145703529103253082e+01
1.291423810270121741e+01
9.157676350322827119e+00
1.352655491082692762e+01
1.150674304627661471e+01
1.095699962890915380e+01
9.866190820635130976e+00
1.025691128322393553e+01
9.496906325301821994e+00
5.372976947594633401e+00
1.205126287938058383e+01
7.464557002364442084e+00
7.411207329331464422e+00
1.069731645149894739e+01
6.127656234855448858e+00
8.251088840222049470e+00
8.700600470346877557e+00
9.507726342245751638e+00
6.196758749696661184e+00
7.032050732796346182e+00
7.154994557034633829e+00
5.272945658093184385e+00
9.553397307539777117e+00
7.585371875056882374e+00
9.274781168630578776e+00
7.233302207363662362e+00
7.446953703599662688e+00
1.059455948999554842e+01
5.432633336439810279e+00
8.747023101225215314e+00
9.138499929231853613e+00
7.033595532980017495e+00
1.017817908676387795e+01
8.748533165343324924e+00
5.329269013582923264e+00
6.522610047497829022e+00
1.009265045934150606e+01
1.013625929996627839e+01
8.620397391526632092e+00
7.391964149005426421e+00
7.593521393340940229e+00
7.063110503166114995e+00
9.462688158214016099e+00
9.301757199047848701e+00
6.697009021261025374e+00
1.009660625068171136e+01
1.188503551998657670e+01
1.166772993075386999e+01
5.578613468397098707e+00
1.161764310853224025e+01
1.619050240079732106e+01
8.247680247032063150e+00
1.799065346904646390e+01
1.025739941367912778e+01
6.479747091953017346e+00
2.363758754980850085e+01
1.707379574376483333e+01
1.413093297083130295e+01
1.934309579624155617e+01
2.169893653335998351e+01
2.328502981892623325e+01
2.475496839806938709e+01
2.739880263648461778e+01
2.236643229414082512e+01
3.101990971572226741e+01
4.028130656810584043e+01
3.086123507632174068e+01
3.431013578568829558e+01
4.802505164625080170e+01
4.612017646206357568e+01
4.921332156691921966e+01
5.534785308653015790e+01
4.740615813747022145e+01
5.951990532314602689e+01
7.113667062281658104e+01
6.226295287395314659e+01
6.519106580635731518e+01
7.366991139181698145e+01
7.701370365622251768e+01
7.985403844347693791e+01
8.060408888095138025e+01
7.034450259148506746e+01
7.965622263622888966e+01
9.120186444345506516e+01
7.596025401301574220e+01
8.355535333330028891e+01
7.959171955755593331e+01
7.739803834085738288e+01
9.648437526525441399e+01
7.952730791086234774e+01
7.615185666482960869e+01
8.436227967097345015e+01
8.233180524598290617e+01
8.205458537647994888e+01
7.346435971691704481e+01
7.267101532713076040e+01
6.694755696293792369e+01
7.325673455039228088e+01
7.304333891202843176e+01
5.143053856307175664e+01
5.956122795524498059e+01
6.601695582423712949e+01
5.220710284009377489e+01
5.305850266621389011e+01
4.886594401636826035e+01
3.371007774953904601e+01
5.124935769136764208e+01
5.165330156077353507e+01
3.181095208589535517e+01
4.530817303527632589e+01
3.390387340452214460e+01
3.126281917052839887e+01
4.001319479254340195e+01
2.882772478049248832e+01
3.695751626990935534e+01
3.591673808359719544e+01
3.474731395848787230e+01
2.831406280325597180e+01
3.552662990358643214e+01
4.264115723955872994e+01
2.997933731365860410e+01
4.560691955828163913e+01
2.837850388363088427e+01
3.309004113216167298e+01
5.826289831868218982e+01
3.753010580458551715e+01
4.559855416112524296e+01
4.982604523777823147e+01
4.773619623859674022e+01
5.497237322047966757e+01
5.883173444511028549e+01
5.652848099294657658e+01
5.065597061711753213e+01
7.163581473327835170e+01
6.903762095949474542e+01
6.067576602606088443e+01
7.350484778340445757e+01
7.442962145319955880e+01
6.801203487783766377e+01
7.775535896728023033e+01
8.466276087256810001e+01
6.796227371282203933e+01
8.882562994739082285e+01
8.735142671799870584e+01
6.525841992613355558e+01
8.591103496137984052e+01
8.256858409710204683e+01
7.740047823509040370e+01
8.034921705454165419e+01
7.533279711606896001e+01
7.026369312410398038e+01
8.146461281556079825e+01
8.528654152363685625e+01
6.916019411706028563e+01
7.628120118843509090e+01
6.649353767438300622e+01
7.651984383927727151e+01
7.927832782871708162e+01
6.539708352097012778e+01
7.834381212946972539e+01
5.766297358517309846e+01
6.870743688842667041e+01
7.124116034310642931e+01
6.162381307150808141e+01
7.727636403986673486e+01
6.540452967513051874e+01
7.471820513138396791e+01
7.292378278345880460e+01
7.351467928798462026e+01
7.009656109558817150e+01
6.694639642743513264e+01
8.151997844541307359e+01
7.923398655223979858e+01
1.069252590468775992e+02
8.727733869159234814e+01
7.645866509327399285e+01
1.006239288941145134e+02
8.900827477321047354e+01
1.121778632470311834e+02
1.127598011238488738e+02
9.829060578890008060e+01
1.042638001190003223e+02
1.258741487935216128e+02
1.262712439871609007e+02
1.058425304952476864e+02
1.318616235296367165e+02
1.219902410420062324e+02
1.348548300580447972e+02
1.564908974854595840e+02
1.238810599424994905e+02
1.303948534537995272e+02
1.368050356014862530e+02
1.506006091322661291e+02
1.472626361059888893e+02
1.357980480377839854e+02
1.558830504792841793e+02
1.376588422768180067e+02
1.453063493037076057e+02
1.611957897906351604e+02
1.343905534574697924e+02
1.500265171421051207e+02
1.703320477381259934e+02
1.392440673324444447e+02
1.388560282216249675e+02
1.531646454656743686e+02
1.366212505175155343e+02
1.520346871990180659e+02
1.541781337782879291e+02
1.355004120375535592e+02
1.437238295828511809e+02
1.436941613805542772e+02
1.385745905662341784e+02
1.283271310368413651e+02
1.304575275807407877e+02
1.403814002951435498e+02
1.316743455091603892e+02
1.320803498629694843e+02
1.264696225921901203e+02
1.155452430231884904e+02
1.250416784080330075e+02
1.208080911077045698e+02
1.111519709113442644e+02
1.229136446758961512e+02
1.154214393340641891e+02
1.132742416679077024e+02
1.152849817939986679e+02
9.486831965619974483e+01
1.150489551063217135e+02
1.155274534446651273e+02
9.191233901300793718e+01
1.053975781042868789e+02
9.597359501360013212e+01
1.008307010772280279e+02
1.102184030040335188e+02
9.094114034121851375e+01
8.762087443857835467e+01
9.415934985879091812e+01
1.140749181905435279e+02
9.817391119693186852e+01
8.305942946159778728e+01
9.601055887881400963e+01
8.308307901628231207e+01
1.056944296197501103e+02
1.016419178135380861e+02
7.862193104873227867e+01
9.830624344470545850e+01
9.468141189430859583e+01
1.007170569326278979e+02
8.936583890814141284e+01
8.533453220934750050e+01
1.038683720620659585e+02
9.549791690110275511e+01
8.962247013679129282e+01
8.141673975921798956e+01
1.194835749634751636e+02
1.087983854089090414e+02
9.631679788553148569e+01
6.335537820580027812e+01
1.066542937080404485e+00
3.961900227569511990e-01
3.334441432862685351e-01
3.152982741344102502e-01
2.916783069784236182e-01
2.836148480477258538e-01
2.623441060972908079e-01
2.228690591106714247e-01
2.165006473209198090e-01
1.984112813046893520e-01
1.977337817661594110e-01
1.907943166462999496e-01
1.868675505011068716e-01
1.826326279851652468e-01
1.773186675928932754e-01
1.704947137778693722e-01
1.631471276016194238e-01
1.640045627802205197e-01
1.529730054492233204e-01
1.485154399567545913e-01
