4.389892613336715499e+01
-1.192560248358575992e+00
1.604289693274229656e+00
1.484381686538840128e+01
1.156401441278914710e+01
1.681235205992416937e+01
6.195009699206555531e+00
9.639862263976651136e+00
5.196365509699743868e+00
1.418957588544527937e+01
1.417667310012978277e+01
7.958729356665955379e+00
1.053851041511919284e+01
1.301720214411476206e+01
1.293883912947370263e+01
3.445785764520539640e+00
1.803458214690937567e+01
1.200373042875158802e+01
9.149739763341768750e+00
1.460792369903503030e+01
8.753883225568486637e+00
1.123820022533825558e+01
8.929217259084342828e+00
1.403927357478454852e+01
8.912395356029362503e+00
1.144926309027309586e+01
1.201862179778492212e+01
8.396133392118834138e+00
1.008283882935533882e+01
1.061492945024266277e+01
1.673472187851430704e+01
1.025207306941753949e+01
8.925992625561296023e+00
1.144398348879620997e+01
1.079893392467475266e+01
8.587374114292625649e+00
1.407497707383172525e+01
9.993226444277929943e+00
8.567039614098279188e+00
1.728649477634218812e+01
8.401848643361853775e+00
1.421717053881887871e+01
1.160893749393170715e+01
9.995448155983190475e+00
1.367953743673074030e+01
7.358379313053465154e+00
1.431803525710271785e+01
1.355427185170742099e+01
9.080029507827170221e+00
1.034709319336306699e+01
1.218899372197755682e+01
1.043259943478912533e+01
1.500587598936859557e+01
1.173547694152466647e+01
5.637044605248091145e+00
1.426104429045897604e+01
1.284269032981942438e+01
1.164268740902272725e+01
1.133002197322348792e+01
9.427326217949584475e+00
8.909460458837036967e+00
1.457084363701719099e+01
1.431142190496554711e+01
5.570885886824512134e+00
1.622854561627172032e+01
1.063576373450552559e+01
7.220613341395049289e+00
1.651319755593852889e+01
7.456186676766783705e+00
1.289427304914575956e+01
1.284200106652112616e+01
9.260376497577340160e+00
1.014922111485673462e+01
9.934548123878295556e+00
1.579060276307773414e+01
8.607537379247355958e+00
1.188695407786574343e+01
1.176814362707425055e+01
1.149278733377883377e+01
1.158215702359514943e+01
7.471309379798857897e+00
1.075690800125900282e+01
4.605364153242653913e+00
1.317866041569472202e+01
7.975203862476964112e+00
5.491257596001315022e+00
1.118382494213412670e+01
6.242003037852891012e+00
1.065199952070469713e+01
5.426240951333556772e+00
9.834059067500581008e+00
7.676442995081318443e+00
6.877232264381204274e+00
6.894266354336588520e+00
4.166870620356670329e+00
1.082952556627292751e+01
6.686093364961691599e+00
1.107878786469312615e+01
5.842595484220042934e+00
6.038518770126025004e+00
1.256799860583666906e+01
6.323488108810559005e+00
7.188430252973841306e+00
7.685732068056886135e+00
9.602799863024387150e+00
9.977109746090151887e+00
7.555013793807869860e+00
5.833465522903393818e+00
6.319363581578333999e+00
9.836669376680220012e+00
1.166738671227865431e+01
7.963289594054150378e+00
5.363442783837998995e+00
8.774578583226233519e+00
9.819806948015282089e+00
6.768806670113361790e+00
7.550499926017182339e+00
9.985688812911964973e+00
9.554435288320204833e+00
1.099802201645301736e+01
1.131250311299080202e+01
6.930936210542613551e+00
9.688549743801749159e+00
1.809453168708274973e+01
9.347853081196264569e+00
1.350711560353603957e+01
1.265661820617862965e+01
8.521939469775919207e+00
2.319645599571271433e+01
1.224597631464224357e+01
1.842383664336436766e+01
2.070446777468472987e+01
1.783852627518315614e+01
2.547947175221794680e+01
2.394445455867327510e+01
2.790744788096991513e+01
2.102421225798262583e+01
3.527004765235152917e+01
3.546457666300786116e+01
2.969557957777010415e+01
4.075021453185134845e+01
4.524668147909447669e+01
4.337458797338886995e+01
4.896913082523696659e+01
6.184177178046088841e+01
4.171499876349198388e+01
5.962606023574066683e+01
7.412888176711818744e+01
5.912000489494754163e+01
6.682764137086543599e+01
7.452849859491507800e+01
7.751574931108041255e+01
7.322669493145463093e+01
8.798703726386250423e+01
7.180425127781305150e+01
7.254488368889452943e+01
9.273233970614623445e+01
7.979626968478197568e+01
8.401437785704148098e+01
7.312633526455611843e+01
8.331581132904531728e+01
9.464323469276733647e+01
7.752798917808877377e+01
8.041872187586812970e+01
8.284309122374693857e+01
7.886019496961195330e+01
8.253762966420859470e+01
8.192742622480373882e+01
6.467135995951389305e+01
6.421575019490040859e+01
8.010186542798761877e+01
7.298878293532268913e+01
4.755698532195088291e+01
5.909735000749564193e+01
7.098012210726487581e+01
4.660735612490040580e+01
5.641883688225171767e+01
5.113659299434787187e+01
2.758446219561316681e+01
5.213685434218276527e+01
5.718246536169336025e+01
3.190087176180167461e+01
3.544525362630778176e+01
4.069797731607202707e+01
3.526623820472009641e+01
3.423234726423909535e+01
2.867387009279768506e+01
3.902148696939783434e+01
3.660125051663991513e+01
3.101029667425378378e+01
3.485048311648511543e+01
3.062492486380577361e+01
3.910189494819231015e+01
3.754799424079368464e+01
4.575613713355130585e+01
2.295583810891750076e+01
3.013418041111323831e+01
6.931440268624137957e+01
3.192966699123306995e+01
4.244716822298158831e+01
5.343792576230121938e+01
4.694468806100297797e+01
5.530789411804932598e+01
5.793287898579368544e+01
6.080588151734921354e+01
4.108526208796273949e+01
7.838223955455883640e+01
7.301224411150015214e+01
5.422255110146516444e+01
7.158789840108551061e+01
7.784490132699369269e+01
7.450509059893252584e+01
6.616622358304674378e+01
9.075702096267106356e+01
6.714794870998373710e+01
8.850880711627125663e+01
8.862319953077359003e+01
6.437689920006404520e+01
8.623068259217471621e+01
7.638672795928344783e+01
9.054110594491500308e+01
7.192755774626409959e+01
7.329081664478107427e+01
7.222687878730849320e+01
8.584403017322061658e+01
8.386924923846524393e+01
6.137563556204001003e+01
8.685025561864560473e+01
5.839878932456950622e+01
8.278175597408207409e+01
7.610398151793029342e+01
6.546193554691549821e+01
7.675512952224464414e+01
5.905563956748259358e+01
7.617068952004868265e+01
5.689048122431351118e+01
7.056185795223555601e+01
7.540273211404019094e+01
6.941395367372335556e+01
6.816684273977092801e+01
7.404536193068268801e+01
7.881195415532322102e+01
6.239569916886500778e+01
7.672901493116147265e+01
7.147860488053841266e+01
8.467175621220076209e+01
1.041048795013408750e+02
9.279468895344922430e+01
7.301338535249655592e+01
9.417771600681463440e+01
1.006593540714902844e+02
1.043105332960477796e+02
1.184878122467375334e+02
9.016856541507173972e+01
1.113602427077096451e+02
1.234035818114392384e+02
1.258258744337366863e+02
1.097982378388402793e+02
1.223882143489411476e+02
1.321815032258319889e+02
1.290840318002152856e+02
1.616580295100577587e+02
1.160123105282401497e+02
1.349058661824902288e+02
1.400988298406554691e+02
1.442178111612756766e+02
1.531844958273327961e+02
1.282375415525519031e+02
1.642443853289136939e+02
1.320696798616531851e+02
1.492104706945140435e+02
1.575880333153480990e+02
1.335014409154164809e+02
1.571099794238706409e+02
1.628163856043803435e+02
1.440098887356602688e+02
1.333479833128403413e+02
1.600322780323805887e+02
1.326189445048541700e+02
1.522558434493184905e+02
1.557849157273888920e+02
1.312406124619970740e+02
1.506645049088659505e+02
1.380951230552463755e+02
1.415725009382091741e+02
1.244052186526240007e+02
1.351548719108206740e+02
1.397223335349800095e+02
1.276756775770873560e+02
1.366013587773744007e+02
1.229111425215943001e+02
1.193296990962499677e+02
1.215375786528208550e+02
1.233760102582497780e+02
1.089022601052752037e+02
1.234700269238917798e+02
1.187245434533315205e+02
1.083489470839535471e+02
1.177747988918048634e+02
9.406578193338843619e+01
1.174093423477938813e+02
1.122722059811902682e+02
9.296073340529562756e+01
1.071460665798214364e+02
9.303517092620363371e+01
1.034694280960747363e+02
1.088659815077935065e+02
9.137613732691445989e+01
8.632957288794395367e+01
9.635819761891195867e+01
1.136180863293744494e+02
9.572805518545332859e+01
8.594949944074292603e+01
9.503787531239484565e+01
8.281117337876543161e+01
1.053379336203279877e+02
1.030485449506894042e+02
7.753843171950049395e+01
9.748287828315578452e+01
9.702310147488454106e+01
9.913370012385085772e+01
8.915391253962179974e+01
8.580333381441938911e+01
1.044527191101786769e+02
9.461708438764773632e+01
8.968450157131950107e+01
8.233728295315857793e+01
1.180466833744808639e+02
1.096380594557047630e+02
9.687700038605274244e+01
6.264448543604985531e+01
1.058747240490800268e+00
3.958816786671366383e-01
3.339457591657301050e-01
3.149134867357699097e-01
2.923706226796328744e-01
2.825531324982680226e-01
2.622261826774881510e-01
2.240662120029654758e-01
2.162825884136450327e-01
1.972717412570439144e-01
1.979746555989692069e-01
1.918262165620612525e-01
1.861149172141334518e-01
1.826201430221698341e-01
1.776090603626624409e-01
1.700130038485881401e-01
1.632896228748894618e-01
1.647880089708405882e-01
1.523540255628778317e-01
1.476589494579024775e-01
