4.770085249739278765e+01
-5.052480405381048811e+00
-1.343103418234363744e-01
1.567086502984743390e+01
1.860515138295636817e+01
1.085822201892759864e+01
2.237357668443070047e+00
1.423948981432174854e+01
9.153182968590806823e+00
1.056782749827276824e+01
8.843985529468422868e+00
1.443448176110551628e+01
1.007899446572618452e+01
1.321553566161411020e+01
9.251026584906432149e+00
5.871420888071898325e+00
1.743343690051649020e+01
1.407157224490433123e+01
9.193810746859032434e+00
9.537128811365935377e+00
1.170353959068166283e+01
1.355161092656595123e+01
1.082877619877375963e+01
4.946140311302021253e+00
1.368276531062213230e+01
1.478641384998057084e+01
1.179731513681283239e+01
2.293286190472291430e+00
1.188402104725626707e+01
1.576032524613886210e+01
1.345614901634730387e+01
1.030573961810108763e+01
5.882684146696231409e+00
1.634303996416582550e+01
8.399200562789838287e+00
1.147141335857637401e+01
9.083266633993318351e+00
1.115131784195853015e+01
1.151991996013756037e+01
1.801498750033761809e+01
5.098086805340765082e+00
1.087505765998674256e+01
1.943517701535409969e+01
7.894878305483758574e+00
1.230062507203689393e+01
2.806727580076588957e+00
2.161970847006651653e+01
1.229960078292299031e+01
7.384523655262709596e+00
8.359536454281705886e+00
1.413414267553739023e+01
1.295042483630070862e+01
1.230484528528636901e+01
1.248238885476038185e+01
2.384174833419772987e+00
1.928341879293780181e+01
1.141016607978476394e+01
1.201981542380665680e+01
6.746524319603556030e+00
1.345181330132519193e+01
1.109048494684478037e+01
1.217831399793379887e+01
1.146524224280550008e+01
6.877460746211037090e+00
2.131266068802473512e+01
6.434716548745614162e+00
6.177679235173871852e+00
1.611929024221061013e+01
1.224203473048607904e+01
9.905400931564052769e+00
1.225847144050136173e+01
8.550485855339829300e+00
1.211361910023855692e+01
1.029546707605749667e+01
1.502703657173224983e+01
7.505693150294717064e+00
1.107663337920832802e+01
1.546035762956792325e+01
1.062555225083438870e+01
9.405135762236946917e+00
5.647637731334228306e+00
1.620373012006172075e+01
3.567177940865573937e+00
1.021260372314739762e+01
6.866607431952746587e+00
1.030916027607644736e+01
1.012311146640999837e+01
3.637968057283839762e+00
1.104143799565780348e+01
7.104286293052691548e+00
9.909120172062443999e+00
6.270856507860054663e+00
8.253062198673349670e+00
4.406020491402371064e+00
6.628139909962557752e+00
1.084394540484071001e+01
7.141251819157435676e+00
6.529805815552968795e+00
9.993677655324660236e+00
7.568255236836905375e+00
9.983349838355879413e+00
3.885653183572546521e+00
1.031724194864655608e+01
1.040303863693836384e+01
4.230607787948601484e+00
1.185390135532720102e+01
7.679768342093147737e+00
8.167526109107772214e+00
1.949049922337067864e+00
1.350533008356048903e+01
9.736745480319621393e+00
7.918425473058263719e+00
6.328895330446314027e+00
9.454759176720965996e+00
8.280786665432154692e+00
4.482311292499866262e+00
1.376762765914616438e+01
6.107903853826067930e+00
9.174281352319654914e+00
9.590332491102167012e+00
1.732411840175576856e+01
2.063328245054467658e+00
9.106681770536988907e+00
2.043140459784066820e+01
9.641144893891354428e+00
1.219113058770804336e+01
1.120136976384280914e+01
1.314536007341465407e+01
1.822118542995436741e+01
1.489229509839180388e+01
1.774317881318134482e+01
2.260868395664432029e+01
1.344783816183424463e+01
2.861979782352267065e+01
2.556414174119583649e+01
2.430039418749322166e+01
2.176479223483332248e+01
3.629192315263444613e+01
3.770390910925348749e+01
2.387352196127843840e+01
4.510480128069107764e+01
4.499322284736052779e+01
4.275401946203966475e+01
4.691005236519758625e+01
6.495252062437768359e+01
4.189146835543934344e+01
5.568704296714623325e+01
7.754473633917972109e+01
5.887922930441273905e+01
6.679050027856611393e+01
7.137417567192777312e+01
8.201652720660172236e+01
7.175658052598025449e+01
8.611411495326993304e+01
7.336370408053389269e+01
7.318455092893465519e+01
9.219176274111357827e+01
7.731016760675532851e+01
8.877652320788830309e+01
7.006947906033390439e+01
8.278643964269059552e+01
9.538569988964640345e+01
8.001474100310234405e+01
7.762765826057081142e+01
8.079736125082175136e+01
8.410872000426761019e+01
8.011377754675041274e+01
8.139290767950272709e+01
6.273665883078395211e+01
6.955745067494630973e+01
7.631613060540951210e+01
7.279872838190586037e+01
4.900967038495723926e+01
5.872701408643092691e+01
7.095895277066679796e+01
4.514347359556536077e+01
6.077846956319073257e+01
4.497442198529935098e+01
3.155879634609164341e+01
5.161055152984715022e+01
5.900518235535400891e+01
2.626380813384319524e+01
3.890239139258057577e+01
4.419261408433786187e+01
3.033685679937370949e+01
3.458731695018820318e+01
2.854642768264720942e+01
4.498184364675178415e+01
2.820492286867313680e+01
3.564667920705584692e+01
3.310543293213437721e+01
3.323979687673169536e+01
3.565697483645632815e+01
3.998617325584292104e+01
4.573881741890016173e+01
1.913557429404067278e+01
3.603562609800749783e+01
6.617251953164553413e+01
3.304162095887775763e+01
3.651195785943149730e+01
6.387772001735095984e+01
4.147576655013401847e+01
5.373517486420593059e+01
5.723631315085812332e+01
6.678065890277025574e+01
3.876136453760526024e+01
7.289533542504271679e+01
7.924990726538622710e+01
5.177661414089964609e+01
7.404911629336459100e+01
7.251077398397427487e+01
8.122721315430469247e+01
5.953379824264829523e+01
9.524336142665342209e+01
6.699209803631561044e+01
8.788174104294586186e+01
8.487298532583686494e+01
6.781721377952123930e+01
9.135233767410200301e+01
6.737700830580551781e+01
9.262437862436763680e+01
7.370944623406305141e+01
7.876240484002457265e+01
6.149077023709597967e+01
9.087107461988570378e+01
8.479488814087113724e+01
6.265852792634662194e+01
8.240682468846011943e+01
6.106924553283440105e+01
8.317789941882111293e+01
7.336950850579111716e+01
7.012329694385758216e+01
7.369370513334710893e+01
5.872058240965220932e+01
7.338131751064732100e+01
6.674021020683376548e+01
6.271591554852487604e+01
7.425138777376666610e+01
7.037920061294933305e+01
7.589090741999669376e+01
6.643465946101676423e+01
7.659539316429629707e+01
6.782763471073570827e+01
7.693030943065606664e+01
6.992997009009107501e+01
8.095931754549678772e+01
1.109401646694480803e+02
8.631204933495921239e+01
7.908102469126362166e+01
8.985811584844934430e+01
1.033880267129476920e+02
9.830221520120903733e+01
1.270989667377160117e+02
8.819092070536026995e+01
1.057165578893174569e+02
1.254273428048137333e+02
1.296226319348777736e+02
1.123720941111961764e+02
1.101056487585362618e+02
1.421550512850681685e+02
1.262423419629964485e+02
1.664630696650244204e+02
1.056666022182831881e+02
1.435061902966803586e+02
1.365916150930601702e+02
1.456865012605816219e+02
1.535100453227236699e+02
1.255917011789724995e+02
1.666519100434107372e+02
1.281818193616041128e+02
1.598385186099034172e+02
1.442435389661125953e+02
1.403609593575765757e+02
1.534477092940606724e+02
1.731306110566991947e+02
1.314534243542837260e+02
1.362124300508837678e+02
1.641872359659994913e+02
1.321998594533727385e+02
1.510849246867166187e+02
1.495992335477084794e+02
1.428064802065974845e+02
1.407923461742651625e+02
1.468622642597260324e+02
1.315721327994420733e+02
1.332224890613404114e+02
1.278341560419349179e+02
1.474370475006818424e+02
1.236255026304855136e+02
1.331114397032275747e+02
1.276739438492200662e+02
1.184675187634337306e+02
1.260819071694535438e+02
1.096750528796390256e+02
1.223037952636123578e+02
1.178289835787578284e+02
1.244101463684279025e+02
9.662155725416555185e+01
1.274316200708204860e+02
9.275941221768577805e+01
1.160740708854248595e+02
1.120680802003631698e+02
9.079627707325896324e+01
1.131974106371495452e+02
8.578667775932669315e+01
1.123613125092366403e+02
9.829059797455205683e+01
9.890766678981620430e+01
8.207060157765648967e+01
1.038291224418070584e+02
1.040949153412239525e+02
9.773802848437370017e+01
9.095084971682030073e+01
9.381316997597332374e+01
8.006591786350517737e+01
1.013454143707759414e+02
1.141939601420977652e+02
6.967134094132883604e+01
1.002222604838015627e+02
9.197962137567715502e+01
1.076413889950660092e+02
8.235399546215435862e+01
8.965744011332678554e+01
1.023321323323536092e+02
9.450862403298656034e+01
9.008225205624128762e+01
8.416613871280159742e+01
1.185678110069133169e+02
1.019871724563756885e+02
1.050741862466429808e+02
6.149971214771774441e+01
1.039852625097686722e+00
3.971131039990961620e-01
3.333625589422822277e-01
3.268269779034080891e-01
2.778047831042557703e-01
2.891557942698023687e-01
2.604081775920040198e-01
2.300856094100820759e-01
2.100925369682312138e-01
1.996956361228038879e-01
1.992897521023593854e-01
1.883911339263680818e-01
1.899439563939452069e-01
1.807232291186841311e-01
1.801304508716659314e-01
1.627490193563619902e-01
1.720043077235478557e-01
1.627033955257579656e-01
1.502742140872579402e-01
1.447219919611428818e-01
