4.877575562821876787e+01
-7.431955046241559337e+00
2.091201185824991260e+00
1.427224910161397986e+01
2.048920650762799411e+01
7.849994764219486498e+00
4.856974116295591060e+00
1.306952339507923355e+01
9.920085481069873978e+00
9.325300419130217122e+00
9.667246462818106068e+00
1.489264031816352762e+01
8.848565760061619656e+00
1.458634176114750325e+01
7.658908500334766778e+00
7.770512449038143643e+00
1.526862981271772490e+01
1.662633950886107925e+01
6.616087487040834603e+00
1.126755293873270780e+01
1.070633959140418057e+01
1.486567076159589718e+01
9.401691729885349957e+00
4.994393429949513852e+00
1.506909704391032889e+01
1.359777322278329947e+01
1.245715493807888663e+01
6.807566198184989981e-01
1.478647133308490069e+01
1.308597903449925504e+01
1.519733064563440905e+01
8.577496917445996516e+00
8.020075931297942162e+00
1.456856204920883080e+01
9.313923405606598038e+00
1.123723799608351293e+01
8.744250390899342307e+00
1.191732373526721744e+01
1.061099675162251543e+01
1.940383946694304740e+01
2.676046273956319332e+00
1.364308710816611914e+01
1.751782679565701528e+01
9.393514801811825521e+00
9.977507819528357302e+00
5.361660081346726336e+00
2.051023051555207388e+01
1.216536133012455245e+01
7.210037276082278623e+00
8.766963393942299732e+00
1.492093373391362654e+01
1.090566845553158082e+01
1.437065113161239793e+01
1.073663108191165350e+01
4.411825832644388434e+00
1.689405188553469728e+01
1.375719555321542131e+01
9.936064023790846633e+00
8.251162712924815068e+00
1.278144885515450824e+01
1.144589069445009777e+01
1.168553913235355957e+01
1.124613602140646762e+01
8.604559996089852447e+00
1.912014419112288266e+01
7.847493789369576866e+00
4.720981607772730015e+00
1.884798955389648967e+01
9.177477268669269606e+00
1.172482359788245176e+01
1.124902417822905321e+01
9.994071721695606314e+00
1.063035833423582588e+01
1.066235366661431527e+01
1.570380023161145644e+01
6.518452287295373182e+00
1.227804411220689573e+01
1.388442893527436262e+01
1.253589827987235950e+01
7.033128319556046115e+00
8.371048323240346534e+00
1.398188349306700040e+01
4.920984393098333243e+00
8.784212682652835724e+00
8.764713307229891726e+00
9.288448803543792209e+00
9.455752174660988274e+00
4.675148219109227732e+00
1.066349398569978391e+01
7.974813619559691702e+00
7.515656059252095567e+00
9.084342241736086621e+00
6.262064055421300068e+00
6.116044022717094464e+00
4.401661999584096208e+00
1.308797769519527598e+01
5.615977983328854783e+00
7.342929057056201358e+00
9.757458482950612577e+00
7.284667963605983232e+00
1.048828916528950828e+01
3.059987703972739226e+00
1.215191243034091961e+01
7.745861976145067551e+00
6.418752005849079012e+00
1.035008993319835113e+01
9.798951232917433529e+00
5.275455001138374733e+00
3.933085945005004636e+00
1.305208516775035221e+01
1.007771684724181149e+01
7.050628805753498263e+00
6.427785724039086546e+00
1.085273235815907711e+01
6.399774829202318216e+00
6.075298745101192388e+00
1.200448819126809497e+01
8.383374009508187896e+00
6.717266869263344375e+00
1.194929325008999932e+01
1.532511144152033822e+01
3.302187287898104451e+00
8.385013001106333519e+00
2.129804635285620051e+01
9.081673599968885569e+00
1.130817638982650131e+01
1.311669883255491698e+01
1.171561798042096747e+01
1.929255573876756458e+01
1.268760295692801421e+01
2.092255419280271056e+01
2.020231092462297084e+01
1.476140188234928097e+01
2.710052841589800110e+01
2.750668627261423183e+01
2.312381617304695069e+01
2.174682723930191486e+01
3.683758036613412656e+01
3.694345208065776376e+01
2.503045718514820095e+01
4.354334429145713870e+01
4.704241466649187942e+01
4.012286890995383715e+01
4.945590844097694827e+01
6.322897622813564311e+01
4.339345617454813464e+01
5.355884155948430703e+01
7.939593573214816047e+01
5.866334458881800629e+01
6.606381121292169212e+01
7.156265728058325237e+01
8.183644359979307126e+01
7.339590181449543138e+01
8.344196020953961579e+01
7.554622411741429744e+01
7.151484475154627773e+01
9.432693605299287753e+01
7.479525584388754567e+01
9.083016483329203083e+01
6.871292220733120359e+01
8.358417764688950058e+01
9.514050754957980871e+01
7.993832484946209149e+01
7.791039210106571034e+01
7.966901363265974112e+01
8.637635195861898296e+01
7.780512965331833186e+01
8.294177060675120572e+01
6.092625398593832386e+01
7.245627781229761410e+01
7.363276232842265756e+01
7.395199751734617166e+01
4.846105496431090387e+01
5.987739614862435644e+01
7.004849125491531936e+01
4.457406975338177091e+01
6.229450100576907090e+01
4.357784939905322119e+01
3.298561717463277887e+01
4.961646742451468839e+01
6.140694303950732547e+01
2.378630152870522707e+01
4.123872970452675446e+01
4.243754538896635609e+01
3.144996260913047337e+01
3.343671003890835181e+01
2.974022229402330453e+01
4.493283899994041519e+01
2.682575524273014267e+01
3.702192907904132824e+01
3.233530876468075377e+01
3.477796122118169109e+01
3.271654115175012123e+01
4.281154980593196058e+01
4.406950050644258710e+01
2.066105156476486115e+01
3.386287703098173552e+01
6.805352701240569502e+01
3.233267293597938874e+01
3.646500628301383529e+01
6.417395459891721998e+01
4.080844548828649465e+01
5.486263573131562765e+01
5.561443100813562523e+01
6.910647694062585344e+01
3.611336932558811696e+01
7.494480853615668536e+01
7.767575875291490206e+01
5.392666347976388153e+01
7.160777569188091718e+01
7.366390240205537054e+01
8.145673463297926276e+01
5.949356849974531514e+01
9.486563772866696809e+01
6.624489766885646702e+01
9.011053770539706420e+01
8.262333930670070004e+01
6.944579070946386423e+01
8.944445973490624624e+01
6.993559406317449145e+01
9.017818794247139635e+01
7.554583740620067545e+01
7.745402377869899624e+01
6.227155559519342631e+01
9.049818002956887142e+01
8.501096523830049989e+01
6.304848013878022783e+01
8.076445199090746030e+01
6.328435874617734669e+01
8.157506340968869551e+01
7.484921737713456480e+01
6.751112283803259118e+01
7.679332110760525154e+01
5.684286165498959065e+01
7.422300239943629663e+01
6.545753820095666242e+01
6.426590584301966658e+01
7.390404806694976969e+01
6.941787262577690854e+01
7.702984942011293867e+01
6.537529076656525717e+01
7.817232870608157214e+01
6.565087468918852665e+01
7.936824906930006307e+01
6.743403427369575809e+01
8.311824908601762729e+01
1.094336880249552451e+02
8.768547997046871956e+01
7.743690943766017654e+01
9.080534062340852586e+01
1.040125499060339394e+02
9.712102764825590384e+01
1.276572401710755429e+02
8.734578883033123020e+01
1.081001949895530174e+02
1.224459487031686962e+02
1.316519569335347342e+02
1.108533441503528394e+02
1.122891167279813658e+02
1.397608841803851192e+02
1.276818890437068603e+02
1.659622210702110863e+02
1.058350208369288055e+02
1.436514355994572725e+02
1.359648560654889025e+02
1.468102714738722057e+02
1.516556910656637172e+02
1.280981783827593006e+02
1.643867942526825630e+02
1.298407673390879040e+02
1.578150332736477424e+02
1.469801366423877198e+02
1.383477865239285904e+02
1.538820374202197456e+02
1.729980600694502186e+02
1.322161583587526081e+02
1.360575725053844849e+02
1.626735806984278838e+02
1.343273213254865084e+02
1.495018607186354131e+02
1.512018995431137114e+02
1.404286361897650011e+02
1.434462673847152985e+02
1.446401328868250005e+02
1.333115530367454085e+02
1.319431342422498687e+02
1.286634214588672194e+02
1.467740427126584564e+02
1.239306993148595097e+02
1.339710661667987210e+02
1.257972578343080130e+02
1.200772245109394021e+02
1.248947995100002402e+02
1.117884288594580937e+02
1.191326246840813070e+02
1.203427220045913799e+02
1.231790533275134010e+02
9.794415302436586046e+01
1.254734114527129805e+02
9.399851927664498419e+01
1.163129767404381312e+02
1.112737796606029548e+02
9.148568619928273904e+01
1.121265031769611369e+02
8.757729081523119419e+01
1.101181827506777893e+02
1.007677032608982870e+02
9.650156851158236293e+01
8.393434077425160922e+01
1.022669737077154508e+02
1.060056730773787024e+02
9.603016087233517339e+01
9.121830325715551169e+01
9.461388052411622596e+01
7.966525218552972376e+01
1.015678848373873961e+02
1.125998056478547511e+02
7.248619823309961419e+01
9.790228910809565832e+01
9.352043043609484130e+01
1.056182724213674504e+02
8.501447049882149543e+01
8.755754316586124730e+01
1.034184101613567321e+02
9.388063286367813021e+01
9.045687994759639139e+01
8.424641865775686256e+01
1.179919177134380277e+02
1.032535133293282712e+02
1.029403078435734500e+02
6.379555925583788678e+01
1.065613886819004597e+00
3.959875036421496297e-01
3.348511835621223454e-01
3.253317675512443219e-01
2.814489590277660658e-01
2.858454003318424141e-01
2.623187238909787666e-01
2.294778918716744442e-01
2.115670398899757720e-01
1.986840157284741892e-01
1.993607576048301022e-01
1.893188530606578768e-01
1.886511112392197376e-01
1.820183699062175031e-01
1.791393284759668636e-01
1.641688300694042479e-01
1.699906441321492601e-01
1.644621678383977048e-01
1.499337005063538231e-01
1.447570604483394419e-01
