5.160076158779936151e+01
-8.158348568852282767e+00
-8.066589634271291442e-02
8.546838694969544292e+00
3.412252508629732262e+01
2.844973345040200385e+00
2.657335349392617174e-01
6.560604715182623003e+00
2.981810559533975891e+01
2.029223610607571726e-01
2.881485557289305444e+00
1.264480369321805675e+01
2.732444462065714319e+01
4.628390529402040876e+00
-5.962422357366644610e-01
1.217521229764691881e+01
2.536937332899947606e+01
1.050899655643387653e+01
-1.917314710993413440e+00
2.055110342116069688e+01
9.949091323305713885e+00
1.588104397939117263e+01
2.105593579595476772e+00
1.397436020769876208e+01
6.743775034620146158e+00
2.163703662913328074e+01
7.789040913416084955e+00
3.605403430174325852e+00
5.887050925545776359e+00
2.473383424793316721e+01
1.373179061873499407e+01
2.515581311018586064e+00
5.015650289911921078e+00
2.517952335301940181e+01
1.036316095372371393e+01
-2.062110475958991884e+00
1.382483057030358786e+01
1.823123264658553566e+01
1.251540610516149421e+01
4.361107831071424634e+00
1.281506735547274012e+01
1.523158189411523900e+01
1.867362196402533669e+01
-1.366313417836589439e+00
1.923759003567977288e+01
4.189794896267506452e+00
2.044741647489372482e+01
8.822032764192284660e+00
1.057644035557109419e+01
7.504693423194628288e+00
1.456021793336393699e+01
1.380207999782281547e+01
1.053724902126527319e+01
1.114395571287223419e+01
5.214390055384231282e+00
2.192522533280518005e+01
5.261974948538766128e+00
1.226208331117232930e+01
1.091206411536024845e+01
1.592235451338613395e+01
2.507313857978359373e+00
1.507631326642930780e+01
1.503108280021715615e+01
8.333490412212174903e+00
1.297694769765877076e+01
1.109788154062088950e+01
8.058817860625524077e+00
1.641256598675593992e+01
6.697808743856355385e+00
1.380135356683786974e+01
1.308753406924958540e+01
7.708622344873401921e+00
1.070745058140555450e+01
1.093141339989813865e+01
1.642415885738908798e+01
5.717053289051975185e+00
1.319565765943351465e+01
1.228876924767331147e+01
1.356405002380846803e+01
7.316641906927191741e+00
8.923642826161730213e+00
1.122055217404044036e+01
7.337099955042329924e+00
8.911023105303229386e+00
8.529679967478854152e+00
6.703034041908182417e+00
1.285799576682089373e+01
4.035453287237159792e+00
9.686969708653295541e+00
6.877751881290400604e+00
1.023731333408280619e+01
8.355113047273491134e+00
4.740080836315658352e+00
6.831727080299309307e+00
4.983755844131371404e+00
1.357131105753011013e+01
3.815152284397245186e+00
8.747302949266556382e+00
8.390195652052717890e+00
9.671346728276624560e+00
8.704951519460818687e+00
3.238368129582839039e+00
1.072666964755209129e+01
1.148752443625488695e+01
4.772099802426541970e+00
8.086664781212688169e+00
1.039809352547565524e+01
9.071660850395767639e+00
2.177236029400623885e+00
8.969506008420758292e+00
1.315362273984463570e+01
9.887416906270127370e+00
4.184443603803900125e+00
7.070591440643191561e+00
1.025711220183710992e+01
7.824015859862839761e+00
9.452521730319206839e+00
6.736736964484764556e+00
8.821676705448144418e+00
1.309700323305589187e+01
1.372191284801210109e+01
3.540699852063482478e+00
7.403845681293077519e+00
2.229455856791313195e+01
1.030843061587806453e+01
1.098395135428427594e+01
9.909477996941076228e+00
1.272874834026147184e+01
2.435487381254706563e+01
9.159517793851920331e+00
1.760660460803165606e+01
2.147300564760760011e+01
2.233583269777217239e+01
2.017459118995635947e+01
2.545246443378242063e+01
2.528263075095639678e+01
2.829833317337980958e+01
2.970978961731018941e+01
3.554314705948307562e+01
2.864529745219914503e+01
4.553450406059759814e+01
4.436284644819694023e+01
3.748840100949547605e+01
5.395582450587216528e+01
6.007906521862215499e+01
4.766634921921272650e+01
4.852410575783574842e+01
8.250524864491981702e+01
5.399474971184763916e+01
7.524677682876288998e+01
6.511258280878183768e+01
8.059939618603699785e+01
7.299491304464534380e+01
9.195046846032332155e+01
7.026596859976237397e+01
6.463887828475861852e+01
1.017865661914630522e+02
7.747690604940100911e+01
8.879066443565139366e+01
5.841114550772258696e+01
9.682254638410776693e+01
9.125284556022191396e+01
8.094770770132608106e+01
6.926385110039622361e+01
9.138464348865170450e+01
8.036077520984468947e+01
7.970518635668965146e+01
8.057161813610407819e+01
6.327967385510510923e+01
7.071515310834300294e+01
7.444359532070232888e+01
7.823948770304161826e+01
3.884816022871649466e+01
6.595134305470449476e+01
6.995687895230797437e+01
5.062059161010228081e+01
4.580983350389985986e+01
5.545581510961290661e+01
3.417853864315691226e+01
5.040406073547188726e+01
4.777847778502324871e+01
3.540414214543125837e+01
4.554479724970747867e+01
3.429614891805984911e+01
2.838461984739844368e+01
3.907935295554126043e+01
3.623853046618402374e+01
3.114248234621131317e+01
3.460305147799548564e+01
3.510286153079129434e+01
3.741920390197815749e+01
2.407420893988761534e+01
4.409896620099768683e+01
3.620263815108702232e+01
4.438255198505012089e+01
2.119111050976422916e+01
3.941940418831111259e+01
6.111993624118828450e+01
2.822018221973294416e+01
4.950105450789830286e+01
5.901248011264245008e+01
3.597785649770234784e+01
5.105399439768287095e+01
7.393827585437436767e+01
5.602266224843419451e+01
3.290203825201844268e+01
7.721868639851545879e+01
9.023775227075159933e+01
4.086110643774314610e+01
6.855952031698139137e+01
8.375867011775818582e+01
8.110253860061088460e+01
5.359366098817344692e+01
9.211667824693215323e+01
7.925402380494375620e+01
7.865428672613124661e+01
8.560143203051259775e+01
6.911663894524409102e+01
9.641795920197016301e+01
5.673920235918974697e+01
9.823880894914702822e+01
7.935891541343852396e+01
7.183882059275752852e+01
5.739185142942637441e+01
9.822864832273872082e+01
9.142279182359268930e+01
4.619932628164360011e+01
8.782877068152961897e+01
6.786113074860452343e+01
8.556219905865540909e+01
5.607845197559182537e+01
8.156738791676374944e+01
7.908080854589464082e+01
5.332164915967695151e+01
6.483083270582527291e+01
7.710995484671596500e+01
6.644339437282606298e+01
6.236097117714192706e+01
7.484451393738048353e+01
7.939259937235550524e+01
6.781587239342603368e+01
6.447877534716330672e+01
8.155527005072497104e+01
7.249901433217087288e+01
6.799382815197300545e+01
7.635206669916067312e+01
1.246924034920709943e+02
7.750220520285702719e+01
7.384273406218969171e+01
9.690229304496276086e+01
1.084682252642427329e+02
9.026408600385931891e+01
1.206276702184553216e+02
1.042772405169557999e+02
9.938479868549448781e+01
1.214735519332007243e+02
1.255398401533840769e+02
1.292505858189944661e+02
9.689001808043656183e+01
1.422783125178061425e+02
1.275728455582087406e+02
1.751050785481525338e+02
9.399839615992797803e+01
1.454345153064668636e+02
1.434141510510057742e+02
1.417789130382566043e+02
1.502100558632208163e+02
1.270812527891839778e+02
1.754366592300288517e+02
1.146739036117205330e+02
1.661469105709419978e+02
1.446894745997032317e+02
1.457900196487710218e+02
1.385576951067600930e+02
1.846046819351358295e+02
1.317851530123151633e+02
1.344594910676943300e+02
1.562784670348746090e+02
1.420771934582155041e+02
1.524042661102736815e+02
1.408928085065347489e+02
1.454794976574392535e+02
1.442908088079705919e+02
1.491551988287396284e+02
1.202715717979157830e+02
1.436293904759623672e+02
1.246085872191078607e+02
1.494405097811832945e+02
1.156983062849501636e+02
1.442441004914299754e+02
1.212215248589873369e+02
1.186991018745872992e+02
1.255969616328529384e+02
1.148752731252061068e+02
1.171631396127300633e+02
1.158888269070798884e+02
1.312420525248762431e+02
9.339580580030661849e+01
1.262407065910103938e+02
8.985928586177166721e+01
1.261620474930449660e+02
1.030347817339994521e+02
9.302626215459085302e+01
1.115052617367395840e+02
9.364308098764873023e+01
1.031176910976379730e+02
1.011678601597942446e+02
1.001392744609824348e+02
8.393483262506684639e+01
9.935759450562022721e+01
1.048069860475207236e+02
1.019389396495790407e+02
8.674102473704407146e+01
9.567733189354105150e+01
7.771912264885314414e+01
1.066240408806669819e+02
1.072872820838601911e+02
7.553190428105247634e+01
9.630770042482050997e+01
9.544422239702657862e+01
1.027443242399221646e+02
8.784537980857029993e+01
8.684134053769676598e+01
1.017312325379926108e+02
9.492199776945926715e+01
9.172657061068174755e+01
8.427091427686133329e+01
1.137415323499950262e+02
1.077698183004172705e+02
1.024236097011483650e+02
6.399014656183996408e+01
1.075664067112371169e+00
3.998610636446176536e-01
3.327644388056255620e-01
3.182031911242807487e-01
2.898386169653231481e-01
2.881629935981508961e-01
2.538226808588138206e-01
2.326854591255742843e-01
2.157718896865559177e-01
1.991553096042266158e-01
1.894078859567358275e-01
1.980180905763991861e-01
1.894912530524248961e-01
1.799158621091251353e-01
1.733081770467213845e-01
1.723678550508115359e-01
1.698273014336251496e-01
1.593966849095364569e-01
1.506645487467026256e-01
1.488971221435868852e-01
