1.285195718930156605e+00
1.969531603788612806e+00
2.705908138888120984e+00
3.442228411407714184e+00
4.142105689924071577e+00
4.822847652006174712e+00
5.483810237391149478e+00
6.124984026986711072e+00
6.747488847107698362e+00
7.351851869876783852e+00
7.938543592520275638e+00
8.507999740330562943e+00
9.060616276546324954e+00
9.596750626013497154e+00
1.011671400093586293e+01
1.062078269956811027e+01
1.110919784202368099e+01
1.158217443885407150e+01
1.203991939280328438e+01
1.248261501141569951e+01
1.291044057423972546e+01
1.332357328991816914e+01
1.372216787472357424e+01
1.410638468014272462e+01
1.447636654913168286e+01
1.483224423768681532e+01
1.517415981431107852e+01
1.550224727923773926e+01
1.581665275453131514e+01
1.611753261423753258e+01
1.640503255476780353e+01
1.667930973140448359e+01
1.694051257699833357e+01
1.718877849731571672e+01
1.742424092778980338e+01
1.764702590325147824e+01
1.785726025019326713e+01
1.805507664928828859e+01
1.824062058514709506e+01
1.841403887077645862e+01
1.857548225614840121e+01
1.872510193627312702e+01
1.886305804081197124e+01
1.898950608522738293e+01
1.910460161437498883e+01
1.920850337429056864e+01
1.930136754121421916e+01
1.938334495462860474e+01
1.945458093238936570e+01
1.951521449824269183e+01
1.956538119439044365e+01
1.960520943816103312e+01
1.963482923052043105e+01
1.965436123181531869e+01
1.966391280455831492e+01
1.966359307231889630e+01
1.965349976138684696e+01
1.963373101104051344e+01
1.960439875659460895e+01
1.956562799601836034e+01
1.951756889551532126e+01
1.946039395959481766e+01
1.939429327190513774e+01
1.931947574503074350e+01
1.923616794954517673e+01
1.914461319327292088e+01
1.904507090147266979e+01
1.893781592331083985e+01
1.882313788267339305e+01
1.870134056264096145e+01
1.857274131197024047e+01
1.843767046637128715e+01
1.829647078938681659e+01
1.814949692671613590e+01
1.799711486892219625e+01
1.783970142538590054e+01
1.767764370383380168e+01
1.751133859567282158e+01
1.734119226834771155e+01
1.716761966227263514e+01
1.699104399224956197e+01
1.681189625354976513e+01
1.663061473097582166e+01
1.644764451103881697e+01
1.626343699700374401e+01
1.607844942580220859e+01
1.589314438795735640e+01
1.570798935054321177e+01
1.552345618331047916e+01
1.534002068852017331e+01
1.515816213400992041e+01
1.497836278909568541e+01
1.480110746290639767e+01
1.462688304462361266e+01
1.445617804550908936e+01
1.428948214283010287e+01
1.412728572602580890e+01
1.397007944579740446e+01
1.381835376636263923e+01
1.367259852115845931e+01
1.353330247236525352e+01
1.340095287428179205e+01
1.327603504081196739e+01
1.315903191710747677e+01
1.305042365530228032e+01
1.295068719428210890e+01
1.286029584313227581e+01
1.277971886811894819e+01
1.270942108279733951e+01
1.264986244090781042e+01
1.260149763205667028e+01
1.256477567964976316e+01
1.254013954078136805e+01
1.252802570778445634e+01
1.252886381086130996e+01
1.254307622174004067e+01
1.257107765836900626e+01
1.261327479082822656e+01
1.267006584905064592e+01
1.274184023294101564e+01
1.282897812551770045e+01
1.293185010970477222e+01
1.305081678929662381e+01
1.318622841460855888e+01
1.333842451331157086e+01
1.350773352691958884e+01
1.369447245337681451e+01
1.389894649617741607e+01
1.412144872042787469e+01
1.436225971624915232e+01
1.462164726989915309e+01
1.489986604298006512e+01
1.519715726008293188e+01
1.551374840520475828e+01
1.584985292726401340e+01
1.620566995502409569e+01
1.658138402172185977e+01
1.697716479968613257e+01
1.739316684521861589e+01
1.782952935399604399e+01
1.828637592724221861e+01
1.876381434890517141e+01
1.926193637406102965e+01
1.978081752875884192e+01
2.032051692150314892e+01
2.088107706656528251e+01
2.146252371929621106e+01
2.206486572360893916e+01
2.268809487178192086e+01
2.333218577672774785e+01
2.399709575685722385e+01
2.468276473365995827e+01
2.538911514211262599e+01
2.611605185401251816e+01
2.686346211432675446e+01
2.763121549063616911e+01
2.841916383574276495e+01
2.922714126349999830e+01
3.005496413791768617e+01
3.090243107558246294e+01
3.176932296142768664e+01
3.265540297788022883e+01
3.356041664740132546e+01
3.448409188843634610e+01
3.542613908477849805e+01
3.638625116834932527e+01
3.736410371538953257e+01
3.835935505605247897e+01
3.937164639738369942e+01
4.040060195966781009e+01
4.144582912611475933e+01
4.250691860585575910e+01
4.358344461020796246e+01
4.467496504216381936e+01
4.578102169905223917e+01
4.690114048830857030e+01
4.803483165628318829e+01
4.918159003000944551e+01
5.034089527183674306e+01
5.151221214682916383e+01
5.269499080281318015e+01
5.388866706294799513e+01
5.509266273067808584e+01
5.630638590691430068e+01
5.752923131927525446e+01
5.876058066320732109e+01
5.999980295478404457e+01
6.124625489497272213e+01
6.249928124513645855e+01
6.375821521352321497e+01
6.502237885247475901e+01
6.629108346606699342e+01
6.756363002787259120e+01
6.883930960851432701e+01
7.011740381265322242e+01
7.139718522503083875e+01
7.267791786515803665e+01
7.395885765021368741e+01
7.523925286568731963e+01
7.651834464326478269e+01
7.779536744542369320e+01
7.906954955616501479e+01
8.034011357726795666e+01
8.160627692941132239e+01
8.286725235745559814e+01
8.412224843913001848e+01
8.537047009630849459e+01
8.661111910799675684e+01
8.784339462408038912e+01
8.906649367880697810e+01
9.027961170287679238e+01
9.148194303292305563e+01
9.267268141706401252e+01
9.385102051501679910e+01
9.501615439110830152e+01
9.616727799842105640e+01
9.730358765230035090e+01
9.842428149201269605e+01
9.952855993009947611e+01
1.006156260898225696e+02
1.016846862323848768e+02
1.027349501761561044e+02
1.037656317105113857e+02
1.047759490072715494e+02
1.057651250321591618e+02
1.067323879587441411e+02
1.076769715874196294e+02
1.085981157716655048e+02
1.094950668541724355e+02
1.103670781150713935e+02
1.112134102341700839e+02
1.120333317688123032e+02
1.128261196483586843e+02
1.135910596861669148e+02
1.143274471094921694e+02
1.150345871075250841e+02
1.157117953977279683e+02
1.163583988099961601e+02
1.169737358882397871e+02
1.175571575092649539e+02
1.181080275194972842e+02
1.186257233915114142e+02
1.191096369032379556e+02
1.195591748433291883e+02
1.199737597464129522e+02
1.203528306607841500e+02
1.206958439504668803e+02
1.210022741329806593e+02
1.212716147527495707e+02
1.215033792918339799e+02
1.216971021201719765e+02
1.218523394879325110e+02
1.219686705653542589e+02
1.220456985343611223e+02
1.220830517360608951e+02
1.220803848818421784e+02
1.220373803317917805e+02
1.219537494427747788e+02
1.218292339983865986e+02
1.216636077231796236e+02
1.214566778945707455e+02
1.212082870757526933e+02
1.209183149731342581e+02
1.205866804449020577e+02
1.202133436879465620e+02
1.197983086214953801e+02
1.193416254131180381e+02
1.188433934761448825e+02
1.183037648908602080e+02
1.177229462953106776e+02
1.171012056107310997e+02
1.164388793559975852e+02
1.157363656746552181e+02
1.149941160762264758e+02
1.142126059844790120e+02
1.133922941195672109e+02
1.125336060958568254e+02
1.116369053689965938e+02
1.107024850553265622e+02
1.097305790843100084e+02
1.087213558334428427e+02
1.076749278926664033e+02
1.065913525757619169e+02
1.054706251263352641e+02
1.043126796880360700e+02
1.031173914537329210e+02
1.018845872388710632e+02
1.006140511443695971e+02
9.930552558378671790e+01
9.795872219116350266e+01
9.657331944632338150e+01
9.514896743706130167e+01
9.368529230190578971e+01
9.218190196984711804e+01
9.063839065042226650e+01
8.905433355724592559e+01
8.742927243935324100e+01
8.576269511776284560e+01
8.405401559837190462e+01
8.230256616262910541e+01
8.050761619063418095e+01
7.866836796483127614e+01
7.678398098911412717e+01
7.485358932177832969e+01
7.287628503665825974e+01
7.085113491146017850e+01
6.877715131394737114e+01
6.665326232204235168e+01
6.447831882254044444e+01
6.225106153059172698e+01
5.997012982294091898e+01
5.763407780962852200e+01
5.524134809391582479e+01
5.279017262430198798e+01
5.027892220193996309e+01
4.770560138393092586e+01
4.506801255743862811e+01
4.236385328616948698e+01
3.959025677092649431e+01
3.674437898797315682e+01
3.382282822140141576e+01
3.082214772663496660e+01
2.773788520935391233e+01
2.456611086170413216e+01
2.130213179023938963e+01
1.792721169117880109e+01
1.446967120292048925e+01
1.093648692335725414e+01
6.852076847143212746e+00
3.675504705180290266e+00
1.432956368051596874e+00
1.905556695741682793e-01
1.683940702260989242e-01
1.598715567159843254e-01
1.525501866233576753e-01
1.457280713905155789e-01
1.395086931769869421e-01
1.337919099869018802e-01
1.286354279405385603e-01
1.242045067751450793e-01
1.200429251954554244e-01
1.159964843132568896e-01
1.119080766035956548e-01
1.079495413337272641e-01
1.039403733353578690e-01
1.000535333027739449e-01
9.617107386753317999e-02
9.231915194725165419e-02
8.860412219670628364e-02
8.489271047818630622e-02
8.139853270350065617e-02
