5.265888514414599086e+01
-1.035182270667441706e+01
2.418470135130190712e+00
5.749309875817513849e+00
3.772405301108195630e+01
-1.293472618250053774e+00
4.566987870262437355e+00
1.700214829005568973e+00
3.526766738771951282e+01
-4.982443719093401668e+00
7.792919311938723226e+00
6.931022715539864265e+00
3.357861257711915215e+01
-4.968832899690696081e-01
3.544218020339441555e+00
7.029705094494093309e+00
3.127093150811093381e+01
6.480813267857497451e+00
2.202424576951056423e-01
1.729038830530718229e+01
1.447741729587035842e+01
1.366926131324458460e+01
1.461474982984030557e+00
1.350661376776333533e+01
9.232071933344276005e+00
2.148388668126323964e+01
4.228751748374867780e+00
6.218080487965842451e+00
6.156341963208046053e+00
2.636850268051680857e+01
7.798002052439220400e+00
7.801043281542473729e+00
3.403311319561448833e+00
2.790625869235023160e+01
3.140602308283207300e+00
4.883432424354739787e+00
1.109647167817228741e+01
2.111741028305119272e+01
5.364120029240785570e+00
1.157972624977241694e+01
9.984050887739886804e+00
1.734479571842409484e+01
1.289807385862663658e+01
4.683146227815484508e+00
1.733105574988759301e+01
4.827423005508252984e+00
1.698339007984666438e+01
1.253544102608822897e+01
1.040054574674696219e+01
6.363294356233775595e+00
1.375510162241501355e+01
1.455076385804897399e+01
1.249519123751093197e+01
8.390838625990591382e+00
6.753526407161915657e+00
1.974876142224587383e+01
9.268647900257001027e+00
8.494956017235026025e+00
1.390533338155776732e+01
1.149646938498436377e+01
8.019463742041809340e+00
1.118407968423918852e+01
1.823473889131048153e+01
2.784016005149288375e+00
1.913521262049009408e+01
8.054084970751887340e+00
1.017606367848084759e+01
1.102565479105481927e+01
1.254441425058893245e+01
1.243911904537697488e+01
1.307352072752917138e+01
3.611065166145742023e+00
1.542665743628076136e+01
1.175036541339986762e+01
1.372359755293337358e+01
3.607486137164451101e+00
1.631606398129418523e+01
1.533714063711620135e+01
8.228758538773270459e+00
7.313613653404361870e+00
1.042975485842184469e+01
1.607907038602205319e+01
1.718259119713128058e-03
1.055222904742671020e+01
8.852242421515439830e+00
1.257510785070640225e+01
4.586403186805140919e+00
6.422449355302581431e+00
9.572454313014478799e+00
1.276748456977199453e+01
2.281393815914549705e+00
1.040030958887300727e+01
5.031783328669521715e+00
1.177194589671661618e+01
-1.486548404383285282e+00
1.427901443891599520e+01
5.203074345187095773e+00
1.202804483619148712e+01
4.256056933419037236e+00
8.378547783492575007e+00
1.151206620858517660e+01
4.584613543764421983e+00
9.304137787996713982e+00
8.004195410180518166e+00
8.837199736530564564e+00
7.743228153808807690e+00
1.154073141183379470e+01
3.690117623467405572e+00
6.870477181580084469e+00
7.669464722140515889e+00
1.625662284658678658e+01
3.267160416191586148e+00
8.556670925298515584e+00
5.888128707807144480e+00
1.440906352926834266e+01
7.919390872637104284e-01
1.248255154446952986e+01
6.851002892734792127e+00
1.300672092311321748e+01
6.423696722885829935e+00
1.459719859925714758e+01
5.958852817293106341e+00
1.071045589803671660e+01
1.651024303983339436e+01
8.662273057637651874e+00
1.628393825358470082e+01
1.170586572137765025e+01
8.026978569549832798e+00
2.039174530795431650e+01
1.731292528475699299e+01
1.765370250129062768e+01
1.772183979737148718e+01
1.680415155121587389e+01
3.049603992065938485e+01
2.393990422179408739e+01
2.213021679298233479e+01
2.231040411635504483e+01
4.095380335049270570e+01
3.304806896035812258e+01
2.567959460684884476e+01
4.027576548283178681e+01
5.495672282149320864e+01
3.486871255775620426e+01
5.086437445662533463e+01
5.648160581430038718e+01
5.603517521881776986e+01
4.676580623734296438e+01
7.918425615615383606e+01
5.246373840306381453e+01
8.016193633196706969e+01
6.515511993252158618e+01
7.718033013732957670e+01
7.326644491019017380e+01
9.282229264294825555e+01
7.283113157747685307e+01
6.142908782478624374e+01
1.029631614597355593e+02
7.451928722621582324e+01
9.424004976484181384e+01
5.577354477405326350e+01
9.758603984487616856e+01
8.547248776806522130e+01
8.919155320836136980e+01
6.748050851061135802e+01
9.033763298505411399e+01
7.336180205522536824e+01
9.018087972392505947e+01
7.974083726200460376e+01
5.932931094091355106e+01
6.435293124425083988e+01
8.617458771404618290e+01
7.824417223512431008e+01
3.153058342297925520e+01
6.190756267436677263e+01
8.169155828322308821e+01
5.118107723075416970e+01
3.546509279835441930e+01
5.483043955036467310e+01
4.459438599765805833e+01
5.119903759478847860e+01
3.552228746074342780e+01
3.842197556876990916e+01
5.348791397653103985e+01
3.511038727202365806e+01
1.587570651199059313e+01
4.498763555839492057e+01
4.095582542583778007e+01
3.198815587011661066e+01
2.365955869640190556e+01
4.229511035388201634e+01
3.873425917232982840e+01
2.523811741194647595e+01
3.625957676884338809e+01
4.255171226601691359e+01
4.276994456187343729e+01
2.318204135520684162e+01
3.556271372740320658e+01
6.445215325224050673e+01
2.474839228899212884e+01
5.290359591837168551e+01
5.913612382631716713e+01
3.458255628334319454e+01
4.719258234840560107e+01
7.921177999437225026e+01
5.924414432511751016e+01
2.595725646006243537e+01
7.453655250314591285e+01
9.752142141918402274e+01
4.564512336570182072e+01
5.636903873769438178e+01
8.356979509426729180e+01
9.009196777526938149e+01
5.815088506665103552e+01
7.609448686556768848e+01
8.228711523887443491e+01
8.859861017810220574e+01
8.835724898895688284e+01
5.151296361884485719e+01
1.025901762002861233e+02
6.657486605797832624e+01
9.825015142459571393e+01
6.278387373739401767e+01
8.019790772545060520e+01
6.598803334292159661e+01
9.543880923626311130e+01
7.827432223386880139e+01
5.506459065300141731e+01
9.428264214155717582e+01
6.312370816942799223e+01
7.749125204479254592e+01
6.336565296867357944e+01
8.546628500699614506e+01
7.394413683146736105e+01
5.086236321352952672e+01
6.849967386274522596e+01
7.867963390158287496e+01
6.275009602901939587e+01
6.481696752946433548e+01
7.337190717764835313e+01
7.947711267738108631e+01
6.722160053845050243e+01
7.009690089627252974e+01
7.432309514648649440e+01
7.236226403719834366e+01
7.153144422504621502e+01
8.274607128511185294e+01
1.121907329023970163e+02
7.849207175498817435e+01
8.164685153493073244e+01
1.016278716455026654e+02
9.225302742928532496e+01
9.342279739287317852e+01
1.318924276240949780e+02
1.054219024333552852e+02
8.178520887265158024e+01
1.271997644205721087e+02
1.387209954735900510e+02
1.258967818620507728e+02
8.052134639745652578e+01
1.501396522288503377e+02
1.407802782959692252e+02
1.675547148789624998e+02
8.118782805475220243e+01
1.541942653177079308e+02
1.548900758953331263e+02
1.314848659181814412e+02
1.424689379860479619e+02
1.349477510432354563e+02
1.839920124465791389e+02
1.038954502877490143e+02
1.638183758957591181e+02
1.497359555814134637e+02
1.510828624443444710e+02
1.298241930237238648e+02
1.867778568392678551e+02
1.324369215177856347e+02
1.370399307846252270e+02
1.517924404422495002e+02
1.467987443156338827e+02
1.478709187487436054e+02
1.420118417937523247e+02
1.466049158384926727e+02
1.490248707360377409e+02
1.396834374523793372e+02
1.214945767357195336e+02
1.505828894499594526e+02
1.268515311114616111e+02
1.363164265844246188e+02
1.184381070319635256e+02
1.560733730780460462e+02
1.191140590884950115e+02
1.039803657425984085e+02
1.306929818805859327e+02
1.297146237148677983e+02
1.099570488139018209e+02
1.019314148298019802e+02
1.387020402036533824e+02
1.089306747423949986e+02
1.145001893502574859e+02
7.875191955164557100e+01
1.351352670213735792e+02
1.170584929173139273e+02
7.852154684236771232e+01
1.045552298660226000e+02
1.026316770222483541e+02
1.140318286582242138e+02
8.647484176151974111e+01
9.754059489777422698e+01
9.118606499748737804e+01
1.065070697103776780e+02
9.271988835000595941e+01
1.027134076880087719e+02
9.072043523622153316e+01
9.943781787595743538e+01
7.059971065381810718e+01
1.088596159444850144e+02
1.070949658114208489e+02
7.713166858441617535e+01
9.555172270041128968e+01
9.677365304086507081e+01
9.836509273438177559e+01
8.898255784531922075e+01
9.256774459899189367e+01
9.994017593681557798e+01
8.723501312223109494e+01
9.408037635746801186e+01
9.533010680822783911e+01
1.073555495773700841e+02
9.833234826483827362e+01
1.071933428985933858e+02
7.813084097728004451e+01
1.218124336567183219e+00
4.324842862457794479e-01
3.382680620223387780e-01
2.951861725493203359e-01
2.971408639388882778e-01
3.126177240065175500e-01
2.466543702696732399e-01
2.115277812073149688e-01
2.363632357391116101e-01
2.168843108712240342e-01
1.716753386692129735e-01
1.812978427581472540e-01
2.137309130812378166e-01
1.874176877977855871e-01
1.558535008384979437e-01
1.645762690359994784e-01
1.932106860219904854e-01
1.561099145530159271e-01
1.386586204629377816e-01
1.494434908270592388e-01
