5.417985058272799392e+01
-1.249268119894119522e+01
2.372498351045237985e+00
6.388421085573254388e+00
4.066319702349221643e+01
-5.754647402121847222e+00
4.920863669907331150e+00
3.266982282203967802e+00
3.879239324187800264e+01
-1.149936510799073019e+01
8.920555083442742728e+00
9.515096672025748603e+00
3.681878559543836360e+01
-8.464287392111957686e+00
5.664386414491665356e+00
1.051446872256656917e+01
3.347330584240005180e+01
-2.084007672641003950e+00
3.331417103539648927e+00
2.138969145404412586e+01
1.513549695434370257e+01
5.468026953238114274e+00
5.317162300271191633e+00
1.783539210850753065e+01
8.169420189913422448e+00
1.455424564948550525e+01
8.358624757584896869e+00
1.038236341711616895e+01
3.550175985353770436e+00
2.140821927168877892e+01
1.157659049449090816e+01
1.148703200671808844e+01
-2.555980276540639196e-01
2.527980661777168336e+01
5.890922373699182479e+00
7.928088854755513282e+00
7.094346614879680324e+00
2.078700028638810338e+01
6.480429434917030385e+00
1.400731648304868848e+01
6.434772485971781641e+00
1.886959036052631689e+01
1.196540409367946545e+01
6.700092430115743625e+00
1.497203789964052589e+01
7.432525723444078025e+00
1.387065646149581610e+01
1.448392759391252582e+01
9.778393213916110938e+00
9.068606493548472258e+00
8.662372082490797709e+00
1.683017601163313159e+01
1.387074504509579320e+01
1.017793315945925414e+01
2.019465251642553749e-01
2.272065137425740744e+01
1.257603151104095218e+01
8.484113527855674519e+00
6.667384283788422294e+00
1.539363000661334446e+01
1.288525666690676985e+01
8.789998856718684195e+00
1.121546608698570324e+01
7.641888074911915574e+00
2.495366467976241509e+01
3.094216519966598966e+00
4.263068301182781461e+00
1.665181365709532813e+01
1.859417146953747846e+01
5.174552883318210839e+00
8.980967591930042460e+00
9.601142394286071635e+00
2.100719173950766105e+01
2.851361152680027100e+00
1.185772844369785339e+01
9.406756676270768835e+00
2.087843230930286254e+01
5.778139318827256510e+00
8.599810202480576038e+00
1.231443293415332541e+01
1.367754970501545131e+01
6.980234973295411649e+00
2.200060446669940273e+00
1.420995813339870750e+01
1.079419153384425556e+01
5.016857508320827108e+00
7.830183187474244022e+00
8.368030365473060783e+00
1.051709506041677145e+01
7.609445736333263710e+00
5.530751453017936470e+00
1.052719126506870495e+01
5.525351597694093897e+00
9.507336008676469774e+00
6.345485692001875400e-01
1.278590851726323052e+01
5.922255047826175733e+00
1.269874895532790582e+01
4.208840669550821367e+00
5.756954200682412370e+00
1.313164052255971903e+01
7.772053328468643052e+00
6.322644398874142979e+00
4.969507219276060539e+00
1.189735576844675791e+01
1.263726930610557098e+01
5.274850539201739963e+00
1.065654629689348099e+00
1.166874685904469011e+01
1.320425748708692915e+01
6.849738123167984583e+00
1.839757914805068006e+00
1.508505466027846964e+01
1.092222353241908372e+01
2.496055035362909624e+00
1.163975912751638475e+00
2.042216689568348187e+01
1.036133462759966228e+01
-3.701371739668239957e-01
8.888422042384661381e+00
2.337221054409573640e+01
7.215605794925915362e+00
-2.835399631034440926e+00
2.097442646790502963e+01
1.754384471780184285e+01
1.497637121432272878e+01
-6.633837048126138836e-01
1.399759129395834734e+01
2.863329748494713201e+01
1.360445866696155370e+01
7.640899789376733864e+00
2.436282161855600847e+01
2.378308349303573976e+01
2.499890472243178863e+01
1.710211166801508043e+01
2.838317894358747040e+01
2.764977133032803636e+01
3.462727713798229701e+01
2.970115895125642425e+01
3.043067136516370752e+01
4.392260076535664126e+01
4.894608080288645624e+01
3.476341859079114727e+01
5.313045705898016280e+01
5.872610176699101459e+01
5.147870347231849308e+01
4.911649900961558046e+01
7.828720664135289553e+01
5.389408543752664826e+01
7.799891656277590357e+01
6.875712710023832130e+01
7.287845428397235992e+01
7.466586989002601626e+01
9.363479404640270332e+01
7.624912926157945492e+01
5.398121487160424437e+01
1.051665278046853871e+02
7.843487976233565462e+01
9.603790431786877946e+01
4.592164527404431595e+01
1.013212716060847924e+02
9.214458563795940904e+01
8.816657465043746811e+01
5.635019401026124797e+01
9.608072339044223042e+01
8.203103253532171379e+01
8.556408731585962357e+01
6.867309785137311451e+01
6.720004367435254267e+01
7.397898816011199585e+01
7.776360482103184779e+01
6.858392282871588463e+01
4.124951159116740484e+01
7.134884853865679588e+01
6.989339905040358758e+01
4.405634559104129266e+01
4.638185467695748798e+01
6.304053069935034870e+01
3.036996403685588319e+01
4.732740249083084905e+01
4.671277320305971159e+01
4.462900225967022294e+01
3.820620631756779773e+01
3.466593022420033776e+01
2.629312071102237169e+01
4.882558024287650511e+01
2.618059131585402355e+01
3.455312186216711012e+01
3.231427437055366880e+01
4.386430808422842631e+01
2.597753345327796026e+01
2.985007223314694258e+01
4.239670806118859758e+01
4.239807224674941466e+01
3.325227713589109158e+01
2.847172092467756244e+01
3.880570964812315538e+01
6.346870460545385129e+01
1.920498277014263522e+01
5.730344159983867769e+01
5.956964898456035939e+01
3.385042013704416064e+01
4.575714983527496571e+01
8.120290996234406578e+01
5.741933212664897468e+01
2.655371776169359066e+01
7.672215868761176694e+01
9.587962301103121376e+01
4.250336143573346703e+01
5.917618942381597691e+01
8.834997552833492307e+01
8.409251802962097599e+01
5.487641531179488652e+01
8.164191118476112763e+01
8.826419332631182613e+01
7.814560132742396092e+01
8.618159750407059505e+01
5.988211142167109813e+01
1.082232779799933979e+02
5.223237893140338883e+01
9.824049667692064247e+01
7.359110366246346757e+01
8.405335899037518743e+01
4.890612840891520108e+01
9.830618317351682833e+01
9.073592149794895079e+01
5.604771040351293721e+01
7.602819838891204540e+01
6.908462042522184277e+01
9.055942088549959124e+01
6.089607691589921501e+01
6.778440227790741801e+01
8.266107289303087668e+01
6.340866244710636579e+01
6.260173569543143657e+01
6.322301821290083268e+01
7.336361643342506511e+01
7.583126802061357807e+01
6.466571072731684922e+01
6.754658349043563703e+01
7.847155072581057311e+01
7.886692509542351104e+01
6.391836796878651228e+01
6.470025435278205350e+01
8.194960683567565241e+01
8.898574110115278302e+01
1.015016105955204040e+02
7.516285970187718135e+01
8.979082823326008622e+01
1.055313616384737827e+02
8.276490919469272001e+01
9.379948617004414757e+01
1.365828073878070654e+02
1.076330895453020418e+02
7.481256750709775361e+01
1.300609155275983824e+02
1.392423663523343293e+02
1.273984722235772580e+02
7.699661594459612957e+01
1.538607703443936998e+02
1.370117270655907760e+02
1.694961242939187684e+02
8.151600887811326857e+01
1.570039151201535503e+02
1.473418081575242979e+02
1.349768076178932290e+02
1.464713418303896617e+02
1.352075322527459491e+02
1.737398016618460588e+02
1.098087012039066224e+02
1.707738422299698016e+02
1.461995921992718479e+02
1.396088131799427856e+02
1.386263822350105102e+02
1.955534185610249551e+02
1.244470703488081256e+02
1.260022085965099166e+02
1.634514521368822386e+02
1.560490768357136062e+02
1.354617528438283216e+02
1.329850669907847021e+02
1.605829323830451472e+02
1.574162025780599663e+02
1.235755072446753502e+02
1.157156774932895758e+02
1.659079855074160150e+02
1.332905559256898584e+02
1.178011047488660381e+02
1.166009317042085627e+02
1.714990308611027388e+02
1.229265108172077845e+02
8.471307817413453733e+01
1.328275406148891307e+02
1.439274955783091343e+02
1.109945385297144469e+02
8.366776954200661010e+01
1.441624815182216253e+02
1.207739050853717657e+02
1.131513043616307215e+02
6.307364654832765893e+01
1.426941179256587304e+02
1.257331886709691560e+02
7.563486634465883185e+01
9.262896205847263786e+01
1.106682451225664181e+02
1.192385363019611617e+02
8.319745702788726760e+01
8.994969313839268921e+01
9.793571906487557044e+01
1.085027579609114525e+02
9.030339165705056814e+01
9.937373095821017444e+01
9.455439143800161617e+01
9.901000537521986189e+01
7.016978580504735419e+01
1.090561001330487585e+02
1.067730455171070503e+02
7.547103144402316843e+01
9.792511752971343242e+01
9.928127001176120814e+01
9.323564906397581353e+01
8.749074829181526525e+01
9.810810457802575968e+01
1.032369205248639759e+02
7.733321623371782039e+01
9.413580299185612432e+01
1.038932313163074213e+02
1.098774359457898271e+02
8.437989075215003254e+01
1.099280848491264635e+02
8.908172028802916032e+01
1.327004184211213467e+00
4.671913705183404208e-01
3.348668295742848744e-01
2.759157784387039070e-01
3.012603925559185769e-01
3.408142969151579105e-01
2.321158066596559488e-01
1.948572392516460805e-01
2.516500173725824685e-01
2.388922028607187720e-01
1.484060456180144594e-01
1.714461329614857810e-01
2.313918215971176306e-01
1.998151176838414977e-01
1.314058583635030752e-01
1.655883854394539501e-01
2.087064967643242341e-01
1.593076116549375920e-01
1.171555590277221642e-01
1.595785503121607551e-01
