5.407349039680735814e+01
-1.167501070726737922e+01
1.761971215275130564e+00
5.327188400842671534e+00
4.182538590330688777e+01
-4.575639637369055990e+00
3.457355085778312187e+00
1.497971165823981599e+00
4.143613517561635007e+01
-1.035946687532222299e+01
6.460154901354675516e+00
7.458810995577244363e+00
4.102602817955623493e+01
-7.800214671678916467e+00
2.190729552359092835e+00
8.618014943250997817e+00
3.918345898384758641e+01
-2.327466383726505939e+00
-1.038462329257476835e+00
2.008389233043882172e+01
2.214683461103542328e+01
3.932986963483493525e+00
2.932354825797451880e-01
1.749316303695921349e+01
1.615408844733060434e+01
1.143007166466455082e+01
3.028065101565879047e+00
1.128150743057507910e+01
1.208076191077850936e+01
1.651719051192785059e+01
6.359610811220590243e+00
1.378210984789495441e+01
8.331015862081031287e+00
1.858577673294704624e+01
1.241070514911901235e+00
1.163365947320028226e+01
1.522748101971364321e+01
1.240570830723992657e+01
2.839427543720692171e+00
1.899498631114778746e+01
1.363102660480513961e+01
9.064351099310595572e+00
9.717880635273470347e+00
1.270994521450938919e+01
2.081783589554596858e+01
-3.403953583648624992e+00
1.330292842954712107e+01
2.114936900163079514e+01
1.396737803626372454e+01
-2.307785134915576464e+00
9.929669288548842232e+00
2.371410130884287071e+01
1.623074770356832275e+01
-1.188519733891267194e+00
3.307192108291133970e+00
2.935930705829280285e+01
1.308321667009432332e+01
-2.310052107988833647e+00
1.145425715802513622e+01
2.134359709948999040e+01
1.166415190842148419e+01
-9.043293311238489451e-01
1.737553696319139362e+01
1.252651826708165572e+01
2.226295590501943877e+01
-5.052588767405613801e+00
1.135813493464849344e+01
2.020185638958508534e+01
1.479926285310056144e+01
-1.094775886665954712e+00
1.647797174505867801e+01
1.168552211638671956e+01
1.654242415024582868e+01
-1.355550728734622457e+00
1.917342133704073603e+01
1.005022101475570651e+01
1.620257396935943461e+01
3.659487002913184295e+00
1.515115026748967963e+01
1.170001112266389143e+01
9.226971756042365413e+00
6.817035985006141274e+00
7.455722541807526582e+00
1.266562331998323998e+01
6.938423648473385441e+00
6.532570961489041039e+00
1.135839507443544605e+01
6.338496297655326295e+00
7.521273190602587810e+00
1.041170317412467661e+01
7.038967552765980962e+00
8.533249106993901378e+00
3.523428938530984489e+00
1.312610314660299871e+01
-2.797365412295582665e-03
1.137497037392037491e+01
4.903811077634786741e+00
1.663100512509590345e+01
1.480515265207884568e+00
5.449394804091523881e+00
1.294378691684635996e+01
1.152862070644199832e+01
1.735354316337027525e+00
6.205885839530393966e+00
1.226173379283404863e+01
1.578722657460068035e+01
-7.803739244915943729e-01
4.159903707311780607e+00
1.221208663966569574e+01
1.541263004115089075e+01
-1.558313207161723390e-01
6.942936552856695087e+00
1.538037551855103047e+01
1.197733087055310008e+01
-4.859231170294274094e+00
8.242248668694921676e+00
2.003658032614634976e+01
1.018922712726917368e+01
-7.442053167762474608e+00
1.771762293678504818e+01
2.191655928665635145e+01
5.880331991752190568e+00
-9.011394349242326740e+00
3.115202913075108881e+01
1.471914886258999289e+01
1.266625210777224275e+01
-5.402013398494975860e+00
2.497127490344345446e+01
2.426921429014684861e+01
1.060596197957812237e+01
4.766388078205276102e+00
3.547325661005118036e+01
1.786430326842685545e+01
2.166096588299010861e+01
1.637103979426336053e+01
3.891730712547547455e+01
2.032740163525220467e+01
3.131987741254692992e+01
3.122630238629610133e+01
3.968075244153787651e+01
3.550902774044605792e+01
4.601746790873371395e+01
3.848696895912103599e+01
6.045359425569282763e+01
4.967342180573544397e+01
4.921576688141190203e+01
5.482110535521691475e+01
8.316000166350278278e+01
4.475781611741331290e+01
7.659489465508343642e+01
7.609058628543500902e+01
7.494188139824316863e+01
6.605711746634666781e+01
9.316772640875448985e+01
8.476002755325487215e+01
5.307170204745111874e+01
9.769696454422548015e+01
7.885910207972314367e+01
1.052185293048736554e+02
4.208561940375600585e+01
9.554604272335650705e+01
9.329620964969848274e+01
9.749881260376278647e+01
4.984086430489291786e+01
9.244468292458809344e+01
8.364689690584164339e+01
9.456385036261121968e+01
5.992987059804180205e+01
6.599248126314158469e+01
7.572715600807593717e+01
8.601960508188716403e+01
5.819640728270771746e+01
4.257179809423917050e+01
7.286750759111502873e+01
7.709676861802752512e+01
3.271627703430495160e+01
5.013127269204368730e+01
6.398124744315960299e+01
3.633223494571166157e+01
3.577284767400823995e+01
5.258431902188521434e+01
4.469978525586267182e+01
4.286440534045342332e+01
2.362275902299876407e+01
3.379940819963179166e+01
4.782917204225066854e+01
2.958954103145686432e+01
2.467887547106848345e+01
4.082199649322807034e+01
4.172755561149659798e+01
2.829074617494565302e+01
2.168502742490215240e+01
5.117657752218791245e+01
3.918908078902837389e+01
3.469395081588599794e+01
2.240118279906623755e+01
4.709155148422675552e+01
5.939967650375950825e+01
2.003644631385847674e+01
5.353417612533760206e+01
6.662147183433724251e+01
2.926549746303486543e+01
4.624157855454956945e+01
7.975526724410171653e+01
6.258483898895910613e+01
2.190264779023137365e+01
7.709144674524576146e+01
9.659543790280710596e+01
4.527250622375724021e+01
5.497606347984762465e+01
8.877731152740624054e+01
8.665744854277342313e+01
5.492425066062432393e+01
7.843044901984083594e+01
8.884517996286965058e+01
8.212331201757332622e+01
8.339572764306574015e+01
5.816685314448288580e+01
1.089674461985058542e+02
5.710701033122888504e+01
9.273084246367753281e+01
7.379934075799694426e+01
8.488675895597850740e+01
5.412889768201853968e+01
9.039635082447335890e+01
9.317020068406989708e+01
5.682604108629173112e+01
8.106379441572669009e+01
5.928579221609274441e+01
9.536298894962543216e+01
6.142666870136247326e+01
7.215307512837547677e+01
7.163085541421480684e+01
7.054432894950002719e+01
6.267175206078415073e+01
6.653487487759872465e+01
6.185355231306467516e+01
8.507593851397540163e+01
6.407327184408541143e+01
6.952552034296471106e+01
6.726791300257262662e+01
8.982261014673008503e+01
6.250299840695883091e+01
6.519607435047603872e+01
7.181257497383866450e+01
1.011063208893403385e+02
9.917049420060575926e+01
7.415132700123915299e+01
8.139715583366466944e+01
1.181629265268657605e+02
7.951189152450210429e+01
9.137123207308026451e+01
1.304766506098001173e+02
1.200644211020500762e+02
7.072762215521362350e+01
1.264011240263300806e+02
1.357980973631576376e+02
1.389172939855522486e+02
7.226451317641053151e+01
1.492223300979651697e+02
1.364114062180128428e+02
1.794462270075321726e+02
7.640406183981006905e+01
1.516771915172058698e+02
1.495686348244173587e+02
1.428110715026253388e+02
1.413072799348080935e+02
1.294900131023819654e+02
1.785874544484458113e+02
1.151334198206592276e+02
1.659159009867871646e+02
1.403684527646857418e+02
1.467052310506459207e+02
1.412330837177024421e+02
1.913555858971772636e+02
1.187370891525181378e+02
1.348449429654096150e+02
1.633341254662321660e+02
1.528252134085484499e+02
1.300497211109080524e+02
1.429866643310897132e+02
1.579366112567905986e+02
1.554053248358571011e+02
1.185761391022220295e+02
1.262489648053656595e+02
1.611141396121944638e+02
1.326303841687781073e+02
1.132653784867205502e+02
1.270498154100403809e+02
1.650937758182562902e+02
1.236330912167596807e+02
8.063732312768796362e+01
1.426316745586704542e+02
1.365590224638446557e+02
1.129528157531416923e+02
8.000754666105265756e+01
1.528563099824731637e+02
1.131487730922445394e+02
1.161193545099689857e+02
5.976150241193255397e+01
1.499345545524933527e+02
1.185607138377392715e+02
7.925918094048888918e+01
8.959299913943816307e+01
1.162503217016858059e+02
1.131754269839054956e+02
8.703925222049677757e+01
8.713303202680572213e+01
1.017927800797074269e+02
1.041074160492877780e+02
9.387276281491709540e+01
9.674428206315657519e+01
9.675690721369973346e+01
9.669705066169574081e+01
7.296608163651546874e+01
1.066189462471521665e+02
1.075058258831260218e+02
7.548874670826634770e+01
9.947717387370755660e+01
9.707747858276042052e+01
9.277974726282729989e+01
8.990058220389629184e+01
9.801811303346057969e+01
1.013389287536158179e+02
7.603505092260570564e+01
9.881550476428674301e+01
1.018705488756974802e+02
1.083802403804965309e+02
8.261994201928389714e+01
1.165854709347661355e+02
8.495357832961627764e+01
1.282010349355392043e+00
4.693620634899611788e-01
3.163802154820022916e-01
2.967578141170327255e-01
2.940590491995698774e-01
3.431381099276219482e-01
2.167329868621672151e-01
2.166376939421504610e-01
2.424587468174924931e-01
2.386810426648526273e-01
1.379908975825143158e-01
1.915699844110929917e-01
2.201025994501204508e-01
2.001031664234025620e-01
1.252129141254166855e-01
1.826414835547351401e-01
1.952666902694553952e-01
1.618731882599825644e-01
1.134282244911346410e-01
1.735340598254763167e-01
