5.365160487139038281e+01
-1.151782008276637903e+01
1.943327993713463098e+00
6.361555236702787219e+00
3.969056128646945325e+01
-3.804206277066196851e+00
3.909217230205579430e+00
3.204127400563055339e+00
3.758621170066943762e+01
-8.665766345937338855e+00
7.206299818990588690e+00
9.444630836725423251e+00
3.558728083633447881e+01
-4.911893244406611458e+00
3.176006389372111993e+00
1.049574618134768933e+01
3.240274800684943557e+01
1.964532580002532836e+00
5.896001326407862564e-02
2.150130730506030119e+01
1.437488339933513615e+01
9.750977442119118876e+00
1.319083258870532127e+00
1.816050510816671348e+01
7.820229730754821418e+00
1.879294356859553972e+01
3.762640806407083538e+00
1.099209001430023491e+01
3.662230613092789078e+00
2.533102225173026056e+01
6.572658166439406813e+00
1.242524699050245296e+01
3.177866475918650346e-01
2.864447818423524694e+01
7.181575846898020643e-01
9.198603733223695400e+00
8.087017150298208890e+00
2.340020922617808097e+01
1.407984368111291573e+00
1.556604524832107828e+01
7.774507739447924060e+00
2.060136278992087355e+01
7.269381318957358395e+00
8.453173245557108473e+00
1.657108006362040697e+01
8.224409001565783583e+00
9.809373262915464409e+00
1.629238918658279189e+01
1.154890049119890705e+01
8.934694199151161698e+00
5.452639691602711558e+00
1.852082837797187764e+01
1.573888114241008651e+01
9.199227052971419738e+00
-2.001451654210529618e+00
2.410237122605752447e+01
1.449279054048009385e+01
6.796971065372396481e+00
5.548127988843174485e+00
1.627692306407905320e+01
1.483305350079731610e+01
6.570295436057353555e+00
1.117274818577541673e+01
7.860329866212531158e+00
2.694747312780376092e+01
5.388072469019773436e-01
5.203281005664317505e+00
1.608262391531671653e+01
2.067728923707873179e+01
2.482250166094883692e+00
1.073169456495350005e+01
8.182618594629861519e+00
2.324212764511203488e+01
2.053983527691984889e-01
1.418206501793221719e+01
7.150489370497253638e+00
2.333411294236946532e+01
3.331879264005065178e+00
1.121641984543171411e+01
9.310713858193977899e+00
1.641452701493262367e+01
4.847439020520809549e+00
4.807020320239805855e+00
1.062547570969024768e+01
1.384982686908697858e+01
3.267251411720762277e+00
1.013031928421768946e+01
4.435742042882339753e+00
1.389275721723819501e+01
6.269671300451789442e+00
7.256051952563783658e+00
6.529086421172215715e+00
9.177482404510055147e+00
8.566740184635380118e+00
1.567381872497884299e+00
9.030138433188430014e+00
9.758746533215841623e+00
1.211890698337426286e+01
4.198073370596393517e+00
2.551426377945210877e+00
1.701437435404055520e+01
7.498514210554651171e+00
5.293311531430378025e+00
2.594451564984995517e+00
1.565104434257601795e+01
1.261179629449000750e+01
3.230712911544951993e+00
-2.521759611794354150e-01
1.509546509119911661e+01
1.337583682539571583e+01
3.868794342129747932e+00
1.730806834634905034e+00
1.798314765966760120e+01
1.125532928555155543e+01
-1.280220745787283398e+00
2.325178975523519931e+00
2.260764198718298346e+01
1.084033917714296003e+01
-4.752461607949205913e+00
1.128328947500867052e+01
2.470034132592030574e+01
7.844764603556548366e+00
-7.605447318202575246e+00
2.447000663572140411e+01
1.792857676561107283e+01
1.577542174966835908e+01
-5.593627234055087882e+00
1.837440274032880438e+01
2.806217169029958924e+01
1.460048225030041280e+01
2.768302398339071324e+00
2.933251541682147590e+01
2.232577597303234995e+01
2.621563208402071510e+01
1.247918552170875728e+01
3.361228392029311607e+01
2.545895241881969895e+01
3.607340761412793739e+01
2.548213012468474048e+01
3.556819630178043923e+01
4.122657902536111152e+01
5.060438166788925685e+01
3.105772860454990081e+01
5.783677340188988580e+01
5.581356312026151301e+01
5.329763234028449403e+01
4.598704798570306451e+01
8.226154611485692669e+01
5.109207331901396287e+01
7.988826424208451726e+01
6.622336588456948903e+01
7.588253382768122890e+01
7.231289035778583241e+01
9.546640197996143229e+01
7.429408353314235569e+01
5.585692407459126940e+01
1.035832236258697634e+02
8.004889324900395309e+01
9.461781173928065414e+01
4.660135110156457472e+01
1.007814293730433235e+02
9.336102793446147530e+01
8.722159323590464908e+01
5.585896631354850683e+01
9.678542040835779403e+01
8.266580337031972192e+01
8.502851126027863415e+01
6.712295673271157170e+01
6.925749841079364444e+01
7.386278327704042113e+01
7.757420065869118275e+01
6.616097165178074135e+01
4.466269464636405928e+01
7.034703807610924287e+01
6.999482405242399352e+01
4.100230304994994412e+01
5.104519615321839154e+01
6.107178182989626691e+01
3.071670357480441993e+01
4.391751932600703157e+01
5.241843935678203081e+01
4.168042182887093361e+01
3.876100601292409920e+01
3.118552713456338310e+01
3.274641528495143206e+01
4.496239594293854225e+01
2.690989414703890148e+01
3.127499608379273255e+01
3.915684131724112405e+01
3.923258359934794015e+01
2.684489330926666639e+01
2.701479877878185221e+01
4.923546178849844779e+01
3.721961785167432168e+01
3.421104916704567955e+01
2.627245330290196179e+01
4.524487237207557655e+01
5.802813280222535752e+01
2.019174388136756804e+01
5.587624953249383708e+01
6.524298686217591126e+01
2.847512388685663609e+01
4.668725767821713646e+01
8.062304622082885430e+01
6.201968019544322885e+01
2.158832817257315284e+01
7.748861654001055399e+01
9.616346254103103774e+01
4.580680992900771287e+01
5.495371509054142223e+01
8.882635963220785413e+01
8.520433256033948055e+01
5.675906531556728396e+01
7.845420001555804390e+01
8.831186604766261894e+01
8.000788403146489713e+01
8.662752511719320125e+01
5.795245566997554931e+01
1.077025179879115910e+02
5.473816171648007156e+01
9.734041529093623524e+01
7.305170451815064325e+01
8.283746067921515532e+01
5.193166275915362462e+01
9.624717589801360873e+01
9.161254527517772317e+01
5.403861171967485433e+01
7.944449809820009989e+01
6.613213844336581815e+01
9.276494850975248596e+01
5.803973089091191895e+01
7.146645008080922423e+01
7.913508107037698380e+01
6.674641703555845140e+01
5.890129758245091551e+01
6.705587190093484651e+01
6.961124609294539312e+01
8.000808464414900811e+01
6.019069136080604210e+01
7.142812431706300913e+01
7.483885160559701433e+01
8.351499117200647504e+01
5.880821150624881710e+01
6.854083163530395950e+01
7.875495758552327175e+01
9.369138353121196872e+01
9.596266126161074794e+01
7.888253898621887572e+01
8.730228005611390074e+01
1.098682722756590806e+02
7.706039061235607335e+01
9.732394126691814051e+01
1.350011378308620351e+02
1.111970362506158523e+02
6.924594011605186950e+01
1.333171819555041395e+02
1.386909696189416650e+02
1.298403807210349328e+02
7.188942570106350161e+01
1.567740693777866738e+02
1.375337350251020894e+02
1.705505606380546908e+02
7.718200185514855605e+01
1.594965781308194153e+02
1.489041058650605862e+02
1.344833157653540070e+02
1.431891364046267086e+02
1.372007082184129558e+02
1.762429493015586104e+02
1.077241279857941407e+02
1.687607350650225726e+02
1.476179782178086271e+02
1.429013751367067471e+02
1.350271708081645841e+02
1.949429325810370699e+02
1.252266943056691701e+02
1.298979278395197809e+02
1.585258369245127881e+02
1.568746596818050421e+02
1.355582341175891941e+02
1.372802414002576086e+02
1.546136462037504202e+02
1.596025177353733682e+02
1.229762787029191173e+02
1.202051048555015882e+02
1.592483688904055725e+02
1.366550020309347246e+02
1.165332478352197541e+02
1.210927011503889190e+02
1.645424359100030358e+02
1.271894235045441235e+02
8.285177717172805956e+01
1.371530298848285838e+02
1.370750598615105673e+02
1.157984393455407286e+02
8.133974435303828443e+01
1.481830642388903527e+02
1.144019904294298016e+02
1.180887185809008741e+02
6.045627985561766593e+01
1.463027527555139500e+02
1.201646978776199006e+02
8.027976969682690367e+01
8.994359796112155436e+01
1.137878364185872044e+02
1.147217261352833617e+02
8.713931194517165579e+01
8.745162319353464397e+01
1.005131634336593720e+02
1.051969786124131616e+02
9.318095224303051793e+01
9.733248900378906399e+01
9.655748845119890689e+01
9.697722878278861458e+01
7.170102936107245739e+01
1.077381129404341777e+02
1.081820671369187608e+02
7.467962579573010373e+01
9.793033011146307842e+01
9.892470160048129912e+01
9.404301749244912401e+01
8.782167190061933582e+01
9.652712918904053652e+01
1.040293961075883971e+02
7.754094544144655288e+01
9.539998009509388055e+01
1.007883072323688936e+02
1.119347012923807512e+02
8.399659487093201449e+01
1.118888717117556268e+02
8.466696920472121235e+01
1.270268591793428437e+00
4.707641439670565142e-01
3.267083635679654541e-01
2.880108114136136210e-01
2.885489994665449975e-01
3.472847692920612572e-01
2.255489680417672449e-01
2.054432011389321078e-01
2.388887543927669943e-01
2.452446711738064111e-01
1.440828497209274972e-01
1.804968382219666323e-01
2.197599694918481450e-01
2.067905499147197346e-01
1.274313596602802412e-01
1.726678784783167719e-01
1.980567636182567204e-01
1.673425178485103137e-01
1.125688932708320683e-01
1.650484406596997022e-01
