3.681786662531569831e+00
5.577812534420840684e+00
7.491671159643354727e+00
9.215697645254364190e+00
1.059825842317066424e+01
1.166537495835677696e+01
1.240724420995979926e+01
1.283415909018774670e+01
1.297645693300043312e+01
1.287654123967885234e+01
1.258708486687407913e+01
1.216698568457342411e+01
1.167697067900356345e+01
1.117527710481325798e+01
1.071368478347621433e+01
1.033426837160833855e+01
1.006702225006211115e+01
9.928555048314716913e+00
9.921928109842074406e+00
1.003747100840596396e+01
1.025468945865160642e+01
1.054488767766716428e+01
1.087426344576788573e+01
1.120740392374201733e+01
1.151058289165213111e+01
1.175481878990114382e+01
1.191841955264159481e+01
1.198863475704270165e+01
1.196254464661477890e+01
1.184695864549576960e+01
1.165737552961632417e+01
1.141630599052943218e+01
1.115087507497314689e+01
1.089012255127030393e+01
1.066221865985407646e+01
1.049179324293211479e+01
1.039768453890658684e+01
1.039125216291228249e+01
1.047541745217243125e+01
1.064444185109814001e+01
1.088454248594739227e+01
1.117521859688350716e+01
1.149121120644972649e+01
1.180481051372481183e+01
1.208841569629469959e+01
1.231705659467266933e+01
1.247062941811684311e+01
1.253568379585403036e+01
1.250660437995239782e+01
1.238607853316972118e+01
1.218482806795847040e+01
1.192060667518443395e+01
1.161661502446044558e+01
1.129938583775974337e+01
1.099640863136452573e+01
1.073374278548338090e+01
1.053369137842059189e+01
1.041289621178308522e+01
1.038094960730571614e+01
1.043959384293473569e+01
1.058265120885175747e+01
1.079660040791219444e+01
1.106177783400955228e+01
1.135411276955533921e+01
1.164721201848360721e+01
1.191461382121627821e+01
1.213201068912881553e+01
1.227924530313140750e+01
1.234190829796933819e+01
1.231240447243255787e+01
1.219040351605405270e+01
1.198264774880434125e+01
1.170214747849826864e+01
1.136684905762942854e+01
1.099790679319902686e+01
1.061772344643479649e+01
1.024794218240990418e+01
9.907574106756856125e+00
9.611429965208937887e+00
9.368993772959912647e+00
9.183833083565975386e+00
9.053589336118903930e+00
8.970537013459587428e+00
8.922647282021419102e+00
8.895045225082363061e+00
8.871713984456579993e+00
8.837277343202810442e+00
8.778686432331582523e+00
8.686646804466985117e+00
8.556648031451349112e+00
8.389496779096676349e+00
8.191302346850580562e+00
7.972916428496860775e+00
7.748881417435730334e+00
7.535989033137528992e+00
7.351588938096303316e+00
7.211811785596808022e+00
7.129880436795486887e+00
7.114675987049649208e+00
7.169702347949380439e+00
7.292556508185242592e+00
7.474964591988583429e+00
7.703390782456935426e+00
7.960171992147422770e+00
8.225080899362545495e+00
8.477178349241548005e+00
8.696787099773890972e+00
8.867405297164939526e+00
8.977381304808671914e+00
9.021191456623428806e+00
9.000197279270508943e+00
8.922805638616353008e+00
8.804009895530974461e+00
8.664347518133961756e+00
8.528364398189987483e+00
8.422723240868597472e+00
8.374128358562181518e+00
8.407258587988554410e+00
8.542901839247905471e+00
8.796468538269428095e+00
9.177028158008901926e+00
9.686965927961878720e+00
1.032229977633609153e+01
1.107363568119444963e+01
1.192767849850399564e+01
1.286916063344562922e+01
1.388300777689585885e+01
1.495653353053699597e+01
1.608144592477996326e+01
1.725545979342257397e+01
1.848333913938367701e+01
1.977724069280293762e+01
2.115628994559450149e+01
2.264538892036497586e+01
2.427332486606740503e+01
2.607031474896568568e+01
2.806517586863629887e+01
3.028235301549776537e+01
3.273905340920585871e+01
3.544273996293364348e+01
3.838921081656848600e+01
4.156145010909828130e+01
4.492937497594805762e+01
4.845053167391268545e+01
5.207171561255033509e+01
5.573141259302312278e+01
5.936288845953394144e+01
6.289769784911077721e+01
6.626934488325585448e+01
6.941681302397219611e+01
7.228768957186612454e+01
7.484064201061185884e+01
7.704705614348253562e+01
7.889171540391704696e+01
8.037248102410197248e+01
8.149901706633472998e+01
8.229068538335130256e+01
8.277380629835532488e+01
8.297853492827283617e+01
8.293563573994038052e+01
8.267344607692707825e+01
8.221530208487621394e+01
8.157765897497702667e+01
8.076907531058344603e+01
7.979015325176341378e+01
7.863444013558174106e+01
7.729020894329026703e+01
7.574295384362628170e+01
7.397836935942169134e+01
7.198553391689522130e+01
6.975999506475834266e+01
6.730645687067439553e+01
6.464079997446094694e+01
6.179121920776447752e+01
5.879833810616131018e+01
5.571424775481565916e+01
5.260051165038620979e+01
4.952527041946888176e+01
4.655966217116091599e+01
4.377383863020374122e+01
4.123289809174025322e+01
3.899306973160523881e+01
3.709846831798532918e+01
3.557869483917230014e+01
3.444749039408294777e+01
3.370256349603062773e+01
3.332661206595030734e+01
3.328945931062622776e+01
3.355112626220824978e+01
3.406558149167106109e+01
3.478484777450880472e+01
3.566311187602978094e+01
3.666048043853953686e+01
3.774605288514505474e+01
3.890003929035334096e+01
4.011473272460121109e+01
4.139424487482006754e+01
4.275302235215529834e+01
4.421326966862584840e+01
4.580150391827839940e+01
4.754454695449214796e+01
4.946531600464259526e+01
5.157879802567275362e+01
5.388858410660577647e+01
5.638429816143391093e+01
5.904018220368792669e+01
6.181500447172935964e+01
6.465334457473592522e+01
6.748819115545454395e+01
7.024467252255378469e+01
7.284463932454731605e+01
7.521173960326483154e+01
7.727657762007716258e+01
7.898153334736770148e+01
8.028484119213285908e+01
8.116358298395635984e+01
8.161533709539513382e+01
8.165833565754796552e+01
8.133010595917622254e+01
8.068469970867859331e+01
7.978873389198571431e+01
7.871656897643586603e+01
7.754502513050903190e+01
7.634807812658874582e+01
7.519197969870091924e+01
7.413121162864354119e+01
7.320561136271358293e+01
7.243890532046800956e+01
7.183876276734753219e+01
7.139834870153342194e+01
7.109922029951106026e+01
7.091528984108279587e+01
7.081747855571417460e+01
7.077861950462380491e+01
7.077813975815672620e+01
7.080606580420683827e+01
7.086595079613640280e+01
7.097641377832887599e+01
7.117110198455416992e+01
7.149702754110565195e+01
7.201137740793038233e+01
7.277703728630991975e+01
7.385719388132581287e+01
7.530947406304289871e+01
7.718013521240736452e+01
7.949883262960987906e+01
8.227445534159282658e+01
8.549244295833059937e+01
8.911387926661365100e+01
9.307651236772534276e+01
9.729768838385631113e+01
1.016790198547126067e+02
1.061124552748744634e+02
1.104872864330980207e+02
1.146975371609378982e+02
1.186491297088173837e+02
1.222662283547587947e+02
1.254962149709157018e+02
1.283128546326385617e+02
1.307173530334548275e+02
1.327371802580595386e+02
1.344227230828376207e+02
1.358420145125469105e+02
1.370739590461745934e+02
1.382006099160152814e+02
1.392991477533505247e+02
1.404342494515925637e+02
1.416515195245219161e+02
1.429725778082019758e+02
1.443922581389820721e+02
1.458782425418560820e+02
1.473731997382068073e+02
1.487992297715790073e+02
1.500643516884789506e+02
1.510704199707779196e+02
1.517218634196474625e+02
1.519346744400919533e+02
1.516446748781764313e+02
1.508144747991573524e+02
1.494384582714375540e+02
1.475451080476092329e+02
1.451965458690149831e+02
1.424851024722690909e+02
1.395271215427709137e+02
1.364545099469058016e+02
1.334046473449973575e+02
1.305095016648901378e+02
1.278847917383560855e+02
1.256201343565051900e+02
1.237711333521298371e+02
1.223540483891834896e+02
1.213437064814586961e+02
1.206749270558188130e+02
1.202474882056896064e+02
1.199343472946847271e+02
1.195925169559803862e+02
1.190757836961838052e+02
1.182482934776997752e+02
1.169979170329685445e+02
1.152482951948161656e+02
1.129685631399795795e+02
1.101795483319036038e+02
1.069560002436922161e+02
1.034242741075473759e+02
9.975526703042156385e+01
9.615326223625248758e+01
9.284094179122590162e+01
9.004178138558239652e+01
8.796125031133149719e+01
8.676781865616821676e+01
8.657564782935600078e+01
8.743019204350163420e+01
8.929770129271098256e+01
9.205950344124806861e+01
9.551422114803224872e+01
9.938185613207686231e+01
1.033169921762413708e+02
1.069269140502676407e+02
1.097912699048163319e+02
1.114897095101451896e+02
1.116251959968373768e+02
1.098519890314915415e+02
1.058943959519273079e+02
9.957431307939509679e+01
9.081934392858684646e+01
7.960337941825565622e+01
6.625421921960476368e+01
5.110775615715497366e+01
3.225250517591400978e+01
1.720229514404056914e+01
6.407051982345326024e+00
3.917751853983009735e-01
3.035270940216528990e-01
2.800609792655936459e-01
2.612795321424664641e-01
2.440630889831853223e-01
2.291760349175928080e-01
2.163432232873187533e-01
2.059969516473676432e-01
1.990188241301693028e-01
1.932122285440901477e-01
1.878259602586287991e-01
1.820901506171899720e-01
1.768305927690745627e-01
1.711564068155139173e-01
1.658950919654110789e-01
1.604565765798377786e-01
1.549552996897583523e-01
1.498932536766924006e-01
1.446067893183879682e-01
1.401203127104792001e-01
