5.718538445955254446e+01
-1.285516987397356914e+01
-3.904523153355915266e+00
7.695645177319717867e+00
5.037673488090303664e+01
-9.117134596052068218e+00
-7.207905231170753879e+00
8.052399585955820172e+00
5.457567914856038271e+01
-1.993637163235690934e+01
-8.296064105008575496e+00
1.987734475527440736e+01
5.765832448707922708e+01
-2.397332217904730811e+01
-1.549529888018152590e+01
2.846371901864381471e+01
5.797234081575837195e+01
-2.656900422395644057e+01
-2.023103786744837507e+01
4.883292824754687445e+01
4.148999059716200577e+01
-2.978626750419366687e+01
-1.868136816318008542e+01
5.655700043474691086e+01
3.412494879983654528e+01
-3.312324650091179734e+01
-1.363124687995832574e+01
6.200623751769775538e+01
2.634292489700570172e+01
-4.015965232454378508e+01
-5.414809070307324390e+00
7.741806681511822319e+01
1.602251964102412174e+01
-5.138230872599291388e+01
-2.480745975106444234e+00
8.925563048323279247e+01
1.282759931335803216e+01
-7.179239027200004841e+01
1.107486389064091981e+01
1.113643992475538766e+02
-3.182708081614410212e+00
-8.990075922284965770e+01
3.469347162906832693e+01
1.200648417470732738e+02
-1.566911253069215526e+01
-1.170203187802208191e+02
6.080313777083833315e+01
1.429109195459888895e+02
-4.849578314041972504e+01
-1.294679384278319958e+02
8.682293013509237767e+01
1.581015404314636328e+02
-7.960612946597174755e+01
-1.393612112826256748e+02
1.175569307841683866e+02
1.729112944702300467e+02
-1.245830674459239304e+02
-1.470147122375284425e+02
1.720247589800723631e+02
1.683498736410119250e+02
-1.771849392402166927e+02
-1.451030969864970075e+02
2.339956574236452411e+02
1.543833660847834039e+02
-2.276989873690647528e+02
-1.384726098021328085e+02
2.941032986394159252e+02
1.447097452537807385e+02
-3.062566693777437763e+02
-1.095087371031634973e+02
3.751253251471092653e+02
1.023228866669747532e+02
-3.848656741761600415e+02
-6.585923065803976328e+01
4.622866821220571296e+02
4.526911270324145420e+01
-4.730268942101330936e+02
7.318989076526731807e+00
5.488524925728045218e+02
-3.569452681137576633e+01
-5.721051998278434212e+02
1.087918225535867123e+02
6.338463536076582159e+02
-1.506413850517234323e+02
-6.658232960692259894e+02
2.432135912157062592e+02
7.265575741562255416e+02
-3.124777020971281445e+02
-7.488835587167333188e+02
4.244468116006530067e+02
7.988241945418051273e+02
-5.114947736107553169e+02
-8.190652633020979465e+02
6.529831507779763342e+02
8.450474248771126895e+02
-7.609511966779257364e+02
-8.537905580260851366e+02
9.355490361092417970e+02
8.622509234505536142e+02
-1.074223545432414085e+03
-8.358717219946909154e+02
1.265676997443305027e+03
8.230282369372732774e+02
-1.437513050053090865e+03
-7.612416745696982616e+02
1.661431252903683799e+03
7.045624606641530363e+02
-1.858542179181403526e+03
-5.974391004175246280e+02
2.104867347629819051e+03
4.878452291156796718e+02
-2.323179552280990265e+03
-3.152025239385424129e+02
2.588121774178646774e+03
1.360653898018404107e+02
-2.824946634441447259e+03
1.136088512465890119e+02
3.099315568744458233e+03
-3.745438410471731459e+02
-3.333328754507902886e+03
7.170421978697227132e+02
3.608671045096049511e+03
-1.078192596272524270e+03
-3.821662669228953746e+03
1.522303766865400348e+03
4.093133698207599082e+03
-2.004171739510265070e+03
-4.270520752567993441e+03
2.588064319034910113e+03
4.482899733730675507e+03
-3.182696627143623573e+03
-4.586339854105593076e+03
3.911201428804787156e+03
4.734756873572832774e+03
-4.645596004915651974e+03
-4.719274909294976169e+03
5.539362483779698778e+03
4.751759407030359398e+03
-6.408888401998575318e+03
-4.573251696868514045e+03
7.487955588518923832e+03
4.439077031837123286e+03
-8.487310524268277732e+03
-4.014489470759865526e+03
9.737880789311408080e+03
3.659160240186059582e+03
-1.084788112781753080e+04
-2.930115413340335181e+03
1.224189683554638395e+04
2.307018157812261961e+03
-1.345068979237935309e+04
-1.202922920838229857e+03
1.498412987941659048e+04
1.888509440110868240e+02
-1.623267681828189052e+04
1.351124073573752867e+03
1.784611318145678524e+04
-2.888910886851279884e+03
-1.904229291959843977e+04
4.935378450899020208e+03
2.062913630352518157e+04
-7.048818812686462479e+03
-2.173474559205077458e+04
9.741059005265726228e+03
2.314804493712453404e+04
-1.252536226186117710e+04
-2.402300957006059980e+04
1.592858985622730870e+04
2.508717435730890793e+04
-1.946071482792827737e+04
-2.558228877462940000e+04
2.363872185924625228e+04
2.609275563855762812e+04
-2.798801189125388919e+04
-2.597987890166509897e+04
3.297202791418344714e+04
2.571525132718011082e+04
-3.819995497794665425e+04
-2.471808680886669754e+04
4.402456352164970303e+04
2.333572593962875544e+04
-5.009817353766935412e+04
-2.108072402540296389e+04
5.669484381616128667e+04
1.824584901584848922e+04
-6.352652532448857528e+04
-1.438875139060189940e+04
7.081230678950599395e+04
9.693202994759638386e+03
-7.822940708331961650e+04
-3.761219779876406847e+03
8.597267736669619626e+04
-3.240779228475710170e+03
-9.369252671757810458e+04
1.173373928412007263e+04
1.015550305581819994e+05
-2.154446883761596109e+04
-1.091241219734486658e+05
3.306128645028065512e+04
1.166561735792698164e+05
-4.618793135565936973e+04
-1.234915813539066876e+05
6.128910733848553355e+04
1.299458798502728605e+05
-7.820835316427340149e+04
-1.352178365566936554e+05
9.733192634293169249e+04
1.396944915511898289e+05
-1.184889574784522993e+05
-1.423181690906234144e+05
1.419704870413462340e+05
1.436663490945583908e+05
-1.676811940231759218e+05
-1.423526142983883619e+05
1.957497740558758087e+05
1.391275978164108819e+05
-2.261466568776109780e+05
-1.322938392996900657e+05
2.588179402298548957e+05
1.226990040988207766e+05
-2.937682517168881604e+05
-1.084008732781409199e+05
3.306165439481411013e+05
9.046861983093783783e+04
-3.696640047771945246e+05
-6.644527364054812642e+04
4.098503914032994653e+05
3.791246256044683105e+04
-4.520118165299554821e+05
-1.636419081102967766e+03
4.941141836923653609e+05
-4.007199018690110825e+04
-5.376500279261231190e+05
9.127870622671737510e+04
5.795163219432444312e+05
-1.488468439287193760e+05
-6.219844122179292608e+05
2.178992629029091913e+05
6.604547620406650240e+05
-2.939432662057787529e+05
-6.984002929563459475e+05
3.837004071791234310e+05
7.292123300467455992e+05
-4.807098050374258310e+05
-7.580639178439034149e+05
5.938192376957382075e+05
7.756518796283451375e+05
-7.137849936926348601e+05
-7.894986898393157171e+05
8.524335529751873109e+05
7.866916127272967715e+05
-9.965372239167522639e+05
-7.782707184074228862e+05
1.162060577347612474e+06
7.463178517430512002e+05
-1.330228748014421901e+06
-7.068861670837677084e+05
1.522746861950413324e+06
6.351435086742490530e+05
-1.713060685331642395e+06
-5.544385475794135127e+05
1.930891036082670791e+06
4.304302044568389538e+05
-2.138901923468216322e+06
-2.968206180394854164e+05
2.377865397142008413e+06
1.063208801282478380e+05
-2.595862579180817120e+06
9.293565468364606204e+04
2.848790564095587470e+06
-3.659061665838417248e+05
-3.064587347316567320e+06
6.439109082777919248e+05
3.320610064084684476e+06
-1.016770266407021321e+06
-3.512839398353124037e+06
1.392351426595786586e+06
3.756609001293294132e+06
-1.881259752572102007e+06
-3.902966784853756428e+06
2.358495966761396267e+06
4.114207999046804383e+06
-2.985336646392480470e+06
-4.185495378658548463e+06
3.577573931818328332e+06
4.337174772403473966e+06
-4.361115404946294613e+06
-4.291265513979097828e+06
5.071218862568431534e+06
4.347507045223821886e+06
-6.026586830095503479e+06
-4.127431193690035958e+06
6.849630339803225361e+06
4.043602552447406109e+06
-7.982886180717083625e+06
-3.583175409497185610e+06
8.899509648341111839e+06
3.312192882811988238e+06
-1.020585536396275647e+07
-2.530384192665494047e+06
1.117976422626649961e+07
2.017926459274161141e+06
-1.265122483393075690e+07
-8.284983587403796846e+05
1.362082020121701993e+07
3.042313980118136897e+04
-1.524039547247538902e+07
1.674176867386008846e+06
1.612740881589779444e+07
-2.808732279140106868e+06
-1.785669038005675375e+07
5.144072131424688734e+06
1.853061462479559332e+07
-6.645899880720733665e+06
-2.032592246713949367e+07
9.747678454021036625e+06
2.062031077566818148e+07
-1.164158767413122766e+07
-2.241418471952093393e+07
1.565313310639476962e+07
2.210556311642906815e+07
-1.792417331976137310e+07
-2.381928333884202316e+07
2.301410539539057761e+07
2.262984976700557023e+07
-2.559128588917509466e+07
-2.417936318178131059e+07
3.192698688604268059e+07
2.171136332267168909e+07
-3.466301990217091888e+07
-2.255076841944814473e+07
-3.851993116351634380e+05
1.542620799083593010e+05
1.041711392196417873e+05
-1.755402396899772575e+05
-9.461109443009605457e+04
1.591538394743241952e+05
6.756814821779570775e+04
-1.685080786646301567e+05
-5.931247159929996269e+04
1.510388036413397640e+05
3.587578784688576707e+04
-1.444998428351991752e+05
-1.740637517907215442e+04
1.310873951919008396e+05
-3.182249458916913227e+03
-1.206920584260615433e+05
1.612648018678876906e+04
1.059623290069624782e+05
-3.236558576110551803e+04
-9.724472318537326646e+04
