5.544367134149108978e+01
-1.373806165956574432e+01
9.299727102400017209e-01
8.174711832210540763e+00
4.280642420884509391e+01
-8.691298781362839065e+00
2.611791756456212532e+00
7.191268275410805266e+00
4.117159703180281838e+01
-1.637115900761743248e+01
6.413535714779695418e+00
1.574095123950374564e+01
3.871682855068487328e+01
-1.530910828051426087e+01
3.666590555065273982e+00
1.899747392658737866e+01
3.415904295339198171e+01
-1.072227101837143337e+01
2.527140926126277165e+00
3.187480321386584592e+01
1.392661883567314085e+01
-4.574576653034183593e+00
6.306817142629832951e+00
2.987272294503700465e+01
4.492199317600522157e+00
3.681568775961471474e+00
1.160184212501387080e+01
2.335969125528041346e+01
-3.006531317791579561e+00
1.042223565053388334e+01
1.734573542461798823e+01
2.467829755033708494e+01
-9.900258872144508615e+00
1.498546267644262997e+01
1.423832431854233427e+01
2.055280287998523292e+01
-5.618715413875953857e+00
1.201257956263448179e+01
1.722329446893881411e+01
2.529752912892141481e+01
-9.093643494889093404e+00
1.239818253495136169e+01
2.469049238850606898e+01
1.596887777241414241e+01
-2.899894635918957242e+00
3.935260583149082780e+00
2.795869229692250002e+01
2.118937693724247850e+01
-9.780974832006213759e+00
9.045883944257319342e+00
2.333091335278689371e+01
2.062876714588565363e+01
-6.587026504286693118e+00
1.391348122078774452e+01
1.456334821302026938e+01
2.350535846578636878e+01
-7.922496129190298220e+00
1.601668606326059674e+01
1.979696623140929290e+01
1.331330900419220420e+01
-6.799647870927453042e+00
1.990397400651131932e+01
2.222576963776447201e+01
3.099412469903929601e+00
6.859055119688589386e+00
1.733245134511474106e+01
1.237735117454046829e+01
1.027987386377086310e+01
2.719118968160425087e+00
2.187185183190207738e+01
1.359975812105325943e+01
2.217330807658760783e+00
7.774708191800761448e+00
2.118648480298598358e+01
1.261262870870955766e+01
1.950878070069805625e+00
1.046289623232697075e+01
2.484030076284403776e+01
5.389605612963388026e+00
5.772768548829879443e+00
5.983138130620121231e+00
2.584462043433721945e+01
-4.794424955419781753e+00
9.532517297809397050e+00
5.456802868490826519e+00
2.282274016313560239e+01
-2.493943955192887252e+00
6.385651085212945333e+00
6.930452881533596177e+00
2.363403302238506498e+01
-7.425733786578106788e+00
1.187560312400026952e+01
2.889856430450977953e+00
2.322866561156180865e+01
-1.406634996183688457e+01
1.784350961809328595e+01
3.313075846864875107e+00
2.384172824758578457e+01
-1.122665187635380768e+01
1.460208429129090568e+01
9.580698307183576290e+00
1.633307690084961550e+01
-8.795755897712755456e+00
1.736148875514486534e+01
6.482423951451981026e+00
1.888464499276933850e+01
-8.517430233774550885e+00
1.645193823902727814e+01
3.602019852576500814e+00
1.765377669297137686e+01
-4.731846447119575139e+00
1.938930867259420765e+01
3.793317355726361750e+00
1.428944375288920732e+01
-6.186596296178552556e+00
1.982476037383746714e+01
5.611175231054005508e+00
1.349430155520445140e+01
-5.717507431505581827e+00
2.746470597208766762e+01
5.069047147409343701e+00
1.101362898647270505e+01
-4.697131294642128196e+00
3.821776473719562972e+01
-3.887237214746798397e+00
2.030189965337913094e+01
8.155257552588557335e-01
2.870405885177655492e+01
4.762770934538770540e+00
2.119593417464929175e+01
1.203659867783133741e+01
3.546832997361044448e+01
-1.555742896419333832e+00
3.539260762763481694e+01
2.375308130120639305e+01
3.504872513432783876e+01
2.029035539080043193e+00
4.809558616706203793e+01
3.777065998825504067e+01
3.211009225645289433e+01
1.933337517380375914e+01
6.545828076889800684e+01
4.331778856721607696e+01
4.961466140472786179e+01
3.650688158176664189e+01
7.068858845781467437e+01
5.721236921582445234e+01
6.972081828053671870e+01
3.530119809680525833e+01
9.926110955814377235e+01
7.552971021559710607e+01
5.974715577027885161e+01
6.077006488666675921e+01
1.160491383549374831e+02
8.099351722248252372e+01
3.707062580180377864e+01
9.676240313136359816e+01
1.009156824935123780e+02
9.827584268343730400e+01
2.625107627753504858e+01
9.885761799076216505e+01
1.135091457896262881e+02
8.769241081487552947e+01
3.508685791260656828e+01
9.961820831183015912e+01
1.010999870176825652e+02
8.246542422295092933e+01
4.703412670003360319e+01
7.640039539432669358e+01
8.967974405825283668e+01
7.241446971413394351e+01
4.773466639383085663e+01
5.539769106521792708e+01
8.281287008465012889e+01
6.292025387113455537e+01
2.501380335510606301e+01
6.443985314787850882e+01
6.968557818366174672e+01
2.259340969231099194e+01
3.087722453172337111e+01
6.740089871880404360e+01
4.621856560176679096e+01
3.056353150264691720e+01
2.130024302841481543e+01
4.819218809792953806e+01
4.549962461968334537e+01
1.963616944433047706e+01
2.443459411151326677e+01
5.398021474776712125e+01
3.613789626438302349e+01
2.142929826090052714e+01
2.280529641078330982e+01
6.247794315598576276e+01
3.112723567475259401e+01
3.144298432969619483e+01
2.401436028886254093e+01
5.615330627998808666e+01
4.978585333449249362e+01
2.064663599234016189e+01
5.468491814881752333e+01
7.333081816230276218e+01
1.907434644377475053e+01
5.067585343427592903e+01
7.948593310482986851e+01
6.710622367379154696e+01
1.208160550105312758e+01
8.502885088996262652e+01
9.402780953526799124e+01
4.803121078702574209e+01
4.636677027490681269e+01
9.964015360094121831e+01
8.106792191814453474e+01
5.656773966939376663e+01
7.169984373229071650e+01
1.018470795351024663e+02
7.300529060722450936e+01
8.473607963984048297e+01
5.375370400703780405e+01
1.231781367257847393e+02
4.421533014472126411e+01
9.467317355136481183e+01
7.188064167594413334e+01
9.930811661863647544e+01
3.750264575025529723e+01
9.385930605202288746e+01
9.365016290943351862e+01
7.047289216083680685e+01
6.102571499030857183e+01
6.512082716257764048e+01
9.788543218677672542e+01
7.340555976598339782e+01
4.928573864839967911e+01
8.054710432681086729e+01
7.452729186917355264e+01
7.225108359176691408e+01
4.163573450118195041e+01
7.435458090575505707e+01
8.976545276884846203e+01
7.073896181665853078e+01
4.354474958815936958e+01
8.360562250762478698e+01
9.436097214016952250e+01
6.599510681640386167e+01
3.916250290221487518e+01
9.196205322341995725e+01
1.046089882457637827e+02
9.949788254215536654e+01
4.909276272203256752e+01
1.050544822815563606e+02
1.197974669280153961e+02
7.694387336375537245e+01
6.823588212762238925e+01
1.570797170260779296e+02
1.191247993863295704e+02
6.576352289567836351e+01
1.059866899498867809e+02
1.645685612736931489e+02
1.348872187407881427e+02
6.558392974038680734e+01
1.321186409426027524e+02
1.664141327572583577e+02
1.720462333864275024e+02
6.880222972881523447e+01
1.382270644149424470e+02
1.797835163761032504e+02
1.320254315064984496e+02
1.336212044134287567e+02
1.197714246206436144e+02
2.079875053832111007e+02
1.012146977627007942e+02
1.589476511583067122e+02
1.341992878146706687e+02
1.743343530294923198e+02
1.246840783854199799e+02
1.857993522293583339e+02
1.157017895092041329e+02
1.598895018151362706e+02
1.448701082810285357e+02
1.492033442850523386e+02
1.295442499854879657e+02
1.648335828470730746e+02
1.384248261483226656e+02
1.540228834270460254e+02
1.198716733487450909e+02
1.445234789155744295e+02
1.415103873792943716e+02
1.335458097368339736e+02
1.155756226720308888e+02
1.416391715430461602e+02
1.463631719261644548e+02
1.266509138196727946e+02
8.319512072502726596e+01
1.536835511678286252e+02
1.195996860922219582e+02
1.176374442669797133e+02
8.213794495304250631e+01
1.607551998014159267e+02
9.871881837672250981e+01
1.218344468747421416e+02
6.094463446934236117e+01
1.552577853099750769e+02
1.072194867993844554e+02
8.522092054307550768e+01
8.951090021587599210e+01
1.197080505996710116e+02
1.052436183937178242e+02
9.238682364703426231e+01
8.569893729066818366e+01
1.041555499479255076e+02
9.965313350384427338e+01
9.773569279630827111e+01
9.410934549800066407e+01
9.878765852895675437e+01
9.552769391014591349e+01
7.454488973241221572e+01
1.031601568144646990e+02
1.098843860945559356e+02
7.718323563909423513e+01
9.810274842270291629e+01
9.336425937184534973e+01
9.604672757114455806e+01
9.384351518872448139e+01
9.321569107605385796e+01
9.807881017498711174e+01
8.054529034862922288e+01
1.042591662324029045e+02
9.339557835871343627e+01
1.063532666956916017e+02
8.850881843767929524e+01
1.227120376487854685e+02
7.281642631085689743e+01
1.128584355408268181e+00
4.634416599014642424e-01
3.001749753240355867e-01
3.389483101806454179e-01
2.608946222987443830e-01
3.431044722374533840e-01
2.099771166128869271e-01
2.529334887238451346e-01
2.062703300216764124e-01
2.392782092642251057e-01
1.407020511180755440e-01
2.189540106543326758e-01
1.856881419264046762e-01
2.056319760869598778e-01
1.315953345647525863e-01
1.988910450027997490e-01
1.641061352748240110e-01
1.733946834345899413e-01
1.193883976457083967e-01
1.808900208219883787e-01
