5.517620489054175437e+01
-1.346661130133372630e+01
1.488975279013668551e+00
7.184877905407879517e+00
4.280007157135415241e+01
-8.124807744076029792e+00
3.520212619380728825e+00
5.177816228638603135e+00
4.164593287348959194e+01
-1.550682826703793360e+01
7.450880269189349647e+00
1.273099737803932996e+01
3.988958948449323572e+01
-1.420304198689853337e+01
4.620250324743846448e+00
1.507765472662052630e+01
3.623107184403212244e+01
-9.486962785924257346e+00
3.207527919784249892e+00
2.718654454976280377e+01
1.706745512069711879e+01
-3.372173135425175605e+00
6.560753627187390968e+00
2.460383826178485478e+01
8.827955622472874353e+00
4.648695715609287404e+00
1.132401114278370358e+01
1.773332330010880398e+01
2.596447147514416187e+00
1.092450527731852716e+01
1.648689084843818975e+01
1.893908577685316530e+01
-3.017832279146991148e+00
1.478017260724664261e+01
1.281028706016980401e+01
1.495198059622623532e+01
2.491917761943725829e+00
1.085973987596101153e+01
1.529994779151396678e+01
2.007715443321588822e+01
1.315025079387976970e-01
1.007608360097870559e+01
2.240489451261567666e+01
1.134649366804705650e+01
7.268523059365234573e+00
2.551011318381957715e-01
2.549648469690247055e+01
1.734404122095783052e+01
1.110470672856632701e+00
3.864450979883365278e+00
2.092036457396908489e+01
1.768954837064207553e+01
4.769541947654039049e+00
7.143298992327212105e+00
1.246277608364948897e+01
2.154271515118539426e+01
3.617306363979301054e+00
7.632802688969386296e+00
1.828046502580455979e+01
1.233382830315029821e+01
4.632467117355326458e+00
9.947641229882698610e+00
2.156750528209258277e+01
3.044244618221042309e+00
1.789943915038834632e+01
5.910555212012212678e+00
1.283588368732141305e+01
1.102709998775651279e+01
1.310603730533986422e+01
9.152695166396281223e+00
1.540311533112563680e+01
3.587975981192340846e+00
1.728295340033177752e+01
7.392027131572662668e+00
1.594505249554914883e+01
3.718253844289954202e+00
1.891592944173024549e+01
1.023532538609948261e+01
1.038075129574792932e+01
7.674582520541564534e+00
1.326244273904212889e+01
1.072347823361107011e+01
1.922792263822180381e+00
1.128502436680623688e+01
1.150791235123007183e+01
7.494460656746007032e+00
5.950191574945913331e+00
7.699002175921098257e+00
1.176531774266249819e+01
8.406686643320799845e+00
2.679213551275263505e+00
1.246948204716901287e+01
6.585437490258431836e+00
8.393898760289371097e+00
-2.430355016518517708e+00
1.746213798458622790e+01
6.006278519385050529e+00
9.660375102136210756e+00
1.753784183543158015e+00
1.302772067623105912e+01
1.145998121295906280e+01
3.022678656474428571e+00
5.295572619145817228e+00
1.442564713177560343e+01
7.776611552000478156e+00
6.609584267830284965e+00
6.416668893230409232e+00
1.204369601540016887e+01
4.567011025327015972e+00
6.518569594065565909e+00
1.075640908597852352e+01
1.346025684195993932e+01
4.697500048362298841e+00
4.335535727998663269e+00
9.561651127257409399e+00
1.239035598644774083e+01
6.720424736084378736e+00
4.700497703805286420e+00
1.000592930614648068e+01
1.860200683051326465e+01
6.632198748715090630e+00
3.300068595778650415e+00
1.074005983625125715e+01
2.805974496333893953e+01
-1.651592217980778932e+00
1.353727191968635246e+01
1.574069464597569024e+01
1.743090751429005181e+01
7.848131841122143015e+00
1.520744071289360377e+01
2.626951073259053970e+01
2.329631124569089806e+01
2.506759396861985678e+00
2.997801890298793381e+01
3.716598681124367687e+01
2.221731672427948823e+01
7.141018787722428485e+00
4.303662294597196336e+01
5.029195052721638604e+01
1.886821097180589391e+01
2.551018702354341627e+01
6.053448478887192152e+01
5.493222844058757914e+01
3.620682549387237970e+01
4.370838660470935366e+01
6.569083232856200993e+01
6.795797599050777649e+01
5.637408373139921736e+01
4.343652329080251917e+01
9.400393465848999597e+01
8.549156298453782199e+01
4.665959948683726566e+01
6.970520776318262790e+01
1.103811980784414857e+02
9.029495529071833460e+01
2.440203722071789016e+01
1.063301589430030134e+02
9.472770041458552726e+01
1.070676695222473001e+02
1.411636814089761494e+01
1.088691500084432420e+02
1.067389652816297883e+02
9.614082928110454418e+01
2.355252659851948493e+01
1.098754970181808375e+02
9.373447956974273154e+01
9.073949273591405529e+01
3.611789450124820178e+01
8.670876395640239309e+01
8.175354564377121847e+01
8.067388195519528438e+01
3.740823518407613335e+01
6.557761723283131516e+01
7.440411548596195246e+01
7.130420651575501267e+01
1.520845411825157356e+01
7.433734026389764438e+01
6.090898947629287363e+01
3.121123683315995834e+01
2.149182251856356984e+01
7.689578614800633716e+01
3.721641140437487394e+01
3.948765691483090023e+01
1.221106468496563480e+01
5.720392658500497873e+01
3.643119136593342944e+01
2.889776740511796760e+01
1.550628811516343930e+01
6.247080519475701266e+01
2.716819419342568409e+01
3.101687099533860348e+01
1.390223323227271202e+01
7.045192659302959726e+01
2.241569586470182074e+01
4.130387133552788015e+01
1.501161573274777794e+01
6.365488600806889963e+01
4.147575643591595451e+01
3.069128004170336510e+01
4.547817619654935584e+01
8.043837968146185347e+01
1.128366051234355538e+01
6.078447219648368360e+01
6.999967883588290363e+01
7.392468228098148586e+01
4.895804229876389968e+00
9.506001302915852591e+01
8.422130777323289408e+01
5.468275028799305915e+01
3.983406145060479986e+01
1.094406432406134400e+02
7.093863290449863257e+01
6.318160025801601165e+01
6.582907054717968265e+01
1.112623601393480612e+02
6.258954991275577129e+01
9.143810302692554615e+01
4.851500018037711470e+01
1.320626989016977575e+02
3.358630445207549542e+01
1.015758161858050244e+02
6.720873718502792826e+01
1.075350152158439840e+02
2.676575699400277841e+01
1.010527873108868420e+02
8.945006271723512725e+01
7.794184446033646907e+01
5.031189051265237566e+01
7.266599191613035202e+01
9.404003668015243989e+01
8.004908303231161426e+01
3.874298475926640606e+01
8.847045486606641873e+01
7.090640485045754815e+01
7.803829095270884864e+01
3.141963450826514048e+01
8.264578028248513419e+01
8.623553891981192976e+01
7.567679774748916088e+01
3.380855098923993296e+01
9.221760054260026607e+01
9.079498482241613999e+01
7.012697977704527830e+01
3.004747576216822935e+01
1.008136691093453550e+02
1.008955936088101453e+02
1.028998283793461610e+02
4.071948409343983855e+01
1.140355251412637045e+02
1.158490405689125140e+02
7.971854828117216130e+01
6.069702903694329876e+01
1.660578705805361324e+02
1.148836631479946249e+02
6.803246799968133018e+01
9.934181483530123558e+01
1.733978300175709819e+02
1.303297112978420671e+02
6.747866182122581336e+01
1.263912611017823338e+02
1.749441344260253288e+02
1.671843604328274182e+02
7.045478426238874192e+01
1.334042394201314323e+02
1.878689914313247868e+02
1.269060082998057482e+02
1.351547905011207149e+02
1.158058201613517610e+02
2.154973881368171078e+02
9.591606906578607550e+01
1.604680610907913660e+02
1.310135593067272168e+02
1.811597824158970980e+02
1.193106668317618642e+02
1.873877109486719803e+02
1.131950328639086223e+02
1.659503553882902338e+02
1.395453379595846570e+02
1.509105939490433173e+02
1.275994753293878432e+02
1.700828218535921792e+02
1.332821241789158648e+02
1.558666659582493139e+02
1.183654947980224961e+02
1.489486940329197466e+02
1.366848661954518320e+02
1.355097289867354107e+02
1.143865773511907946e+02
1.452628638283811995e+02
1.419819038479236326e+02
1.286860076072300956e+02
8.221308108407652071e+01
1.565603462565651114e+02
1.157731533971132478e+02
1.196658977497759366e+02
8.127217615905885850e+01
1.629670893647634387e+02
9.553297938656267263e+01
1.237561794860432087e+02
6.013039013877018846e+01
1.569071438880437768e+02
1.047299577896700526e+02
8.692100424140576820e+01
8.871380699052762964e+01
1.209093041746371142e+02
1.034726024753730513e+02
9.374450537056542032e+01
8.491784734829106185e+01
1.050252889442198239e+02
9.858930252677640738e+01
9.863288895928265276e+01
9.337527859173586364e+01
9.943676915634475222e+01
9.512599214874062170e+01
7.487579164363830841e+01
1.025348482942594615e+02
1.104080330964191035e+02
7.737023645361807667e+01
9.778080974851521034e+01
9.293474006943770860e+01
9.651863649401482803e+01
9.452143651588338003e+01
9.218173521025357786e+01
9.795045344710767665e+01
8.101200791252199451e+01
1.053142852833459813e+02
9.162157105960338299e+01
1.066412014662284093e+02
8.898485492846893408e+01
1.240232653059634487e+02
7.031697401816317949e+01
1.092578053113332448e+00
4.670229941883599634e-01
2.938979318744417424e-01
3.494253178073483679e-01
2.507966963744050481e-01
3.473548121316747950e-01
2.057865859184925816e-01
2.615161441543922827e-01
1.967525854550042086e-01
2.428874638558244647e-01
1.386463470424889322e-01
2.255026038593402893e-01
1.773777450314054926e-01
2.093884715768696836e-01
1.304501161362124628e-01
2.032375115748479844e-01
1.569386135757453449e-01
1.776462664495329080e-01
1.183490697067621500e-01
1.835354411656080209e-01
