6.112141038184955733e+01
-2.111641911978923147e+01
2.915997482230960447e+00
3.023797372015130325e+00
6.072073115558266920e+01
-2.676169878066381003e+01
8.191871951077452252e+00
-2.486101732610796144e+00
7.166311377877045175e+01
-4.788805466318850534e+01
1.823761663235081798e+01
-2.564729137840877637e-01
8.561175653844135525e+01
-6.626185103424468537e+01
2.519620332018419973e+01
-2.431527727038914843e+00
9.715852075395652321e+01
-8.542572773011211495e+01
3.974968366162733702e+01
1.091906263533891197e+00
9.718753897852757007e+01
-1.106825550820573909e+02
6.748857100973727086e+01
-1.513851570650765588e+01
1.125352456475107630e+02
-1.431302788379645961e+02
1.083074639689762364e+02
-4.400663673336467241e+01
1.367657874828707918e+02
-1.892197425253526148e+02
1.649844490892158717e+02
-7.702225438767453625e+01
1.720917465301909601e+02
-2.539746269372581366e+02
2.335926745977399435e+02
-1.323768630210829542e+02
2.330663677016617612e+02
-3.475929941156285281e+02
3.361597214511087941e+02
-2.041382809961519911e+02
3.096667139835738567e+02
-4.702726178154877630e+02
4.851722373885289699e+02
-3.288308605659556747e+02
4.285471568353768248e+02
-6.410748265668460135e+02
6.814747410265832741e+02
-4.908323204931133432e+02
5.810530311448706016e+02
-8.536703804907799622e+02
9.422233291748464126e+02
-7.342453429536603835e+02
8.129732857252712392e+02
-1.144593535557103223e+03
1.298279910419321368e+03
-1.079970919514596062e+03
1.138175404426435080e+03
-1.544249119269808034e+03
1.801627462873262402e+03
-1.584964438833544364e+03
1.605709799236450863e+03
-2.090913598250919677e+03
2.485676429429070595e+03
-2.295572528189623881e+03
2.288632004985648564e+03
-2.856253359282346992e+03
3.410410186679249364e+03
-3.272062337963409846e+03
3.237541879105277530e+03
-3.909922823605804751e+03
4.694044001005800965e+03
-4.657391465895498186e+03
4.596818367615970601e+03
-5.384234854293632452e+03
6.456430886744145027e+03
-6.582322397011032990e+03
6.521218772460639229e+03
-7.440765803279115971e+03
8.879397501727866256e+03
-9.260653374306690239e+03
9.233322480079228626e+03
-1.032274847246676836e+04
1.222381785590312029e+04
-1.299045490001068902e+04
1.306759490644170546e+04
-1.436907578211427062e+04
1.686556534037652818e+04
-1.818164186784701087e+04
1.846655958744929740e+04
-2.004251386120317693e+04
2.329102460447152043e+04
-2.538428618901799200e+04
2.604757597639006417e+04
-2.801166231007803435e+04
3.221573227593218326e+04
-3.539295731178128335e+04
3.668651536001502245e+04
-3.919546212209865917e+04
4.463643894730466127e+04
-4.930872631611464021e+04
5.159388818539860222e+04
-5.489932429303118988e+04
6.192970886940680066e+04
-6.863896309551454033e+04
7.243739750404468214e+04
-7.691587719888763968e+04
8.603487324438929500e+04
-9.553519541755309911e+04
1.014619847554290027e+05
-1.079431533575516514e+05
1.195848046647671581e+05
-1.331677790024610003e+05
1.416968309189942083e+05
-1.516026120828923013e+05
1.660650725592211529e+05
-1.857306691815640952e+05
1.978204880022636207e+05
-2.134605495938083332e+05
2.308345544720608159e+05
-2.585465248174631561e+05
2.755188834202762228e+05
-3.002623951780752395e+05
3.215890301893454161e+05
-3.602204175760492217e+05
3.842384456824672525e+05
-4.214610237052828306e+05
4.479288323553866940e+05
-5.016057858952882234e+05
5.371865845097923884e+05
-5.910985417769135674e+05
6.236527634570647497e+05
-6.976680288173471345e+05
7.512696225028930930e+05
-8.290106708276245045e+05
8.697985154018058674e+05
-9.708526526931154076e+05
1.049481969976073131e+06
-1.160033682339546271e+06
1.215127932601089356e+06
-1.353267655246443115e+06
1.465474775792424567e+06
-1.619970492332068738e+06
1.699591491955713602e+06
-1.889368796529440209e+06
2.045626448893227614e+06
-2.257712865369904786e+06
2.376029435896813869e+06
-2.639010146984308027e+06
2.858657174783771392e+06
-3.150734927702088840e+06
3.324433809839769267e+06
-3.681018911991369911e+06
3.988279102616689634e+06
-4.397936201879816130e+06
4.658473955561231822e+06
-5.137178720928282477e+06
5.559050208746016026e+06
-6.137895980302650481e+06
6.531727927479879931e+06
-7.180916173214357346e+06
7.749180862354994752e+06
-8.559656030283832923e+06
9.132520762126833200e+06
-9.790170272140400484e+06
1.175348028179691918e+07
-1.121199850227898173e+07
1.318775508239759877e+07
-1.203308817612729222e+07
1.776986738349769637e+07
-1.458059869175011665e+07
2.051706499538119882e+07
-1.692934029428423569e+07
2.632888821353655308e+07
-1.646634570172328688e+07
2.774678638726552203e+07
-2.441384445284625515e+07
4.003576067150034010e+07
-2.204747004909207299e+07
3.804300070692703873e+07
-3.409690000998625159e+07
5.545778779640886188e+07
-3.109704567413895950e+07
5.522789872500161827e+07
-4.978029558030562103e+07
7.196302874850699306e+07
-4.138813986142024398e+07
8.148086366122955084e+07
-7.495951099086545408e+07
9.719369232232691348e+07
-5.594100444772637635e+07
1.144850063171648532e+08
-1.077450124966820031e+08
1.345434736698901057e+08
-8.500310971384245157e+07
1.575276855711825490e+08
-1.486834551272802055e+08
1.890801363940274417e+08
-1.359135178873884976e+08
2.140258752302013040e+08
-1.915128136878606677e+08
2.572018539800288379e+08
-2.196808248954373598e+08
3.137456419231845737e+08
-2.668823117923102677e+08
3.460012384963973761e+08
-3.207402442843739390e+08
4.441226212489873171e+08
-3.871602656632345915e+08
4.837310482976843119e+08
-4.653670198625569344e+08
6.268949254021868706e+08
-5.723550390123059750e+08
7.061701712671207190e+08
-6.793118287215137482e+08
8.915315807043766975e+08
-8.307873824988620281e+08
1.032958164384108424e+09
-1.001925507009115696e+09
1.415568792549278975e+09
-4.304730679503126144e+09
-5.511716583433714867e+09
-3.079301942990754128e+09
-1.301182544320383072e+09
-1.374833622551247787e+10
-5.526019089391723633e+09
-1.168693380880540085e+10
-5.158758926060569763e+09
-7.719926222508865356e+09
-1.748439536446458817e+10
-2.219064442674996948e+10
7.040485458965600967e+09
-1.156397414254636574e+10
-2.738302587726929092e+10
-2.382992661142089844e+10
1.067980602602707291e+10
-1.861355250223032379e+10
-2.194595850910580444e+10
-2.892999246135059738e+10
1.239815370652043581e+09
-1.623152039083902740e+10
-5.758952438303370476e+09
-5.386215441884174347e+10
-7.900496860022350311e+09
-1.700429157560720444e+10
7.914692597535325050e+09
-8.267262294724542236e+10
-5.228047928173928261e+08
-2.943821705614980316e+10
2.744404510123096085e+10
-1.062646607315089417e+11
2.494723869220750427e+10
-5.957292941063482666e+10
3.153069237617982483e+10
-1.032688330905794830e+11
4.921959832406644440e+10
-1.525206721191059875e+11
1.226252174229961548e+11
-1.520946182579950562e+11
5.652945447898000336e+10
-2.103545241689456177e+11
2.400006682616031189e+11
-2.790634018979787598e+11
1.304746142584466095e+11
-3.064806041651420288e+11
4.408427214599453125e+11
-5.615173990072117920e+11
3.467032819025005493e+11
-4.958450907339885254e+11
6.958648184839401855e+11
-1.057707793128846313e+12
7.952981089900743408e+11
-8.792330556183483887e+11
1.078970577176401611e+12
-1.798509245367653809e+12
7.663953556336444092e+11
3.425233331873651562e+13
3.989287097638437500e+13
-1.345610041052328906e+13
4.028945677180657031e+13
2.480915209450584375e+13
1.830441875858228516e+13
4.067256672499714062e+13
2.328819939159822754e+12
-1.411051294267156250e+13
7.089273621613014062e+13
2.159658909260413281e+13
-3.316030825657501562e+13
5.588444536058812500e+12
8.244819071767051562e+13
-9.105669910463988281e+12
9.492305694714960938e+12
-1.343725227921528809e+12
4.022349535892321875e+13
-5.802972762476189453e+12
8.570206583076345312e+13
-6.240109384041403906e+13
4.691634468875805469e+13
-1.202716908816516211e+13
2.036701231210812500e+14
-1.738471923038235312e+14
1.036388959119242812e+14
-6.229932155940327344e+13
2.931696793519750625e+14
-3.333360837926090000e+14
2.240163701362322188e+14
-1.093853028549796250e+14
2.873493992990792500e+14
-4.362020602998322500e+14
4.694766858191244375e+14
-3.156928785613095625e+14
4.418764599193067500e+14
-5.863560561570996250e+14
6.497184710056945000e+14
-4.470299693755518125e+14
5.251706376784830625e+14
-7.337505734622475000e+14
9.100991289685922500e+14
-7.466259739734071250e+14
7.336000978790565000e+14
-9.339588992491700000e+14
1.240567803023634000e+15
-1.164938408228956750e+15
1.111536217935963500e+15
-1.211823586278282750e+15
1.815305603752888000e+15
-1.640323026663944250e+15
1.565653836420638750e+15
-1.592365571755859500e+15
2.333272041711316500e+15
-2.120655270317123500e+15
6.511808313623812000e+15
-4.072263574270785920e+17
2.649812324338687200e+16
-5.874622494586312800e+16
-6.163438663832048000e+16
1.034188366653575520e+17
-1.047465038990782000e+16
-2.497486005889805440e+17
2.065878611776873920e+17
1.411176493142659520e+17
-6.426669909746539200e+16
-7.938107050249740800e+16
1.470130659991756160e+17
-1.281909326136576160e+17
-2.232811431038450000e+16
-7.724672878820824000e+16
4.142334648770451200e+16
1.040524896979543360e+17
-1.052842767509109120e+17
-9.494247661709075200e+16
7.633344524374210000e+14
