3.978879059962755260e+00
6.003884472761432001e+00
8.018585666768293763e+00
9.790531199147210373e+00
1.115274255520659885e+01
1.213752426260336570e+01
1.274319112834657375e+01
1.299438595212339642e+01
1.294060479855850865e+01
1.264565667335954124e+01
1.218374120034656904e+01
1.163307597466920207e+01
1.106938415887882421e+01
1.055990731614599909e+01
1.015839075360909760e+01
9.901535262496194534e+00
9.807101129754880020e+00
9.873822087847933915e+00
1.008308377685792045e+01
1.040199905240289446e+01
1.078778235385403583e+01
1.119276916797813648e+01
1.156958563795343231e+01
1.187619196691903944e+01
1.208000209323185814e+01
1.216096401701709873e+01
1.211330999390074226e+01
1.194565100522700085e+01
1.167971935367161862e+01
1.134773053457402447e+01
1.098867721199194136e+01
1.064414917366332425e+01
1.035383690938714274e+01
1.015138061918301560e+01
1.006094064706153191e+01
1.009476339929125643e+01
1.025204641772211644e+01
1.051914171146165700e+01
1.087108085012726555e+01
1.127418034800803959e+01
1.168954933646355343e+01
1.207707089513549015e+01
1.239950656778928462e+01
1.262619932673120893e+01
1.273613347896464632e+01
1.271998760185863908e+01
1.258096063535993636e+01
1.233433842824723570e+01
1.200585547013082177e+01
1.162901904782196993e+01
1.124168925126745577e+01
1.088223438249274544e+01
1.058571367252979201e+01
1.038036900442565802e+01
1.028485978037720017e+01
1.030655110642892502e+01
1.044086639477069589e+01
1.067192839900234169e+01
1.097433660784851739e+01
1.131583967761770460e+01
1.166070895871399316e+01
1.197337399383546064e+01
1.222198760004113716e+01
1.238158173848227861e+01
1.243646779604429575e+01
1.238165039499387987e+01
1.222311775961888713e+01
1.197698645089716862e+01
1.166759791174665395e+01
1.132477141097755435e+01
1.098050434760602556e+01
1.066546728921859710e+01
1.040566185529205789e+01
1.021959244029959990e+01
1.011624965218322103e+01
1.009411959232605938e+01
1.014132714277453751e+01
1.023690410877623158e+01
1.035305625120113859e+01
1.045819883047518140e+01
1.052044898081329372e+01
1.051121338309391540e+01
1.040849652487944788e+01
1.019957988139955418e+01
9.882783283713790112e+00
9.468110617063375756e+00
8.976693827728773556e+00
8.439070833504901614e+00
7.892452143819009613e+00
7.377235763109641020e+00
6.933109611087429514e+00
6.595127045018665868e+00
6.390149179640516763e+00
6.334016433251894895e+00
6.429743874931354242e+00
6.666936963576197250e+00
7.022505661321693182e+00
7.462627297640920254e+00
7.945784555159218776e+00
8.426596882067602934e+00
8.860082347685395376e+00
9.205940709647531861e+00
9.432442111892139991e+00
9.519540324290023392e+00
9.460901690068666881e+00
9.264644142783701852e+00
8.952704873199074598e+00
8.558888422535394724e+00
8.125776142006811753e+00
7.700790401308918121e+00
7.331791524113606684e+00
7.062633711042078488e+00
6.929113232140091228e+00
6.955706984618095667e+00
7.153425294916727850e+00
7.518996606444014574e+00
8.035473595667804503e+00
8.674212644205573142e+00
9.398044787133519762e+00
1.016533926298022017e+01
1.093457203190050997e+01
1.166895982238979990e+01
1.234071056972313940e+01
1.293447460616502198e+01
1.344965455153679912e+01
1.390133853844632839e+01
1.431975097692349230e+01
1.474825507682783510e+01
1.524007834040320297e+01
1.585405303595597637e+01
1.664975665889249612e+01
1.768249366660463551e+01
1.899857398880136472e+01
2.063131469376186189e+01
2.259812166074501860e+01
2.489890500379776483e+01
2.751595538186442269e+01
3.041527053116701396e+01
3.354918572641632579e+01
3.686004151104597781e+01
4.028452848443698286e+01
4.375829108051623706e+01
4.722035547453773319e+01
5.061697233099441462e+01
5.390453021870744266e+01
5.705129347182248978e+01
6.003783918234363171e+01
6.285619978253601658e+01
6.550784722178018171e+01
6.800076926146621759e+01
7.034597665687061863e+01
7.255383338085395906e+01
7.463061548554075841e+01
7.657567660201507920e+01
7.837953243853367269e+01
8.002307972497166588e+01
8.147804672646452673e+01
8.270864467437630196e+01
8.367426510285491759e+01
8.433295961758146575e+01
8.464535691670282347e+01
8.457862508228294018e+01
8.411007989810995866e+01
8.323007288806567772e+01
8.194386253826510824e+01
8.027227170734344952e+01
7.825105350811269034e+01
7.592901495947667456e+01
7.336506969859838989e+01
7.062449576960989361e+01
6.777475147643109210e+01
6.488124381652926331e+01
6.200344598760263182e+01
5.919172275565317420e+01
5.648514896547372643e+01
5.391050464671224063e+01
5.148251035837675005e+01
4.920524077179317146e+01
4.707453575198317708e+01
4.508112839388375193e+01
4.321413871641802018e+01
4.146454718133485784e+01
3.982826737496724689e+01
3.830848152228568892e+01
3.691698145682491372e+01
3.567436317265666901e+01
3.460904433562547666e+01
3.375519869681843943e+01
3.314981642561234310e+01
3.282919308868284247e+01
3.282521261855987404e+01
3.316181456431195329e+01
3.385202045860867770e+01
3.489583966788316616e+01
3.627928703124550225e+01
3.797463184222720400e+01
3.994187178654389925e+01
4.213129925753977290e+01
4.448691408909508027e+01
4.695034801673754288e+01
4.946491150223807409e+01
5.197935890686839855e+01
5.445099527149154994e+01
5.684781474650473854e+01
5.914946049433579844e+01
6.134691866380343583e+01
6.344099231787289028e+01
6.543973125292667703e+01
6.735510690224005259e+01
6.919930594336126717e+01
7.098106260879175977e+01
7.270245260287556732e+01
7.435652992776621772e+01
7.592610536184750458e+01
7.738384963860369226e+01
7.869376690967921206e+01
7.981393864751797196e+01
8.070029962429930492e+01
8.131109042860764191e+01
8.161154766877380951e+01
8.157835285775486511e+01
8.120336903540453477e+01
8.049625070467547516e+01
7.948561294633431373e+01
7.821858038409550318e+01
7.675869306888655785e+01
7.518230894066797987e+01
7.357379497254929390e+01
7.201992577041762900e+01
7.060399593492201120e+01
6.940019122943223806e+01
6.846874860533807805e+01
6.785236680487052752e+01
6.757421337990470533e+01
6.763772122845657009e+01
6.802819280037040528e+01
6.871605014126498645e+01
6.966140197301939452e+01
7.081946217296331270e+01
7.214626175148165999e+01
7.360405899845594035e+01
7.516587482987468150e+01
7.681866154749661746e+01
7.856474631537651021e+01
8.042136335678996772e+01
8.241828460132549594e+01
8.459375798990019746e+01
8.698914574652282283e+01
8.964280267570612182e+01
9.258383108127175376e+01
9.582638306371227088e+01
9.936514758638786304e+01
1.031725603029249498e+02
1.071981168178712664e+02
1.113699690013892081e+02
1.155987581395143593e+02
1.197834099433902395e+02
1.238184076584315676e+02
1.276018922493533978e+02
1.310438307123172876e+02
1.340734578090763023e+02
1.366452386372026808e+02
1.387427175801845181e+02
1.403798044185660387e+02
1.415992842113022334e+02
1.424686023757132887e+02
1.430732447050639848e+02
1.435082805347613828e+02
1.438688341507876203e+02
1.442403695595675970e+02
1.446897661371708637e+02
1.452580616421595039e+02
1.459555504034330795e+02
1.467598668982624588e+02
1.476172355525888804e+02
1.484469224248761066e+02
1.491487424306040737e+02
1.496127838112409165e+02
1.497306455687291873e+02
1.494071207708674081e+02
1.485709934503706791e+02
1.471840348958839115e+02
1.452471075818845065e+02
1.428026750695350131e+02
1.399334056716612054e+02
1.367568068138485557e+02
1.334162853516430403e+02
1.300692806568032722e+02
1.268735003770346879e+02
1.239725882344161931e+02
1.214824601690379211e+02
1.194797678228552087e+02
1.179936543127048338e+02
1.170017492046427066e+02
1.164309692589522172e+02
1.161632315407990035e+02
1.160457600146159507e+02
1.159052454103482859e+02
1.155647226841269060e+02
1.148617393673600162e+02
1.136662411140725055e+02
1.118961775069580682e+02
1.095295099934339618e+02
1.066111034293130331e+02
1.032534134122719394e+02
9.963090973021226660e+01
9.596793746000271597e+01
9.252097155551668095e+01
8.955671181638132339e+01
8.732728746464040626e+01
8.604502471517510287e+01
8.585874487018567436e+01
8.683344947976755179e+01
8.893519803287614423e+01
9.202537650735362718e+01
9.585866928957786115e+01
1.000930098898634952e+02
1.043074042939889097e+02
1.080241428949595957e+02
1.107420546930385541e+02
1.119673339297954868e+02
1.112508595164640042e+02
1.082164636743402610e+02
1.025985722465340615e+02
9.425827883573715837e+01
8.312566327121822951e+01
6.953136080920501172e+01
5.383995027087837570e+01
3.405269638476698901e+01
1.818856991543383472e+01
6.773040172852029528e+00
3.994007555069776783e-01
3.069799168556153757e-01
2.830438363670093604e-01
2.639160099406631654e-01
2.463008879200062062e-01
2.310260602395543816e-01
2.178189665047675083e-01
2.071582725526972535e-01
1.999986536926815772e-01
1.940263379408581346e-01
1.884604031970085469e-01
1.825020886619946603e-01
1.770477826431153257e-01
1.711723850512852918e-01
1.657723763956246432e-01
1.602364102026145043e-01
1.546953932998325343e-01
1.496853403236945157e-01
1.444981199432316676e-01
1.402102271529586386e-01
