6.112141038184955733e+01
-2.105656155133099716e+01
2.874325930069083768e+00
2.899538568860595245e+00
6.089317532927604049e+01
-2.676290729188406914e+01
8.147851738189784143e+00
-2.642827381550919341e+00
7.187179211653540278e+01
-4.788024971234759164e+01
1.817081664748695502e+01
-4.013372442408738028e-01
8.579038940811960856e+01
-6.619347288980502242e+01
2.506598811146506733e+01
-2.551981759718452203e+00
9.737215151965934012e+01
-8.540681806273131826e+01
3.959568840046317462e+01
1.054557330417413841e+00
9.737662067949096922e+01
-1.107264700418991055e+02
6.736166525613214162e+01
-1.511632574893429926e+01
1.126753840717540243e+02
-1.431954304306134702e+02
1.081866572760972787e+02
-4.391317789307696273e+01
1.367908818699601454e+02
-1.891785276636379933e+02
1.647742868652378263e+02
-7.687690195586691289e+01
1.720958912262543663e+02
-2.539063375228590189e+02
2.333289070695950045e+02
-1.322148703021669860e+02
2.331195741317902446e+02
-3.475803941766100706e+02
3.358654519991962388e+02
-2.039033920272549949e+02
3.097083797958102309e+02
-4.703105142907724598e+02
4.848159795177226101e+02
-3.283772808379996491e+02
4.284039574527532181e+02
-6.411549857502958503e+02
6.812589536547926627e+02
-4.904411924702970396e+02
5.809154794992317647e+02
-8.538060609895703692e+02
9.419911640492595097e+02
-7.337267951726003048e+02
8.127989297100419890e+02
-1.144952101520626684e+03
1.298286207494523296e+03
-1.079412589268095644e+03
1.137853294031484438e+03
-1.544511737886581159e+03
1.801659941288465461e+03
-1.584139029402383130e+03
1.605228477434274510e+03
-2.090948266189981041e+03
2.485900693437986320e+03
-2.294449088214908897e+03
2.288292762987777678e+03
-2.856003992696083060e+03
3.411112278687781782e+03
-3.270344577153589398e+03
3.237458288232997347e+03
-3.909082194433705808e+03
4.695570118248742801e+03
-4.654766414513609561e+03
4.597184001199751037e+03
-5.382465023269955964e+03
6.459061584628078890e+03
-6.578239742474565901e+03
6.522074858131612928e+03
-7.437758506996097822e+03
8.883610973006305358e+03
-9.254582067110262869e+03
9.234726586322572984e+03
-1.031826510054927712e+04
1.223025503731979916e+04
-1.298174028613859628e+04
1.306937476795062685e+04
-1.436273050591408901e+04
1.687500819566501013e+04
-1.816943732760213607e+04
1.846838920885312837e+04
-2.003382540187651830e+04
2.330454499925652999e+04
-2.536743526467015181e+04
2.604877644780606352e+04
-2.800022545913428985e+04
3.223517043457343971e+04
-3.536992541354746209e+04
3.668521378130045196e+04
-3.918033335328825342e+04
4.466501684087961621e+04
-4.927852696022194868e+04
5.158710898570826248e+04
-5.487851265235408209e+04
6.197266324880441971e+04
-6.860156442070229969e+04
7.242038433990477643e+04
-7.688380727433864377e+04
8.609875930840543879e+04
-9.549034911202713556e+04
1.014221877674661228e+05
-1.079459593683661806e+05
1.195860922718126239e+05
-1.332019113621283905e+05
1.414670274981024850e+05
-1.518548434107926150e+05
1.658131065507428139e+05
-1.861574937703017495e+05
1.971186581694571651e+05
-2.142123320188994694e+05
2.297534934664346220e+05
-2.597700244843540713e+05
2.740489956199101871e+05
-3.021382266111928620e+05
3.191365672260559513e+05
-3.627243189707445563e+05
3.816306610244621988e+05
-4.248410516285897465e+05
4.434272778908408945e+05
-5.056899177513971808e+05
5.332462296721141320e+05
-5.961672072192238411e+05
6.167188539695198415e+05
-7.039845091952066869e+05
7.463435932947648689e+05
-8.357571566221964313e+05
8.590863677113675512e+05
-9.794994215839091921e+05
1.044199618592802901e+06
-1.169047127345602727e+06
1.199335836144939531e+06
-1.364054289885979611e+06
1.460847343769042753e+06
-1.632611552367202705e+06
1.676763919242655393e+06
-1.901032557909043971e+06
2.041811136698349845e+06
-2.276215180271260906e+06
2.345258179548400920e+06
-2.651358750575384125e+06
2.856604564562987536e+06
-3.176665818313417491e+06
3.281513750755873509e+06
-3.690888395077776629e+06
3.989833651475619059e+06
-4.436768300029929727e+06
4.600165077790508978e+06
-5.139694035440031439e+06
5.566778998871039599e+06
-6.200020872118002735e+06
6.452305286512761377e+06
-7.162366463598670438e+06
7.757631187567776069e+06
-8.662955491342183203e+06
9.034016003061367199e+06
-9.753871541940456256e+06
1.185438484254168905e+07
-1.087560659147849679e+07
1.361373906594617665e+07
-1.149823919969203509e+07
1.896796755613299832e+07
-1.314076362028258853e+07
2.214560007244295254e+07
-1.460548946052027121e+07
2.858988953863515705e+07
-1.286261384534206241e+07
3.245653120806848258e+07
-2.048732397696753219e+07
4.441273062488155067e+07
-1.515532448625488207e+07
4.617419100948525220e+07
-2.812228838903167099e+07
6.122066100136429816e+07
-2.003845715698598325e+07
6.642567739522130042e+07
-4.293961020021829009e+07
7.955151768094334006e+07
-2.782553669030282274e+07
9.599657474323916435e+07
-6.659846891027782112e+07
1.041401491071180254e+08
-3.773165198144404590e+07
1.339294646983947158e+08
-9.997622684541045129e+07
1.402071380692519248e+08
-5.984727851531464607e+07
1.827123430684941709e+08
-1.453200868271102905e+08
1.930415801986432374e+08
-9.630773343170283735e+07
2.428539792460204959e+08
-1.983393905605003536e+08
2.686253498851630688e+08
-1.644162266377173066e+08
3.396736423890978694e+08
-2.801515638284457922e+08
3.638604337693175077e+08
-2.436148249486447275e+08
4.620891604297310114e+08
-4.110907777186380029e+08
5.183508611642502546e+08
-3.659471167624584436e+08
6.312003767755284309e+08
-6.054607926222465038e+08
7.563048074713699818e+08
-5.319892602663153410e+08
8.632653595642871857e+08
-8.750176186124274731e+08
1.131077899928905725e+09
-7.987288051568168402e+08
1.328004825883823395e+09
-4.180621438926798820e+09
-6.723733809696149826e+09
-6.863949386546092987e+09
-3.672782680387826443e+09
-1.683930003208782578e+10
-1.241843490125542259e+10
-1.723705151152123260e+10
-1.356068033304224396e+10
-1.464999478299415970e+10
-2.509678441672153473e+10
-3.727600378550339508e+10
-5.987478778186800003e+09
-2.065419625014576721e+10
-3.986320903765519714e+10
-4.411870548649891663e+10
-7.668578399967049599e+09
-2.311339999653899384e+10
-3.751702444191661072e+10
-5.580598573220942688e+10
-1.013886098246113968e+10
-1.898984502974703217e+10
-2.498259504115724945e+10
-7.709358506841506958e+10
-2.084828393753996658e+10
-1.650147742469170380e+10
-1.669306656513509750e+10
-1.090579108301915894e+11
-1.498362270562765121e+10
-2.346919544095779037e+10
-5.085648586799656153e+08
-1.376585810668734436e+11
8.870093018199464798e+09
-3.825966271895912933e+10
-7.549398432919483185e+09
-1.596529347298640137e+11
5.717875101776161957e+10
-1.274198898666811218e+11
4.297646381148919678e+10
-1.922388470313049927e+11
7.693423849607592773e+10
-1.818576611426150513e+11
1.127976592079235840e+11
-2.967294629345017700e+11
1.830323029533384705e+11
-3.074532584988465576e+11
2.557439995257538757e+11
-4.952654269871541748e+11
3.595399529849354248e+11
-4.874157903766766357e+11
4.332052738430496216e+11
-9.147223620291817627e+11
7.488966167181746826e+11
-8.926377209712523193e+11
7.375500036560075684e+11
-1.562934086518787598e+12
6.316613091057414551e+11
3.259176552613107031e+13
5.712725582273820312e+13
1.205018248099873047e+13
4.429939951153623438e+13
5.290529629816145312e+13
3.531957045967655469e+13
5.874915339729371875e+13
3.156928634225661719e+13
-4.571778558410056641e+12
1.028450548605574844e+14
5.234470828195230469e+13
-9.677780853178212891e+12
2.593715890126195312e+13
1.024771478460710625e+14
3.469306358573771484e+13
1.473730569971745898e+13
-1.324197549107420703e+13
7.632372508360554688e+13
1.960499620163340234e+13
4.524159861568635156e+13
-4.487638281461032812e+13
6.618554292245331250e+13
1.273951631764053125e+13
1.482671833078790000e+14
-1.135601498371637656e+14
1.148153751833697188e+14
-4.219851321646845312e+13
2.375832088604523750e+14
-2.503320371911504375e+14
1.991611345429986875e+14
-1.008974706681130156e+14
2.795742204844818750e+14
-3.974044270858213125e+14
4.762323623638950625e+14
-3.101800913104275000e+14
4.420543794666511250e+14
-5.149679627078231250e+14
6.277967895044271250e+14
-4.578318961708727500e+14
5.587106741541433750e+14
-7.293276890904376250e+14
9.706876660443246250e+14
-8.072706045724917500e+14
7.666177961956867500e+14
-8.796217723236650000e+14
1.242414115567989500e+15
-1.171715474388653500e+15
1.121423388746062750e+15
-1.160505052017837750e+15
1.863520102300589250e+15
-1.604139106495181250e+15
1.634130016674726250e+15
-1.494505849646593750e+15
2.405569279554516500e+15
-2.132936051073687750e+15
6.578219612811448000e+15
-3.911214961070168320e+17
-1.891647390259596160e+17
-9.618109901779521600e+16
-1.569987524767611200e+17
2.045014543939064000e+16
6.995178148065927200e+16
-3.144383184916321280e+17
2.174055978738614080e+17
2.761550708201810400e+16
-7.454799449526028800e+16
-6.065184505355692800e+16
1.147862138566577120e+17
-1.663446170101590080e+17
9.725648882800212000e+15
-1.645592446258878080e+17
1.615030615495733120e+17
1.893772293901992320e+17
-4.877803410749970400e+16
-7.349873236877753600e+16
2.882502600688859600e+16
