6.446688852810140702e+00
9.301309989338182760e+00
1.168244115737113020e+01
1.316267500070302887e+01
1.354139573229375415e+01
1.308443172574452973e+01
1.206606915555970261e+01
1.082727725619834835e+01
9.711797837296316516e+00
8.990548121740536303e+00
8.816608128457234628e+00
9.201877386152458982e+00
1.002406364674098604e+01
1.106270631749704059e+01
1.205594416022159265e+01
1.276511194773871694e+01
1.303184230246777275e+01
1.281412562704034031e+01
1.219272467829589601e+01
1.134637331828516693e+01
1.050279379267561453e+01
9.878053897496666735e+00
9.620243128999897309e+00
9.772700672027379909e+00
1.026585164402604811e+01
1.093996775158578494e+01
1.159222082727317726e+01
1.203443260234814183e+01
1.214580562804360220e+01
1.190559004032095025e+01
1.139673566498663959e+01
1.078016303962789024e+01
1.024685289610632211e+01
9.962097575955064954e+00
1.001798587911518901e+01
1.040766247892595686e+01
1.102870385893761984e+01
1.171417471705319180e+01
1.228199159960726661e+01
1.258777506512116062e+01
1.256578627571084716e+01
1.224595677911781344e+01
1.174245545509735145e+01
1.121746870120088779e+01
1.083162206721508980e+01
1.069599770729390009e+01
1.084009661003722336e+01
1.120520274590143828e+01
1.166473257260885887e+01
1.206493678641975897e+01
1.227325159743981864e+01
1.221933360666187518e+01
1.191637682823192534e+01
1.145620266830270850e+01
1.098004623949618086e+01
1.063434011878683627e+01
1.052501353394487893e+01
1.068472233125853954e+01
1.106291285659483492e+01
1.154156235962784294e+01
1.197173731744705627e+01
1.221942968983998767e+01
1.220658188289249857e+01
1.193476831483130240e+01
1.148434847923641300e+01
1.098956658822278776e+01
1.059743167088740812e+01
1.042309447934945688e+01
1.051535477296983245e+01
1.084263806482621995e+01
1.130335106259760458e+01
1.175699047063377023e+01
1.206609014893920317e+01
1.213597860573931797e+01
1.194029850321767228e+01
1.152493786027774192e+01
1.098990710071831423e+01
1.045557313832998503e+01
1.002437279205518372e+01
9.750229657685563822e+00
9.625109551395288676e+00
9.586424365103333400e+00
9.542205739419415522e+00
9.405303804731058648e+00
9.125120288552343695e+00
8.706400162331393133e+00
8.209005515015155297e+00
7.728918113570924397e+00
7.366895061241437226e+00
7.195230135389533821e+00
7.233655855590832573e+00
7.442385895677585239e+00
7.734646616206381609e+00
8.004629579232991787e+00
8.161709504961102368e+00
8.159676760647434079e+00
8.011320539644781746e+00
7.783461739725342277e+00
7.573931498561748299e+00
7.477942944108908918e+00
7.554865372488714925e+00
7.806403346981132252e+00
8.173581840368891349e+00
8.553883423767981498e+00
8.833320415444010365e+00
8.923279895386952987e+00
8.790272272964582356e+00
8.468830574382984366e+00
8.053102652269211958e+00
7.669474599488390609e+00
7.438683933121951419e+00
7.439347363170336180e+00
7.684499677225657521e+00
8.118688750670999710e+00
8.636666793555475508e+00
9.117828984747655241e+00
9.465486965390304874e+00
9.638466164383107326e+00
9.664921227176385798e+00
9.633928470123899857e+00
9.667540159891608198e+00
9.882290672173725810e+00
1.035259368572344307e+01
1.108793004557132100e+01
1.203134015148570946e+01
1.307988490584138752e+01
1.412061349238063990e+01
1.507047165531446176e+01
1.590716856283007097e+01
1.668078956019327208e+01
1.750204859719366368e+01
1.851058571300431055e+01
1.983322475761230663e+01
2.154550142683665825e+01
2.364891485120243786e+01
2.607146343265273103e+01
2.869161323706083166e+01
3.137826067575483791e+01
3.403392489850691760e+01
3.662708478439100901e+01
3.920275082815525991e+01
4.186709629821917389e+01
4.475018100995340120e+01
4.795790350013676573e+01
5.152804789587543155e+01
5.540442208509769983e+01
5.943782159575887647e+01
6.341448987422796080e+01
6.710436423224646774e+01
7.031529856107771081e+01
7.293754037366953469e+01
7.496561326943782433e+01
7.649152850506206391e+01
7.767182062183707103e+01
7.867861981218084111e+01
7.964946794600039937e+01
8.065051149415960197e+01
8.166316075862931712e+01
8.259678897650785245e+01
8.332196936264031706e+01
8.371266527844656480e+01
8.368357641918700551e+01
8.321111247661141874e+01
8.233237515001690099e+01
8.112407512408147170e+01
7.966998448234159014e+01
7.802913635662028469e+01
7.621637445611659700e+01
7.420227622176813043e+01
7.193249808580954152e+01
6.935959440738636772e+01
6.647573185668220219e+01
6.333406491641034819e+01
6.005013706444414368e+01
5.678137336161315574e+01
5.369031294114876829e+01
5.090313167923359572e+01
4.847717261512421771e+01
4.638878696706668592e+01
4.454646021694389901e+01
4.282595337779127931e+01
4.111672494807143607e+01
3.936473098867336518e+01
3.759732786563038331e+01
3.592138057938751672e+01
3.449419309844659409e+01
3.347582409429128347e+01
3.297780135469390217e+01
3.302499670051547298e+01
3.354373678836743267e+01
3.438112522500601642e+01
3.535053437193617754e+01
3.628949350042071131e+01
3.711164103769405642e+01
3.783564676850554065e+01
3.858084001210053771e+01
3.952967787811765987e+01
4.086790959084236619e+01
4.272088526898475891e+01
4.510636596063026360e+01
4.791961120590256229e+01
5.095670809941605484e+01
5.397004000262307954e+01
5.673926973101001892e+01
5.913565343148237474e+01
6.115884964348295938e+01
6.293344046345180232e+01
6.466479148352091499e+01
6.656683755236387867e+01
6.878379373460789736e+01
7.133055734043777818e+01
7.407160102437141802e+01
7.674678345457174089e+01
7.903810645735495655e+01
8.065845602652517243e+01
8.143588812357391760e+01
8.136754641408641930e+01
8.062587356841530095e+01
7.951393218225672399e+01
7.838211973097574514e+01
7.753057633007908578e+01
7.712635463989973061e+01
7.716033954527959793e+01
7.745708705382408255e+01
7.773473722422677668e+01
7.769684492776116258e+01
7.712811679686844002e+01
7.596476031157698117e+01
7.431792680950344732e+01
7.244322882702991251e+01
7.066607072058292260e+01
6.928633020773546036e+01
6.849241822933730361e+01
6.831182383322136786e+01
6.861375486561817638e+01
6.916296085166042928e+01
6.970744719613783502e+01
7.007175301670667977e+01
7.022533951652215478e+01
7.030321863906127078e+01
7.057097278381063177e+01
7.134411064196338259e+01
7.288665138098926377e+01
7.532111835843338099e+01
7.857928979048510598e+01
8.241080018137563457e+01
8.644871595080235238e+01
9.031310617346485969e+01
9.372112782033738654e+01
9.656931589049385423e+01
9.896170484029313741e+01
1.011738227277144659e+02
1.035624887317054714e+02
1.064485140325279957e+02
1.100084038764534853e+02
1.142090071844835961e+02
1.188062367260333048e+02
1.234093302542234056e+02
1.275916959352972242e+02
1.310145813780283106e+02
1.335253573921247039e+02
1.351996645680927145e+02
1.363138604163914636e+02
1.372558597797938944e+02
1.384018287686269559e+02
1.399971432326985052e+02
1.420789932937745732e+02
1.444651836448877020e+02
1.468129338998657829e+02
1.487292788502875851e+02
1.498981764087209001e+02
1.501836369242388116e+02
1.496752974567934018e+02
1.486612548600306809e+02
1.475357955068932938e+02
1.466711104754266728e+02
1.462945197715020527e+02
1.464109044404752638e+02
1.467970097701170289e+02
1.470711511147069075e+02
1.468170384624337714e+02
1.457231035747327610e+02
1.436919489553495453e+02
1.408832849811037420e+02
1.376744216763104021e+02
1.345484762453765200e+02
1.319444890552466632e+02
1.301169466729410829e+02
1.290509326678818809e+02
1.284628055120574004e+02
1.278890786570359381e+02
1.268379899139320912e+02
1.249564180535098501e+02
1.221578954809105539e+02
1.186677709014512914e+02
1.149666014983601059e+02
1.116453171126663477e+02
1.092153323664795437e+02
1.079338114222022966e+02
1.077027229968946926e+02
1.080797405334925259e+02
1.084040168269690696e+02
1.080038421776341266e+02
1.064233845863512045e+02
1.035952898893179821e+02
9.989940762010175490e+01
9.607855657372610381e+01
9.302752937378230058e+01
9.151333321801602949e+01
9.190994764472671363e+01
9.403505765019183116e+01
9.714998725403616220e+01
1.001378808498038779e+02
1.018212048641754706e+02
1.013379260045334718e+02
9.845236409502712149e+01
9.371259775273442472e+01
8.838129232776198307e+01
8.413032743731565688e+01
8.257837208992160072e+01
8.476623941817409502e+01
9.073500187501713299e+01
9.930894114252758698e+01
1.082119849469090127e+02
1.144544739540097424e+02
1.147895194681592699e+02
1.071520881814708872e+02
9.052061411898378651e+01
6.039482334493318660e+01
3.359996324605437223e+01
1.275701225262715433e+01
4.971374521828740844e-01
3.404066623637733713e-01
3.121725032640768616e-01
2.897927772099782584e-01
2.669632406354054410e-01
2.458516537119345147e-01
2.267346390653598165e-01
2.114791404254582619e-01
2.028162045864913554e-01
1.966605467313680133e-01
1.916490646594694591e-01
1.861927083499390068e-01
1.819634014652927456e-01
1.768932770442441238e-01
1.724869392445655958e-01
1.672543169977102340e-01
1.612568321433290042e-01
1.555182272850560432e-01
1.487238883329590200e-01
1.432785024635832294e-01
