6.980015531189888378e+00
9.937716286137497690e+00
1.226661836134514338e+01
1.352456759489057347e+01
1.355756466051944820e+01
1.275060781821864531e+01
1.148551903472576008e+01
1.018014542045446724e+01
9.200316561366767232e+00
8.775480275374846428e+00
8.966867290537953394e+00
9.672452767543909147e+00
1.066932902676084716e+01
1.168127022744210564e+01
1.245327920793821797e+01
1.281456797441723694e+01
1.271495141855712774e+01
1.222739006204806600e+01
1.151842386614536196e+01
1.079612684465324968e+01
1.025130555904686425e+01
1.000770964044997235e+01
1.009409362683774525e+01
1.044472238564547872e+01
1.092570514525379899e+01
1.137863188531915171e+01
1.166809792474284180e+01
1.171902768042664711e+01
1.153427313269258470e+01
1.118827451121800109e+01
1.080011705315255810e+01
1.049548217392792004e+01
1.036883655648539637e+01
1.045741564041377458e+01
1.073394977142616646e+01
1.111904780853992136e+01
1.150842934788682470e+01
1.180571000263553039e+01
1.195043258540509434e+01
1.193290924509453532e+01
1.179233154097489944e+01
1.159974459231106714e+01
1.143239299492729621e+01
1.134800469191263517e+01
1.136755434240740037e+01
1.147147731907325152e+01
1.160971594348825064e+01
1.172151176129909622e+01
1.175774500546504697e+01
1.169809413062214531e+01
1.155741763426544644e+01
1.137955734939069252e+01
1.122129489642802724e+01
1.113215872511332805e+01
1.113736319144020115e+01
1.122977281800073612e+01
1.137313588280053089e+01
1.151545970287851617e+01
1.160743997610470579e+01
1.161927280943156227e+01
1.155016304871882760e+01
1.142721773569545896e+01
1.129449563497493614e+01
1.119644618400168312e+01
1.116181220111869088e+01
1.119387206588906203e+01
1.127048278442810414e+01
1.135373326911365233e+01
1.140543690197184645e+01
1.140247703993435202e+01
1.134600106960611754e+01
1.126068162200862766e+01
1.118396145906378436e+01
1.114905236063426663e+01
1.116805646779700112e+01
1.122191971868072891e+01
1.126179102110199004e+01
1.122241268065302044e+01
1.104375031081788805e+01
1.069375242180083596e+01
1.018415764560631942e+01
9.573112695592209676e+00
8.952526569691146463e+00
8.423230162009190281e+00
8.065395355398109700e+00
7.913738199631446868e+00
7.945961364875319788e+00
8.088899563375946400e+00
8.241145117180638024e+00
8.305403653368747641e+00
8.220334204180211657e+00
7.981417839813304660e+00
7.643663881048674114e+00
7.304728656806506848e+00
7.073443107588460954e+00
7.033700566471709159e+00
7.215452457833777977e+00
7.582514645404209830e+00
8.041583061731490290e+00
8.469978259777231955e+00
8.753433350290659831e+00
8.821782328276110974e+00
8.670897906625466334e+00
8.363579535565943246e+00
8.008925553073211745e+00
7.726808829286934355e+00
7.609060976177618230e+00
7.690166019678385645e+00
7.937218242538369495e+00
8.262568259835184392e+00
8.555035687249294085e+00
8.719311899044489778e+00
8.710322237375887511e+00
8.550864621404141275e+00
8.326330986687198177e+00
8.157961475111388694e+00
8.163343198957500491e+00
8.417302358407068752e+00
8.926420580757229217e+00
9.626043527460396376e+00
1.040124244764236039e+01
1.112517901174134316e+01
1.170238814958012696e+01
1.210265119823928259e+01
1.237405548568550095e+01
1.263061067792753533e+01
1.301819886865828479e+01
1.366988218941044586e+01
1.466524165574572969e+01
1.600721400951154649e+01
1.762418257641281372e+01
1.939672921005713491e+01
2.120023528943893609e+01
2.294918097545566837e+01
2.462834249981284884e+01
2.630037778163917039e+01
2.808711486358598108e+01
3.013061099607518400e+01
3.254679709285612432e+01
3.538698358084280216e+01
3.861983212802901022e+01
4.213947695474998056e+01
4.579663972480483380e+01
4.944182270165700999e+01
5.296564082926257555e+01
5.632246688330994999e+01
5.952947125240283555e+01
6.264184504385588070e+01
6.571351679129764989e+01
6.875804068925683055e+01
7.172461525956396144e+01
7.449917145957081743e+01
7.693176144358223212e+01
7.888201057053055365e+01
8.026743489360934802e+01
8.109747547838797743e+01
8.148001913509352789e+01
8.159584422595673914e+01
8.164707990691510986e+01
8.179486770234063897e+01
8.210584606139555319e+01
8.252519122640084959e+01
8.288615101871518220e+01
8.295468613428943172e+01
8.249659860746275797e+01
8.134704964290888540e+01
7.946116559827935077e+01
7.693001322817387688e+01
7.395689840186251729e+01
7.080132863079138872e+01
6.770810420115006423e+01
6.484358919461431014e+01
6.225876296910560370e+01
5.988994600118579825e+01
5.759594983901277487e+01
5.521875995175349772e+01
5.264749666158785146e+01
4.986468251226254722e+01
4.695996096363854377e+01
4.410730628880358495e+01
4.151382342430377292e+01
3.935748266969105202e+01
3.773454512048493825e+01
3.663393964627487520e+01
3.594667815275400358e+01
3.550664815792973883e+01
3.514873905656693864e+01
3.476469273029635332e+01
3.433813280604650231e+01
3.394749418454535572e+01
3.373653743552774387e+01
3.386305755486140612e+01
3.444359140337082437e+01
3.551299197064366098e+01
3.701236870216944652e+01
3.880898198992359482e+01
4.074065581610064157e+01
4.266892609074748322e+01
4.452232569310908872e+01
4.631485680643773151e+01
4.813351704230079520e+01
5.009964183550344075e+01
5.231799596830899191e+01
5.483178617932474452e+01
5.759958646072363564e+01
6.050232460467800166e+01
6.337772429013852360e+01
6.606972950213409490e+01
6.847497811209680663e+01
7.056933974529216869e+01
7.240464302531214003e+01
7.407654501853259887e+01
7.567522292256337835e+01
7.723732441628358458e+01
7.871784542959683506e+01
7.999401442332857926e+01
8.090197660905654686e+01
8.129496137102313469e+01
8.110298755991352948e+01
8.037225214687867947e+01
7.926815125722364996e+01
7.803771717020802612e+01
7.694125177179903119e+01
7.617430600146742847e+01
7.580581395768457753e+01
7.575420742560547183e+01
7.581167981177419790e+01
7.571108391244254676e+01
7.521540911150441389e+01
7.420137685331729926e+01
7.270950811501907651e+01
7.094312556157260019e+01
6.921508198520021438e+01
6.785827185543044493e+01
6.712840929211448326e+01
6.713081681748717244e+01
6.779569585933525389e+01
6.891068497866783105e+01
7.020049205919758606e+01
7.142732775863427719e+01
7.247826791826491899e+01
7.340933257333736606e+01
7.443006587738949520e+01
7.583229187719830122e+01
7.788594062683525010e+01
8.073685534980312184e+01
8.434201181074953979e+01
8.846606904668399807e+01
9.274313917578156463e+01
9.678561354468524769e+01
1.003052001335570651e+02
1.032058256064898387e+02
1.056159678519309466e+02
1.078471033818922251e+02
1.102892345120465336e+02
1.132759336028000945e+02
1.169627219239644518e+02
1.212597517556992130e+02
1.258431702941669812e+02
1.302443011650752567e+02
1.339900115467214050e+02
1.367498840582680373e+02
1.384422094615097762e+02
1.392629620969460404e+02
1.396262330627171480e+02
1.400333609883936390e+02
1.409118183485288682e+02
1.424757890242127019e+02
1.446543766100777759e+02
1.471120771862286176e+02
1.493563796882253314e+02
1.508984253992240951e+02
1.514143853381567055e+02
1.508543671617795781e+02
1.494616846215295993e+02
1.476947642389006887e+02
1.460765434847625670e+02
1.450200119245196504e+02
1.446883403499929841e+02
1.449372519310300618e+02
1.453602992811497643e+02
1.454244463306532396e+02
1.446519604319217649e+02
1.427882819637891885e+02
1.398988996070872304e+02
1.363604777331652826e+02
1.327464553862535297e+02
1.296427786887984439e+02
1.274542561098555211e+02
1.262671623809370658e+02
1.258161839045285433e+02
1.255704075613784454e+02
1.249127140145467791e+02
1.233543532641291307e+02
1.207123672096693525e+02
1.171874418164230605e+02
1.133114408788886038e+02
1.097773067698849587e+02
1.072049042564246122e+02
1.059209027611219653e+02
1.058299297732186233e+02
1.064259864911594491e+02
1.069488695982052633e+02
1.066397369337993837e+02
1.050131867884297208e+02
1.020534932534194894e+02
9.826062183175706366e+01
9.451935230028213653e+01
9.182309096719389174e+01
9.093433771719364245e+01
9.209369847912623186e+01
9.488064568822281331e+01
9.828685274985636511e+01
1.009977371644547759e+02
1.018136799253357765e+02
1.000716332659542331e+02
9.594320578749133688e+01
9.048950621786504200e+01
8.542207644349241491e+01
8.262782574022988058e+01
8.355605123141661750e+01
8.866242116515749672e+01
9.705479997896227928e+01
1.065176152443825828e+02
1.138782834186769151e+02
1.155132545643867843e+02
1.089483535225538020e+02
9.282401308558199560e+01
6.225930489389839551e+01
3.478720105889838976e+01
1.324492651152780631e+01
5.033549544928038744e-01
3.414374974972633203e-01
3.130916887043823649e-01
2.908359832862040251e-01
2.680423446551503663e-01
2.469039127796782418e-01
2.276581405225106547e-01
2.122261981762954552e-01
2.034633425216617053e-01
1.971392727304838721e-01
1.918870103791455173e-01
1.861322834578703345e-01
1.817147739600911971e-01
1.765545043919381496e-01
1.722556500588763584e-01
1.672453400197781159e-01
1.615205501164277690e-01
1.560576738655679307e-01
1.493939671872999975e-01
1.439787972744150102e-01
