9.666975811008955421e-01
1.481436682150159223e+00
2.035546863082397628e+00
2.590003513781012678e+00
3.117615325995682252e+00
3.631574546986565455e+00
4.131567517030706682e+00
4.617750408980962007e+00
5.091117821637884511e+00
5.552204872218476694e+00
6.001487310457045865e+00
6.439395325057071240e+00
6.866307225857957164e+00
7.282548092375004778e+00
7.688381935386079391e+00
8.084018432896211692e+00
8.469611136424509468e+00
8.845263041139300952e+00
9.211039112517426020e+00
9.566953199710342304e+00
9.912983801677448525e+00
1.024907468129656785e+01
1.057511968107479916e+01
1.089098433371393426e+01
1.119648922070161490e+01
1.149141511555662021e+01
1.177552190116119490e+01
1.204853560634071385e+01
1.231016547841989706e+01
1.256010473089307666e+01
1.279801718140492284e+01
1.302355651562864125e+01
1.323635398552407416e+01
1.343601969864816148e+01
1.362215116204748000e+01
1.379433410557631312e+01
1.395215215911192885e+01
1.409519433989154180e+01
1.422306403413745279e+01
1.433537420147053965e+01
1.443175324746444765e+01
1.451184633987643657e+01
1.457532574920530166e+01
1.462188460590513728e+01
1.465124430530792843e+01
1.466316074659928326e+01
1.465742376477321685e+01
1.463385871664366000e+01
1.459232987985567220e+01
1.453274325821991830e+01
1.445505190953264396e+01
1.435925622439826199e+01
1.424541328021578224e+01
1.411363119885464812e+01
1.396406849526023031e+01
1.379694745967747238e+01
1.361254603875009295e+01
1.341120820089838261e+01
1.319335517912708333e+01
1.295948578596474476e+01
1.271018606582709509e+01
1.244612739264751866e+01
1.216806279091956533e+01
1.187682744552942182e+01
1.157333705792368406e+01
1.125858605598031659e+01
1.093364569568315758e+01
1.059966177429744150e+01
1.025785204660787286e+01
9.909503340398238436e+00
9.555968368014500669e+00
9.198662235584485813e+00
8.839058661879874990e+00
8.478685911914698892e+00
8.119122452525941114e+00
7.761992344437322444e+00
7.408960380140308999e+00
7.061726982585041057e+00
6.722022881573643360e+00
6.391603583106100217e+00
6.072243649757693262e+00
5.765730811355233243e+00
5.473859924743861072e+00
5.198426803658963813e+00
4.941221940198637697e+00
4.704024139532859472e+00
4.488594091703348887e+00
4.296667904061449050e+00
4.129950618409628404e+00
3.990109737570902038e+00
3.878768785607914715e+00
3.797500926126038401e+00
3.747822663167351021e+00
3.731187649068171464e+00
3.748980623838355175e+00
3.802511510559471120e+00
3.893009691150922436e+00
4.021618486683743221e+00
4.189389865567158644e+00
4.397279402353360567e+00
4.646141509259885893e+00
4.936724961451736782e+00
5.269668736408641863e+00
5.645498186560899967e+00
6.064621563237910351e+00
6.527326908835881625e+00
7.033779332670338391e+00
7.584018684848061298e+00
8.177957640940011430e+00
8.815380208867107825e+00
9.495940668185951949e+00
1.021916295003284603e+01
1.098444046458434542e+01
1.179103638127646647e+01
1.263808436515478917e+01
1.352458977144289420e+01
1.444943129876122256e+01
1.541136309983480857e+01
1.640901734710983462e+01
1.744090724896645739e+01
1.850543051051624133e+01
1.960087323126284176e+01
2.072541423012987494e+01
2.187712978668482222e+01
2.305399878574034034e+01
2.425390825089406732e+01
2.547465925100059181e+01
2.671397316205776207e+01
2.796949826552880936e+01
2.923881666273516089e+01
3.051945148363097005e+01
3.180887436702432325e+01
3.310451318814539690e+01
3.440376000837912329e+01
3.570397922099169818e+01
3.700251586577978458e+01
3.829670408477074517e+01
3.958387569040408493e+01
4.086136881702709900e+01
4.212653662604768101e+01
4.337675603470805896e+01
4.460943643817033433e+01
4.582202839444502018e+01
4.701203224165131189e+01
4.817700661715956301e+01
4.931457684835122990e+01
5.042244318501945344e+01
5.149838884384313076e+01
5.254028783587970253e+01
5.354611254865019276e+01
5.451394105511815269e+01
5.544196412270381558e+01
5.632849189641297727e+01
5.717196023119375070e+01
5.797093664976915051e+01
5.872412590341324545e+01
5.943037511444646270e+01
6.008867848061502315e+01
6.069818152298706337e+01
6.125818486053268686e+01
6.176814749615901690e+01
6.222768960063422838e+01
6.263659478254777468e+01
6.299481183422040687e+01
6.330245594527764297e+01
6.355980937744048020e+01
6.376732159594648408e+01
6.392560885490168943e+01
6.403545323575511361e+01
6.409780113999126172e+01
6.411376123902978463e+01
6.408460188621496911e+01
6.401174799764312695e+01
6.389677741042984849e+01
6.374141672883307308e+01
6.354753667042687937e+01
6.331714692625738650e+01
6.305239055059809061e+01
6.275553789754453504e+01
6.242898012325930068e+01
6.207522227416951210e+01
6.169687598284399854e+01
6.129665179461871816e+01
6.087735114930023883e+01
6.044185804344602531e+01
5.999313039980055606e+01
5.953419117144471073e+01
5.906811920910081426e+01
5.859803992080963297e+01
5.812711575386780538e+01
5.765853652947725294e+01
5.719550966100559464e+01
5.674125028709809015e+01
5.629897135110531536e+01
5.587187365840230058e+01
5.546313594317116724e+01
5.507590497610197389e+01
5.471328574423516500e+01
5.437833173382411900e+01
5.407403534663990285e+01
5.380331847957587144e+01
5.356902329673253149e+01
5.337390322238730533e+01
5.322061418236872044e+01
5.311170612037387428e+01
5.304961481468918549e+01
5.303665401959918313e+01
5.307500795450620501e+01
5.316672416243059018e+01
5.331370675813024462e+01
5.351771008454782219e+01
5.378033279471262063e+01
5.410301237458256907e+01
5.448702012047219512e+01
5.493345658289670297e+01
5.544324748690473825e+01
5.601714013733140973e+01
5.665570031667015627e+01
5.735930968282058018e+01
5.812816367366972514e+01
5.896226992585213367e+01
5.986144721420949111e+01
6.082532491736305502e+01
6.185334301370776444e+01
6.294475260948830453e+01
6.409861699900801568e+01
6.531381325544566607e+01
6.658903434863196935e+01
6.792279178501814840e+01
6.931341876293939208e+01
7.075907383416813445e+01
7.225774506078289505e+01
7.380725465393270213e+01
7.540526407949923282e+01
7.704927961360026245e+01
7.873665832931079933e+01
8.046461449472171523e+01
8.223022636035125288e+01
8.403044331304360526e+01
8.586209337304642020e+01
8.772189101121901444e+01
8.960644526489365091e+01
9.151226813173124697e+01
9.343578322132366054e+01
9.537333464420221674e+01
9.732119611558508154e+01
9.927558024987231988e+01
1.012326480206967858e+02
1.031885183589404846e+02
1.051392778639058179e+02
1.070809906036980834e+02
1.090097079816647323e+02
1.109214786504316663e+02
1.128123584535749728e+02
1.146784203749991349e+02
1.165157644823328553e+02
1.183205278446225321e+02
1.200888944028901477e+02
1.218171047886718696e+02
1.235014660703434544e+02
1.251383614255054653e+02
1.267242597543593234e+02
1.282557252175144242e+02
1.297294267196316468e+02
1.311421473619156473e+02
1.324907938725342831e+02
1.337724059064875348e+02
1.349841657285382723e+02
1.361234081816275818e+02
1.371876277549202996e+02
1.381744930441334134e+02
1.390818616908297543e+02
1.399077717085970392e+02
1.406504303326892398e+02
1.413081682151440646e+02
1.418793753670951503e+02
1.423624762610297978e+02
1.427558843623051530e+02
1.430579904717257307e+02
1.432671823162826570e+02
1.433818356463375494e+02
1.434003313971423381e+02
1.433210577496394933e+02
1.431424002946509120e+02
1.428627447419161740e+02
1.424804814810908056e+02
1.419940237196660746e+02
1.414018175651342517e+02
1.407023445143065885e+02
1.398941398702538663e+02
1.389757895389938653e+02
1.379459383268043098e+02
1.368032976460345083e+02
1.355466551968838473e+02
1.341748825281977133e+02
1.326869267862086588e+02
1.310817875243464528e+02
1.293584839805048716e+02
1.275160234760478914e+02
1.255533892938070579e+02
1.234695721527718177e+02
1.212635643734528088e+02
1.189344002866365031e+02
1.164811853931411036e+02
1.139030706100493404e+02
1.111992804892172302e+02
1.083690672830421846e+02
1.054116640430224265e+02
1.023262978871743485e+02
9.911213853099202709e+01
9.576831493509368443e+01
9.229394387611414174e+01
8.868809007125770449e+01
8.494960901080801818e+01
8.107771565507523803e+01
7.707117030851082973e+01
7.292854900303443344e+01
6.864840577037810476e+01
6.422853485458048794e+01
5.966692766110963930e+01
5.496085640083158808e+01
5.010766344129501704e+01
4.510326284289990895e+01
3.994461285182818955e+01
3.462764458754298147e+01
2.912577218063626461e+01
2.348885167133043694e+01
1.773234076462463449e+01
1.109168349563871558e+01
5.931759242297501622e+00
2.293526565026624997e+00
2.813258788970148805e-01
2.471477408637386686e-01
2.350115670824600989e-01
2.247544373322948041e-01
2.152402716396511484e-01
2.066376414244979476e-01
1.987849853278690071e-01
1.917758798971853917e-01
1.858770247870695225e-01
1.803493501412254951e-01
1.749439902084058696e-01
1.694081217337623790e-01
1.640214765018196963e-01
1.584934704114740467e-01
1.531058230100250384e-01
1.476692329202080878e-01
1.422279563303461558e-01
1.369557942775807557e-01
1.316386807023138539e-01
1.266239480248725069e-01
