8.905019683634515459e+00
1.207965422533658995e+01
1.398630349789906546e+01
1.422222730367202637e+01
1.293224327840679067e+01
1.104930231316869182e+01
9.354225744599258263e+00
8.424017976708649158e+00
8.482471026956556415e+00
9.362645683278088882e+00
1.062879452436563632e+01
1.177093095022852332e+01
1.240314892296757776e+01
1.239349900248310021e+01
1.188245198336048247e+01
1.119283401959043012e+01
1.067525171470466283e+01
1.055601824743114037e+01
1.084972645678901593e+01
1.136860389401969407e+01
1.182029322131064930e+01
1.194770199443378722e+01
1.164873506747402132e+01
1.102446943299633553e+01
1.033476508621856205e+01
9.882381198402720557e+00
9.876951834398585817e+00
1.033843291499104744e+01
1.108367706800923003e+01
1.180229312440808442e+01
1.218949993656589648e+01
1.207900606584962411e+01
1.151722864689734926e+01
1.074660516935625587e+01
1.010435907821636903e+01
9.879758151399052224e+00
1.019138141269197106e+01
1.093694172907899720e+01
1.183701404864020290e+01
1.255311722265910213e+01
1.282908542484176984e+01
1.259471384814398043e+01
1.198815118668984425e+01
1.128901225747524251e+01
1.079377218374696135e+01
1.068897252662165975e+01
1.097748107237862847e+01
1.148838956743529138e+01
1.196314386810063723e+01
1.217674270855921925e+01
1.203836348862544625e+01
1.162651404089230134e+01
1.114503887816074013e+01
1.082242679555341880e+01
1.080291098515704462e+01
1.108047617131798290e+01
1.150543629822305469e+01
1.185963744235296424e+01
1.196345186421008933e+01
1.176313521944004137e+01
1.135706469649961647e+01
1.094802245494763682e+01
1.074423784255903236e+01
1.085641373166502355e+01
1.124019083264342811e+01
1.171258217865042539e+01
1.203612378983004128e+01
1.203220615256289427e+01
1.167043201726680302e+01
1.109093182160679625e+01
1.054697819121100899e+01
1.029208638178491242e+01
1.046206233869854607e+01
1.100589658355092126e+01
1.169817126443459010e+01
1.222925616949695460e+01
1.233452820042671050e+01
1.190610501833768708e+01
1.103820659027643281e+01
9.986754946097304853e+00
9.061771734782555043e+00
8.500370775361323794e+00
8.375625675923588531e+00
8.579311019423053963e+00
8.882743551359260081e+00
9.045299926149876768e+00
8.920344252741935875e+00
8.511824922377304148e+00
7.959345848413035718e+00
7.463138284733045857e+00
7.187261382138166788e+00
7.187323174300017214e+00
7.395008325524841553e+00
7.663085634597035067e+00
7.845393551759514139e+00
7.870504801085270508e+00
7.772558144483538101e+00
7.665273784023119319e+00
7.674076465690744087e+00
7.862248687543647030e+00
8.189856269525122912e+00
8.527534491769255709e+00
8.719365748384161563e+00
8.663813522554391966e+00
8.371597409492455455e+00
7.969734710413892032e+00
7.646990327962685186e+00
7.565147344669369112e+00
7.778537500911425262e+00
8.202007145508856567e+00
8.645472741814103301e+00
8.901572514971878292e+00
8.846673850537248640e+00
8.507440402540304092e+00
8.059679603872949016e+00
7.756995594389329618e+00
7.819701827229763147e+00
8.334032393376414660e+00
9.208439600831583860e+00
1.020872355061878345e+01
1.105814726295594319e+01
1.155885046223204249e+01
1.168060365944214141e+01
1.157713295009605403e+01
1.152254377842668553e+01
1.179608809589482732e+01
1.256639990991259381e+01
1.382604456770169854e+01
1.540411421221002719e+01
1.704940357459560119e+01
1.854554064150406134e+01
1.980634995476135174e+01
2.091020682337707726e+01
2.206082412748041932e+01
2.349523660091712429e+01
2.538239984632804536e+01
2.775785788856150305e+01
3.052122619037571738e+01
3.349324053115485356e+01
3.650216422927630333e+01
3.945777172632499941e+01
4.237957695374437606e+01
4.536948412081193283e+01
4.854574851368347765e+01
5.197220948300612520e+01
5.561657267566594953e+01
5.935513564415228416e+01
6.301766491076643462e+01
6.644721426180981894e+01
6.954468482907753923e+01
7.227863915817839313e+01
7.466099822420156329e+01
7.670781417002822877e+01
7.841143050880290843e+01
7.974232552538488505e+01
8.068022408620031172e+01
8.125495106876371665e+01
8.156877437973861333e+01
8.177920196919758666e+01
8.204152174547537868e+01
8.243369832135665831e+01
8.290013374739694996e+01
8.324688664653747594e+01
8.319951704802001302e+01
8.250514635680522701e+01
8.103683642865779291e+01
7.885323061356858432e+01
7.618352651577468748e+01
7.334049247478948530e+01
7.059761530082867864e+01
6.808459816082338989e+01
6.574887371738529396e+01
6.340155264549596126e+01
6.082727168341823898e+01
5.790690756652379179e+01
5.469489962464441390e+01
5.141318510285456256e+01
4.836269500970795576e+01
4.579294222765485500e+01
4.379152428403106967e+01
4.224759350257516388e+01
4.090934773614382181e+01
3.951086993904188915e+01
3.790933636321948796e+01
3.616653838947704003e+01
3.453311585962401864e+01
3.333920005904361261e+01
3.284030238171860816e+01
3.309064912840042183e+01
3.390585107127368047e+01
3.493659496458330693e+01
3.582310140073920479e+01
3.636070846118047939e+01
3.659918948220751389e+01
3.682693933706278955e+01
3.744357107590434453e+01
3.877672698723343103e+01
4.092642972624314268e+01
4.370952522601108825e+01
4.673185260615822756e+01
4.955702812727130890e+01
5.189539811011446346e+01
5.372628569747764260e+01
5.529661061491658813e+01
5.699588891642066102e+01
5.916519701967624201e+01
6.192886816410899797e+01
6.512747542401351097e+01
6.838336882297662100e+01
7.126759774099284073e+01
7.348888193970327620e+01
7.501447196608846468e+01
7.606492311026920561e+01
7.698524050861719559e+01
7.805501942856128039e+01
7.933116473489829445e+01
8.060297751404183941e+01
8.148641021632381864e+01
8.161662554342485976e+01
8.084785575834654026e+01
7.936166579034896529e+01
7.762430953044082571e+01
7.620365410146284546e+01
7.552392255429003853e+01
7.566999396223029350e+01
7.633513333572280146e+01
7.694342762323340423e+01
7.689872390530712210e+01
7.585204915643522838e+01
7.386768624544041018e+01
7.141099730275274737e+01
6.916018598795541550e+01
6.772380049644465316e+01
6.738933919520775362e+01
6.801532604865386133e+01
6.911496211049359317e+01
7.009289942614778113e+01
7.052732936300689914e+01
7.036929234651641707e+01
6.996932148847605504e+01
6.992071372443858479e+01
7.079242441949627107e+01
7.287426109121319939e+01
7.604996957832928217e+01
7.985360739373795980e+01
8.367959656223260367e+01
8.704675944965416079e+01
8.979396878319781194e+01
9.211983962395967751e+01
9.445409816986459361e+01
9.722785831077129615e+01
1.006561739620195368e+02
1.046372588645555766e+02
1.088135409735449883e+02
1.127592960675158196e+02
1.161972633624883287e+02
1.191329270658360571e+02
1.218369694495471265e+02
1.246834678202309874e+02
1.279258027997968696e+02
1.315267482407447233e+02
1.351355935082615076e+02
1.382335513484753164e+02
1.403833690948749791e+02
1.414621400255334436e+02
1.417573750602306291e+02
1.418674733173605489e+02
1.424413646327517995e+02
1.438736391667124508e+02
1.461002983470987715e+02
1.485999697559484787e+02
1.506118151449965410e+02
1.514776067123759447e+02
1.509518982253105719e+02
1.493315122806122588e+02
1.473354833447744454e+02
1.457828241299024228e+02
1.452122405637134079e+02
1.456223643871219622e+02
1.464599714270303252e+02
1.468698227612004246e+02
1.460969460831286142e+02
1.438545384172129786e+02
1.404807407494159008e+02
1.368021211279366298e+02
1.337585659669625215e+02
1.319609160879334411e+02
1.313912635346363516e+02
1.313959549790463086e+02
1.309870623442114095e+02
1.293195765018014924e+02
1.261216498868052867e+02
1.218668758893502968e+02
1.175917818230794296e+02
1.144277691632208303e+02
1.130578661609309279e+02
1.133563977115438917e+02
1.143963309678402709e+02
1.148432205019002339e+02
1.135707413596647513e+02
1.102173833171501229e+02
1.054139530477940809e+02
1.005538522654830871e+02
9.718617078915249863e+01
9.629561527639552310e+01
9.780496853555358427e+01
1.005486760166714788e+02
1.027610431450130051e+02
1.028816543369145222e+02
1.003154252477189061e+02
9.578430553449665297e+01
9.107315154058350970e+01
8.824401557732674917e+01
8.865078978586232950e+01
9.221363822289856671e+01
9.730570454126029745e+01
1.013841871286053049e+02
1.021319036876887623e+02
9.861890518799177130e+01
9.196091167832547342e+01
8.507805924221547400e+01
8.157831251394954108e+01
8.411430805900084806e+01
9.294598326645538577e+01
1.052533791467858748e+02
1.153693862469715157e+02
1.175136121572948724e+02
1.068772971021442117e+02
7.464407054542729725e+01
4.315986311782072704e+01
1.683116429126596003e+01
5.478752642254830496e-01
3.491862733343629732e-01
3.207507898757462339e-01
2.992209875579858180e-01
2.755435927977832877e-01
2.525339357839225807e-01
2.308379403235316374e-01
2.134819507400968763e-01
2.046529394373237387e-01
1.988743588338242885e-01
1.941347795404603505e-01
1.881576795195932239e-01
1.833700675916603018e-01
1.772580723881290177e-01
1.723140864440019793e-01
1.668667253038057519e-01
1.611614154924717046e-01
1.565068596435376658e-01
1.507024827541318113e-01
1.465310354853036900e-01
