1.123005145043969399e+01
1.421954217746699101e+01
1.505401546654581324e+01
1.372498765626410488e+01
1.107922152719460307e+01
8.846607526683772704e+00
7.971187770748824342e+00
8.580813318815968316e+00
1.007826075139900368e+01
1.153202884595681788e+01
1.221298249215794840e+01
1.194064551402181884e+01
1.109692109670879390e+01
1.033763403005796278e+01
1.018675356064481718e+01
1.074707984626253676e+01
1.167685279954245559e+01
1.242281949484684134e+01
1.255698181324035367e+01
1.201579044360725845e+01
1.111203101060991649e+01
1.032825613167529788e+01
1.002836360881765287e+01
1.026392125966627944e+01
1.078180305027160557e+01
1.121375549853825859e+01
1.131758497335976799e+01
1.111482757212008465e+01
1.084511793043971828e+01
1.077677435040101805e+01
1.100612034403682316e+01
1.138307404413843571e+01
1.161316027457789879e+01
1.146948437207182181e+01
1.097155898235310012e+01
1.040563981764030288e+01
1.016293625604112627e+01
1.049155048916025379e+01
1.131990204641853737e+01
1.227024920477360936e+01
1.286477383362377402e+01
1.280365906917870689e+01
1.214549643737227669e+01
1.127601616692103903e+01
1.068127074206227789e+01
1.066199452975992656e+01
1.116338540127151724e+01
1.182357973886876579e+01
1.220797711959521870e+01
1.208122239795326536e+01
1.154670703183828273e+01
1.096842140245116681e+01
1.072879591876893990e+01
1.097908814619754025e+01
1.154285911207979609e+01
1.203357569211579836e+01
1.210863784196616955e+01
1.169561282033642691e+01
1.104358107072045314e+01
1.056555852482718016e+01
1.057341249505788383e+01
1.107563832378239965e+01
1.176866949677363650e+01
1.222772412500617278e+01
1.217449787485194257e+01
1.164992899147513583e+01
1.098201181889685252e+01
1.057145884823413695e+01
1.063568167411013832e+01
1.107754217136554686e+01
1.156266080215116432e+01
1.175162378786854234e+01
1.153113338806359067e+01
1.108844043475990659e+01
1.077693709647584619e+01
1.086038513541862649e+01
1.130718258473602233e+01
1.177786797179080480e+01
1.182499218756457715e+01
1.118398524381932724e+01
9.968411658980519618e+00
8.637453468444270754e+00
7.745095533666506604e+00
7.619837665018653006e+00
8.171393278939252269e+00
8.944980264308826534e+00
9.391309741086026008e+00
9.187237729063483016e+00
8.412261026570028832e+00
7.477962005629421149e+00
6.862232365703392567e+00
6.819358713295122776e+00
7.246144457660764537e+00
7.779551609797186629e+00
8.051864272028657510e+00
7.931594746826140963e+00
7.593891777660791043e+00
7.380569171441048404e+00
7.549504145249011700e+00
8.084572327279918369e+00
8.694714328188524632e+00
9.003454279268368055e+00
8.802741957580625609e+00
8.201400267826686630e+00
7.567221625361355564e+00
7.297429315369316605e+00
7.565531443994780503e+00
8.209126820868249297e+00
8.832142328462699865e+00
9.055956858543055432e+00
8.757773726962780003e+00
8.143933702436910949e+00
7.613939324248943485e+00
7.506630892328598925e+00
7.894492984877896191e+00
8.557412271957772987e+00
9.147225560554289814e+00
9.428801553959086590e+00
9.435001808740652862e+00
9.433007651149461381e+00
9.727575621215233781e+00
1.043727600095487951e+01
1.139889822955875509e+01
1.226981736653957000e+01
1.276453102539134754e+01
1.286854921210438185e+01
1.288294132301301254e+01
1.326099714437749455e+01
1.433472133407021509e+01
1.610408977897148830e+01
1.822612049695729652e+01
2.021587438396531766e+01
2.173746741290776896e+01
2.280605850127239975e+01
2.377790806652511435e+01
2.513840973993502459e+01
2.722221748631879379e+01
3.003677583522224381e+01
3.328946761585320502e+01
3.658772598683786725e+01
3.967616621787835385e+01
4.256113075998220552e+01
4.545548427709150019e+01
4.859694502323608134e+01
5.207111253497507874e+01
5.575644985439880941e+01
5.941665792496460341e+01
6.286189092104662279e+01
6.605600379801734334e+01
6.909151996533054785e+01
7.205424330714981807e+01
7.488376514570788345e+01
7.734401632528529547e+01
7.914219805770487426e+01
8.012643957001931483e+01
8.042784698306341795e+01
8.043875837581676080e+01
8.062210349677162924e+01
8.125947488140104724e+01
8.229182236726335020e+01
8.335332270681821853e+01
8.397885652003493817e+01
8.385674837669840542e+01
8.297250590617888122e+01
8.156316490959899568e+01
7.992613591340563062e+01
7.821831670693089222e+01
7.638002839303712221e+01
7.422653841906533501e+01
7.163153371123173940e+01
6.866380746799377732e+01
6.557426868913449880e+01
6.264008132677560781e+01
5.997905021372913126e+01
5.747398487623163277e+01
5.487195131482969401e+01
5.199689767532540685e+01
4.892495765531472784e+01
4.598650392561705047e+01
4.357405929805076283e+01
4.187518081073420007e+01
4.071632460556304522e+01
3.964401554277124262e+01
3.821482734334466613e+01
3.631593495388096926e+01
3.429771762850536732e+01
3.280612855946689876e+01
3.239503726162192976e+01
3.315418659460443962e+01
3.459948545652117957e+01
3.592086362716393921e+01
3.645748686674892980e+01
3.611389115355462565e+01
3.544980114755671252e+01
3.536864541341583390e+01
3.658004932620412575e+01
3.916180103773760379e+01
4.249649295600818277e+01
4.563171699760727051e+01
4.784858484210336371e+01
4.908832761103949593e+01
4.996993942337938677e+01
5.138529330609782164e+01
5.392411390041962704e+01
5.749071959786798658e+01
6.135549357802846515e+01
6.460939489690522919e+01
6.673288055256099938e+01
6.791573670901389903e+01
6.892124615089775830e+01
7.057855447462280551e+01
7.322609329236597375e+01
7.646278760900121085e+01
7.936923207720684559e+01
8.106138653241038128e+01
8.122640792375199226e+01
8.030124992898132064e+01
7.918342786124524935e+01
7.866323324035464282e+01
7.894441959864862213e+01
7.956075334377976560e+01
7.973678334061277440e+01
7.895029309393156325e+01
7.732052917856903207e+01
7.555876451465303489e+01
7.450498595145720060e+01
7.455067972991157887e+01
7.533187665192029669e+01
7.591040985654122153e+01
7.534830674538213202e+01
7.332081619614299939e+01
7.037658019890375272e+01
6.766677635813030633e+01
6.629619166471395886e+01
6.668886385535243733e+01
6.835647582286804891e+01
7.021070824274541167e+01
7.122629836922571656e+01
7.104936220130198876e+01
7.018677784294237654e+01
6.967733474599729959e+01
7.046411200524494234e+01
7.286007778960204462e+01
7.642222451857747956e+01
8.028089975790723543e+01
8.368717650121354268e+01
8.642219121791183056e+01
8.882612769726115687e+01
9.146638603251601296e+01
9.469743289946310938e+01
9.841790308128622655e+01
1.021770346935164753e+02
1.055338954510525156e+02
1.084005355685260668e+02
1.111192494440742422e+02
1.142168589025929037e+02
1.180092281221496506e+02
1.223368820111156197e+02
1.266232336825776912e+02
1.302226896808091112e+02
1.328226065803756342e+02
1.346228168761658708e+02
1.361690496863541284e+02
1.379576580648661945e+02
1.400907421148646392e+02
1.422276044035986047e+02
1.438693999762593876e+02
1.447724186871144809e+02
1.451828036654299865e+02
1.457010563764941367e+02
1.468468636707776511e+02
1.486229930082274961e+02
1.504057500110730814e+02
1.512850132140045503e+02
1.506639707136963295e+02
1.487234883342996170e+02
1.464098970537434354e+02
1.448991987758906248e+02
1.448481706033767296e+02
1.459164183766788483e+02
1.469028658534647320e+02
1.464595086825529791e+02
1.439566434211085664e+02
1.399428511699835269e+02
1.358718416980615871e+02
1.332277234090222748e+02
1.325826114429943345e+02
1.331948502129768599e+02
1.334369552512029884e+02
1.318171858243368320e+02
1.279596205676875371e+02
1.229059060180949388e+02
1.185134511973391085e+02
1.163025392139029464e+02
1.164772139597951934e+02
1.177599098281509100e+02
1.181744577495116744e+02
1.162995648513781219e+02
1.121916703262458981e+02
1.073660463252276287e+02
1.038236389510846749e+02
1.027379177842905591e+02
1.036655631015495089e+02
1.048258960581227939e+02
1.043003183697930041e+02
1.013791834064385711e+02
9.713988842951806646e+01
9.381299682954426089e+01
9.329092427590974523e+01
9.574149662466965083e+01
9.929630693862627311e+01
1.011278946220450763e+02
9.931017197402066188e+01
9.426736828812877889e+01
8.878418159599652881e+01
8.638471649513054729e+01
8.901089480926546571e+01
9.546794302968079649e+01
1.017725712642835987e+02
1.034522277411679170e+02
9.850769694679173938e+01
8.922061602742522268e+01
8.138546520718055888e+01
8.117780354958642874e+01
9.107356975558870715e+01
1.067807770006796062e+02
1.196568968230188545e+02
1.190325470890791024e+02
8.784362270687945795e+01
5.339448706688983037e+01
2.163541049938169536e+01
6.027914744532416602e-01
3.525231714287168638e-01
3.238882996309487283e-01
3.056699268104036693e-01
2.840898019987920797e-01
2.611070903773737295e-01
2.367677073322685122e-01
2.156338814691656225e-01
2.048164390303782167e-01
1.983149519532767524e-01
1.940377753504015368e-01
1.888159510598525492e-01
1.853679682051061761e-01
1.795898404332565701e-01
1.744495370173441418e-01
1.678636681579243062e-01
1.608107895624492634e-01
1.558614898214396582e-01
1.504153014299076940e-01
1.480194905402408001e-01
