1.301561804385342569e+01
1.549536438974295116e+01
1.517504913493917229e+01
1.267135974887789551e+01
9.512175598147125655e+00
7.864991824887043848e+00
8.246884769619152067e+00
9.914372733978794372e+00
1.155024803132816658e+01
1.213161855897851815e+01
1.153464091290234528e+01
1.045869371098575762e+01
9.832956441218097865e+00
1.015526247693678741e+01
1.120067453258889678e+01
1.225156571424200713e+01
1.263767659652379471e+01
1.218917047437610890e+01
1.130264472995191127e+01
1.061011853708352604e+01
1.051644940284730900e+01
1.093781040160531148e+01
1.140980984479478089e+01
1.146403220840293358e+01
1.098603490411868933e+01
1.029956174172738237e+01
9.926197713946319112e+00
1.020072015550162980e+01
1.102035093867540994e+01
1.190115542451338904e+01
1.229756397303543736e+01
1.196247637626326643e+01
1.110339654845470747e+01
1.024002488153177204e+01
9.870648792151737183e+00
1.017412794408209109e+01
1.093549480002173624e+01
1.172120931008138811e+01
1.216579025769595290e+01
1.217328232793272669e+01
1.191669250896170595e+01
1.166613475873062988e+01
1.158761922343724571e+01
1.165388471644649293e+01
1.171215304248225664e+01
1.163513702353752954e+01
1.143071654160808137e+01
1.123104526765320799e+01
1.118058004711063447e+01
1.131794039092958393e+01
1.154442793742146911e+01
1.169945353622169826e+01
1.168053447635210418e+01
1.151391194416341968e+01
1.132524665049587043e+01
1.123839326174816655e+01
1.128287951299378733e+01
1.138158867386567863e+01
1.142347632774019495e+01
1.135973964680060000e+01
1.124594547829315871e+01
1.119613549817957754e+01
1.128603275061693978e+01
1.148297045795970561e+01
1.165953349146307261e+01
1.168309913183762738e+01
1.151409096765266327e+01
1.123812643461172023e+01
1.100724739932577556e+01
1.093455702850344480e+01
1.102164493222713659e+01
1.117206294155034918e+01
1.127682310294007806e+01
1.130145849454899754e+01
1.130287183582721156e+01
1.136018238877996112e+01
1.147465103359460770e+01
1.152412558867133718e+01
1.132122815822751072e+01
1.074597648375526759e+01
9.860685553469723530e+00
8.916917670248917460e+00
8.233855285130614376e+00
8.017565591083906540e+00
8.236943847551740916e+00
8.639735624961950577e+00
8.901327516696335707e+00
8.811978616350057081e+00
8.384733987056504745e+00
7.821797614484979455e+00
7.371995215516656152e+00
7.180154889364183113e+00
7.225438038839090638e+00
7.376460039475570163e+00
7.508503383533104980e+00
7.591031155536476227e+00
7.685313679734411707e+00
7.864847742874198744e+00
8.129367470351906988e+00
8.384214421856290400e+00
8.502582577535214625e+00
8.421930055428669348e+00
8.198585547504089632e+00
7.976393767076054964e+00
7.890946839070256402e+00
7.979935363893320144e+00
8.165196559350281547e+00
8.317431088918374016e+00
8.352446582502627948e+00
8.285699149637981265e+00
8.206359347959509165e+00
8.196013888359292565e+00
8.260539112690985064e+00
8.332457237697569852e+00
8.343434570457715083e+00
8.307414452603632427e+00
8.341547098695196283e+00
8.597436678452057279e+00
9.146407615836345428e+00
9.904733362666618746e+00
1.066298828663293463e+01
1.121046730006231229e+01
1.147375043980031961e+01
1.157245518895368086e+01
1.174990052047203548e+01
1.222420662788718992e+01
1.306248691188215716e+01
1.416423371133221387e+01
1.536042785711587833e+01
1.655031870513061065e+01
1.777140920215777342e+01
1.915088492716287405e+01
2.078009187517370293e+01
2.261693233316493234e+01
2.450371761464511522e+01
2.629928828826920650e+01
2.802895736455004894e+01
2.992819155073064152e+01
3.232342210173967345e+01
3.541289479797848117e+01
3.909599928348279008e+01
4.298346512209004544e+01
4.660550147757048478e+01
4.969574599769489254e+01
5.236404879628570086e+01
5.503226606792193820e+01
5.815970089906318208e+01
6.192780315841980610e+01
6.608832586149152633e+01
7.007765681057728102e+01
7.332764794035325906e+01
7.557519698049533474e+01
7.697583531202052143e+01
7.795870093832162695e+01
7.893150208380750144e+01
8.003797568081816394e+01
8.112436163174358228e+01
8.191989697001073978e+01
8.228619944928823315e+01
8.234635264210274386e+01
8.239600863053522062e+01
8.265997942675070931e+01
8.307390775958972995e+01
8.325884849010502364e+01
8.272405739756355558e+01
8.117204997808019584e+01
7.870277448544366905e+01
7.577536612257556214e+01
7.294537790821397039e+01
7.054437179619669962e+01
6.850661592271774225e+01
6.644992883532110284e+01
6.395164147451555436e+01
6.083764700610738174e+01
5.730197948074816594e+01
5.379148270339278071e+01
5.074253595098467429e+01
4.834333399064635728e+01
4.646445535281901584e+01
4.478185829898349368e+01
4.299490311123759056e+01
4.099655483476163198e+01
3.890410717536529717e+01
3.696031027611850561e+01
3.539215271161452847e+01
3.431970051831861923e+01
3.374958628469359923e+01
3.362012787999584873e+01
3.384031257293666783e+01
3.429502729881493650e+01
3.483951162377598365e+01
3.532743173283100191e+01
3.568687232992117231e+01
3.600144907711898412e+01
3.652192176350906294e+01
3.756383832177206727e+01
3.932665352217234300e+01
4.174245705172015164e+01
4.446708939918800496e+01
4.704659652987110263e+01
4.917414262257445756e+01
5.087805391380739906e+01
5.250986330379332401e+01
5.452338064657509165e+01
5.717537305829441863e+01
6.034010296639331727e+01
6.356565836600761088e+01
6.634560715807815257e+01
6.843484887191404198e+01
7.000189636420270745e+01
7.151054834466486909e+01
7.339971941407718248e+01
7.576617088081080453e+01
7.825940034527462785e+01
8.026471595405048731e+01
8.126459346387716209e+01
8.115112364233553421e+01
8.029134890403365432e+01
7.930479706132723550e+01
7.869647646075128478e+01
7.857939306452274764e+01
7.865950795105580085e+01
7.848338991489382011e+01
7.777760022004839868e+01
7.665072912032785268e+01
7.552169803915322177e+01
7.482096366108601160e+01
7.466531918873616291e+01
7.473106928228891377e+01
7.442674517581241389e+01
7.327241580004977095e+01
7.125142548314302360e+01
6.890381425905248136e+01
6.708092657342203324e+01
6.648814505813056996e+01
6.728036617476855952e+01
6.895608623464801212e+01
7.062765707098751022e+01
7.152477787595260850e+01
7.144611360104268272e+01
7.089621637202316151e+01
7.082179557834942329e+01
7.209160860078694100e+01
7.501379293879907095e+01
7.916493035499004804e+01
8.362630726596032105e+01
8.748817478020227156e+01
9.032965065279299210e+01
9.240061292802229787e+01
9.441153534305634309e+01
9.707053590760288841e+01
1.006537366173619574e+02
1.048666792195416662e+02
1.090688894054250255e+02
1.127058554385466067e+02
1.156650398541311233e+02
1.183257369384291593e+02
1.212733263227478204e+02
1.248685045124533133e+02
1.289588453071608569e+02
1.329289420327654341e+02
1.360637857316498014e+02
1.379923360721390111e+02
1.389222599523417330e+02
1.395117866340833359e+02
1.404626945783404324e+02
1.421010591696847598e+02
1.442163674001201343e+02
1.462517044389532543e+02
1.476992735814609148e+02
1.484213815875091029e+02
1.486795633153380720e+02
1.488699160581578269e+02
1.491783597482047128e+02
1.494254525266023848e+02
1.492260070046865508e+02
1.483445877213971755e+02
1.469619534382308075e+02
1.456183189357334413e+02
1.448357311324249679e+02
1.446796972721103884e+02
1.446057198483795787e+02
1.437590028047291071e+02
1.415689311010891629e+02
1.382322274685348873e+02
1.347052653407310459e+02
1.321409335414220436e+02
1.311057663012387025e+02
1.311157899782138543e+02
1.308636614004738874e+02
1.290543337175693637e+02
1.253242797117338228e+02
1.206043789815224159e+02
1.166161729751735692e+02
1.147711326935114897e+02
1.151847421765445318e+02
1.164978388186375042e+02
1.166917718827749013e+02
1.144078439283282762e+02
1.098970062173620050e+02
1.049239717358896371e+02
1.016305772026950081e+02
1.010909447072276066e+02
1.025470940874741501e+02
1.038948033476542889e+02
1.031457187580173098e+02
9.987875858922120642e+01
9.564091284717679287e+01
9.293698587930268218e+01
9.343153048265030236e+01
9.660969441725022477e+01
9.991689262617377665e+01
1.004215793116510724e+02
9.694956999349109594e+01
9.119557275748934444e+01
8.685886994183674403e+01
8.720912064615851023e+01
9.262126111327263800e+01
9.983974854554760725e+01
1.037707135934598170e+02
1.008669162128459078e+02
9.200176078317203121e+01
8.266973466965811213e+01
8.007466758927721173e+01
8.834620706169305038e+01
1.042716090548029797e+02
1.191254627030064768e+02
1.209572214989851489e+02
9.038946819585116543e+01
5.560681972739682521e+01
2.275166294545343959e+01
6.161763021013743069e-01
3.536690624912282588e-01
3.243500489185542346e-01
3.063128602416353985e-01
2.849930443235075828e-01
2.622738532171139392e-01
2.379036656057252341e-01
2.164802055996456753e-01
2.055026128336361335e-01
1.986864623782276795e-01
1.940271392001445550e-01
1.884574936671706280e-01
1.851112291055180825e-01
1.796312642786774827e-01
1.749570187344370586e-01
1.685690399278049478e-01
1.613233750126964461e-01
1.560266396325249161e-01
1.501624015833463444e-01
1.477936858291231115e-01
