1.280724312884947835e+01
1.538591054687572601e+01
1.522118169778238794e+01
1.282528335745302606e+01
9.656195948595758694e+00
7.876798434026214935e+00
8.119228633919558291e+00
9.756265138434843109e+00
1.149279879920522163e+01
1.222006525348757400e+01
1.169167887538119643e+01
1.055140465746819700e+01
9.785526303038254881e+00
1.001165932702850192e+01
1.108516682071806869e+01
1.226169554412140528e+01
1.276147450252112314e+01
1.231711198052145662e+01
1.132338732319611374e+01
1.050716042787403914e+01
1.038202351033710436e+01
1.089180970620440725e+01
1.149400298307339163e+01
1.160405414805036806e+01
1.105570741895908071e+01
1.023277743713386378e+01
9.778393902679804128e+00
1.010371627354873780e+01
1.106673757203889963e+01
1.205834544074106596e+01
1.242967990163220904e+01
1.194629177810887199e+01
1.094043769184528259e+01
1.006470341682512526e+01
9.840295014900837245e+00
1.033028446782435950e+01
1.115710641902530220e+01
1.181784305886999853e+01
1.203958126931017780e+01
1.191304301895838513e+01
1.173670876323765455e+01
1.173066744839597675e+01
1.186418231217992947e+01
1.192427451544044636e+01
1.174409627635558806e+01
1.137991216570127939e+01
1.107991901986630090e+01
1.107340954815331457e+01
1.136531910728653649e+01
1.171789491252552828e+01
1.184175485673705452e+01
1.163778619080813570e+01
1.128386660966687671e+01
1.108681698592624976e+01
1.121936409805382873e+01
1.156393644402417920e+01
1.180115234669935731e+01
1.167913504268259217e+01
1.124155199742500066e+01
1.081682288900595879e+01
1.076362391526495621e+01
1.117185882257156671e+01
1.176665342291952498e+01
1.210647956706840311e+01
1.192737554542379286e+01
1.135852084379594018e+01
1.082844197591408708e+01
1.072734506551224243e+01
1.109289581083732301e+01
1.157697014694183402e+01
1.172981722574713004e+01
1.137892902645233839e+01
1.079311328152636484e+01
1.048502714279130466e+01
1.079451460702008170e+01
1.158049082049346090e+01
1.227712998151320534e+01
1.228989373827817921e+01
1.143657697407383722e+01
1.009407597194101491e+01
8.933564910308382068e+00
8.444142632705732510e+00
8.608077779815088704e+00
8.969530364081567342e+00
9.028162061004742611e+00
8.635865089456494559e+00
8.080694146249088661e+00
7.801600941045147231e+00
7.980907210906226013e+00
8.362041870422892487e+00
8.454095850316450722e+00
7.961373013063653303e+00
7.079525311017673239e+00
6.395727560252916888e+00
6.448378087023207250e+00
7.287553012258181973e+00
8.395206948299797745e+00
9.049552308768861408e+00
8.863876703025400872e+00
8.080174851370950151e+00
7.379730115108146471e+00
7.349977219849974652e+00
8.022723898940247622e+00
8.850162943556600936e+00
9.143618561189502003e+00
8.631984085477832025e+00
7.695255442415271929e+00
7.079437858880972101e+00
7.309002194642167716e+00
8.258546001855499696e+00
9.228388519700684967e+00
9.476436323041971477e+00
8.797606179533234538e+00
7.698340608417736597e+00
7.025420436523686085e+00
7.333002032942242288e+00
8.476211522739772519e+00
9.742342309231165842e+00
1.041069290606381159e+01
1.029974076536991490e+01
9.876656428178115732e+00
9.854346195458592916e+00
1.060672797632765452e+01
1.187259590392723219e+01
1.298313894803768420e+01
1.342700075200247056e+01
1.329583394456962608e+01
1.324810251641449810e+01
1.401312651169953583e+01
1.582451876378592992e+01
1.823019547667039575e+01
2.042988020333912047e+01
2.187697362770722620e+01
2.267823951567396179e+01
2.349033739670906940e+01
2.501060588156914122e+01
2.747144146032613321e+01
3.052776168247732613e+01
3.359917574342694024e+01
3.636285298662051702e+01
3.898546214270835009e+01
4.191465301513087383e+01
4.542570578999371378e+01
4.932479167167954870e+01
5.307551230522178543e+01
5.625138523631661513e+01
5.892756739259075971e+01
6.165707285215441402e+01
6.501377501169255879e+01
6.905492794377346399e+01
7.315107841902224095e+01
7.635920083779350875e+01
7.808289358198975094e+01
7.851741627349939279e+01
7.852403114328070899e+01
7.901339088345271477e+01
8.030220473608022758e+01
8.193384920766644086e+01
8.309405141039871978e+01
8.328647896643681747e+01
8.272860195549293394e+01
8.215079556492911195e+01
8.215874168342988071e+01
8.267360156684870276e+01
8.291226531282443091e+01
8.194736468811323959e+01
7.942435214590057058e+01
7.587654215410501024e+01
7.238027574690663357e+01
6.979925726597441837e+01
6.818517737266421364e+01
6.678357550732343384e+01
6.463244878879052635e+01
6.129499599927918752e+01
5.717922143039489669e+01
5.322565114598440061e+01
5.022652686192792970e+01
4.830122715365168773e+01
4.690262190096108696e+01
4.530308948536674052e+01
4.315081700905660256e+01
4.067067319604489484e+01
3.840023766527671967e+01
3.672805571816556380e+01
3.563203146210499739e+01
3.481041156011411886e+01
3.404583361552484888e+01
3.344813992149223481e+01
3.334539431776524054e+01
3.392097404021702545e+01
3.493849406425035653e+01
3.583811282690220423e+01
3.616870960337347185e+01
3.600987878406803588e+01
3.600818467403404810e+01
3.694657829829598228e+01
3.915273964772554649e+01
4.221042559549147910e+01
4.522317451999595050e+01
4.745082481941243913e+01
4.883743107054684174e+01
5.002273331792449795e+01
5.182828819451979285e+01
5.461946317007674878e+01
5.803809678759007795e+01
6.130222730817321519e+01
6.381878259336355796e+01
6.561476593917956279e+01
6.725295051042623129e+01
6.932352012350355608e+01
7.194296860330912580e+01
7.466917382503588385e+01
7.688188684669722761e+01
7.828605079893456775e+01
7.910167367271004935e+01
7.978616883590409259e+01
8.055060053029046685e+01
8.111990335530524021e+01
8.097787916738026581e+01
7.990175200048066984e+01
7.830541849110774422e+01
7.703932507228331872e+01
7.675309281964673858e+01
7.733396663882477640e+01
7.792579783071593624e+01
7.757954369924972582e+01
7.604224580358514629e+01
7.402095430645798046e+01
7.264367473311189372e+01
7.250273829175951334e+01
7.306603025859966749e+01
7.301138917988589583e+01
7.131176429555819141e+01
6.823769444250635274e+01
6.541111519005134767e+01
6.473172774228223147e+01
6.690833127387317347e+01
7.073696847208414340e+01
7.379384800062277350e+01
7.415434905547017763e+01
7.190392438468620639e+01
6.926021924566147447e+01
6.910426949263245433e+01
7.292178218254395006e+01
7.966321110456017607e+01
8.641287423416007130e+01
9.043301014139549920e+01
9.110294244872441993e+01
9.031556955051382829e+01
9.102447631118309346e+01
9.502054841754187464e+01
1.016059199022181758e+02
1.081622613530899457e+02
1.121746821848671942e+02
1.131619155959560175e+02
1.130326851761002445e+02
1.145935576979868671e+02
1.193553210302193577e+02
1.263282691652231904e+02
1.327377004488180319e+02
1.361105508453919697e+02
1.361256860409663147e+02
1.348054606230233787e+02
1.349136959402462708e+02
1.378160540080491785e+02
1.424699258156314841e+02
1.463204892929410903e+02
1.473820644326148113e+02
1.458516066721113305e+02
1.439682318441208508e+02
1.442172020833268959e+02
1.472932864197875062e+02
1.514486811349337643e+02
1.537796872475095995e+02
1.524799721132612262e+02
1.483074000619793935e+02
1.440963015517264409e+02
1.426508027509699446e+02
1.446207789182571730e+02
1.479921804408614037e+02
1.495904037772880031e+02
1.474553351158182863e+02
1.422820764318240094e+02
1.368502422240931935e+02
1.339114942602816427e+02
1.341677935728271791e+02
1.358638637202586494e+02
1.362409851478514042e+02
1.336694543300319253e+02
1.288037882661930382e+02
1.239270707352842180e+02
1.210935193555934575e+02
1.205852528800566290e+02
1.208760812291840807e+02
1.200366750292643729e+02
1.173582503229173994e+02
1.138477398197036763e+02
1.112314545801104941e+02
1.103652406528542400e+02
1.104385288141012609e+02
1.096730123490701061e+02
1.069259570810169748e+02
1.028108963131310674e+02
9.931923662346972037e+01
9.819055345766780363e+01
9.938694031502777193e+01
1.010076383985778250e+02
1.008154892782367256e+02
9.815844096406928543e+01
9.463594735528192814e+01
9.283257368227654638e+01
9.406489642569805198e+01
9.703399131553159407e+01
9.867448609038100926e+01
9.671892725233828969e+01
9.190520303858014017e+01
8.785284859849869576e+01
8.834216532935901967e+01
9.394220322560030922e+01
1.008299935886893195e+02
1.031766853260762531e+02
9.778715519497190201e+01
8.744127610462794564e+01
8.012337611673474669e+01
8.365346098379410478e+01
9.837694312765074756e+01
1.166740842586229547e+02
1.241532465753394945e+02
9.549841356535553416e+01
6.050602930700449633e+01
2.537605358618660034e+01
6.465759617618945798e-01
3.554068389825521534e-01
3.250694533845709389e-01
3.082222909302013703e-01
2.878117682581087244e-01
2.652619354774719551e-01
2.398975044181036187e-01
2.171021032790363126e-01
2.059134699103073729e-01
1.993075614021876385e-01
1.948282170919510004e-01
1.888818616966075337e-01
1.853109951337994221e-01
1.794786608698986652e-01
1.750181881010029750e-01
1.689699918836644055e-01
1.619655238370949213e-01
1.568831600530010695e-01
1.506601730979633957e-01
1.481897619611537154e-01
