0.00000000000000	0.00001200000000	0.85590000000000	0.89980000000000	0.00021000000000	0.00019000000000	0.35122240000000
0.02000000000000	0.00001030000000	0.00000640000000	0.00000710000000	0.00000820000000	0.00000730000000	0.00000786000000
0.04000000000000	0.00001280000000	0.00000600000000	0.00001580000000	0.00000540000000	0.00000560000000	0.00000912000000
0.06000000000000	0.00001580000000	0.00001070000000	0.00001080000000	0.00001040000000	0.00001050000000	0.00001164000000
0.08000000000000	0.00000400000000	0.00000030000000	0.00000000000000	0.00000000000000	0.00000020000000	0.00000090000000
0.10000000000000	0.00001220000000	0.00000920000000	0.00000870000000	0.00000880000000	0.00000890000000	0.00000956000000
0.12000000000000	0.00001420000000	0.00001190000000	0.00001160000000	0.00001190000000	0.00001150000000	0.00001222000000
0.14000000000000	0.00000990000000	0.00000790000000	0.00000820000000	0.00000800000000	0.00000770000000	0.00000834000000
0.16000000000000	0.00001220000000	0.00001100000000	0.00001050000000	0.00001040000000	0.00001050000000	0.00001092000000
0.18000000000000	0.00001340000000	0.00001190000000	0.00001230000000	0.00001240000000	0.00001190000000	0.00001238000000
0.20000000000000	0.00001050000000	0.00000940000000	0.00000920000000	0.00000930000000	0.00000940000000	0.00000956000000
0.22000000000000	0.00001270000000	0.00001140000000	0.00001130000000	0.00001130000000	0.00001160000000	0.00001166000000
0.24000000000000	0.00001060000000	0.00001000000000	0.00000980000000	0.00000990000000	0.00000960000000	0.00000998000000
0.26000000000000	0.00001480000000	0.00001430000000	0.00001380000000	0.00001390000000	0.00001390000000	0.00001414000000
0.28000000000000	0.00001270000000	0.00001210000000	0.00001220000000	0.00001200000000	0.00001240000000	0.00001228000000
0.30000000000000	0.00001110000000	0.00001060000000	0.00001030000000	0.00001060000000	0.00001080000000	0.00001068000000
0.32000000000000	0.00001390000000	0.00001370000000	0.00001350000000	0.00001350000000	0.00001370000000	0.00001366000000
0.34000000000000	0.00001770000000	0.00001700000000	0.00001690000000	0.00001680000000	0.00001740000000	0.00001716000000
0.36000000000000	0.00001170000000	0.00001140000000	0.00001110000000	0.00001120000000	0.00001160000000	0.00001140000000
0.38000000000000	0.00001420000000	0.00001360000000	0.00001410000000	0.00001390000000	0.00001370000000	0.00001390000000
0.40000000000000	0.00001600000000	0.00001540000000	0.00001570000000	0.00001550000000	0.00001600000000	0.00001572000000
0.42000000000000	0.00001260000000	0.00001260000000	0.00001290000000	0.00001250000000	0.00001280000000	0.00001268000000
0.44000000000000	0.00001580000000	0.00001550000000	0.00001540000000	0.00001550000000	0.00001590000000	0.00001562000000
0.46000000000000	0.00001400000000	0.00001370000000	0.00001370000000	0.00001350000000	0.00001410000000	0.00001380000000
0.48000000000000	0.00001860000000	0.00001880000000	0.00001900000000	0.00001890000000	0.00001910000000	0.00001888000000
0.50000000000000	0.00001810000000	0.00001840000000	0.00001800000000	0.00001800000000	0.00001850000000	0.00001820000000
0.52000000000000	0.00001070000000	0.00001050000000	0.00001060000000	0.00001040000000	0.00001120000000	0.00001068000000
0.54000000000000	0.00002180000000	0.00002150000000	0.00002170000000	0.00002160000000	0.00002210000000	0.00002174000000
0.56000000000000	0.00001940000000	0.00001940000000	0.00001920000000	0.00001890000000	0.00001980000000	0.00001934000000
0.58000000000000	0.00002350000000	0.00002350000000	0.00002370000000	0.00002350000000	0.00002440000000	0.00002372000000
0.60000000000000	0.00002690000000	0.00002690000000	0.00002690000000	0.00002680000000	0.00002770000000	0.00002704000000
0.62000000000000	0.00002870000000	0.00002890000000	0.00002900000000	0.00002850000000	0.00003010000000	0.00002904000000
0.64000000000000	0.00002770000000	0.00002790000000	0.00002760000000	0.00002760000000	0.00002880000000	0.00002792000000
0.66000000000000	0.00003590000000	0.00003620000000	0.00003610000000	0.00003550000000	0.00003720000000	0.00003618000000
0.68000000000000	0.00003840000000	0.00003870000000	0.00003840000000	0.00003820000000	0.00004000000000	0.00003874000000
0.70000000000000	0.00004930000000	0.00004960000000	0.00004930000000	0.00004880000000	0.00005120000000	0.00004964000000
0.72000000000000	0.00005310000000	0.00005360000000	0.00005310000000	0.00005270000000	0.00005540000000	0.00005358000000
0.74000000000000	0.00006410000000	0.00006460000000	0.00006420000000	0.00006330000000	0.00006670000000	0.00006458000000
0.76000000000000	0.00007810000000	0.00007890000000	0.00007820000000	0.00007720000000	0.00008130000000	0.00007874000000
0.78000000000000	0.00008880000000	0.00008970000000	0.00008860000000	0.00008770000000	0.00009200000000	0.00008936000000
0.80000000000000	0.00010780000000	0.00010890000000	0.00010800000000	0.00010660000000	0.00011180000000	0.00010862000000
0.82000000000000	0.00013390000000	0.00013530000000	0.00013400000000	0.00013210000000	0.00013840000000	0.00013474000000
0.84000000000000	0.00015610000000	0.00015810000000	0.00015640000000	0.00015420000000	0.00016190000000	0.00015734000000
0.86000000000000	0.00018920000000	0.00019230000000	0.00018970000000	0.00018690000000	0.00019610000000	0.00019084000000
0.88000000000000	0.00023320000000	0.00023610000000	0.00023260000000	0.00022960000000	0.00024120000000	0.00023454000000
0.90000000000000	0.00026580000000	0.00026940000000	0.00026590000000	0.00026100000000	0.00027360000000	0.00026714000000
0.92000000000000	0.00032110000000	0.00032610000000	0.00032090000000	0.00031580000000	0.00033090000000	0.00032296000000
0.94000000000000	0.00038450000000	0.00038990000000	0.00038320000000	0.00037790000000	0.00039580000000	0.00038626000000
0.96000000000000	0.00046500000000	0.00047200000000	0.00046370000000	0.00045530000000	0.00047700000000	0.00046660000000
0.98000000000000	0.00057650000000	0.00058550000000	0.00057640000000	0.00056700000000	0.00059080000000	0.00057924000000
1.00000000000000	0.00069810000000	0.00070940000000	0.00069640000000	0.00068520000000	0.00071090000000	0.00070000000000
1.02000000000000	0.00083900000000	0.00085260000000	0.00083640000000	0.00082490000000	0.00085630000000	0.00084184000000
1.04000000000000	0.00102960000000	0.00105200000000	0.00102810000000	0.00101550000000	0.00105360000000	0.00103576000000
1.06000000000000	0.00124290000000	0.00126530000000	0.00124050000000	0.00121690000000	0.00126560000000	0.00124624000000
1.08000000000000	0.00149270000000	0.00151450000000	0.00148560000000	0.00146230000000	0.00151080000000	0.00149318000000
1.10000000000000	0.00183790000000	0.00186980000000	0.00183580000000	0.00179530000000	0.00186490000000	0.00184074000000
1.12000000000000	0.00238400000000	0.00237800000000	0.00405600000000	0.00363400000000	0.00236900000000	0.00296420000000
1.14000000000000	0.00262100000000	0.00266900000000	0.00271300000000	0.00265200000000	0.00266300000000	0.00266360000000
1.16000000000000	0.00310400000000	0.00316000000000	0.00310600000000	0.00303900000000	0.00314100000000	0.00311000000000
1.18000000000000	0.00376800000000	0.00382300000000	0.00376900000000	0.00367600000000	0.00379500000000	0.00376620000000
1.20000000000000	0.00442600000000	0.00451000000000	0.00442900000000	0.00434600000000	0.00448100000000	0.00443840000000
1.22000000000000	0.00507900000000	0.00517400000000	0.00508700000000	0.00498200000000	0.00513500000000	0.00509140000000
1.24000000000000	0.00596600000000	0.00604800000000	0.00597300000000	0.00586000000000	0.00601400000000	0.00597220000000
1.26000000000000	0.00713900000000	0.00729300000000	0.00718100000000	0.00702300000000	0.00723600000000	0.00717440000000
1.28000000000000	0.00839700000000	0.00855600000000	0.00845300000000	0.00828600000000	0.00849200000000	0.00843680000000
1.30000000000000	0.00974500000000	0.00993600000000	0.00980600000000	0.00963800000000	0.00987900000000	0.00980080000000
1.32000000000000	0.01144700000000	0.01170600000000	0.01158600000000	0.01133100000000	0.01165200000000	0.01154440000000
1.34000000000000	0.01321700000000	0.01350500000000	0.01339300000000	0.01312000000000	0.01343800000000	0.01333460000000
1.36000000000000	0.01509300000000	0.01542800000000	0.01531600000000	0.01501000000000	0.01535800000000	0.01524100000000
1.38000000000000	0.01715000000000	0.01755500000000	0.01745700000000	0.01710700000000	0.01752100000000	0.01735800000000
1.40000000000000	0.01961800000000	0.02005400000000	0.01997600000000	0.01962200000000	0.02006400000000	0.01986680000000
1.42000000000000	0.02366000000000	0.02423000000000	0.02415000000000	0.02370000000000	0.02424000000000	0.02399600000000
1.44000000000000	0.02518000000000	0.02577000000000	0.02564000000000	0.02521000000000	0.02573000000000	0.02550600000000
1.46000000000000	0.02858000000000	0.02920000000000	0.02917000000000	0.02867000000000	0.02927000000000	0.02897800000000
1.48000000000000	0.03264000000000	0.03340000000000	0.03342000000000	0.03272000000000	0.03352000000000	0.03314000000000
1.50000000000000	0.03535000000000	0.03625000000000	0.03622000000000	0.03555000000000	0.03629000000000	0.03593200000000
1.52000000000000	0.03816000000000	0.03925000000000	0.03924000000000	0.03849000000000	0.03930000000000	0.03888800000000
1.54000000000000	0.04221000000000	0.04329000000000	0.04338000000000	0.04247000000000	0.04334000000000	0.04293800000000
1.56000000000000	0.04698000000000	0.04836000000000	0.04829000000000	0.04740000000000	0.04836000000000	0.04787800000000
1.58000000000000	0.05257000000000	0.05408000000000	0.05416000000000	0.05313000000000	0.05416000000000	0.05362000000000
1.60000000000000	0.05813000000000	0.05987000000000	0.05989000000000	0.05871000000000	0.05983000000000	0.05928600000000
1.62000000000000	0.06482000000000	0.06675000000000	0.06687000000000	0.06576000000000	0.06688000000000	0.06621600000000
1.64000000000000	0.07203000000000	0.07454000000000	0.07464000000000	0.07325000000000	0.07447000000000	0.07378600000000
1.66000000000000	0.08046000000000	0.08322000000000	0.08320000000000	0.08167000000000	0.08299000000000	0.08230800000000
1.68000000000000	0.09138000000000	0.09428000000000	0.09454000000000	0.09283000000000	0.09437000000000	0.09348000000000
1.70000000000000	0.10274000000000	0.10613000000000	0.10641000000000	0.10434000000000	0.10596000000000	0.10511600000000
1.72000000000000	0.11475000000000	0.11852000000000	0.11865000000000	0.11623000000000	0.11793000000000	0.11721600000000
1.74000000000000	0.13091000000000	0.13514000000000	0.13525000000000	0.13259000000000	0.13441000000000	0.13366000000000
1.76000000000000	0.14345000000000	0.14812000000000	0.14845000000000	0.14539000000000	0.14705000000000	0.14649200000000
1.78000000000000	0.15737000000000	0.16272000000000	0.16237000000000	0.15945000000000	0.16129000000000	0.16064000000000
1.80000000000000	0.17737000000000	0.18315000000000	0.18319000000000	0.17962000000000	0.18100000000000	0.18086600000000
1.82000000000000	0.19734000000000	0.20383000000000	0.20367000000000	0.19950000000000	0.20158000000000	0.20118400000000
1.84000000000000	0.23580000000000	0.23980000000000	0.24050000000000	0.23730000000000	0.23900000000000	0.23848000000000
1.86000000000000	0.24950000000000	0.25670000000000	0.25690000000000	0.25130000000000	0.25320000000000	0.25352000000000
1.88000000000000	0.27840000000000	0.28660000000000	0.28720000000000	0.28060000000000	0.28280000000000	0.28312000000000
1.90000000000000	0.31620000000000	0.32500000000000	0.32550000000000	0.31750000000000	0.31960000000000	0.32076000000000
1.92000000000000	0.35470000000000	0.36390000000000	0.36390000000000	0.35630000000000	0.35790000000000	0.35934000000000
1.94000000000000	0.39700000000000	0.40670000000000	0.40820000000000	0.39870000000000	0.39900000000000	0.40192000000000
1.96000000000000	0.45220000000000	0.46420000000000	0.46560000000000	0.45480000000000	0.45580000000000	0.45852000000000
1.98000000000000	0.50840000000000	0.52070000000000	0.52360000000000	0.51020000000000	0.51240000000000	0.51506000000000
2.00000000000000	0.56730000000000	0.58140000000000	0.58570000000000	0.57130000000000	0.57220000000000	0.57558000000000
2.02000000000000	0.64060000000000	0.65620000000000	0.65900000000000	0.64450000000000	0.64470000000000	0.64900000000000
2.04000000000000	0.71100000000000	0.72880000000000	0.73320000000000	0.71570000000000	0.71630000000000	0.72100000000000
2.06000000000000	0.78830000000000	0.80840000000000	0.81200000000000	0.79450000000000	0.79240000000000	0.79912000000000
2.08000000000000	0.86710000000000	0.88790000000000	0.89480000000000	0.87380000000000	0.87450000000000	0.87962000000000
2.10000000000000	0.95470000000000	0.98140000000000	0.98790000000000	0.96790000000000	0.96670000000000	0.97172000000000
2.12000000000000	1.05170000000000	1.07830000000000	1.08820000000000	1.06560000000000	1.06620000000000	1.07000000000000
2.14000000000000	1.13260000000000	1.16190000000000	1.17110000000000	1.14980000000000	1.14920000000000	1.15292000000000
2.16000000000000	1.21340000000000	1.24470000000000	1.25830000000000	1.23410000000000	1.23310000000000	1.23672000000000
2.18000000000000	1.29240000000000	1.32840000000000	1.34360000000000	1.32060000000000	1.31810000000000	1.32062000000000
2.20000000000000	1.35750000000000	1.39450000000000	1.41050000000000	1.38790000000000	1.38430000000000	1.38694000000000
2.22000000000000	1.41890000000000	1.45900000000000	1.47720000000000	1.45310000000000	1.45060000000000	1.45176000000000
2.24000000000000	1.47540000000000	1.51640000000000	1.53660000000000	1.51440000000000	1.50990000000000	1.51054000000000
2.26000000000000	1.51610000000000	1.55970000000000	1.58180000000000	1.55850000000000	1.55300000000000	1.55382000000000
2.28000000000000	1.55270000000000	1.59750000000000	1.62090000000000	1.59820000000000	1.59010000000000	1.59188000000000
2.30000000000000	1.57900000000000	1.62470000000000	1.64890000000000	1.62670000000000	1.61800000000000	1.61946000000000
2.32000000000000	1.60280000000000	1.64810000000000	1.67330000000000	1.65230000000000	1.64210000000000	1.64372000000000
2.34000000000000	1.62630000000000	1.67290000000000	1.69910000000000	1.67810000000000	1.66600000000000	1.66848000000000
2.36000000000000	1.64350000000000	1.69050000000000	1.71760000000000	1.69680000000000	1.68310000000000	1.68630000000000
2.38000000000000	1.65810000000000	1.70610000000000	1.73390000000000	1.71390000000000	1.69800000000000	1.70200000000000
2.40000000000000	1.67140000000000	1.71910000000000	1.74810000000000	1.72840000000000	1.71110000000000	1.71562000000000
2.42000000000000	1.68020000000000	1.72850000000000	1.75780000000000	1.73920000000000	1.71970000000000	1.72508000000000
2.44000000000000	1.68790000000000	1.73630000000000	1.76660000000000	1.74850000000000	1.72740000000000	1.73334000000000
2.46000000000000	1.69500000000000	1.74360000000000	1.77420000000000	1.75700000000000	1.73410000000000	1.74078000000000
2.48000000000000	1.70020000000000	1.74870000000000	1.78010000000000	1.76360000000000	1.73910000000000	1.74634000000000
2.50000000000000	1.70340000000000	1.75190000000000	1.78380000000000	1.76800000000000	1.74210000000000	1.74984000000000
2.52000000000000	1.70730000000000	1.75570000000000	1.78810000000000	1.77310000000000	1.74580000000000	1.75400000000000
2.54000000000000	1.71180000000000	1.76020000000000	1.79330000000000	1.77880000000000	1.75000000000000	1.75882000000000
2.56000000000000	1.71550000000000	1.76370000000000	1.79750000000000	1.78380000000000	1.75350000000000	1.76280000000000
2.58000000000000	1.71960000000000	1.76770000000000	1.80220000000000	1.78910000000000	1.75750000000000	1.76722000000000
2.60000000000000	1.72360000000000	1.77180000000000	1.80690000000000	1.79430000000000	1.76140000000000	1.77160000000000
2.62000000000000	1.72670000000000	1.77480000000000	1.81040000000000	1.79850000000000	1.76450000000000	1.77498000000000
2.64000000000000	1.72960000000000	1.77770000000000	1.81400000000000	1.80270000000000	1.76750000000000	1.77830000000000
2.66000000000000	1.73300000000000	1.78100000000000	1.81780000000000	1.80710000000000	1.77080000000000	1.78194000000000
2.68000000000000	1.73590000000000	1.78390000000000	1.82110000000000	1.81100000000000	1.77380000000000	1.78514000000000
2.70000000000000	1.73860000000000	1.78640000000000	1.82420000000000	1.81490000000000	1.77650000000000	1.78812000000000
2.72000000000000	1.74120000000000	1.78890000000000	1.82720000000000	1.81840000000000	1.77920000000000	1.79098000000000
2.74000000000000	1.74380000000000	1.79150000000000	1.83010000000000	1.82190000000000	1.78190000000000	1.79384000000000
2.76000000000000	1.74640000000000	1.79410000000000	1.83320000000000	1.82540000000000	1.78480000000000	1.79678000000000
2.78000000000000	1.74850000000000	1.79620000000000	1.83580000000000	1.82870000000000	1.78710000000000	1.79926000000000
2.80000000000000	1.75090000000000	1.79840000000000	1.83850000000000	1.83200000000000	1.78970000000000	1.80190000000000
2.82000000000000	1.75300000000000	1.80060000000000	1.84110000000000	1.83540000000000	1.79210000000000	1.80444000000000
2.84000000000000	1.75470000000000	1.80220000000000	1.84310000000000	1.83830000000000	1.79410000000000	1.80648000000000
2.86000000000000	1.75610000000000	1.80350000000000	1.84470000000000	1.84090000000000	1.79580000000000	1.80820000000000
2.88000000000000	1.75740000000000	1.80490000000000	1.84650000000000	1.84370000000000	1.79750000000000	1.81000000000000
2.90000000000000	1.75860000000000	1.80610000000000	1.84790000000000	1.84630000000000	1.79900000000000	1.81158000000000
2.92000000000000	1.75950000000000	1.80700000000000	1.84920000000000	1.84870000000000	1.80030000000000	1.81294000000000
2.94000000000000	1.76030000000000	1.80780000000000	1.85030000000000	1.85100000000000	1.80160000000000	1.81420000000000
2.96000000000000	1.76070000000000	1.80830000000000	1.85100000000000	1.85300000000000	1.80250000000000	1.81510000000000
2.98000000000000	1.76090000000000	1.80840000000000	1.85140000000000	1.85470000000000	1.80310000000000	1.81570000000000
3.00000000000000	1.76090000000000	1.80840000000000	1.85160000000000	1.85620000000000	1.80350000000000	1.81612000000000
3.02000000000000	1.76060000000000	1.80800000000000	1.85150000000000	1.85750000000000	1.80360000000000	1.81624000000000
3.04000000000000	1.76000000000000	1.80750000000000	1.85120000000000	1.85840000000000	1.80350000000000	1.81612000000000
3.06000000000000	1.75930000000000	1.80670000000000	1.85070000000000	1.85920000000000	1.80330000000000	1.81584000000000
3.08000000000000	1.75830000000000	1.80580000000000	1.84990000000000	1.85960000000000	1.80270000000000	1.81526000000000
3.10000000000000	1.75710000000000	1.80460000000000	1.84880000000000	1.85960000000000	1.80190000000000	1.81440000000000
3.12000000000000	1.75600000000000	1.80350000000000	1.84790000000000	1.85960000000000	1.80120000000000	1.81364000000000
3.14000000000000	1.75460000000000	1.80220000000000	1.84660000000000	1.85930000000000	1.80030000000000	1.81260000000000
3.16000000000000	1.75330000000000	1.80090000000000	1.84540000000000	1.85910000000000	1.79940000000000	1.81162000000000
3.18000000000000	1.75210000000000	1.79970000000000	1.84430000000000	1.85910000000000	1.79870000000000	1.81078000000000
3.20000000000000	1.75090000000000	1.79850000000000	1.84320000000000	1.85910000000000	1.79800000000000	1.80994000000000
3.22000000000000	1.75000000000000	1.79750000000000	1.84230000000000	1.85930000000000	1.79750000000000	1.80932000000000
3.24000000000000	1.74940000000000	1.79690000000000	1.84170000000000	1.85970000000000	1.79730000000000	1.80900000000000
3.26000000000000	1.74900000000000	1.79650000000000	1.84140000000000	1.86040000000000	1.79730000000000	1.80892000000000
3.28000000000000	1.74890000000000	1.79640000000000	1.84140000000000	1.86140000000000	1.79780000000000	1.80918000000000
3.30000000000000	1.74930000000000	1.79670000000000	1.84170000000000	1.86290000000000	1.79860000000000	1.80984000000000
3.32000000000000	1.75020000000000	1.79770000000000	1.84280000000000	1.86490000000000	1.79990000000000	1.81110000000000
3.34000000000000	1.75140000000000	1.79890000000000	1.84410000000000	1.86710000000000	1.80170000000000	1.81264000000000
3.36000000000000	1.75300000000000	1.80060000000000	1.84580000000000	1.86980000000000	1.80380000000000	1.81460000000000
3.38000000000000	1.75510000000000	1.80290000000000	1.84820000000000	1.87310000000000	1.80670000000000	1.81720000000000
3.40000000000000	1.75770000000000	1.80550000000000	1.85090000000000	1.87660000000000	1.80990000000000	1.82012000000000
3.42000000000000	1.76000000000000	1.80780000000000	1.85330000000000	1.88000000000000	1.81290000000000	1.82280000000000
3.44000000000000	1.76240000000000	1.81030000000000	1.85580000000000	1.88330000000000	1.81600000000000	1.82556000000000
3.46000000000000	1.76550000000000	1.81340000000000	1.85890000000000	1.88730000000000	1.81980000000000	1.82898000000000
3.48000000000000	1.76930000000000	1.81730000000000	1.86290000000000	1.89210000000000	1.82450000000000	1.83322000000000
3.50000000000000	1.77280000000000	1.82110000000000	1.86650000000000	1.89660000000000	1.82880000000000	1.83716000000000
3.52000000000000	1.77520000000000	1.82360000000000	1.86920000000000	1.90000000000000	1.83210000000000	1.84002000000000
3.54000000000000	1.77780000000000	1.82630000000000	1.87190000000000	1.90340000000000	1.83560000000000	1.84300000000000
3.56000000000000	1.78140000000000	1.83000000000000	1.87570000000000	1.90780000000000	1.84010000000000	1.84700000000000
3.58000000000000	1.78500000000000	1.83370000000000	1.87950000000000	1.91230000000000	1.84480000000000	1.85106000000000
3.60000000000000	1.78790000000000	1.83670000000000	1.88250000000000	1.91610000000000	1.84870000000000	1.85438000000000
3.62000000000000	1.79080000000000	1.83970000000000	1.88570000000000	1.91980000000000	1.85270000000000	1.85774000000000
3.64000000000000	1.79330000000000	1.84240000000000	1.88840000000000	1.92320000000000	1.85640000000000	1.86074000000000
3.66000000000000	1.79550000000000	1.84470000000000	1.89090000000000	1.92610000000000	1.86000000000000	1.86344000000000
3.68000000000000	1.79790000000000	1.84720000000000	1.89340000000000	1.92920000000000	1.86380000000000	1.86630000000000
3.70000000000000	1.79950000000000	1.84910000000000	1.89530000000000	1.93160000000000	1.86730000000000	1.86856000000000
3.72000000000000	1.80070000000000	1.85040000000000	1.89660000000000	1.93350000000000	1.87030000000000	1.87030000000000
3.74000000000000	1.80160000000000	1.85150000000000	1.89770000000000	1.93500000000000	1.87320000000000	1.87180000000000
3.76000000000000	1.80210000000000	1.85220000000000	1.89840000000000	1.93600000000000	1.87570000000000	1.87288000000000
3.78000000000000	1.80230000000000	1.85240000000000	1.89870000000000	1.93680000000000	1.87790000000000	1.87362000000000
3.80000000000000	1.80230000000000	1.85250000000000	1.89890000000000	1.93730000000000	1.87990000000000	1.87418000000000
3.82000000000000	1.80200000000000	1.85240000000000	1.89880000000000	1.93750000000000	1.88180000000000	1.87450000000000
3.84000000000000	1.80160000000000	1.85200000000000	1.89850000000000	1.93760000000000	1.88350000000000	1.87464000000000
3.86000000000000	1.80120000000000	1.85150000000000	1.89810000000000	1.93740000000000	1.88500000000000	1.87464000000000
3.88000000000000	1.80070000000000	1.85090000000000	1.89770000000000	1.93730000000000	1.88660000000000	1.87464000000000
3.90000000000000	1.80000000000000	1.85030000000000	1.89710000000000	1.93690000000000	1.88790000000000	1.87444000000000
3.92000000000000	1.79950000000000	1.84970000000000	1.89670000000000	1.93670000000000	1.88930000000000	1.87438000000000
3.94000000000000	1.79910000000000	1.84930000000000	1.89640000000000	1.93650000000000	1.89080000000000	1.87442000000000
3.96000000000000	1.79880000000000	1.84900000000000	1.89610000000000	1.93640000000000	1.89240000000000	1.87454000000000
3.98000000000000	1.79870000000000	1.84880000000000	1.89610000000000	1.93640000000000	1.89400000000000	1.87480000000000
4.00000000000000	1.79870000000000	1.84880000000000	1.89620000000000	1.93670000000000	1.89590000000000	1.87526000000000
4.02000000000000	1.79890000000000	1.84880000000000	1.89660000000000	1.93700000000000	1.89770000000000	1.87580000000000
4.04000000000000	1.79990000000000	1.84910000000000	1.89700000000000	1.93750000000000	1.89980000000000	1.87666000000000
4.06000000000000	1.79990000000000	1.84970000000000	1.89780000000000	1.93850000000000	1.90210000000000	1.87760000000000
4.08000000000000	1.80070000000000	1.85040000000000	1.89860000000000	1.93950000000000	1.90450000000000	1.87874000000000
4.10000000000000	1.80170000000000	1.85130000000000	1.89970000000000	1.94060000000000	1.90700000000000	1.88006000000000
4.12000000000000	1.80300000000000	1.85260000000000	1.90110000000000	1.94210000000000	1.90980000000000	1.88172000000000
4.14000000000000	1.80430000000000	1.85390000000000	1.90260000000000	1.94360000000000	1.91260000000000	1.88340000000000
4.16000000000000	1.80590000000000	1.85520000000000	1.90420000000000	1.94530000000000	1.91550000000000	1.88522000000000
4.18000000000000	1.80790000000000	1.85720000000000	1.90630000000000	1.94750000000000	1.91890000000000	1.88756000000000
4.20000000000000	1.80980000000000	1.85910000000000	1.90840000000000	1.94960000000000	1.92220000000000	1.88982000000000
4.22000000000000	1.81190000000000	1.86110000000000	1.91080000000000	1.95190000000000	1.92550000000000	1.89224000000000
4.24000000000000	1.81450000000000	1.86350000000000	1.91330000000000	1.95450000000000	1.92920000000000	1.89500000000000
4.26000000000000	1.81710000000000	1.86580000000000	1.91600000000000	1.95710000000000	1.93280000000000	1.89776000000000
4.28000000000000	1.82000000000000	1.86840000000000	1.91890000000000	1.95990000000000	1.93660000000000	1.90076000000000
4.30000000000000	1.82310000000000	1.87130000000000	1.92180000000000	1.96280000000000	1.94050000000000	1.90390000000000
4.32000000000000	1.82690000000000	1.87470000000000	1.92530000000000	1.96630000000000	1.94500000000000	1.90764000000000
4.34000000000000	1.83100000000000	1.87880000000000	1.92920000000000	1.97040000000000	1.94990000000000	1.91186000000000
4.36000000000000	1.83490000000000	1.88260000000000	1.93290000000000	1.97400000000000	1.95470000000000	1.91582000000000
4.38000000000000	1.83930000000000	1.88700000000000	1.93710000000000	1.97820000000000	1.96000000000000	1.92032000000000
4.40000000000000	1.84420000000000	1.89180000000000	1.94190000000000	1.98300000000000	1.96620000000000	1.92542000000000
4.42000000000000	1.84870000000000	1.89640000000000	1.94640000000000	1.98740000000000	1.97210000000000	1.93020000000000
4.44000000000000	1.85420000000000	1.90170000000000	1.95160000000000	1.99270000000000	1.97860000000000	1.93576000000000
4.46000000000000	1.85980000000000	1.90740000000000	1.95710000000000	1.99820000000000	1.98570000000000	1.94164000000000
4.48000000000000	1.86500000000000	1.91260000000000	1.96200000000000	2.00330000000000	1.99220000000000	1.94702000000000
4.50000000000000	1.86940000000000	1.91700000000000	1.96620000000000	2.00740000000000	1.99800000000000	1.95160000000000
4.52000000000000	1.87420000000000	1.92180000000000	1.97100000000000	2.01220000000000	2.00440000000000	1.95672000000000
4.54000000000000	1.87890000000000	1.92670000000000	1.97550000000000	2.01670000000000	2.01050000000000	1.96166000000000
4.56000000000000	1.88330000000000	1.93120000000000	1.97980000000000	2.02090000000000	2.01640000000000	1.96632000000000
4.58000000000000	1.88850000000000	1.93630000000000	1.98470000000000	2.01300000000000	3.00700000000000	2.16590000000000
4.60000000000000	1.89410000000000	1.94200000000000	1.99030000000000	2.01600000000000	2.01700000000000	1.97188000000000
4.62000000000000	1.89880000000000	1.94690000000000	1.99490000000000	2.02000000000000	2.02100000000000	1.97632000000000
4.64000000000000	1.90320000000000	1.95140000000000	1.99910000000000	2.02400000000000	2.02600000000000	1.98074000000000
4.66000000000000	1.90780000000000	1.95590000000000	2.00350000000000	2.02900000000000	2.03200000000000	1.98564000000000
4.68000000000000	1.91160000000000	1.95980000000000	2.00710000000000	2.03200000000000	2.03700000000000	1.98950000000000
4.70000000000000	1.91470000000000	1.96290000000000	2.01010000000000	2.03500000000000	2.04200000000000	1.99294000000000
4.72000000000000	1.91770000000000	1.96600000000000	2.01300000000000	2.03800000000000	2.04600000000000	1.99614000000000
4.74000000000000	1.92000000000000	1.96840000000000	2.01510000000000	2.04000000000000	2.05000000000000	1.99870000000000
4.76000000000000	1.92180000000000	1.97030000000000	2.01670000000000	2.04200000000000	2.05300000000000	2.00076000000000
4.78000000000000	1.92320000000000	1.97170000000000	2.01800000000000	2.04300000000000	2.05600000000000	2.00238000000000
4.80000000000000	1.92430000000000	1.97280000000000	2.01900000000000	2.04400000000000	2.05800000000000	2.00362000000000
4.82000000000000	1.92510000000000	1.97360000000000	2.01960000000000	2.04400000000000	2.06000000000000	2.00446000000000
4.84000000000000	1.92540000000000	1.97400000000000	2.01970000000000	2.04500000000000	2.06100000000000	2.00502000000000
4.86000000000000	1.92550000000000	1.97410000000000	2.01950000000000	2.04400000000000	2.06300000000000	2.00522000000000
4.88000000000000	1.92510000000000	1.97390000000000	2.01900000000000	2.04400000000000	2.06400000000000	2.00520000000000
4.90000000000000	1.92460000000000	1.97320000000000	2.01830000000000	2.04300000000000	2.06400000000000	2.00462000000000
4.92000000000000	1.92410000000000	1.97240000000000	2.01760000000000	2.04200000000000	2.06500000000000	2.00422000000000
4.94000000000000	1.92340000000000	1.97150000000000	2.01650000000000	2.04100000000000	2.06500000000000	2.00348000000000
4.96000000000000	1.92260000000000	1.97050000000000	2.01560000000000	2.04000000000000	2.06500000000000	2.00274000000000
4.98000000000000	1.92180000000000	1.96960000000000	2.01470000000000	2.03900000000000	2.06600000000000	2.00222000000000
5.00000000000000	1.92120000000000	1.96850000000000	2.01370000000000	2.03900000000000	2.06600000000000	2.00168000000000
5.02000000000000	1.92040000000000	1.96740000000000	2.01270000000000	2.03800000000000	2.06600000000000	2.00090000000000
5.04000000000000	1.91960000000000	1.96630000000000	2.01170000000000	2.03700000000000	2.06600000000000	2.00012000000000
5.06000000000000	1.91900000000000	1.96540000000000	2.01090000000000	2.03600000000000	2.06700000000000	1.99966000000000
5.08000000000000	1.91850000000000	1.96450000000000	2.01010000000000	2.03500000000000	2.06700000000000	1.99902000000000
5.10000000000000	1.91810000000000	1.96370000000000	2.00950000000000	2.03500000000000	2.06700000000000	1.99866000000000
5.12000000000000	1.91770000000000	1.96300000000000	2.00910000000000	2.03500000000000	2.06800000000000	1.99856000000000
5.14000000000000	1.91750000000000	1.96250000000000	2.00880000000000	2.03400000000000	2.06900000000000	1.99836000000000
5.16000000000000	1.91720000000000	1.96200000000000	2.00860000000000	2.03400000000000	2.06900000000000	1.99816000000000
5.18000000000000	1.91700000000000	1.96180000000000	2.00850000000000	2.03500000000000	2.07000000000000	1.99846000000000
5.20000000000000	1.91690000000000	1.96170000000000	2.00870000000000	2.03500000000000	2.07200000000000	1.99886000000000
5.22000000000000	1.91690000000000	1.96180000000000	2.00900000000000	2.03500000000000	2.07300000000000	1.99914000000000
5.24000000000000	1.91710000000000	1.96210000000000	2.00960000000000	2.03600000000000	2.07400000000000	1.99976000000000
5.26000000000000	1.91760000000000	1.96250000000000	2.01030000000000	2.03700000000000	2.07600000000000	2.00068000000000
5.28000000000000	1.91800000000000	1.96300000000000	2.01110000000000	2.03800000000000	2.07700000000000	2.00142000000000
5.30000000000000	1.91860000000000	1.96390000000000	2.01220000000000	2.03900000000000	2.07900000000000	2.00254000000000
5.32000000000000	1.91940000000000	1.96480000000000	2.01350000000000	2.04100000000000	2.08100000000000	2.00394000000000
5.34000000000000	1.92010000000000	1.96580000000000	2.01470000000000	2.04200000000000	2.08300000000000	2.00512000000000
5.36000000000000	1.92070000000000	1.96660000000000	2.01580000000000	2.04300000000000	2.08500000000000	2.00622000000000
5.38000000000000	1.92150000000000	1.96790000000000	2.01720000000000	2.04500000000000	2.08700000000000	2.00772000000000
5.40000000000000	1.92240000000000	1.96910000000000	2.01880000000000	2.04700000000000	2.09000000000000	2.00946000000000
5.42000000000000	1.92340000000000	1.97040000000000	2.02040000000000	2.04900000000000	2.09200000000000	2.01104000000000
5.44000000000000	1.92440000000000	1.97160000000000	2.00700000000000	2.05000000000000	2.09400000000000	2.00940000000000
5.46000000000000	1.92620000000000	1.97320000000000	2.00800000000000	2.05300000000000	2.09600000000000	2.01128000000000
5.48000000000000	1.92740000000000	1.97470000000000	2.01000000000000	2.05500000000000	2.09900000000000	2.01322000000000
5.50000000000000	1.92690000000000	1.97550000000000	2.01100000000000	2.05600000000000	2.10000000000000	2.01388000000000
5.52000000000000	1.92740000000000	1.97660000000000	2.01200000000000	2.05800000000000	2.10200000000000	2.01520000000000
5.54000000000000	1.92800000000000	1.97790000000000	2.01400000000000	2.05900000000000	2.10400000000000	2.01658000000000
5.56000000000000	1.92840000000000	1.97900000000000	2.01500000000000	2.06100000000000	2.10700000000000	2.01808000000000
5.58000000000000	1.92880000000000	1.98020000000000	2.01700000000000	2.06300000000000	2.10900000000000	2.01960000000000
5.60000000000000	1.92890000000000	1.98100000000000	2.01900000000000	2.06500000000000	2.11100000000000	2.02098000000000
5.62000000000000	1.92870000000000	1.98170000000000	2.02000000000000	2.06700000000000	2.11200000000000	2.02188000000000
5.64000000000000	1.92860000000000	1.98240000000000	2.02300000000000	2.06800000000000	2.11400000000000	2.02320000000000
5.66000000000000	1.92790000000000	1.98230000000000	2.02400000000000	2.06900000000000	2.11500000000000	2.02364000000000
5.68000000000000	1.92700000000000	1.98210000000000	2.02500000000000	2.07100000000000	2.11700000000000	2.02442000000000
5.70000000000000	1.92610000000000	1.98190000000000	2.02700000000000	2.07200000000000	2.11800000000000	2.02500000000000
5.72000000000000	1.92490000000000	1.98150000000000	2.02800000000000	2.07300000000000	2.11900000000000	2.02528000000000
5.74000000000000	1.92370000000000	1.98100000000000	2.03000000000000	2.07400000000000	2.12000000000000	2.02574000000000
5.76000000000000	1.92220000000000	1.98010000000000	2.03100000000000	2.07500000000000	2.12100000000000	2.02586000000000
5.78000000000000	1.92060000000000	1.97900000000000	2.03200000000000	2.07600000000000	2.12200000000000	2.02592000000000
5.80000000000000	1.91890000000000	1.97790000000000	2.03300000000000	2.07700000000000	2.12300000000000	2.02596000000000
5.82000000000000	1.91710000000000	1.97660000000000	2.03400000000000	2.07800000000000	2.12400000000000	2.02594000000000
5.84000000000000	1.91510000000000	1.97500000000000	2.03500000000000	2.07800000000000	2.12500000000000	2.02562000000000
5.86000000000000	1.91320000000000	1.97350000000000	2.03600000000000	2.07900000000000	2.12500000000000	2.02534000000000
5.88000000000000	1.91120000000000	1.97180000000000	2.03600000000000	2.07900000000000	2.12600000000000	2.02480000000000
5.90000000000000	1.90920000000000	1.97000000000000	2.03700000000000	2.08000000000000	2.12600000000000	2.02444000000000
5.92000000000000	1.90710000000000	1.96810000000000	2.03800000000000	2.08000000000000	2.12600000000000	2.02384000000000
5.94000000000000	1.90510000000000	1.96620000000000	2.03800000000000	2.08100000000000	2.12700000000000	2.02346000000000
5.96000000000000	1.90320000000000	1.96430000000000	2.03800000000000	2.08100000000000	2.12700000000000	2.02270000000000
5.98000000000000	1.90110000000000	1.96230000000000	2.03900000000000	2.08100000000000	2.12700000000000	2.02208000000000
6.00000000000000	1.89910000000000	1.96030000000000	2.03900000000000	2.08100000000000	2.12700000000000	2.02128000000000
6.02000000000000	1.89720000000000	1.95840000000000	2.03900000000000	2.08200000000000	2.12700000000000	2.02072000000000
6.04000000000000	1.89540000000000	1.95640000000000	2.03900000000000	2.08200000000000	2.12700000000000	2.01996000000000
6.06000000000000	1.89360000000000	1.95450000000000	2.03900000000000	2.08200000000000	2.12700000000000	2.01922000000000
6.08000000000000	1.89200000000000	1.95270000000000	2.03900000000000	2.08200000000000	2.12800000000000	2.01874000000000
6.10000000000000	1.89040000000000	1.95090000000000	2.03900000000000	2.08300000000000	2.12800000000000	2.01826000000000
6.12000000000000	1.88870000000000	1.94920000000000	2.03900000000000	2.08300000000000	2.12800000000000	2.01758000000000
6.14000000000000	1.88740000000000	1.94760000000000	2.03900000000000	2.08300000000000	2.12800000000000	2.01700000000000
6.16000000000000	1.88600000000000	1.94600000000000	2.03900000000000	2.08400000000000	2.12800000000000	2.01660000000000
6.18000000000000	1.88500000000000	1.94460000000000	2.03900000000000	2.08400000000000	2.12800000000000	2.01612000000000
6.20000000000000	1.88390000000000	1.94320000000000	2.03800000000000	2.08400000000000	2.12900000000000	2.01562000000000
6.22000000000000	1.88290000000000	1.94180000000000	2.03800000000000	2.08400000000000	2.12900000000000	2.01514000000000
6.24000000000000	1.88210000000000	1.94060000000000	2.03800000000000	2.08500000000000	2.12900000000000	2.01494000000000
6.26000000000000	1.88140000000000	1.93950000000000	2.03800000000000	2.08600000000000	2.13000000000000	2.01498000000000
6.28000000000000	1.88080000000000	1.93850000000000	2.03800000000000	2.08600000000000	2.13000000000000	2.01466000000000
6.30000000000000	1.88040000000000	1.93770000000000	2.03800000000000	2.08700000000000	2.13000000000000	2.01462000000000
6.32000000000000	1.88010000000000	1.93700000000000	2.03800000000000	2.08800000000000	2.13100000000000	2.01482000000000
6.34000000000000	1.87990000000000	1.93650000000000	2.03800000000000	2.08800000000000	2.13200000000000	2.01488000000000
6.36000000000000	1.87990000000000	1.93590000000000	2.03800000000000	2.08900000000000	2.13300000000000	2.01516000000000
6.38000000000000	1.88000000000000	1.93560000000000	2.03800000000000	2.09000000000000	2.13300000000000	2.01532000000000
6.40000000000000	1.88030000000000	1.93540000000000	2.03900000000000	2.09100000000000	2.13400000000000	2.01594000000000
6.42000000000000	1.88060000000000	1.93520000000000	2.03900000000000	2.09100000000000	2.13500000000000	2.01616000000000
6.44000000000000	1.88100000000000	1.93530000000000	2.03900000000000	2.09200000000000	2.13600000000000	2.01666000000000
6.46000000000000	1.88160000000000	1.93550000000000	2.04000000000000	2.09300000000000	2.13600000000000	2.01722000000000
6.48000000000000	1.88210000000000	1.93560000000000	2.04000000000000	2.09400000000000	2.13700000000000	2.01774000000000
6.50000000000000	1.88280000000000	1.93590000000000	2.04000000000000	2.09500000000000	2.13800000000000	2.01834000000000
6.52000000000000	1.88340000000000	1.93600000000000	2.04000000000000	2.09600000000000	2.13900000000000	2.01888000000000
6.54000000000000	1.88410000000000	1.93630000000000	2.04000000000000	2.09700000000000	2.13900000000000	2.01928000000000
6.56000000000000	1.88500000000000	1.93680000000000	2.04000000000000	2.09800000000000	2.14100000000000	2.02016000000000
6.58000000000000	1.88600000000000	1.93750000000000	2.04000000000000	2.09900000000000	2.14200000000000	2.02090000000000
6.60000000000000	1.88730000000000	1.93830000000000	2.04000000000000	2.10000000000000	2.14300000000000	2.02172000000000
6.62000000000000	1.88840000000000	1.93910000000000	2.04000000000000	2.10200000000000	2.14400000000000	2.02270000000000
6.64000000000000	1.88960000000000	1.94000000000000	2.04000000000000	2.10300000000000	2.14500000000000	2.02352000000000
6.66000000000000	1.89100000000000	1.94100000000000	2.04000000000000	2.10400000000000	2.14700000000000	2.02460000000000
6.68000000000000	1.89220000000000	1.94190000000000	2.04000000000000	2.10500000000000	2.14800000000000	2.02542000000000
6.70000000000000	1.89360000000000	1.94300000000000	2.03900000000000	2.10600000000000	2.14900000000000	2.02612000000000
6.72000000000000	1.89500000000000	1.94420000000000	2.03900000000000	2.10800000000000	2.15100000000000	2.02744000000000
6.74000000000000	1.89630000000000	1.94520000000000	2.03800000000000	2.10900000000000	2.15200000000000	2.02810000000000
6.76000000000000	1.89790000000000	1.94650000000000	2.03800000000000	2.11000000000000	2.15300000000000	2.02908000000000
6.78000000000000	1.89900000000000	1.94740000000000	2.03700000000000	2.11100000000000	2.15500000000000	2.02988000000000
6.80000000000000	1.90030000000000	1.94840000000000	2.03600000000000	2.11200000000000	2.15500000000000	2.03034000000000
6.82000000000000	1.90180000000000	1.94980000000000	2.03500000000000	2.11300000000000	2.15700000000000	2.03132000000000
6.84000000000000	1.90320000000000	1.95100000000000	2.03400000000000	2.11400000000000	2.15800000000000	2.03204000000000
6.86000000000000	1.90460000000000	1.95230000000000	2.03300000000000	2.11500000000000	2.16000000000000	2.03298000000000
6.88000000000000	1.90620000000000	1.95380000000000	2.03300000000000	2.11600000000000	2.16100000000000	2.03400000000000
6.90000000000000	1.90770000000000	1.95500000000000	2.03200000000000	2.11700000000000	2.16200000000000	2.03474000000000
6.92000000000000	1.90930000000000	1.95640000000000	2.03100000000000	2.11900000000000	2.16300000000000	2.03574000000000
6.94000000000000	1.91080000000000	1.95780000000000	2.03000000000000	2.12000000000000	2.16500000000000	2.03672000000000
6.96000000000000	1.91240000000000	1.95910000000000	2.02900000000000	2.12100000000000	2.16600000000000	2.03750000000000
6.98000000000000	1.91390000000000	1.96050000000000	2.02800000000000	2.12200000000000	2.16700000000000	2.03828000000000
7.00000000000000	1.91530000000000	1.96170000000000	2.02700000000000	2.12300000000000	2.16800000000000	2.03900000000000
