0.000	3765690.377	89.268	93.011	102.972	102.823	110.111	101.737	109.687	89.871	104.545	110.594
0.050	2998522.895	4595744.681	3860369.610	4225053.079	6479750.779	4110429.448	6231003.040	4774193.548	6408668.731	4226804.124	4547265.884
0.100	2989536.622	3328220.859	2926829.268	3430321.593	3145038.168	3062787.136	3056835.637	2972136.223	2841614.907	3261205.564	3101440.392
0.150	2486842.105	2600536.193	2549537.649	2732095.491	2775564.409	2466666.667	2768211.921	2724832.215	2637215.529	2612137.203	2635215.947
0.200	2579821.201	2609254.499	2564766.839	2690815.006	2263906.856	2396373.057	2574385.511	2383419.689	2739018.088	2717815.345	2552009.304
0.250	2461355.529	2475961.538	2284688.995	2256902.761	2350835.322	2800953.516	2415458.937	2812500.000	2587244.284	2586826.347	2503295.386
0.300	2201622.248	2186046.512	2332942.556	2300578.035	2546728.972	2186046.512	2328288.708	2552447.552	2380952.381	2613240.418	2362726.850
0.350	1977459.016	2079918.033	1709577.755	1818181.818	2057318.321	1774358.974	2084188.912	1870503.597	1944157.187	2047082.907	1936377.630
0.400	1648675.172	2170465.808	2137931.034	2043435.341	1820866.142	2100098.135	2122408.687	1935166.994	1958456.973	2293307.087	2022859.395
0.450	1923809.524	2125237.192	1842355.176	1959847.036	1739543.726	1882129.278	1923809.524	1866666.667	2120343.840	1832061.069	1921538.755
0.500	1686541.738	1717948.718	1751509.922	1593830.334	1692439.863	2027373.824	1734253.667	1781411.360	1627906.977	1800172.265	1741370.428
0.550	1740614.334	1745081.266	1670951.157	1803418.803	1899059.025	1700854.701	1911262.799	1730934.019	1527896.996	1663807.890	1739539.659
0.600	1554559.043	1351755.041	1514242.879	1493651.979	1437081.162	1387024.609	1548242.334	1453183.521	1717929.482	1682872.102	1513905.502
0.650	1228571.429	1441827.266	1357142.857	1491791.577	1554921.541	1454027.085	1546685.674	1503221.188	1485714.286	1378571.429	1444277.861
0.700	1012578.616	1302706.104	1257901.391	1338780.641	1177944.862	1086683.417	1269543.465	1190176.322	1195720.579	1293969.849	1212597.435
0.750	1051714.120	1094295.693	1119533.528	1167925.625	1082654.249	1164542.294	1074332.172	1204188.482	1127906.977	1091120.139	1117828.286
0.800	948012.232	1061224.490	991313.235	983188.996	964956.831	981688.708	948756.976	1156393.276	973000.509	937340.805	994551.103
0.850	891177.788	967741.935	807899.461	918458.781	835940.992	772666.369	825156.111	821062.026	915178.571	890868.597	864589.387
0.900	933226.066	768921.095	741636.437	759951.749	714285.714	781250.000	804321.729	668534.828	836334.534	833665.736	784227.205
0.950	680663.732	731955.269	600814.664	716458.263	674991.563	630053.908	678991.597	581512.605	769489.247	626465.662	669117.399
1.000	590741.267	523917.995	549387.987	596421.471	611032.532	578605.701	574324.324	554461.019	500140.489	660879.306	574053.137
1.050	431273.063	434782.609	470371.224	428604.171	450388.660	492251.595	502729.754	457025.921	443639.656	477051.775	458885.336
1.100	323806.078	336834.480	398622.939	332494.608	359841.670	371700.485	356442.702	345928.685	351500.089	335274.396	351204.128
1.150	289074.678	270461.626	276634.984	261188.762	247295.209	288758.060	307713.729	289915.384	294483.617	272464.566	279859.370
1.200	196057.192	218614.719	218454.516	209548.499	199656.505	188679.245	197375.440	213508.086	201805.629	210482.004	205408.996
1.250	178817.056	171447.144	144160.287	171924.418	167310.167	158235.435	145226.569	150405.544	156410.459	167305.136	161078.659
1.300	126181.114	119355.597	108413.858	109691.347	109101.517	126479.931	113276.982	100844.145	119386.015	113090.189	114555.022
1.350	44978.847	58132.147	7468.639	68393.094	71911.712	51573.658	70824.524	58199.454	63785.291	73305.671	34942.966
1.400	54039.301	57038.494	50616.313	55178.268	54316.752	51212.938	53970.048	46644.845	52425.007	59359.470	53439.124
1.450	36203.523	38476.639	41641.997	37846.274	34677.576	35326.087	38689.906	40525.114	35639.011	35667.355	37462.528
1.500	24496.081	24517.402	23704.127	27910.911	28963.201	24586.748	28316.151	25832.767	28587.061	24521.692	26149.597
1.550	17935.872	21031.547	20453.401	19274.943	19190.614	20319.590	19921.875	20005.771	20181.537	21223.709	19960.414
1.600	13628.146	13505.047	13973.738	13883.104	13275.254	14981.015	11868.430	13610.459	14534.688	11424.776	13459.614
1.650	845.692	9486.013	8453.457	9679.459	9442.185	1410.843	10440.395	1662.490	8652.947	1206.802	2474.741
1.700	5851.874	5812.574	6200.123	6264.775	6111.952	6267.113	5414.201	5703.195	5326.663	5542.453	5846.255
1.750	4508.896	4647.750	4712.559	5146.880	4347.826	4033.816	4361.223	4514.620	4560.414	4511.628	4533.353
1.800	3334.491	3071.317	3293.623	3441.716	3754.325	3467.811	3276.740	3466.756	3282.828	2963.210	3334.246
1.850	2493.766	2265.412	2608.913	2146.668	2445.619	2355.250	2278.756	2402.760	2508.961	2316.511	2382.027
1.900	1868.993	1469.017	1724.138	1664.886	1616.628	1722.781	1648.447	1598.900	1511.270	1538.462	1635.307
1.950	1136.289	1208.124	1291.126	1409.270	1180.264	1147.447	1171.949	1199.577	1219.360	1070.177	1202.506
2.000	831.462	928.350	887.886	1009.144	80.555	862.635	78.016	181.804	77.476	134.083	175.763
2.050	597.686	640.650	599.018	675.283	677.857	558.214	664.347	656.484	605.115	609.834	628.331
2.100	524.906	593.289	492.404	533.049	467.265	496.976	481.117	397.742	502.295	409.194	488.971
2.150	328.201	374.622	361.835	404.485	357.714	357.566	353.585	360.447	389.785	368.884	365.808
2.200	302.886	292.305	308.642	305.368	288.567	276.312	275.651	303.305	267.089	293.942	291.283
2.250	249.620	206.160	260.018	216.928	217.987	242.730	225.006	223.134	227.681	195.962	226.341
2.300	185.649	192.068	178.571	189.515	210.278	176.973	192.810	194.812	166.782	200.236	188.779
2.350	174.434	145.780	147.278	159.435	169.433	177.556	171.492	145.918	145.049	165.847	160.201
2.400	137.538	124.073	123.792	150.449	132.021	137.017	129.784	154.594	138.356	136.010	136.432
2.450	121.126	108.301	130.254	119.421	120.306	120.267	107.907	127.525	118.042	114.110	118.710
2.500	120.339	111.871	114.601	104.673	118.405	89.574	115.858	107.830	114.558	89.529	108.644
2.550	94.197	113.295	98.622	99.351	99.434	103.163	95.785	94.961	104.665	102.836	100.630
2.600	91.852	98.039	97.129	99.819	87.197	92.602	89.150	107.886	103.907	90.211	95.795
2.650	100.163	82.079	99.995	84.422	95.639	88.698	8.501	31.709	91.977	23.229	37.792
2.700	68.192	92.523	81.132	83.607	94.057	84.769	75.821	81.417	77.381	77.904	81.599
2.750	84.177	90.367	82.305	77.904	85.831	78.174	74.854	74.421	88.889	78.657	81.530
2.800	75.704	76.282	77.865	70.993	81.198	70.904	74.185	76.759	75.680	81.184	76.086
2.850	71.730	76.082	70.860	73.873	72.826	63.768	71.135	84.219	77.049	70.560	73.224
2.900	73.181	73.727	82.047	72.036	76.985	71.801	66.534	73.693	67.930	75.472	73.320
2.950	77.381	80.632	75.256	67.870	80.954	69.677	75.406	74.231	71.702	73.608	74.652
3.000	80.664	72.636	69.375	72.901	70.749	71.942	68.473	75.973	79.075	77.551	73.945
3.050	86.123	85.361	78.731	79.182	80.030	77.036	71.874	73.723	81.091	79.624	79.248
3.100	76.302	76.726	79.388	84.119	83.845	83.123	83.035	88.288	84.072	77.331	81.644
3.150	95.016	88.603	92.527	87.558	91.166	78.790	74.878	92.334	80.875	85.003	86.635
3.200	89.380	97.382	94.609	96.674	95.961	96.286	92.060	88.275	93.347	99.730	94.374
3.250	105.552	99.659	108.844	98.238	104.997	95.863	98.492	93.062	102.658	101.257	100.842
3.300	105.580	117.138	120.318	103.334	117.144	110.164	115.397	115.923	114.749	103.649	112.334
3.350	115.759	116.602	123.230	114.496	124.321	118.790	123.610	124.684	112.756	125.275	119.967
3.400	125.157	135.355	132.316	120.347	122.758	128.237	132.081	113.532	128.205	121.424	125.919
3.450	129.630	123.375	135.282	131.571	127.883	127.240	123.472	124.591	122.189	133.078	127.824
3.500	120.023	130.105	122.129	135.903	127.168	127.813	141.170	131.246	140.120	139.555	131.565
3.550	134.746	131.023	131.705	127.731	140.263	146.641	132.349	142.540	134.477	136.389	135.800
3.600	125.136	133.732	142.392	133.081	130.165	137.699	128.364	132.886	124.131	133.583	132.112
3.650	116.163	128.931	132.776	141.256	132.223	129.577	127.207	122.475	128.841	134.209	129.376
3.700	121.381	125.127	119.980	117.380	122.988	117.440	128.321	133.250	126.652	127.427	124.011
3.750	111.303	111.986	121.383	114.754	122.100	117.446	114.758	122.211	112.966	118.329	116.733
3.800	112.880	106.997	120.297	112.040	115.880	109.605	110.268	105.301	111.872	117.495	112.262
3.850	95.452	98.961	116.886	96.835	112.307	100.817	97.998	104.457	107.383	100.900	103.207
3.900	98.598	93.808	91.331	96.834	93.339	100.873	97.181	85.923	100.957	95.931	95.478
3.950	83.911	91.411	85.321	81.829	83.409	88.389	86.789	98.261	89.209	82.453	87.107
4.000	82.760	78.539	84.603	74.552	84.256	79.712	83.764	81.281	86.850	82.832	81.925
4.050	81.475	69.794	71.106	71.525	73.767	74.860	69.534	72.428	70.004	74.663	72.905
4.100	66.757	61.951	68.432	71.987	65.062	67.066	67.110	84.787	74.840	62.774	69.098
4.150	68.647	70.116	62.249	63.570	60.922	65.577	63.642	63.227	71.554	75.496	66.512
4.200	59.534	61.052	68.797	63.425	57.722	61.484	61.747	65.051	62.894	62.066	62.380
4.250	62.750	70.653	65.505	64.148	64.813	64.615	68.132	60.994	69.234	52.643	64.331
4.300	56.379	69.982	68.172	67.671	62.663	63.774	65.556	58.227	63.857	58.319	63.449
4.350	60.759	62.650	63.275	69.757	64.335	61.343	65.479	63.998	63.594	68.100	64.339
4.400	66.030	66.580	67.829	68.640	69.504	61.620	73.798	62.129	58.351	62.408	65.672
4.450	70.032	68.235	65.602	71.535	66.004	71.926	73.638	71.563	70.084	72.010	70.074
4.500	70.776	75.132	69.562	72.869	70.756	70.952	68.305	70.197	79.520	72.697	72.082
4.550	74.900	75.602	77.597	70.449	70.851	74.985	70.486	74.409	74.795	80.352	74.446
4.600	77.722	81.299	84.896	75.139	82.054	78.947	73.712	81.202	82.203	83.014	80.023
4.650	85.163	87.454	78.160	83.333	83.064	86.843	88.478	85.038	90.582	82.402	85.059
4.700	81.021	81.484	77.155	86.469	76.831	80.764	84.194	82.756	87.068	75.650	81.342
4.750	81.784	78.884	80.325	84.766	85.484	83.268	75.853	87.994	87.135	81.891	82.749
4.800	79.155	83.546	84.557	84.065	78.927	82.590	77.786	85.472	84.488	84.502	82.515
4.850	84.260	86.458	80.658	82.482	87.975	84.084	87.156	82.745	84.601	91.064	85.158
4.900	82.464	88.846	83.493	85.289	80.068	81.342	80.795	88.130	82.628	80.736	83.371
4.950	80.781	82.714	79.537	79.032	81.606	80.248	80.818	75.930	72.748	81.876	79.518
5.000	82.082	84.011	81.967	73.386	78.017	75.732	79.099	75.924	79.430	78.116	78.762
5.050	71.914	79.293	72.605	79.232	81.940	80.400	74.492	79.093	82.000	74.456	77.555
5.100	74.470	81.621	70.871	74.301	74.054	70.324	71.087	63.198	73.634	71.402	72.474
5.150	71.469	74.680	75.287	77.944	74.013	74.698	75.082	78.885	75.036	75.920	75.310
5.200	70.514	74.820	71.192	73.850	71.963	72.092	71.571	70.652	72.087	73.527	72.227
5.250	70.321	72.767	75.206	74.371	71.935	66.993	76.242	77.117	76.356	75.806	73.724
5.300	71.232	78.216	71.325	79.210	80.188	75.968	78.153	76.675	75.741	74.470	76.124
5.350	85.996	78.880	90.843	75.356	76.163	80.036	74.160	75.895	76.048	82.743	79.591
5.400	79.702	75.727	84.773	78.702	79.850	72.815	80.490	75.996	75.442	73.643	77.698
5.450	88.941	80.280	80.293	86.926	90.360	85.972	81.744	87.837	83.026	83.333	84.870
5.500	88.446	84.821	86.786	77.236	87.908	93.420	82.880	80.357	92.877	84.262	85.901
5.550	88.948	94.587	90.299	89.773	89.442	92.117	95.097	90.624	89.853	91.334	91.209
5.600	98.619	97.462	94.260	89.685	89.373	100.365	94.974	89.841	96.641	93.814	94.495
5.650	99.402	91.084	94.175	96.942	98.494	97.843	97.469	104.549	97.569	95.612	97.325
5.700	104.564	100.783	92.910	99.965	105.816	91.579	103.714	100.819	99.847	95.860	99.577
5.750	102.190	97.249	104.238	102.969	105.830	104.294	99.847	102.747	104.480	102.158	102.607
5.800	106.273	97.041	97.482	99.642	100.306	111.488	111.600	104.332	105.714	112.303	104.650
5.850	108.531	100.171	110.827	108.847	102.876	109.275	103.332	101.661	104.533	103.086	105.302
5.900	104.263	107.210	110.659	101.927	105.609	108.444	106.886	101.686	108.873	99.950	105.542
5.950	106.717	111.847	107.149	98.637	104.645	104.630	106.922	107.066	107.907	105.141	106.062
6.000	109.035	104.480	100.168	102.783	109.088	100.733	108.342	103.163	104.342	97.975	103.998
6.050	106.599	99.057	104.009	96.225	104.860	108.494	96.011	104.603	110.051	101.706	103.168
6.100	102.715	99.580	97.475	97.918	103.019	102.513	102.145	106.414	99.705	98.267	100.978
6.150	100.555	94.744	94.016	102.590	94.592	102.209	93.914	99.344	109.367	101.548	99.307
6.200	91.702	96.462	103.872	90.036	98.285	100.082	98.737	92.677	96.480	104.664	97.315
6.250	91.821	94.739	95.491	88.658	90.804	90.179	90.790	96.527	88.441	96.774	92.423
6.300	89.605	94.336	91.285	92.062	93.668	91.073	84.353	86.518	93.709	100.873	91.756
6.350	80.559	95.262	91.554	83.949	92.799	97.374	90.317	95.068	97.202	95.307	91.972
6.400	85.838	85.275	90.505	85.382	85.047	86.235	86.025	90.129	92.112	79.620	86.616
6.450	80.808	90.175	85.672	83.524	83.700	86.350	83.711	85.378	87.852	79.095	84.622
6.500	85.219	82.045	90.522	83.306	88.178	73.972	87.855	90.470	81.688	81.933	84.513
6.550	77.278	84.974	79.536	89.623	75.340	82.526	83.615	83.039	83.427	78.078	81.745
6.600	77.416	79.025	81.949	85.334	78.688	78.460	80.026	81.384	84.651	87.594	81.471
6.650	75.221	80.111	77.011	80.084	78.163	78.715	83.974	74.601	79.484	80.832	78.828
6.700	82.366	77.924	80.188	80.013	78.419	79.609	79.259	74.399	79.879	86.633	79.871
6.750	78.051	78.021	73.494	79.286	78.994	81.297	70.905	79.746	81.869	76.109	77.781
6.800	71.022	79.275	81.991	73.801	71.588	74.546	76.446	70.659	72.015	79.540	75.085
6.850	75.689	72.765	74.378	77.588	78.566	74.027	71.010	81.675	78.438	81.985	76.630
6.900	75.642	79.646	68.258	79.132	74.233	75.887	79.671	83.819	80.741	81.936	77.920
6.950	84.798	76.553	78.140	79.714	77.191	76.157	80.076	82.652	78.803	74.844	78.883
7.000	76.206	72.503	77.769	80.463	76.035	76.741	74.359	72.716	75.469	79.632	76.191
